99833
99774
99752
99713
99617
99504
99467
99212
99170
99154
99001
98997
98712
98685
98587
98566
98392
98367
98340
98286
98271
98233
98176
98051
98029
98024
97987
97899
97897
97846
97790
97745
97697
97622
97596
97456
97442
97378
97245
97190
97061
97050
96939
96911
96911
96843
96798
96779
96773
96773
96708
96638
96613
96445
96397
96294
96288
96249
96244
96194
96191
96176
96173
96138
96088
96067
96010
95730
95725
95664
95432
95368
95245
95150
95125
95109
95089
95045
94918
94760
94699
94684
94608
94600
94577
94567
94530
94463
94413
94412
94349
94312
94303
94232
94181
94159
94108
94075
94018
93967
93871
93781
93775
93744
93721
93685
93476
93441
93331
93284
93213
93162
93127
93104
93018
93017
92959
92928
92901
92878
92860
92707
92704
92684
92664
92569
92558
92455
92401
92377
92361
92344
92335
92325
92281
92255
92172
92157
92139
92110
92107
92094
92063
91968
91965
91959
91934
91933
91920
91842
91803
91768
91760
91723
91654
91624
91585
91572
91500
91442
91439
91391
91378
91306
91298
91192
91172
91148
91142
90996
90971
90968
90954
90936
90922
90887
90797
90750
90734
90710
90674
90626
90578
90513
90357
90352
90310
90284
90220
90218
90177
90124
90081
90049
89855
89819
89818
89777
89745
89725
89723
89664
89575
89409
89383
89234
89208
89049
89024
88976
88945
88909
88851
88823
88788
88768
88712
88697
88666
88664
88542
88536
88414
88383
88346
88300
88286
88272
88262
88026
87989
87942
87922
87823
87600
87566
87536
87441
87416
87385
87316
87266
87103
86858
86853
86819
86769
86693
86597
86509
86493
86493
86438
86351
86303
86299
86287
86139
86105
86034
86000
85916
85899
85812
85657
85570
85539
85472
85428
85426
85380
85371
85364
85352
85350
85322
85160
85158
85104
85069
85042
85027
84967
84870
84825
84778
84669
84575
84521
84424
84366
84308
84294
84284
84225
84218
84051
84021
84012
83918
83916
83749
83627
83562
83534
83474
83460
83418
83355
83333
83314
83269
83221
83189
83187
83160
83136
83084
83039
83032
83012
82954
82939
82896
82781
82769
82762
82729
82726
82649
82591
82561
82527
82437
82383
82358
82290
82265
82205
82201
82200
82191
82126
82105
82097
82089
82086
82044
81992
81968
81932
81924
81872
81776
81741
81736
81713
81671
81644
81615
81593
81571
81497
81483
81407
81401
81379
81263
81227
81184
81059
81032
81016
81003
80979
80931
80882
80881
80841
80809
80801
80705
80576
80552
80519
80283
80250
80223
80221
80202
80200
80192
80062
80044
80009
79982
79940
79806
79646
79598
79578
79556
79436
79404
79385
79306
79288
79196
79152
79151
79114
79048
79040
79038
79017
79008
78946
78910
78908
78882
78852
78810
78783
78772
78739
78723
78624
78569
78550
78527
78482
78476
78238
78065
78033
78020
78009
77974
77970
77839
77819
77654
77653
77608
77567
77502
77417
77315
77295
77278
77041
77030
77016
76968
76955
76950
76852
76758
76716
76709
76671
76666
76620
76618
76586
76549
76457
76374
76329
76311
76245
76232
76219
76199
76142
75916
75797
75776
75682
75606
75569
75506
75479
75476
75307
75292
75274
75215
75186
75103
75045
75019
75015
74856
74764
74753
74744
74731
74727
74716
74706
74653
74562
74533
74457
74447
74433
74432
74422
74418
74308
74271
74243
74209
74186
74167
74101
74094
73917
73853
73808
73797
73774
73768
73731
73712
73653
73627
73613
73605
73587
73561
73466
73457
73396
73384
73268
73214
73199
73136
73048
73034
72996
72821
72536
72532
72464
72449
72343
72290
72266
72200
72171
72105
72018
71994
71969
71817
71796
71675
71674
71601
71560
71499
71467
71438
71426
71418
71403
71353
71351
71348
71247
71225
71212
71164
71148
71126
71125
71103
71092
70960
70945
70928
70906
70896
70879
70808
70805
70804
70773
70725
70685
70626
70542
70535
70379
70320
70315
70255
70244
70230
70207
70093
70085
70028
69976
69816
69767
69764
69694
69647
69644
69601
69553
69506
69424
69417
69331
69265
69255
69176
69157
69075
68959
68954
68887
68876
68841
68833
68789
68759
68730
68701
68694
68693
68680
68604
68521
68430
68364
68362
68359
68303
68227
68175
68137
67991
67984
67966
67908
67865
67837
67819
67764
67682
67544
67522
67518
67503
67411
67359
67320
67237
67198
67111
67109
67100
67099
67096
67054
67050
66999
66891
66831
66785
66720
66684
66402
66376
66352
66279
66269
66204
66119
66067
65892
65830
65783
65754
65739
65724
65719
65694
65685
65604
65568
65470
65463
65422
65327
65323
65287
65275
65265
65109
65080
65077
65024
64995
64884
64871
64857
64780
64730
64727
64639
64602
64582
64514
64483
64305
64265
64261
64249
64240
64221
64180
64147
64040
63949
63828
63807
63706
63661
63646
63376
63363
63332
63211
62963
62940
62921
62898
62895
62859
62825
62813
62789
62720
62639
62577
62575
62547
62518
62509
62462
62445
62441
62410
62386
62376
62362
62357
62303
62279
62110
61965
61948
61939
61929
61892
61866
61771
61745
61703
61634
61596
61587
61579
61565
61564
61515
61468
61467
61460
61431
61430
61411
61324
61209
61161
61149
61119
61113
61098
61005
60967
60865
60863
60794
60784
60773
60731
60705
60698
60640
60568
60351
60334
60255
60233
60192
60189
60101
60011
60002
59977
59942
59940
59908
59819
59772
59694
59690
59656
59638
59604
59587
59575
59563
59544
59527
59509
59493
59426
59206
59111
58974
58648
58637
58590
58556
58521
58517
58483
58453
58369
58277
58239
58225
58127
58076
57986
57956
57950
57927
57876
57870
57836
57790
57688
57664
57650
57611
57585
57584
57577
57576
57571
57542
57501
57454
57437
57384
57346
57338
57297
57252
57239
57227
57179
57155
57149
57059
57059
57047
56852
56803
56749
56611
56534
56526
56483
56376
56297
56243
56185
56148
56099
56060
55899
55820
55802
55644
55612
55532
55530
55399
55366
55309
55299
55240
55124
55097
55053
55033
55017
54726
54665
54654
54630
54574
54431
54357
54348
54320
54273
54237
54218
54179
54170
54151
54146
54143
54117
54095
53927
53920
53908
53905
53864
53663
53639
53631
53616
53598
53584
53458
53428
53390
53348
53290
53243
53243
53209
53070
52975
52938
52903
52849
52839
52830
52805
52802
52755
52724
52691
52564
52476
52454
52416
52373
52320
52311
52157
52140
52043
52016
52011
51851
51771
51721
51671
51536
51519
51261
51243
51230
51199
51199
51144
51134
51127
51121
51094
51079
51022
50989
50967
50957
50924
50902
50888
50839
50832
50793
50747
50703
50617
50541
50444
50442
50382
50372
50364
50112
50091
50049
50032
49980
49972
49851
49816
49800
49608
49596
49466
49417
49317
49207
49187
49184
49159
49064
49046
48908
48513
48493
48464
48394
48370
48315
48127
48118
48113
48111
47870
47857
47852
47837
47824
47805
47695
47666
47657
47635
47602
47563
47541
47495
47437
47433
47418
47403
47358
47337
47271
47225
47218
47156
47140
47094
46928
46724
46718
46702
46673
46671
46601
46558
46539
46520
46478
46448
46424
46394
46287
46133
46133
46107
45849
45827
45780
45686
45633
45582
45542
45462
45456
45411
45348
45327
45304
45268
45208
45067
44962
44929
44768
44768
44740
44728
44713
44582
44514
44506
44473
44469
44364
44348
44338
44327
44252
44250
44241
44162
44118
44084
43997
43990
43951
43926
43806
43804
43801
43793
43700
43600
43517
43495
43464
43413
43386
43358
43352
43277
43248
43181
43150
43110
43086
43038
43032
42995
42982
42828
42823
42807
42791
42687
42592
42467
42414
42319
42277
42252
42232
42230
42057
42014
41987
41927
41926
41821
41820
41745
41704
41663
41649
41635
41610
41570
41462
41407
41378
41365
41341
41203
41180
41085
41065
41054
41051
40992
40956
40723
40716
40704
40687
40590
40574
40540
40403
40403
40325
40217
40132
40048
39986
39936
39874
39869
39648
39642
39373
39276
39274
39247
39233
39227
39220
39213
39183
39182
39099
39083
39031
39027
39014
38857
38813
38782
38750
38714
38581
38534
38463
38417
38324
38317
38296
38279
38240
38221
38069
38003
37889
37875
37717
37705
37560
37500
37457
37434
37389
37356
37333
37326
37166
37143
37121
37095
36945
36939
36887
36884
36866
36852
36846
36722
36672
36558
36535
36433
36425
36409
36376
36307
36293
36267
36256
36246
36153
36101
36068
35923
35893
35769
35756
35602
35598
35474
35388
35287
35285
35259
35240
35226
35223
35126
35080
35055
34943
34937
34885
34796
34753
34748
34649
34643
34479
34477
34470
34390
34365
34352
34314
34233
34185
34145
34101
34089
34063
33974
33937
33922
33877
33873
33837
33830
33824
33766
33650
33448
33437
33389
33319
33317
33291
33284
33275
33154
33112
33096
33001
32822
32761
32743
32687
32620
32552
32528
32506
32506
32343
32273
32179
32172
32102
32085
32005
31999
31972
31860
31852
31833
31750
31655
31605
31548
31493
31375
31374
31323
31250
31183
31121
31111
31103
31042
31040
30988
30867
30771
30746
30737
30528
30525
30499
30456
30454
30431
30410
30396
30374
30345
30329
30239
30198
30171
30116
30102
30061
30036
30013
29947
29928
29886
29822
29788
29777
29761
29685
29684
29626
29622
29549
29540
29490
29430
29426
29409
29344
29339
29099
29007
29001
28977
28846
28809
28703
28665
28655
28479
28417
28400
28385
28376
28268
28241
28227
28227
28115
28052
28020
28015
27953
27933
27917
27916
27717
27692
27661
27609
27609
27600
27546
27437
27417
27407
27354
27348
27300
27276
27259
27109
27106
27103
27049
26983
26959
26944
26857
26811
26614
26527
26526
26519
26445
26404
26374
26368
26350
26268
26165
26164
26143
26062
26053
26047
26045
26003
25987
25982
25960
25913
25827
25689
25477
25391
25352
25331
25284
25268
25252
25196
25104
25070
24956
24919
24794
24677
24554
24468
24461
24439
24392
24371
24325
24243
24153
24106
24081
24068
23990
23984
23962
23780
23740
23699
23660
23596
23550
23503
23495
23447
23444
23408
23319
23318
23310
23254
23242
23159
23121
23113
23090
23078
23058
22953
22934
22919
22894
22848
22848
22838
22828
22787
22680
22672
22568
22552
22533
22408
22392
22377
22348
22333
22308
22241
22225
22141
22053
21966
21838
21834
21753
21700
21576
21558
21545
21504
21465
21435
21423
21361
21298
21293
21223
21167
21112
21022
20944
20902
20879
20857
20771
20744
20624
20612
20473
20379
20375
20281
20245
20225
20210
20183
20124
20003
19925
19921
19780
19692
19626
19376
19329
19290
18989
18977
18944
18876
18839
18814
18805
18802
18764
18760
18731
18673
18669
18658
18555
18535
18514
18365
18316
18240
18218
18217
18008
18007
18006
17897
17734
17658
17651
17595
17387
17378
17334
17276
17275
17244
17222
17145
17128
17111
17068
17009
17008
16932
16713
16582
16575
16564
16511
16507
16471
16430
16385
16341
16160
16085
16042
16020
16007
15935
15914
15829
15700
15700
15648
15588
15582
15560
15464
15457
15403
15336
15294
15266
15222
15182
15098
15000
14983
14972
14970
14913
14889
14839
14812
14779
14778
14715
14697
14675
14643
14614
14575
14545
14393
14381
14366
14322
14258
14214
14185
14136
13978
13942
13898
13777
13669
13647
13538
13445
13374
13319
13246
13230
13198
13182
13110
13040
12990
12954
12952
12923
12893
12851
12732
12720
12694
12665
12655
12633
12530
12512
12448
12437
12431
12280
12273
12272
12206
12098
12021
12000
11926
11918
11829
11624
11616
11593
11565
11519
11235
11157
11133
11131
11108
11072
11033
11020
10950
10852
10801
10799
10772
10731
10720
10605
10595
10581
10567
10551
10509
10405
10384
10362
10252
10137
10110
10084
10067
10058
10054
10050
10017
9995
9979
9926
9822
9739
9663
9660
9656
9646
9638
9561
9502
9464
9338
9333
8924
8912
8807
8803
8752
8735
8730
8661
8653
8597
8561
8538
8449
8422
8363
8279
8254
8221
8162
8101
8092
8007
7944
7857
7774
7752
7750
7642
7607
7579
7447
7405
7402
7391
7387
7373
7301
7280
7247
7213
7166
6976
6975
6932
6864
6833
6798
6783
6488
6405
6392
6343
6314
6265
6229
6217
6145
6130
6090
5992
5941
5934
5846
5829
5562
5512
5504
5386
5357
5323
5297
5295
5258
5251
5247
5186
5172
5159
5115
5091
5088
5082
5020
4973
4759
4749
4743
4707
4638
4608
4602
4525
4500
4493
4469
4442
4415
4402
4388
4319
4185
4171
4073
4071
4036
3962
3944
3937
3921
3902
3872
3801
3693
3646
3626
3607
3562
3524
3485
3462
3339
3334
3315
3307
3263
3244
3201
3179
3178
3158
3122
3117
2892
2880
2873
2873
2788
2766
2762
2667
2660
2644
2584
2511
2478
2343
2339
2301
2274
2090
2035
1937
1923
1872
1824
1823
1636
1558
1554
1523
1471
1449
1271
1064
1058
1036
1025
984
790
709
692
659
559
518
494
384
370
347
339
208
119
74
48
