99972
99967
99953
99898
99853
99808
99730
99639
99532
99519
99465
99407
99402
99342
99294
99271
99241
99147
99119
99096
99073
98998
98937
98916
98887
98809
98793
98678
98578
98558
98495
98493
98484
98439
98398
98349
98323
98274
98250
98182
98146
98143
97997
97899
97467
97440
97377
97341
97273
97252
97216
97202
97088
96953
96914
96848
96788
96760
96705
96689
96586
96568
96522
96383
96285
96221
96085
96055
96034
96019
95979
95927
95910
95815
95765
95732
95659
95656
95626
95582
95475
95463
95425
95414
95351
95331
95228
95175
95165
95096
95038
94897
94744
94741
94726
94670
94654
94647
94611
94552
94537
94239
93927
93801
93738
93602
93595
93478
93387
93350
93313
93312
93307
93297
93263
93244
93196
93162
93106
93103
93095
92949
92937
92907
92901
92845
92841
92747
92624
92614
92550
92531
92495
92421
92390
92387
92365
92256
92216
92212
92209
92080
92015
91949
91946
91939
91907
91844
91814
91766
91732
91605
91562
91450
91345
91343
91265
91203
91171
91138
91068
90976
90885
90831
90811
90765
90694
90684
90618
90562
90505
90473
90459
90421
90329
90130
90118
90054
89988
89961
89950
89921
89771
89742
89681
89670
89561
89531
89492
89450
89420
89409
89396
89309
89250
89229
89179
89169
88899
88895
88879
88702
88612
88587
88582
88574
88484
88358
88349
88309
88295
88218
88201
88107
88086
88084
88061
87959
87857
87821
87815
87791
87741
87674
87637
87586
87559
87545
87445
87348
87301
87228
87108
86961
86957
86882
86767
86707
86678
86650
86526
86512
86444
86389
86297
86278
86248
86146
86141
86118
86098
86076
86075
86073
86047
86031
86029
85977
85875
85842
85829
85704
85673
85595
85539
85454
85392
85287
85281
85193
85183
85156
85119
85117
85099
85066
84998
84981
84952
84915
84897
84883
84872
84869
84812
84632
84625
84574
84490
84419
84357
84294
84281
84263
84136
84093
84091
84008
84005
84003
83986
83963
83917
83900
83881
83854
83838
83834
83764
83743
83565
83447
83347
83236
83178
83105
83084
83007
82939
82900
82823
82823
82794
82771
82669
82600
82481
82357
82337
82198
82123
81953
81932
81922
81840
81801
81799
81785
81777
81748
81609
81606
81598
81466
81455
81374
81365
81360
81342
81295
81241
81225
81131
81107
81022
80984
80891
80828
80745
80723
80715
80609
80602
80463
80404
80362
80339
80251
80223
80166
80101
80037
80023
79996
79982
79859
79732
79713
79668
79576
79566
79532
79502
79497
79486
79337
79322
79142
79070
78972
78951
78873
78816
78802
78726
78687
78676
78640
78604
78441
78440
78352
78299
78115
78012
78000
77949
77926
77923
77901
77858
77846
77832
77829
77761
77736
77685
77602
77351
77330
77323
77316
77231
77182
77097
77079
76985
76832
76811
76794
76571
76434
76364
76354
76303
76295
76275
76181
75917
75885
75837
75809
75790
75775
75770
75768
75674
75644
75641
75562
75551
75549
75541
75389
75337
75323
75294
75253
75212
75188
75178
75101
75069
75068
74973
74941
74922
74908
74875
74814
74773
74743
74727
74682
74658
74649
74549
74525
74508
74459
74394
74287
74245
74186
74100
74089
74081
74043
73996
73952
73914
73873
73828
73772
73757
73716
73701
73573
73528
73495
73475
73300
73216
73165
73070
73059
72930
72914
72906
72775
72775
72532
72461
72292
72164
72149
72076
72066
72063
72063
71963
71952
71913
71638
71633
71582
71575
71518
71446
71419
71404
71402
71399
71379
71360
71313
71153
71149
71041
71023
71022
71007
70993
70971
70863
70783
70777
70751
70746
70743
70680
70569
70444
70437
70292
70250
70182
70166
70146
70138
70092
70070
70018
70011
69977
69921
69835
69810
69805
69776
69770
69720
69695
69664
69622
69620
69541
69500
69492
69407
69313
69221
69218
69207
69158
69156
69143
69134
68920
68919
68842
68787
68783
68740
68736
68701
68682
68655
68606
68386
68273
68179
68176
68167
68147
68111
68091
68024
68017
67957
67861
67840
67783
67589
67557
67551
67460
67435
67419
67416
67224
67212
67188
67067
67060
66903
66852
66807
66779
66748
66683
66616
66592
66587
66568
66533
66470
66466
66435
66391
66294
66190
66187
66096
66048
66038
66033
65970
65749
65727
65726
65619
65569
65545
65478
65475
65411
65359
65312
65129
65076
65024
65013
65005
64932
64865
64819
64789
64783
64769
64753
64722
64717
64457
64431
64425
64411
64405
64398
64384
64375
64367
64282
64244
64222
64205
64180
64138
64082
64081
64047
64046
64045
63984
63900
63775
63772
63761
63713
63665
63623
63552
63494
63318
63191
63091
63045
62802
62792
62713
62676
62647
62607
62580
62560
62558
62316
62257
62237
62225
62204
62062
62049
61994
61945
61770
61636
61632
61631
61561
61543
61537
61525
61504
61494
61461
61381
61219
61210
61148
61139
61132
60987
60976
60960
60922
60902
60867
60768
60752
60648
60509
60434
60364
60334
60291
60205
60170
60079
60008
59945
59781
59775
59749
59741
59665
59600
59535
59529
59520
59422
59296
59130
58986
58963
58895
58876
58811
58797
58734
58720
58661
58567
58561
58525
58463
58376
58323
58318
58255
58249
58242
58210
58207
58185
58161
58016
57952
57737
57733
57723
57702
57659
57595
57581
57539
57474
57211
57132
57121
56948
56948
56834
56651
56591
56568
56443
56424
56416
56344
56298
56191
56084
56078
56040
55961
55952
55947
55803
55369
55162
55152
55076
54906
54886
54880
54855
54674
54660
54658
54647
54631
54565
54547
54537
54342
54325
54217
54189
54172
54105
54103
54056
54026
54000
53875
53811
53803
53786
53768
53724
53710
53662
53661
53655
53602
53550
53512
53477
53395
53365
53350
53237
53202
53185
53136
53130
53128
53124
53056
52910
52857
52846
52824
52813
52802
52784
52747
52743
52564
52452
52391
52388
52363
52343
52288
52227
52169
52075
51945
51729
51690
51664
51609
51445
51408
51384
51327
51299
51269
51257
51217
51205
51120
51101
51093
50978
50969
50958
50940
50925
50886
50801
50775
50767
50725
50713
50688
50688
50591
50448
50423
50316
50308
50175
50134
50120
50086
50068
50044
50033
50020
50007
49952
49908
49821
49721
49717
49715
49685
49638
49632
49610
49582
49543
49537
49529
49498
49481
49439
49230
49192
49184
49174
49151
49031
48882
48804
48757
48738
48729
48710
48566
48493
48456
48420
48388
48371
48160
48132
48085
47933
47895
47860
47803
47789
47779
47770
47769
47697
47602
47508
47496
47404
47356
47321
47290
47242
47234
47145
47083
47045
46971
46909
46847
46788
46689
46648
46565
46508
46487
46456
46311
46283
46265
46189
46168
46104
45969
45934
45930
45923
45880
45857
45836
45779
45772
45705
45671
45526
45523
45454
45391
45357
45324
45229
45219
45209
45165
45094
45074
44868
44788
44774
44560
44528
44486
44485
44467
44428
44421
44354
44349
44343
44275
44183
44153
44147
44093
43864
43782
43745
43739
43731
43675
43602
43571
43486
43450
43298
43242
43177
43170
43162
43099
43082
43065
42965
42845
42832
42832
42827
42805
42748
42669
42666
42655
42652
42646
42638
42619
42502
42265
42231
42225
42073
42071
41877
41792
41780
41755
41641
41581
41497
41489
41454
41443
41396
41364
41361
41345
41325
41313
41311
41310
41302
41282
41261
41254
41150
41150
41131
41024
40908
40885
40868
40816
40804
40802
40752
40724
40699
40678
40619
40517
40511
40411
40379
40372
40307
40282
40251
40205
40192
40146
40105
40035
40023
39991
39968
39943
39838
39784
39778
39747
39739
39706
39537
39360
39345
39345
39341
39337
39325
39303
39276
39271
39207
39171
39141
39077
39035
38977
38882
38794
38682
38646
38646
38568
38486
38419
38410
38407
38362
38231
38209
38046
38032
37994
37949
37891
37882
37814
37776
37699
37672
37632
37582
37568
37517
37454
37367
37347
37334
37284
37276
37265
37179
37127
37080
36899
36869
36783
36761
36730
36719
36687
36682
36597
36552
36551
36545
36522
36497
36485
36479
36468
36451
36426
36365
36327
36319
36316
36299
36281
36276
36240
36210
36168
36160
36099
36062
36044
36009
35961
35933
35914
35802
35741
35711
35654
35628
35596
35561
35544
35534
35461
35404
35393
35315
35250
35235
35216
35197
35085
35051
35044
35011
34996
34971
34953
34743
34742
34716
34650
34602
34494
34460
34453
34324
34309
34305
34242
34185
34151
34092
34064
33969
33953
33896
33857
33826
33763
33685
33598
33570
33459
33394
33358
33309
33296
33262
33207
33185
33132
33064
33040
32889
32844
32774
32695
32637
32555
32555
32518
32505
32448
32382
32342
32303
32303
32248
32219
32167
32106
31987
31893
31877
31828
31581
31570
31509
31497
31483
31454
31347
31302
31301
31263
31263
31224
31211
31154
31054
31040
30923
30854
30726
30677
30490
30419
30369
30356
30351
30343
30322
30297
30135
30132
30131
29958
29938
29890
29775
29761
29737
29716
29683
29558
29536
29461
29437
29376
29351
29329
29315
29312
29207
29176
29134
29112
29107
29086
29052
29029
29015
28980
28934
28889
28693
28681
28646
28627
28612
28608
28575
28424
28391
28363
28288
28287
28284
28267
28152
28093
28084
28040
28028
27993
27927
27884
27813
27802
27772
27771
27724
27721
27718
27686
27676
27638
27587
27547
27522
27487
27470
27379
27221
27220
27178
27158
27089
27029
27018
27001
26834
26801
26795
26757
26632
26628
26573
26567
26520
26462
26434
26346
26317
26222
26176
26146
26109
26036
25982
25955
25945
25892
25851
25796
25782
25697
25689
25605
25602
25499
25474
25452
25421
25390
25375
25374
25369
25226
25219
25182
25172
25126
25095
25077
25017
24928
24699
24627
24620
24533
24513
24502
24481
24455
24424
24417
24415
24400
24303
24214
24116
24072
23991
23985
23935
23886
23756
23734
23718
23676
23671
23659
23629
23570
23514
23510
23477
23467
23393
23359
23346
23338
23335
23235
23147
23020
23004
22973
22967
22910
22683
22669
22667
22644
22627
22548
22456
22436
22430
22408
22391
22388
22384
22271
22246
22103
22081
22045
21985
21903
21816
21813
21788
21757
21743
21728
21660
21657
21655
21641
21640
21603
21559
21547
21377
21366
21314
21206
21201
21134
21069
21065
21034
21015
21015
20994
20978
20943
20898
20870
20756
20734
20704
20695
20669
20662
20621
20547
20393
20373
20310
20299
20284
20264
20250
20244
20110
20086
19999
19998
19991
19973
19942
19923
19882
19840
19834
19774
19763
19758
19748
19677
19621
19535
19404
19177
19060
18896
18885
18864
18799
18766
18725
18659
18647
18621
18545
18543
18339
18215
18200
18167
18140
18055
18009
17828
17701
17699
17687
17608
17554
17523
17485
17464
17379
17240
17227
17221
17213
17175
17135
16955
16929
16576
16570
16466
16450
16367
16319
16221
16217
16211
16142
16030
16006
16003
15996
15972
15953
15888
15646
15641
15549
15531
15522
15448
15370
15351
15176
15010
14978
14957
14907
14866
14832
14829
14645
14632
14593
14552
14548
14530
14446
14372
14351
14344
14278
14274
14236
14231
14219
14120
14090
14062
13982
13913
13787
13522
13517
13038
12983
12916
12862
12845
12752
12746
12720
12672
12652
12595
12579
12546
12521
12392
12376
12321
12308
12174
12148
12113
12087
12080
12071
12015
11909
11863
11824
11809
11782
11714
11639
11620
11612
11603
11538
11526
11499
11437
11421
11415
11368
11285
11213
11212
11174
11154
11128
11114
11071
11051
10989
10932
10887
10858
10830
10824
10737
10671
10670
10616
10550
10392
10366
10328
10218
10213
10205
10194
10183
10152
10115
9991
9920
9915
9858
9822
9801
9711
9707
9707
9689
9675
9595
9495
9495
9389
9297
9295
9257
9141
9118
9072
9064
9057
9045
8978
8867
8853
8815
8808
8803
8787
8687
8555
8524
8470
8434
8419
8318
8281
8156
8118
8019
7995
7930
7927
7916
7877
7874
7784
7766
7764
7758
7749
7747
7653
7637
7586
7521
7407
7292
7221
7219
7218
7205
7156
7139
7128
7125
7119
7082
7076
7053
7031
6802
6783
6765
6733
6709
6651
6631
6594
6554
6540
6523
6488
6483
6478
6460
6452
6399
6346
6312
6247
6238
6177
6152
6142
6138
6090
5882
5858
5857
5819
5744
5734
5727
5652
5570
5525
5521
5502
5483
5408
5403
5336
5298
5273
5244
5206
5178
5102
5086
5041
5038
5019
4996
4981
4913
4901
4851
4837
4812
4785
4719
4697
4651
4643
4508
4497
4439
4375
4352
4335
4227
4173
4173
4152
4096
3946
3919
3915
3904
3868
3697
3526
3435
3306
3288
3203
3066
3056
2993
2929
2923
2907
2894
2796
2748
2722
2698
2680
2571
2524
2457
2403
2387
2365
2348
2304
2293
2278
2128
2080
2073
2067
2053
1963
1927
1918
1909
1822
1712
1662
1661
1572
1545
1425
1395
1374
1280
1248
1130
1076
942
909
897
879
830
822
763
722
527
500
498
478
410
337
331
327
273
208
91
36
35
