99956
99939
99913
99829
99810
99734
99659
99557
99515
99506
99380
99298
99051
99045
98857
98757
98715
98701
98549
98480
98369
98330
98298
98279
98168
98120
98107
98004
97967
97945
97866
97816
97783
97779
97706
97705
97687
97605
97603
97567
97514
97388
97340
97295
97278
97276
97272
97257
97241
97201
97163
97066
97045
97031
96978
96964
96880
96871
96847
96793
96785
96647
96617
96599
96575
96515
96274
96250
96236
96153
96133
96133
96122
96105
96100
96040
95993
95991
95980
95973
95969
95949
95887
95878
95847
95807
95791
95715
95695
95453
95272
95226
95089
95018
94949
94947
94876
94785
94693
94688
94666
94581
94577
94555
94500
94393
94386
94355
94281
94278
94275
94084
94083
94002
94000
93985
93972
93772
93750
93731
93712
93565
93543
93498
93473
93471
93409
93241
93235
93209
93175
93149
93098
93088
93037
93006
93000
92911
92903
92876
92868
92823
92755
92721
92701
92681
92664
92655
92647
92626
92619
92602
92454
92437
92332
92237
92049
92048
92036
92026
92006
92000
91941
91876
91785
91753
91713
91710
91692
91630
91574
91564
91482
91407
91388
91316
91299
91213
91178
91095
91087
91086
91064
91003
90975
90752
90694
90596
90591
90566
90557
90510
90499
90454
90408
90402
90310
90253
90137
90128
89988
89909
89882
89811
89809
89787
89738
89655
89629
89565
89533
89454
89430
89423
89416
89395
89379
89233
89215
89197
89181
89159
89123
89106
89084
89069
89048
89044
89033
89017
89012
88990
88988
88960
88959
88875
88871
88814
88813
88801
88658
88601
88565
88531
88474
88387
88218
88196
88166
88110
88084
88030
88023
88008
87929
87922
87904
87801
87672
87524
87415
87357
87244
87142
87084
87038
86932
86904
86896
86860
86703
86689
86612
86595
86508
86490
86429
86398
86397
86335
86324
86263
86257
86239
86225
86223
86160
86070
86010
85944
85938
85904
85902
85805
85651
85647
85645
85445
85404
85402
85335
85262
85259
85252
85233
85142
85120
85088
84997
84995
84974
84950
84948
84948
84826
84766
84738
84594
84557
84553
84510
84420
84386
84344
84328
84325
84254
84092
84081
83962
83895
83869
83835
83835
83786
83766
83763
83691
83638
83565
83508
83409
83344
83312
83309
83192
83162
83121
83120
83069
83022
82972
82948
82880
82873
82823
82801
82731
82707
82670
82656
82650
82642
82502
82447
82411
82404
82361
82359
82328
82255
82146
82135
81964
81387
81377
81298
81284
81280
81275
81228
81221
81123
81111
81109
81086
80971
80923
80848
80803
80757
80689
80627
80509
80495
80491
80437
80294
80253
80181
80146
80139
80082
79967
79964
79943
79943
79925
79922
79827
79772
79769
79682
79651
79481
79441
79430
79415
79362
79326
79309
79282
79158
79153
79151
79133
78899
78769
78761
78689
78550
78507
78440
78361
78274
78264
78235
78193
78032
78001
77953
77948
77923
77915
77859
77840
77837
77827
77817
77678
77634
77591
77521
77495
77478
77388
77306
77276
77253
77229
77198
77144
77088
77003
76885
76841
76824
76804
76757
76697
76617
76539
76390
76261
76158
76064
76056
76051
76046
75941
75861
75738
75723
75692
75672
75654
75552
75464
75428
75422
75327
75307
75156
75133
75108
75082
75045
74993
74911
74891
74891
74814
74728
74703
74658
74650
74638
74574
74574
74562
74536
74501
74469
74423
74324
74297
74226
74205
74162
74111
74044
74040
74027
73921
73871
73866
73770
73754
73580
73493
73429
73410
73361
73316
73285
73214
73101
72987
72969
72913
72864
72745
72745
72730
72665
72646
72629
72550
72488
72464
72278
72187
72020
72008
72004
71988
71974
71932
71831
71700
71609
71588
71430
71398
71352
71231
71228
71193
71120
70962
70834
70804
70774
70749
70743
70712
70594
70589
70561
70242
70214
70181
69995
69954
69953
69886
69870
69813
69695
69683
69638
69616
69609
69594
69561
69494
69475
69409
69346
69332
69260
69207
69156
69101
68996
68929
68907
68888
68803
68737
68731
68687
68578
68495
68474
68376
68325
68163
68117
68057
68006
67993
67921
67888
67886
67862
67851
67790
67671
67610
67584
67175
67161
67153
67133
67132
66861
66801
66772
66748
66692
66602
66600
66600
66517
66402
66399
66312
66047
66035
65942
65933
65901
65885
65824
65786
65753
65741
65737
65682
65659
65557
65517
65454
65454
65399
65255
65230
65199
65122
65081
65079
65077
64986
64956
64863
64852
64813
64802
64773
64772
64706
64595
64449
64428
64356
64227
64195
64162
64161
64135
63995
63907
63785
63632
63562
63545
63489
63304
63272
63261
63215
63144
63115
63092
63080
63021
63010
62987
62951
62942
62926
62888
62848
62809
62745
62732
62668
62622
62485
62463
62453
62391
62245
62238
62224
62217
62216
62196
62187
62132
62113
62051
62047
62021
62016
61926
61818
61792
61734
61679
61590
61539
61519
61464
61348
61283
61277
61268
61245
61212
61212
61167
61167
61166
61157
61091
61089
61085
61068
61024
60949
60937
60936
60895
60872
60754
60590
60420
60407
60393
60325
60269
60230
60227
60133
60036
60022
60020
59889
59803
59559
59540
59495
59245
59103
59097
58976
58900
58886
58738
58736
58624
58595
58589
58588
58551
58483
58382
58347
58298
58236
58195
58093
58081
58035
58000
57975
57963
57950
57931
57919
57907
57901
57853
57797
57796
57793
57748
57631
57537
57511
57411
57386
57162
57094
57041
56965
56964
56913
56902
56853
56819
56792
56768
56762
56634
56569
56562
56527
56451
56406
56340
56315
56292
56280
56269
56263
56132
56121
56066
56057
56055
56053
56026
56009
55924
55911
55885
55881
55881
55873
55844
55807
55793
55671
55661
55653
55635
55630
55571
55390
55292
55282
55222
55194
55174
55173
55171
55160
55127
54915
54901
54877
54844
54824
54797
54745
54721
54719
54712
54661
54621
54533
54464
54455
54381
54349
54344
54256
54226
54215
54169
54142
54120
54120
54085
53999
53971
53892
53789
53692
53675
53560
53425
53378
53349
53298
53254
53229
53053
53013
52924
52898
52864
52774
52568
52538
52447
52429
52399
52397
52394
52300
52256
52137
52130
52029
51983
51885
51842
51829
51750
51719
51668
51653
51638
51612
51599
51488
51445
51353
51331
51327
51317
51283
51234
51204
51189
51063
51032
50911
50909
50855
50700
50650
50637
50554
50547
50500
50335
50227
50161
50107
50107
50099
50093
49941
49941
49831
49799
49798
49748
49660
49635
49488
49432
49275
49263
49162
49075
49067
48936
48930
48897
48854
48819
48810
48683
48567
48565
48558
48496
48474
48430
48343
48283
48222
48218
48146
48079
48045
47986
47806
47785
47778
47580
47561
47506
47455
47446
47436
47404
47378
47365
47298
47296
47280
47273
47204
47124
47095
47035
47016
46911
46843
46636
46557
46550
46495
46389
46372
46297
46165
46045
46045
45834
45799
45789
45776
45716
45678
45668
45504
45416
45247
45196
45174
45084
45078
44945
44926
44911
44888
44828
44774
44705
44693
44648
44645
44565
44525
44489
44479
44468
44331
44314
44203
44183
44153
44009
43969
43947
43941
43805
43783
43682
43664
43631
43631
43616
43582
43466
43460
43406
43328
43295
43220
43173
43143
43118
43106
43058
43050
42922
42910
42824
42664
42642
42623
42615
42564
42552
42512
42465
42341
42299
42217
42204
42202
42182
42163
42133
42066
42052
42033
41959
41898
41864
41856
41827
41694
41678
41664
41657
41576
41465
41462
41367
41242
41224
41141
41112
40997
40963
40867
40847
40637
40605
40604
40558
40452
40441
40375
40322
40243
40113
40051
39969
39843
39835
39831
39784
39777
39729
39651
39592
39513
39453
39399
39280
39268
39237
39237
39147
39107
39097
39030
39022
38951
38934
38865
38778
38760
38706
38347
38327
38132
38131
38118
37987
37915
37831
37815
37770
37739
37723
37669
37657
37626
37617
37609
37604
37596
37541
37509
37440
37419
37351
37346
37279
37259
37253
37232
37167
37113
37088
37086
36994
36987
36978
36971
36948
36924
36881
36876
36867
36827
36806
36773
36656
36632
36535
36528
36510
36490
36486
36460
36363
36305
36234
36176
36041
36015
35996
35913
35896
35880
35870
35846
35764
35725
35681
35599
35570
35520
35502
35460
35443
35416
35182
34931
34891
34842
34808
34794
34789
34781
34706
34684
34580
34559
34543
34512
34479
34464
34403
34322
34234
34226
34137
34109
34039
33993
33956
33938
33902
33885
33762
33624
33587
33538
33506
33439
33425
33408
33381
33356
33329
33283
33276
33171
33134
33114
33040
33001
32996
32937
32897
32886
32726
32725
32696
32626
32506
32493
32452
32413
32316
32287
32277
32167
32158
32142
32122
32114
32110
32108
32068
32065
32058
31991
31986
31920
31880
31861
31836
31807
31777
31747
31742
31711
31654
31530
31523
31426
31403
31382
31325
31142
31113
30979
30918
30867
30830
30823
30820
30794
30732
30724
30697
30680
30588
30474
30416
30327
30313
30308
30257
30096
30087
30057
30020
29992
29822
29810
29766
29754
29725
29720
29667
29448
29390
29386
29374
29352
29339
29271
29248
29204
29175
29076
28972
28966
28857
28856
28828
28797
28790
28716
28695
28638
28533
28313
28307
28299
28273
28257
28200
28180
28090
28063
28051
28050
28035
28028
28017
28015
27845
27814
27783
27706
27701
27699
27628
27619
27556
27507
27449
27314
27311
27223
27197
27126
27112
27044
27026
27002
26934
26929
26899
26886
26771
26673
26546
26475
26420
26412
26365
26338
26332
26301
26245
26165
26111
26079
25972
25899
25848
25806
25760
25753
25723
25719
25639
25626
25613
25600
25597
25587
25572
25526
25478
25432
25368
25311
25301
25252
25143
25122
25069
25054
25003
24983
24900
24852
24835
24804
24800
24771
24767
24679
24666
24661
24659
24593
24470
24425
24338
24271
24257
24157
24029
24028
23966
23949
23877
23833
23801
23785
23707
23589
23525
23512
23424
23411
23397
23340
23321
23307
23271
23269
23238
23202
23154
23088
22987
22946
22863
22821
22806
22691
22612
22586
22537
22477
22402
22364
22294
22245
22095
22009
21990
21959
21930
21871
21852
21819
21683
21641
21564
21556
21366
21327
21083
21049
21047
21042
20999
20857
20741
20729
20701
20597
20539
20396
20287
20196
20153
20128
20060
19944
19853
19822
19780
19688
19684
19675
19672
19643
19574
19484
19442
19425
19312
19260
19222
19179
19172
19162
19142
19119
19004
18894
18826
18731
18687
18676
18668
18615
18582
18539
18518
18472
18422
18403
18388
18285
18255
18191
18140
18035
17949
17929
17888
17872
17839
17808
17805
17756
17713
17691
17687
17662
17563
17482
17444
17394
17308
17289
17285
17251
17236
17182
17153
17142
17069
16996
16849
16797
16758
16680
16619
16617
16594
16576
16515
16491
16466
16411
16408
16369
16345
16319
16308
16217
16140
16076
16076
16060
16012
15990
15886
15809
15802
15763
15745
15719
15710
15685
15648
15600
15593
15583
15545
15517
15460
15356
15284
15227
15197
15175
15170
15169
15165
15159
15115
15093
15085
14992
14962
14897
14776
14759
14755
14747
14678
14433
14403
14334
14310
14307
14249
14238
14233
14227
14179
14086
14031
13990
13946
13913
13906
13906
13864
13850
13687
13660
13485
13445
13444
13427
13385
13360
13185
13154
13022
13007
12768
12754
12736
12644
12608
12561
12519
12512
12508
12411
12396
12363
12340
12322
12246
12226
12172
12159
12135
12125
12054
12034
12015
11987
11933
11889
11850
11718
11659
11607
11561
11486
11373
11367
11354
11301
11285
11261
11156
11154
11117
11109
11106
11007
10989
10983
10879
10834
10822
10794
10691
10649
10624
10600
10534
10461
10419
10390
10325
10313
10151
10045
10042
9984
9933
9903
9692
9679
9674
9673
9670
9517
9509
9415
9321
9297
9259
9212
9148
9078
9071
9020
9006
9000
8999
8923
8897
8844
8805
8790
8657
8388
8374
8362
8337
8220
8145
8026
7985
7922
7877
7873
7816
7791
7682
7458
7450
7411
7400
7365
7342
7336
7191
7077
7075
7013
6973
6970
6910
6902
6868
6864
6738
6689
6672
6588
6584
6564
6549
6540
6540
6533
6509
6393
6365
6227
6156
6016
5956
5935
5933
5912
5815
5795
5727
5722
5695
5533
5468
5446
5436
5415
5331
5323
5314
5292
5266
5234
5229
5198
5143
5067
5002
4917
4733
4634
4530
4450
4397
4380
4374
4294
4249
4171
4156
4127
4126
4067
4023
3977
3945
3907
3861
3826
3807
3751
3670
3641
3640
3632
3556
3501
3375
3361
3213
3184
3178
3144
3139
3053
3026
3024
2971
2968
2948
2754
2716
2715
2702
2655
2579
2560
2486
2451
2437
2428
2415
2407
2389
2380
2355
2299
2293
2258
2235
2195
2151
2147
2138
2080
2078
2045
1901
1790
1783
1769
1700
1691
1681
1672
1654
1552
1445
1436
1420
1356
1324
1299
1127
1009
952
925
892
886
844
841
786
720
696
508
505
487
476
431
399
349
325
318
174
151
148
113
