99950
99827
99779
99715
99681
99591
99457
99405
99375
99297
99227
99200
99200
99165
99064
99054
99022
99019
98970
98870
98854
98854
98784
98569
98514
98468
98445
98397
98296
98287
98257
98187
98183
98165
98003
97969
97906
97886
97884
97850
97712
97694
97684
97631
97567
97545
97324
97305
97283
97210
97198
97195
97123
97048
97011
96948
96889
96799
96737
96736
96715
96685
96645
96588
96564
96526
96469
96451
96438
96367
96333
96225
96218
96208
96197
96070
96007
95895
95836
95829
95819
95794
95746
95568
95553
95424
95378
95352
95312
95290
95175
95104
95074
95014
94984
94972
94865
94862
94809
94801
94778
94765
94719
94690
94575
94531
94403
94331
94030
93983
93970
93952
93912
93671
93664
93619
93610
93467
93435
93434
93367
93366
93037
93031
92930
92829
92822
92736
92696
92680
92676
92535
92494
92466
92460
92365
92248
92229
92125
92118
92081
91836
91825
91816
91810
91800
91742
91706
91601
91552
91529
91485
91472
91470
91432
91417
91414
91273
91249
91216
91172
91059
90993
90940
90934
90914
90892
90866
90847
90807
90713
90675
90653
90579
90445
90444
90414
90406
90389
90325
90253
90224
90173
90103
89988
89934
89926
89882
89811
89772
89724
89699
89640
89570
89469
89457
89456
89450
89439
89412
89391
89343
89315
89302
89262
89241
89225
89217
89198
89157
89099
89009
89004
88982
88928
88919
88905
88893
88849
88805
88739
88722
88708
88679
88560
88551
88533
88524
88492
88481
88403
88374
88327
88284
88279
88273
88257
88256
88244
88205
88143
88118
88114
88028
88026
88026
88024
87972
87944
87902
87840
87741
87741
87720
87705
87672
87648
87608
87496
87430
87420
87403
87368
87364
87289
87282
87249
87209
87202
87169
87164
87152
86851
86824
86788
86783
86731
86627
86599
86575
86557
86532
86490
86427
86287
86220
86164
86149
85999
85960
85930
85921
85886
85881
85830
85828
85820
85779
85738
85721
85680
85663
85621
85604
85546
85542
85484
85429
85384
85371
85348
85327
85261
85208
85167
85147
85118
85092
85083
85078
85078
84939
84822
84816
84794
84742
84518
84509
84455
84409
84366
84282
84213
84190
84013
84005
83898
83897
83805
83734
83722
83717
83707
83658
83649
83590
83482
83378
83361
83345
83272
83164
83066
83053
83039
83034
82978
82971
82954
82950
82912
82797
82750
82709
82651
82549
82446
82340
82295
82258
82224
82164
82125
82023
81982
81939
81826
81810
81784
81746
81710
81675
81648
81634
81487
81441
81417
81380
81379
81362
81320
81285
81226
81179
80782
80775
80768
80669
80669
80603
80471
80433
80218
80183
80027
79931
79855
79839
79655
79569
79567
79464
79433
79362
79286
79139
79100
79096
79016
79004
78991
78950
78839
78761
78756
78733
78717
78681
78663
78585
78546
78485
78437
78417
78378
78371
78247
78243
78123
78115
78110
78088
78084
78047
78034
78001
77961
77850
77796
77794
77652
77540
77531
77490
77436
77411
77380
77218
77218
77216
77190
77188
77185
77179
77106
77089
77082
77067
77008
76892
76873
76847
76843
76776
76772
76701
76624
76585
76583
76528
76482
76394
76386
76345
76270
76247
76207
76191
76106
76095
76018
75992
75966
75953
75930
75882
75839
75815
75721
75628
75618
75582
75569
75548
75528
75446
75360
75290
75055
75041
74965
74931
74930
74893
74814
74728
74704
74647
74562
74527
74524
74238
74163
74159
74131
74071
74047
73993
73873
73871
73777
73735
73731
73710
73674
73584
73507
73420
73403
73369
73367
73366
73357
73292
73151
73138
73128
73024
72798
72793
72789
72764
72762
72683
72683
72665
72641
72608
72582
72467
72460
72420
72288
72210
72207
72152
72112
72098
72088
72069
72033
71901
71853
71687
71499
71434
71422
71421
71340
71272
71186
71183
70961
70729
70597
70593
70482
70471
70418
70390
70363
70336
70279
70231
70105
70101
70097
70066
70057
70047
70027
69964
69949
69856
69766
69747
69746
69713
69529
69440
69434
69427
69355
69303
69133
69094
69060
69019
68827
68816
68782
68660
68656
68615
68561
68558
68557
68510
68363
68331
68221
68189
68181
68148
68109
68105
68074
68058
68006
67913
67884
67876
67862
67821
67811
67793
67791
67666
67664
67658
67590
67579
67579
67489
67426
67426
67350
67340
67303
67269
67247
67217
67150
67125
66998
66989
66938
66927
66925
66923
66751
66549
66507
66467
66379
66375
66346
66297
66256
66183
66174
66148
66045
66044
66031
66016
65926
65876
65871
65844
65780
65775
65728
65687
65603
65551
65529
65440
65347
65321
65291
65156
65105
65099
65048
65046
65000
64913
64906
64856
64737
64680
64636
64582
64566
64537
64505
64481
64463
64456
64419
64406
64345
64337
64332
64161
64159
64148
64137
64135
64132
64120
64095
64087
64061
64057
64037
64000
63887
63843
63797
63647
63622
63554
63450
63320
63269
63265
63148
63102
63091
63018
62877
62819
62805
62796
62786
62751
62482
62461
62460
62458
62443
62255
62161
62134
62102
62075
62040
62008
61997
61908
61801
61797
61792
61789
61729
61728
61625
61601
61571
61333
61328
61171
61168
61148
60996
60910
60893
60790
60746
60646
60602
60594
60538
60490
60453
60396
60324
60296
60249
60186
60151
60134
60095
60077
60050
60031
60018
59933
59842
59805
59767
59687
59569
59516
59483
59457
59442
59315
59137
59070
59048
59005
58992
58967
58964
58942
58867
58826
58819
58705
58623
58612
58590
58449
58372
58372
58362
58259
58193
58169
58064
58054
58000
57912
57871
57857
57820
57780
57771
57634
57616
57551
57465
57399
57297
57260
57223
57222
57187
57144
57141
57093
56937
56881
56862
56768
56741
56713
56643
56576
56544
56516
56509
56483
56463
56455
56373
56222
56208
56185
56152
56083
56079
56071
56055
56045
56031
56015
55979
55963
55902
55844
55798
55783
55738
55692
55626
55527
55492
55454
55337
55317
55183
55112
54999
54975
54952
54867
54810
54789
54781
54734
54703
54401
54294
54271
54266
54261
54256
54211
54197
54192
54097
54083
54078
53991
53964
53956
53865
53845
53832
53500
53405
53391
53381
53292
53253
53248
53194
53163
53150
53109
53080
53074
53035
52947
52881
52879
52807
52727
52676
52563
52547
52441
52441
52437
52407
52393
52383
52279
52232
52188
52167
52162
52097
52014
51898
51886
51883
51855
51837
51730
51712
51650
51617
51424
51412
51385
51330
51264
51230
51106
51088
51017
50866
50761
50752
50523
50405
50295
50251
50207
50188
50112
50073
50070
49903
49859
49806
49789
49683
49679
49667
49604
49535
49517
49507
49392
49350
49333
49318
49271
49209
49025
48935
48913
48875
48835
48808
48796
48793
48711
48651
48632
48610
48589
48497
48461
48423
48355
48234
48206
48126
48094
48073
48001
47964
47944
47896
47802
47746
47729
47689
47621
47620
47599
47590
47580
47580
47578
47537
47309
47258
47223
47199
47176
47173
47155
47089
47053
47024
46973
46971
46813
46801
46668
46650
46535
46478
46443
46414
46068
46062
46017
45922
45890
45880
45848
45793
45710
45673
45667
45596
45540
45467
45465
45425
45406
45372
45256
45240
45212
45112
45110
45013
44928
44858
44689
44647
44596
44411
44341
44302
44259
44235
44085
43956
43889
43868
43723
43717
43665
43613
43569
43555
43495
43406
43399
43390
43350
43288
43101
43099
42959
42952
42902
42815
42785
42470
42462
42414
42284
42191
42134
42018
41982
41897
41877
41827
41756
41717
41692
41646
41630
41563
41543
41535
41480
41400
41374
41267
41246
41147
41064
41060
40991
40989
40984
40968
40931
40925
40909
40901
40847
40701
40700
40472
40430
40381
40370
40335
40198
40193
40172
40116
40072
40040
39963
39932
39930
39912
39755
39707
39681
39659
39636
39554
39468
39456
39380
39367
39366
39320
39289
39288
39268
39266
39258
39226
39222
39206
39100
39006
38980
38900
38882
38872
38865
38738
38724
38654
38611
38596
38540
38532
38519
38446
38432
38399
38369
38327
38250
38221
38165
38143
38117
38090
38056
38035
38024
38014
37988
37834
37784
37606
37556
37509
37435
37428
37414
37396
37327
37176
37042
37030
36980
36920
36907
36867
36694
36686
36660
36634
36633
36620
36603
36556
36499
36482
36469
36453
36357
36337
36295
36261
36208
36164
36152
36062
36046
36032
35968
35872
35831
35773
35755
35653
35616
35606
35557
35485
35247
34868
34827
34826
34721
34716
34682
34674
34589
34588
34514
34460
34441
34422
34371
34331
34256
34217
34095
34045
34010
34000
33921
33863
33804
33758
33739
33615
33561
33502
33489
33483
33473
33417
33193
33160
33110
33105
33098
33011
32946
32925
32873
32776
32743
32705
32681
32636
32629
32592
32545
32513
32463
32392
32326
32258
32217
32178
32104
32097
32066
31987
31976
31890
31802
31787
31731
31565
31452
31449
31381
31355
31316
31300
31233
31216
31177
31140
31109
31094
31071
31002
30981
30890
30889
30756
30700
30632
30630
30551
30516
30506
30502
30480
30429
30412
30258
30220
30175
30166
30102
30033
30027
29961
29779
29768
29755
29629
29524
29416
29415
29404
29336
29282
29256
29247
29155
29045
28941
28927
28927
28875
28848
28818
28728
28615
28568
28480
28454
28368
28206
28180
28165
28139
28121
28072
27988
27906
27827
27801
27767
27759
27737
27698
27656
27627
27570
27518
27462
27461
27343
27304
27175
27150
27129
27113
26915
26890
26860
26809
26727
26706
26671
26658
26637
26614
26550
26545
26539
26458
26450
26402
26386
26383
26251
26222
26175
26110
26074
26070
26067
26027
25965
25960
25946
25931
25808
25776
25742
25739
25736
25643
25579
25514
25355
25143
25069
24996
24975
24912
24883
24800
24787
24755
24747
24712
24703
24464
24442
24420
24414
24392
24301
24112
24061
24038
23994
23985
23909
23900
23896
23890
23879
23802
23784
23699
23626
23533
23521
23485
23470
23466
23449
23354
23339
23298
23280
23265
23223
23206
23085
23076
22977
22881
22874
22870
22751
22749
22707
22691
22630
22574
22541
22527
22494
22484
22426
22157
22109
22087
22081
22035
21955
21807
21750
21745
21511
21495
21488
21457
21394
21357
21337
21310
21290
21285
21269
21168
21108
21048
20931
20863
20852
20832
20829
20820
20658
20644
20566
20525
20523
20438
20436
20409
20380
20373
20349
20324
20244
20236
20226
20201
20196
20126
20118
20040
20025
20009
19978
19941
19937
19906
19896
19877
19682
19674
19656
19639
19615
19515
19469
19321
19292
19271
19252
19212
19156
19061
19002
18917
18909
18801
18767
18756
18748
18676
18588
18510
18490
18406
18367
18340
18324
18266
18243
18212
18195
18124
18081
18061
18032
18018
17965
17955
17931
17926
17858
17827
17826
17813
17736
17671
17631
17567
17547
17538
17534
17524
17491
17457
17303
17284
17274
17196
17193
17187
17160
17126
17107
17104
17084
17068
16920
16917
16868
16846
16819
16790
16787
16748
16734
16499
16446
16429
16416
16409
16376
16375
16352
16335
16304
16218
16094
16058
16017
15969
15965
15840
15779
15776
15771
15747
15704
15546
15526
15454
15371
15196
15171
15098
15058
15051
15022
15012
14952
14907
14891
14713
14662
14563
14541
14395
14365
14352
14296
14074
14068
14066
14064
13892
13863
13855
13826
13799
13714
13652
13491
13472
13458
13454
13437
13390
13371
13367
13292
13252
13090
13076
13044
12942
12926
12900
12871
12700
12606
12537
12517
12334
12331
12279
12274
12166
12118
12109
12036
12006
11959
11903
11861
11743
11673
11672
11648
11488
11346
11341
11253
11046
11012
10917
10896
10804
10742
10668
10625
10396
10321
10300
10286
10236
10235
10114
10070
10058
10055
9991
9961
9955
9898
9893
9727
9633
9540
9510
9457
9399
9374
9363
9252
9243
9225
9205
9195
9142
9030
9023
8979
8977
8896
8889
8848
8826
8810
8724
8699
8653
8652
8620
8565
8563
8556
8545
8411
8399
8379
8377
8312
8292
8250
8244
8202
8151
8133
8121
8113
8073
7956
7945
7937
7870
7835
7828
7823
7820
7649
7525
7483
7469
7458
7429
7398
7285
7261
7251
7239
7215
7146
7066
6989
6803
6766
6763
6694
6667
6634
6623
6587
6576
6457
6086
6070
6035
5998
5952
5904
5885
5867
5858
5760
5657
5646
5617
5617
5441
5434
5378
5358
5351
5347
5328
5282
5124
5098
5096
5073
5009
4965
4779
4760
4539
4531
4463
4401
4393
4354
4185
4183
4162
4129
4124
4103
4098
4058
3849
3845
3787
3698
3665
3630
3572
3569
3539
3414
3368
3309
3297
3297
3273
3246
3201
3196
3147
3132
3123
3076
3064
3043
2914
2854
2804
2676
2637
2615
2602
2593
2453
2424
2419
2374
2373
2324
2276
2117
2085
2029
1993
1926
1914
1852
1836
1701
1647
1634
1500
1493
1463
1461
1429
1415
1316
1159
1066
995
886
863
858
857
824
733
726
675
667
633
598
528
509
499
467
397
337
289
264
263
251
191
182
156
