99962
99918
99887
99869
99832
99746
99744
99711
99610
99593
99553
99519
99504
99498
99478
99378
99341
99306
99257
99248
99247
99114
98953
98942
98931
98841
98837
98682
98671
98647
98635
98563
98527
98504
98457
98452
98432
98411
98388
98384
98259
97926
97785
97651
97647
97643
97536
97530
97460
97459
97390
97256
97162
97160
97043
96940
96905
96812
96791
96728
96723
96673
96590
96510
96500
96347
96219
96106
96059
95949
95932
95922
95899
95743
95723
95709
95552
95507
95495
95481
95409
95395
95322
95248
95228
95221
95208
95199
95107
95052
95018
95012
95008
94968
94961
94949
94885
94845
94834
94786
94772
94705
94698
94610
94579
94557
94541
94533
94493
94297
94296
94277
94230
94185
94152
94110
94098
93975
93967
93913
93908
93888
93881
93872
93839
93811
93793
93789
93765
93722
93712
93679
93677
93654
93641
93626
93613
93590
93585
93573
93509
93506
93428
93368
93367
93349
93333
93330
93282
93247
93237
93222
93195
93194
93182
93180
93043
93041
93017
93011
92865
92832
92686
92683
92645
92588
92468
92428
92322
92319
92293
92124
92110
92110
92010
91965
91943
91929
91870
91852
91849
91811
91540
91452
91364
91266
91266
91230
91142
90861
90813
90799
90678
90476
90398
90382
90275
90274
90224
90115
90111
90044
90030
89888
89792
89775
89765
89746
89719
89584
89432
89389
89334
89306
89305
89273
89256
89230
89143
89113
89050
88981
88907
88667
88622
88577
88569
88416
88299
88289
88167
88124
87783
87764
87585
87556
87480
87468
87417
87403
87347
87310
87310
87279
87169
87157
87014
87009
86941
86938
86911
86877
86864
86801
86737
86648
86584
86468
86409
86401
86398
86361
86355
86354
86342
86233
86171
86156
86074
86052
86012
85922
85884
85855
85767
85756
85684
85638
85604
85531
85449
85419
85412
85380
85342
85337
85322
85244
85217
85171
85127
85118
85078
85001
84990
84915
84863
84817
84741
84675
84553
84538
84473
84407
84313
84303
84213
84070
84046
83935
83888
83830
83822
83717
83658
83649
83583
83486
83463
83448
83433
83373
83341
83266
83254
83246
83219
83215
83130
83081
83063
83047
83044
82872
82869
82867
82802
82531
82399
82356
82262
82191
82090
82022
82010
81990
81949
81929
81923
81912
81903
81898
81894
81871
81868
81820
81645
81600
81458
81426
81415
81410
81371
81315
81292
81287
81286
81142
81131
81027
81025
80956
80907
80904
80884
80843
80835
80824
80822
80802
80759
80663
80604
80600
80569
80562
80540
80539
80484
80451
80383
80335
80335
80276
80226
80190
80117
80090
79973
79861
79812
79751
79642
79602
79601
79500
79376
79361
79306
79098
79098
79084
79030
79003
79002
78995
78942
78868
78854
78812
78746
78586
78577
78412
78282
78235
78136
78072
78056
78036
77980
77970
77963
77944
77933
77907
77901
77880
77868
77838
77801
77782
77767
77766
77713
77657
77610
77594
77545
77438
77425
77388
77359
77332
77293
77287
77213
77198
77197
77088
77064
76915
76900
76761
76720
76708
76656
76655
76606
76565
76564
76550
76543
76532
76483
76451
76415
76302
76299
76271
76254
76198
76143
76053
76016
75977
75950
75887
75726
75672
75652
75645
75613
75462
75455
75352
75339
75224
75212
75170
75167
75089
75021
74929
74922
74841
74828
74800
74767
74756
74731
74730
74728
74677
74599
74566
74521
74512
74498
74323
74319
74288
74240
74234
74209
74157
74141
74139
74049
74037
73988
73949
73855
73845
73820
73644
73587
73529
73525
73490
73446
73405
73392
73387
73359
73282
73274
73200
73180
73121
73091
72836
72766
72657
72584
72540
72473
72441
72416
72373
72345
72198
72171
72098
72072
71994
71976
71909
71858
71793
71697
71659
71657
71302
71293
71277
71259
71196
71192
71142
71092
71073
71019
71016
70922
70837
70778
70690
70644
70611
70573
70530
70506
70391
70277
70164
70152
70125
70077
69950
69936
69883
69839
69830
69761
69755
69718
69414
69360
69348
69235
69228
69156
68994
68946
68909
68871
68849
68780
68754
68746
68701
68670
68568
68309
68190
68091
68084
68009
67996
67984
67875
67863
67855
67848
67846
67838
67822
67694
67606
67588
67359
67312
67311
67228
67112
67088
67044
67027
67012
66979
66965
66912
66891
66876
66817
66814
66802
66728
66699
66623
66516
66408
66296
66135
66102
66102
65979
65941
65924
65831
65740
65727
65663
65659
65640
65587
65487
65369
65360
65345
65335
65295
65276
65257
65187
65175
65157
65067
65049
64997
64990
64937
64896
64862
64833
64820
64797
64749
64720
64668
64573
64412
64354
64291
64275
64163
64148
64142
64081
64075
63932
63908
63865
63745
63722
63717
63674
63659
63586
63581
63514
63479
63413
63377
63344
63304
63296
63294
63287
63236
63203
63137
63094
63017
62982
62780
62780
62629
62604
62552
62453
62261
62249
62196
62196
62074
62071
62060
62051
62042
62018
61979
61939
61915
61896
61874
61869
61867
61853
61841
61610
61581
61566
61507
61447
61349
61299
61154
61130
61117
61093
61084
61046
61023
61018
61004
61001
60933
60900
60883
60866
60844
60645
60606
60528
60476
60459
60286
60249
60242
60234
60105
60095
60072
60061
60040
59973
59905
59771
59707
59705
59620
59507
59178
59021
58980
58962
58867
58764
58744
58617
58580
58505
58477
58436
58404
58360
58272
58220
58199
58179
58179
58124
57976
57973
57962
57913
57913
57900
57875
57834
57833
57812
57783
57779
57741
57726
57712
57706
57649
57639
57544
57501
57486
57448
57411
57323
57279
57200
57182
57175
57120
57018
56988
56964
56935
56841
56818
56717
56621
56460
56388
56351
56320
56136
56123
56028
55994
55814
55803
55753
55738
55709
55693
55569
55527
55426
55307
55162
55148
55123
55075
55055
55048
55045
54986
54888
54872
54798
54711
54633
54617
54488
54483
54476
54275
54226
54198
54063
54041
53980
53957
53956
53781
53775
53675
53670
53660
53651
53587
53569
53485
53467
53466
53412
53365
53350
53246
53190
53167
53113
53098
53097
53093
53071
53053
53037
53009
52995
52892
52873
52774
52769
52689
52665
52484
52480
52470
52470
52433
52253
52225
52203
52183
52101
51903
51861
51729
51727
51665
51636
51608
51601
51516
51501
51498
51431
51382
51367
51301
51230
51156
51135
51125
51115
51012
50975
50956
50941
50801
50798
50629
50575
50443
50418
50401
50397
50342
50284
50219
50214
50194
50173
50110
50098
50059
50022
50010
49999
49865
49768
49756
49743
49700
49634
49617
49611
49602
49497
49417
49414
49407
49341
49335
49326
49228
49185
49162
49137
49027
48905
48784
48698
48631
48516
48423
48313
48308
48186
48142
48098
48097
48044
47964
47903
47853
47793
47737
47652
47652
47620
47585
47565
47439
47414
47336
47311
47289
47152
47109
47048
47034
46940
46924
46908
46907
46887
46801
46798
46761
46724
46611
46572
46555
46550
46402
46393
46274
46262
46216
46169
46164
46124
45990
45986
45866
45851
45811
45765
45718
45682
45674
45649
45598
45317
45298
45257
45183
45167
45145
45143
44962
44937
44821
44667
44654
44648
44442
44430
44392
44324
44240
44239
44190
44098
44050
43965
43955
43922
43913
43870
43860
43772
43714
43707
43666
43599
43584
43447
43436
43410
43378
43360
43287
43224
43144
43143
43141
43093
43066
43038
43025
43024
42979
42853
42839
42827
42827
42761
42665
42602
42568
42547
42511
42489
42434
42394
42386
42340
42328
42295
42288
42110
42107
42100
42053
42029
41893
41835
41773
41701
41641
41525
41511
41488
41371
41286
41054
40852
40798
40798
40757
40742
40586
40571
40525
40450
40394
40344
40340
40260
40239
40221
40203
40155
40129
40079
40011
39867
39827
39822
39770
39702
39685
39616
39571
39547
39538
39515
39423
39410
39407
39320
39319
39316
39233
39179
38963
38944
38880
38843
38763
38748
38607
38576
38573
38507
38447
38402
38363
38224
38155
38086
38083
38079
38050
38018
38007
37997
37995
37951
37948
37900
37784
37781
37709
37673
37653
37601
37560
37367
37268
37197
37181
37132
37130
37080
37076
37021
36846
36818
36693
36624
36571
36423
36316
36227
36186
36126
36111
35990
35989
35907
35890
35888
35887
35863
35798
35783
35674
35642
35635
35627
35611
35528
35319
35205
35054
35025
34858
34782
34780
34765
34700
34628
34624
34588
34549
34360
34325
34271
34237
34218
34171
34156
34153
34073
34058
34039
34025
34002
33991
33959
33944
33902
33774
33663
33651
33590
33589
33576
33557
33481
33309
33255
33220
33196
33127
33049
33007
32888
32876
32865
32812
32785
32726
32719
32660
32643
32575
32563
32500
32453
32440
32391
32365
32322
32310
32170
32087
32049
32037
32035
32018
31963
31959
31957
31946
31925
31834
31819
31717
31708
31672
31643
31626
31607
31606
31605
31590
31537
31491
31323
31259
31217
31205
31198
31145
31102
31086
30944
30906
30886
30883
30857
30714
30666
30615
30578
30567
30553
30413
30369
30352
30245
30144
30136
30088
30047
29987
29963
29962
29937
29935
29904
29852
29778
29742
29715
29701
29622
29568
29528
29440
29390
29375
29305
29270
29268
29199
29166
29140
29109
29075
29014
28938
28936
28891
28883
28860
28833
28804
28713
28680
28597
28593
28544
28489
28488
28330
28296
28285
28283
28236
28201
28195
28131
28054
28040
28023
28021
27865
27829
27677
27672
27663
27645
27638
27638
27593
27593
27555
27542
27486
27485
27243
27202
27176
27066
27003
26986
26985
26981
26962
26958
26943
26826
26823
26813
26788
26746
26636
26594
26572
26536
26471
26453
26298
26296
26293
26195
26153
26117
26091
25992
25992
25935
25873
25733
25694
25684
25649
25587
25425
25379
25349
25258
25230
25137
25112
25101
25086
25062
25032
24884
24846
24732
24709
24685
24622
24619
24532
24461
24382
24366
24289
24285
24206
24081
24071
24051
23992
23971
23913
23865
23653
23564
23548
23473
23405
23325
23121
23091
23085
23068
23063
23027
22936
22881
22873
22869
22837
22749
22739
22659
22576
22567
22561
22448
22362
22343
22326
22281
22276
22242
22134
22114
22019
21982
21966
21966
21829
21704
21674
21672
21611
21591
21541
21503
21441
21400
21397
21356
21323
21317
21276
20964
20961
20925
20897
20895
20832
20800
20783
20715
20665
20619
20511
20359
20357
20334
20293
20272
20259
20245
20137
20031
20014
19915
19910
19897
19796
19792
19656
19568
19535
19506
19325
19305
19271
19242
19216
19057
19057
19008
18996
18966
18789
18701
18656
18571
18489
18458
18288
18271
18252
18177
18080
18019
18000
17920
17861
17809
17701
17624
17576
17538
17504
17500
17427
17310
17308
17176
17173
17044
17036
17035
17034
16987
16976
16946
16943
16941
16923
16859
16826
16772
16644
16603
16556
16497
16468
16425
16404
16364
16333
16323
16209
16203
16150
16056
16035
16022
15993
15861
15841
15746
15651
15650
15640
15555
15529
15486
15351
15331
15320
15313
15304
15217
15201
15200
15176
15109
15105
15105
15095
15057
15034
15007
14930
14925
14914
14795
14777
14716
14703
14694
14660
14624
14496
14370
14326
14305
14222
14116
14108
14056
14044
13960
13920
13848
13790
13756
13679
13675
13622
13588
13533
13384
13341
13245
13218
13209
13104
13093
13077
13049
13037
13029
12978
12847
12760
12699
12691
12648
12551
12375
12350
12309
12281
12163
12132
12128
12115
12090
12071
12045
12037
12024
11862
11857
11845
11826
11774
11740
11729
11721
11718
11647
11593
11544
11498
11490
11345
11206
11161
11044
11036
11013
10946
10925
10868
10834
10809
10664
10657
10614
10613
10486
10481
10468
10453
10406
10387
10210
10189
10158
10158
10098
10053
10033
9991
9936
9891
9827
9818
9773
9740
9663
9662
9628
9481
9295
9232
8987
8886
8870
8788
8770
8743
8613
8576
8552
8473
8380
8374
8359
8296
8253
8119
8106
8095
8093
8069
8059
8048
7836
7679
7657
7555
7469
7391
7387
7334
7331
7321
7250
7121
7062
6988
6875
6816
6704
6686
6677
6544
6471
6471
6427
6378
6373
6345
6322
6308
6211
6208
6182
6173
6131
6109
6085
6070
6053
6031
6031
5982
5967
5959
5939
5905
5840
5824
5706
5696
5674
5573
5464
5458
5354
5352
5337
5302
5274
5239
5238
5124
5071
4959
4957
4838
4835
4790
4737
4714
4702
4663
4640
4578
4456
4359
4249
4209
4197
4191
4118
4056
4005
3974
3960
3921
3846
3841
3751
3634
3618
3610
3608
3531
3521
3447
3447
3442
3435
3362
3338
3315
3295
3237
3207
3197
3155
3082
3046
2811
2761
2758
2746
2698
2696
2676
2660
2650
2618
2574
2475
2469
2452
2416
2267
2255
2240
2223
2217
2136
2089
2075
1965
1944
1862
1715
1677
1653
1639
1620
1616
1549
1470
1440
1381
1269
1260
1202
1167
1132
1122
1107
950
909
886
873
780
633
613
585
533
510
471
470
402
402
352
299
218
129
114
109
92
64
1
