99851
99810
99657
99470
99454
99367
99338
99267
99253
99218
99119
99051
99042
98916
98809
98655
98615
98506
98443
98412
98365
98333
98177
98156
98137
98107
98106
98058
97993
97973
97826
97612
97595
97528
97524
97456
97403
97313
97285
97237
97161
97149
97137
97122
96987
96980
96968
96958
96796
96757
96753
96714
96624
96622
96591
96513
96455
96384
96298
96281
96182
96121
96099
96056
95989
95988
95975
95950
95871
95862
95860
95857
95848
95766
95737
95736
95612
95601
95573
95557
95499
95375
95350
95336
95223
95220
95170
95128
95123
95022
94949
94923
94818
94778
94768
94746
94715
94656
94411
94351
94258
94242
94217
94118
94093
94068
94033
93997
93956
93883
93798
93771
93634
93619
93610
93600
93598
93522
93425
93423
93410
93339
93313
93306
93265
93238
93199
93133
93130
93013
92877
92877
92737
92710
92704
92632
92547
92525
92466
92448
92428
92419
92403
92397
92385
92346
92248
92156
92147
92113
92111
92099
92060
92032
92018
91989
91978
91978
91936
91896
91854
91852
91775
91770
91665
91631
91490
91485
91478
91341
91287
91250
91214
91196
91157
91091
91071
90998
90798
90798
90743
90680
90556
90549
90540
90425
90336
90254
90138
90090
90038
89987
89978
89971
89936
89739
89735
89710
89641
89629
89573
89566
89533
89523
89440
89343
89338
89307
89259
89229
89173
89054
89013
88928
88856
88794
88764
88708
88698
88608
88585
88520
88476
88424
88407
88405
88376
88351
88313
88250
88244
88099
88009
87992
87872
87798
87794
87772
87770
87748
87712
87692
87673
87596
87581
87569
87545
87528
87513
87357
87350
87305
87272
87237
87205
87198
87112
86988
86931
86626
86619
86594
86562
86496
86425
86366
86361
86292
86281
86267
86264
86209
86190
86143
86078
85896
85860
85784
85570
85562
85537
85379
85368
85308
85307
85290
85272
85272
85207
85111
85082
85069
85011
84944
84899
84894
84866
84815
84774
84758
84750
84736
84648
84561
84500
84442
84402
84394
84381
84369
84280
84186
84181
84171
84170
84031
84007
83978
83938
83873
83823
83714
83666
83625
83615
83580
83568
83535
83397
83354
83353
83336
83142
83139
83133
83108
83013
82800
82670
82585
82563
82482
82453
82445
82435
82208
82179
82175
82131
82092
82080
82033
82026
82005
81868
81850
81840
81805
81799
81748
81721
81716
81711
81696
81649
81622
81497
81476
81411
81408
81303
81276
81179
81146
81128
81109
81092
81066
81001
80998
80981
80965
80956
80904
80824
80817
80792
80749
80719
80674
80651
80500
80496
80478
80464
80433
80409
80408
80399
80325
80301
80290
80278
80231
80207
80199
80162
80160
80155
80106
80101
79993
79931
79785
79767
79737
79671
79575
79575
79434
79404
79341
79336
79244
79183
79173
79127
78929
78694
78689
78641
78636
78531
78488
78399
78375
78359
78356
78334
78296
78276
78211
78150
78144
78086
78083
78047
78015
77964
77914
77826
77822
77793
77792
77778
77738
77696
77650
77530
77528
77515
77515
77508
77473
77445
77411
77392
77316
77087
77073
77057
76904
76867
76840
76798
76756
76734
76729
76705
76677
76665
76659
76631
76496
76467
76446
76390
76325
76270
76235
76217
76017
75936
75882
75739
75732
75708
75686
75578
75561
75543
75539
75527
75463
75458
75453
75383
75379
75369
75324
75319
75272
75187
75148
75080
75048
74998
74928
74769
74741
74705
74564
74461
74356
74346
74327
74223
74206
74181
74032
74013
73984
73927
73897
73610
73593
73499
73482
73479
73379
73349
73294
73264
73203
73200
73175
73145
73145
73066
73025
73004
72989
72947
72908
72876
72858
72713
72707
72678
72661
72660
72651
72645
72618
72609
72564
72529
72504
72468
72370
72327
72318
72305
72255
72025
71990
71913
71911
71846
71785
71756
71719
71692
71628
71605
71602
71572
71564
71559
71412
71377
71377
71088
71078
71008
70977
70967
70919
70907
70900
70895
70846
70797
70736
70696
70660
70623
70562
70480
70445
70385
70385
70162
70133
70076
69849
69824
69722
69647
69519
69515
69456
69446
69441
69383
69369
69321
69320
69248
69246
69170
69088
69036
69031
69007
69003
68998
68996
68996
68994
68904
68897
68845
68838
68765
68614
68595
68531
68530
68492
68491
68466
68424
68382
68371
68230
68194
68193
68183
68112
68108
68107
68080
68075
68006
67957
67857
67815
67779
67775
67745
67724
67559
67548
67547
67526
67499
67434
67351
67305
67270
67251
67213
67171
67067
66940
66883
66844
66842
66817
66676
66569
66508
66486
66423
66408
66400
66388
66354
66266
66253
66225
66194
66150
66104
65939
65840
65803
65775
65732
65710
65543
65469
65454
65333
65288
65281
65237
65149
65136
65117
64984
64954
64929
64926
64883
64839
64789
64770
64745
64671
64654
64640
64617
64555
64508
64396
64385
64311
64287
64247
64203
64167
64055
64030
63915
63870
63826
63794
63720
63689
63684
63683
63663
63529
63487
63483
63433
63397
63256
63195
63147
63117
63109
63031
62987
62703
62679
62642
62612
62496
62487
62479
62361
62351
62345
62237
62234
62114
62080
62020
61960
61955
61917
61910
61875
61870
61845
61769
61729
61717
61660
61587
61579
61569
61541
61391
61235
61229
61179
61129
61036
60894
60740
60716
60669
60544
60409
60385
60364
60326
60282
60233
60180
60102
60080
60071
60069
60063
60024
59943
59756
59525
59465
59463
59354
59259
59210
59183
59110
58894
58894
58865
58826
58809
58807
58803
58775
58679
58610
58597
58590
58459
58456
58359
58307
58249
58200
58193
58186
58164
58005
57987
57914
57872
57818
57762
57671
57639
57633
57519
57471
57375
57324
57292
57253
57205
57124
57111
57045
57019
57006
56993
56942
56923
56866
56848
56783
56764
56718
56676
56579
56558
56477
56347
56277
56239
56192
56103
56102
56062
56015
55959
55898
55788
55714
55643
55609
55600
55564
55547
55511
55474
55440
55382
55297
55236
55155
55026
55024
54966
54939
54901
54768
54722
54697
54669
54623
54600
54575
54561
54533
54458
54450
54394
54352
54293
54261
54195
54189
54140
54016
53994
53737
53626
53611
53605
53589
53512
53499
53494
53459
53413
53413
53364
53274
53214
53188
53179
53131
53064
53030
53007
52945
52921
52624
52560
52442
52371
52354
52190
52161
52112
52073
52028
51971
51955
51628
51592
51555
51455
51403
51119
51082
51004
50975
50932
50886
50885
50881
50842
50765
50649
50620
50608
50515
50514
50452
50409
50398
50392
50343
50340
50280
50184
50086
50077
49928
49866
49788
49781
49741
49473
49443
49320
49194
49182
49176
49154
49060
49047
49009
48961
48918
48915
48877
48877
48839
48709
48610
48557
48551
48527
48527
48523
48512
48404
48296
48293
48289
48279
48188
48144
48126
48026
47985
47876
47779
47682
47649
47557
47555
47528
47509
47500
47478
47295
47254
47228
47096
47074
46996
46994
46952
46907
46863
46857
46839
46744
46735
46704
46683
46678
46678
46628
46564
46468
46445
46327
46287
46210
46193
46156
46155
46080
46060
46055
46021
45988
45933
45930
45918
45909
45867
45775
45738
45726
45720
45681
45637
45585
45513
45424
45420
45398
45382
45381
45347
45306
45265
45230
45209
45144
45141
45135
45104
45055
45017
44945
44900
44851
44778
44767
44708
44631
44536
44521
44514
44504
44382
44380
44306
44290
44274
44272
44250
44243
44238
44151
44140
44097
44086
44033
44012
44000
43992
43919
43885
43763
43722
43660
43649
43490
43466
43430
43383
43326
43236
43192
43187
43140
43128
43128
43123
43089
43078
43028
43027
42991
42910
42893
42870
42802
42768
42719
42708
42664
42607
42428
42379
42369
42286
42191
42174
42139
42111
42080
41879
41857
41814
41699
41696
41591
41487
41476
41461
41397
41357
41353
41208
41000
40995
40967
40937
40803
40800
40738
40702
40664
40656
40511
40483
40399
40313
40278
40178
40119
40068
39954
39954
39951
39945
39815
39761
39703
39663
39537
39441
39431
39413
39405
39390
39321
39321
39274
39238
39227
39200
39118
39036
39013
38978
38925
38881
38823
38797
38778
38763
38741
38736
38721
38616
38597
38570
38448
38412
38397
38347
38340
38233
38056
37962
37898
37875
37868
37811
37692
37573
37506
37460
37460
37450
37416
37319
37202
37097
37051
36998
36979
36972
36877
36852
36778
36728
36698
36649
36285
36216
36180
36040
35839
35802
35766
35734
35715
35705
35695
35693
35642
35498
35446
35391
35350
35324
35294
35210
35207
35175
35120
35113
35051
35012
34958
34921
34810
34801
34738
34641
34616
34612
34444
34377
34367
34349
34250
34187
34141
34075
34045
33944
33932
33736
33666
33623
33539
33451
33412
33279
33255
33092
32998
32975
32942
32938
32834
32797
32742
32717
32689
32619
32509
32506
32463
32324
32298
32293
32270
32145
32031
32003
31944
31942
31787
31672
31534
31473
31379
31280
31236
31214
31194
31131
31113
31094
31015
31012
30991
30934
30827
30788
30767
30738
30725
30681
30649
30586
30560
30523
30503
30446
30440
30414
30360
30288
30268
30258
30066
30065
29998
29990
29932
29854
29839
29834
29779
29703
29650
29621
29554
29548
29475
29453
29427
29376
29358
29347
29274
29256
29154
29145
29023
29009
28805
28682
28673
28600
28589
28559
28479
28476
28423
28417
28414
28369
28259
28253
28226
28128
28093
28077
27962
27852
27752
27742
27644
27635
27613
27581
27496
27466
27459
27456
27385
27375
27356
27339
27274
27112
27092
27058
27052
26963
26907
26849
26822
26776
26731
26712
26592
26475
26467
26446
26403
26305
26266
26264
26074
26069
25952
25936
25908
25895
25778
25705
25699
25639
25625
25613
25599
25584
25491
25470
25465
25442
25394
25321
25301
25291
25282
25199
25198
25187
25045
25020
25004
24875
24804
24726
24722
24698
24662
24606
24595
24588
24507
24507
24484
24442
24430
24413
24407
24387
24379
24351
24234
24062
24062
24004
24003
23987
23985
23917
23876
23875
23588
23573
23571
23443
23438
23416
23397
23307
23292
23148
23144
23132
23131
22949
22848
22821
22705
22676
22654
22653
22639
22611
22589
22565
22259
22213
22120
22117
22108
22095
21987
21878
21867
21742
21637
21486
21402
21367
21340
21285
21272
21215
21137
21121
21067
20945
20944
20919
20882
20821
20789
20749
20692
20687
20686
20672
20647
20457
20450
20390
20369
20343
20296
20287
20194
20104
20072
20046
20039
19904
19898
19837
19727
19715
19623
19605
19584
19519
19484
19426
19391
19381
19380
19307
19246
19180
19178
19118
19049
18932
18911
18862
18734
18702
18692
18656
18651
18575
18525
18485
18444
18391
18355
18192
18168
18156
18122
18034
17985
17930
17909
17879
17864
17821
17747
17746
17702
17630
17600
17428
17350
17343
17336
17185
17161
17157
17130
17121
17029
17014
17006
16988
16987
16907
16805
16775
16720
16694
16693
16512
16511
16325
16319
16314
16280
16211
16205
16151
16127
16122
16009
15940
15925
15890
15808
15739
15483
15480
15402
15401
15339
15310
15256
15105
15081
15041
15029
15022
15021
14971
14947
14933
14933
14927
14922
14905
14903
14891
14833
14815
14796
14792
14789
14740
14650
14638
14635
14629
14604
14547
14420
14351
14256
14210
14201
14148
14141
14129
14124
14042
14025
14013
13856
13856
13844
13737
13700
13699
13652
13623
13450
13419
13402
13402
13367
13346
13296
13270
13265
13255
13022
12955
12949
12909
12884
12874
12808
12784
12777
12776
12728
12725
12684
12679
12629
12615
12483
12418
12325
12281
12245
12189
12136
12016
11987
11976
11943
11841
11789
11775
11616
11606
11592
11586
11529
11306
11217
11067
11011
10982
10731
10650
10636
10424
10362
10190
10149
10044
9980
9932
9813
9781
9754
9646
9495
9464
9423
9258
9181
9178
9145
9106
8990
8978
8959
8874
8843
8812
8712
8654
8599
8584
8578
8529
8517
8437
8407
8247
8224
8147
7961
7900
7871
7841
7727
7681
7543
7530
7441
7427
7366
7353
7349
7245
7154
7088
7063
7048
7017
7002
6872
6826
6814
6763
6700
6641
6636
6573
6497
6495
6389
6310
6242
6237
6232
6172
6136
6115
5926
5923
5866
5857
5846
5830
5802
5645
5634
5631
5617
5533
5525
5470
5435
5414
5355
5341
5269
5268
5195
5063
5059
5053
5002
4949
4844
4758
4661
4550
4452
4391
4359
4283
4267
4251
4125
4054
4021
4002
3994
3944
3891
3673
3623
3614
3522
3497
3484
3477
3395
3386
3366
3265
3158
3143
3105
3090
3072
3052
3022
3012
3005
2977
2946
2897
2877
2869
2838
2593
2580
2549
2532
2510
2474
2452
2434
2426
2344
2342
2305
2260
2249
2232
2211
2202
2148
2146
2076
2063
2054
2052
2048
2042
1963
1885
1864
1859
1815
1795
1706
1636
1606
1589
1516
1514
1416
1370
1339
1310
1274
1217
1108
1062
1042
1022
985
978
974
967
877
821
818
743
659
560
532
507
392
382
366
315
307
228
180
149
64
2
