99998
99996
99943
99929
99857
99847
99803
99708
99705
99664
99646
99119
98999
98956
98766
98732
98709
98650
98609
98604
98437
98428
98428
98415
98401
98372
98335
98326
98255
98250
98174
98174
98044
97874
97769
97541
97360
97355
97319
97272
97156
97139
97079
97069
97056
96953
96823
96798
96752
96687
96639
96598
96559
96500
96485
96483
96477
96458
96394
96336
96321
96263
96262
96188
96175
96141
96090
95986
95940
95790
95760
95698
95689
95686
95636
95630
95594
95558
95476
95424
95395
95295
95290
95244
95216
95168
95159
95138
95117
95067
94963
94954
94916
94840
94828
94753
94726
94703
94671
94640
94631
94551
94543
94409
94370
94344
94284
94201
94198
94104
93909
93875
93857
93820
93810
93777
93773
93513
93493
93477
93448
93398
93382
93373
93351
93235
93229
93220
93173
93086
93069
92974
92892
92870
92798
92712
92697
92691
92660
92654
92639
92614
92498
92447
92443
92438
92367
92356
92270
92249
92165
92101
92025
91971
91889
91882
91818
91738
91720
91688
91676
91624
91610
91586
91528
91470
91440
91429
91428
91408
91302
91089
91071
91055
91042
91001
90881
90764
90707
90656
90623
90388
90386
90371
90342
90339
90267
90231
90188
90170
90152
90145
90091
90039
89903
89894
89878
89872
89842
89810
89763
89757
89645
89611
89462
89441
89439
89376
89357
89356
89261
89198
89164
89066
89017
88913
88854
88846
88800
88784
88768
88762
88755
88749
88744
88623
88577
88563
88543
88526
88423
88409
88277
88222
88062
87918
87847
87761
87682
87680
87539
87531
87422
87307
87302
87288
87264
87237
87090
86970
86966
86958
86887
86835
86747
86730
86715
86697
86662
86631
86606
86602
86447
86324
86321
86253
86146
86139
86094
85943
85905
85847
85835
85822
85735
85684
85663
85656
85639
85613
85525
85514
85500
85423
85421
85407
85292
85114
85103
85082
85027
84978
84969
84863
84830
84821
84805
84746
84740
84672
84638
84611
84555
84529
84454
84297
84211
84158
84082
84007
83950
83928
83880
83875
83839
83819
83772
83733
83696
83616
83609
83543
83522
83511
83382
83313
83252
83246
83185
83160
83122
83101
82963
82960
82936
82864
82839
82825
82803
82795
82737
82735
82700
82526
82402
82402
82382
82318
82274
82256
82184
81967
81963
81942
81853
81794
81733
81660
81655
81645
81608
81468
81451
81389
81216
81152
81146
81104
81102
80923
80845
80822
80747
80745
80666
80665
80637
80609
80458
80454
80452
80428
80339
80301
80197
80023
79982
79960
79941
79933
79848
79829
79734
79670
79563
79438
79353
79276
79262
79253
79253
79191
79153
79113
79093
78897
78888
78832
78807
78804
78774
78715
78691
78690
78684
78664
78644
78628
78610
78579
78576
78555
78545
78524
78439
78431
78414
78365
78325
78310
78294
78292
78282
78277
78275
78258
78213
78150
78017
78017
78009
78006
78004
77989
77972
77895
77886
77861
77734
77718
77689
77643
77616
77575
77558
77555
77519
77403
77284
77266
77175
77157
77127
76929
76903
76887
76847
76813
76809
76792
76745
76699
76656
76617
76585
76559
76395
76393
76322
76233
76123
76106
76066
76040
75820
75684
75568
75564
75494
75483
75446
75391
75380
75376
75367
75349
75286
75276
75254
75149
75118
75108
75100
75066
75054
75034
74999
74957
74908
74840
74771
74714
74564
74494
74490
74360
74339
74310
74244
74233
74211
74168
74155
74132
74103
74092
74068
73970
73909
73767
73717
73650
73364
73351
73313
73237
73228
73210
73207
73160
73156
73118
73111
73049
72823
72801
72745
72704
72659
72653
72587
72580
72557
72494
72441
72415
72314
72253
72151
72145
72017
71953
71875
71872
71862
71790
71789
71740
71695
71456
71392
71377
71292
71254
71250
71243
71181
71155
71116
71069
71055
71011
70942
70843
70803
70796
70730
70676
70632
70605
70595
70578
70515
70515
70454
70419
70392
70389
70355
70238
70179
70097
70093
70039
69996
69991
69765
69745
69736
69715
69629
69609
69609
69555
69518
69496
69299
69185
69089
69040
68983
68945
68889
68808
68724
68705
68665
68644
68642
68476
68397
68351
68327
68244
68215
68125
67972
67947
67915
67873
67842
67830
67701
67669
67658
67595
67574
67545
67529
67517
67515
67457
67389
67381
67352
67319
67317
67298
67260
67258
67215
67145
67114
66949
66899
66895
66830
66666
66606
66605
66603
66547
66521
66472
66459
66440
66431
66392
66388
66312
66272
66267
66239
66223
66113
66051
65951
65915
65900
65852
65756
65742
65663
65655
65549
65535
65430
65378
65345
65316
65275
65258
65253
65196
65117
65110
65055
65011
64977
64973
64959
64958
64916
64891
64866
64685
64476
64426
64216
64141
64139
64088
64037
63989
63902
63899
63893
63886
63840
63807
63762
63745
63673
63627
63624
63521
63509
63498
63338
63296
63270
63190
63057
63026
62884
62848
62825
62801
62691
62653
62653
62512
62506
62501
62480
62426
62404
62356
62260
62215
62177
62165
62156
62069
61929
61927
61910
61897
61878
61773
61737
61733
61700
61643
61633
61630
61621
61615
61479
61300
61231
61208
61109
61101
60944
60933
60861
60821
60798
60665
60594
60587
60551
60473
60467
60438
60407
60219
60201
60150
60135
60128
60073
59965
59917
59910
59824
59769
59755
59681
59593
59466
59465
59460
59458
59368
59296
59238
59237
59219
59195
59188
59050
58985
58948
58924
58826
58749
58748
58734
58617
58564
58477
58421
58281
58250
58207
58176
58091
58061
58046
57999
57975
57962
57939
57739
57731
57724
57716
57709
57679
57592
57550
57498
57483
57481
57432
57360
57324
57292
57289
57236
57178
57161
57116
57106
57093
57067
57006
56912
56891
56826
56817
56802
56702
56689
56493
56346
56301
56282
56174
56161
56147
56136
56113
56081
55982
55979
55865
55799
55798
55775
55605
55564
55540
55341
55297
55250
55236
55103
54933
54906
54895
54874
54866
54748
54732
54717
54666
54640
54565
54511
54439
54437
54408
54403
54268
54250
54192
54183
54170
54009
53955
53878
53846
53795
53726
53715
53699
53642
53580
53475
53400
53365
53233
53198
53138
53124
53104
53094
53040
53036
53032
53022
53019
52988
52963
52950
52874
52866
52761
52754
52546
52494
52347
52213
52210
52162
52143
52096
52068
52029
51962
51881
51869
51754
51753
51738
51574
51523
51432
51426
51392
51366
51341
51274
51253
51064
50934
50930
50870
50862
50766
50760
50727
50666
50550
50489
50478
50474
50429
50417
50332
50318
50311
50251
50170
50168
50103
50049
50031
49978
49847
49514
49492
49489
49387
49379
49362
49360
49319
49310
49281
49279
49261
49260
49248
49152
49138
48932
48923
48797
48753
48656
48524
48524
48522
48447
48390
48379
48224
48218
48192
48134
48128
48112
48099
48066
48059
48020
47985
47974
47964
47933
47824
47800
47437
47376
47307
47205
47149
47149
47140
47013
47010
46959
46954
46927
46902
46796
46708
46649
46641
46635
46597
46503
46487
46397
46379
46312
46224
46206
46138
46125
46085
46035
46031
46003
45965
45888
45851
45759
45533
45503
45490
45465
45437
45393
45353
45290
45255
45198
45179
45170
45124
45064
45041
44951
44905
44847
44843
44798
44782
44767
44714
44663
44630
44623
44571
44558
44550
44487
44379
44245
44158
44104
44103
44063
44028
43944
43922
43847
43838
43769
43766
43756
43691
43613
43576
43481
43455
43343
43323
43278
43215
43110
43103
43101
43090
43065
43000
42981
42968
42891
42691
42601
42571
42545
42517
42440
42418
42361
42332
42268
42164
42131
42088
41927
41868
41816
41802
41782
41780
41761
41744
41676
41660
41651
41642
41641
41585
41568
41496
41492
41464
41432
41418
41319
41295
41270
41261
41249
41207
41176
40999
40983
40966
40795
40659
40654
40645
40595
40535
40460
40430
40424
40390
40388
40188
40141
40126
39996
39947
39760
39698
39615
39575
39552
39515
39514
39510
39453
39395
39312
39020
38846
38829
38751
38725
38629
38595
38545
38524
38371
38341
38316
38235
38180
37836
37810
37628
37538
37422
37326
37312
37292
37275
37093
37045
36908
36868
36857
36813
36775
36745
36406
36274
36204
36130
36087
36084
36074
35965
35960
35940
35791
35780
35746
35706
35692
35688
35660
35644
35612
35598
35591
35520
35497
35409
35395
35317
35211
35185
35152
35080
35035
35032
34943
34930
34873
34694
34591
34569
34275
34136
34087
33967
33937
33893
33863
33852
33792
33789
33753
33752
33717
33656
33640
33620
33590
33535
33488
33483
33467
33466
33403
33341
33164
33109
33041
32966
32884
32854
32847
32789
32777
32762
32718
32693
32606
32584
32545
32524
32504
32411
32363
32311
32248
32176
32141
32085
32068
32068
31910
31894
31837
31834
31718
31659
31546
31520
31511
31497
31447
31434
31419
31380
31331
31312
31193
31175
31174
31119
30982
30952
30819
30810
30806
30744
30725
30720
30691
30608
30563
30545
30523
30476
30450
30444
30431
30366
30361
30345
30215
30156
30108
30006
29998
29985
29911
29907
29890
29804
29803
29681
29681
29679
29664
29532
29511
29469
29457
29455
29394
29332
29252
29235
29223
29203
29097
29072
29068
29059
29039
29035
28990
28953
28870
28848
28820
28814
28788
28777
28723
28657
28657
28617
28612
28591
28550
28517
28489
28453
28422
28284
28101
28059
27960
27921
27824
27770
27737
27701
27696
27647
27622
27618
27576
27456
27440
27420
27400
27377
27288
27261
27102
26985
26913
26912
26911
26825
26788
26787
26781
26676
26653
26640
26453
26436
26368
26352
26324
26290
26278
26274
26267
26137
26130
26130
26078
26039
26026
25993
25988
25971
25962
25940
25879
25853
25814
25780
25677
25622
25563
25531
25475
25474
25471
25445
25432
25400
25395
25363
25344
25232
25134
25106
25059
25041
25012
25010
24959
24919
24883
24858
24836
24808
24808
24795
24656
24613
24546
24533
24516
24514
24456
24376
24340
24313
24242
24177
24098
23988
23916
23916
23908
23892
23880
23869
23868
23860
23777
23593
23552
23549
23534
23444
23426
23392
23330
23281
23273
23254
23188
23178
23148
23055
23035
23033
22993
22938
22846
22781
22770
22758
22634
22610
22540
22491
22476
22455
22452
22422
22300
22285
22104
22039
22037
21955
21845
21803
21653
21593
21544
21481
21349
21301
21296
21276
21217
21114
21090
21083
21051
21009
20897
20840
20828
20436
20321
20310
20239
20158
20137
20051
20001
19952
19937
19919
19849
19809
19792
19781
19720
19661
19647
19643
19434
19385
19280
19267
19174
19160
18898
18838
18756
18744
18593
18543
18508
18450
18441
18441
18431
18431
18413
18337
18324
18315
18273
18234
18159
18154
18067
18051
18032
17879
17738
17641
17568
17548
17548
17521
17488
17450
17387
17370
17290
17261
17215
17189
17145
17070
16959
16841
16797
16738
16724
16656
16619
16491
16475
16465
16344
16307
16250
16229
16131
16112
16082
15984
15932
15931
15893
15827
15818
15756
15698
15618
15602
15580
15555
15541
15498
15340
15325
15251
15182
15180
15172
15081
15011
14958
14957
14873
14833
14778
14710
14701
14695
14694
14573
14540
14532
14466
14311
14297
14288
14249
14223
14216
14166
14108
14040
14013
13948
13912
13875
13775
13741
13700
13602
13576
13562
13547
13485
13401
13341
13338
13277
13276
13147
13123
13109
13108
13086
13074
13012
12979
12891
12745
12689
12631
12612
12565
12531
12499
12480
12454
12431
12162
12078
12073
11966
11961
11792
11747
11605
11484
11442
11440
11440
11439
11418
11408
11358
11356
11323
11287
11286
11284
11247
11229
11118
11116
11016
11014
10946
10928
10922
10899
10835
10810
10742
10737
10700
10656
10637
10609
10574
10521
10507
10485
10384
10329
10271
10246
10203
10182
10157
10148
10098
10051
10044
10028
9945
9746
9641
9635
9615
9560
9556
9554
9499
9498
9400
9302
9275
9249
9247
9237
9198
9114
9109
9079
9055
9025
9013
8975
8886
8821
8816
8804
8782
8721
8707
8703
8529
8525
8493
8474
8449
8432
8245
8106
8105
8083
8015
7982
7920
7908
7868
7853
7822
7778
7768
7648
7611
7488
7472
7466
7397
7394
7335
7272
7227
7164
7087
7085
7043
7035
6981
6978
6923
6846
6822
6801
6783
6769
6756
6667
6423
6416
6413
6365
6348
6341
6340
6304
6295
6191
6155
6052
6051
6014
5990
5841
5807
5764
5605
5605
5527
5492
5485
5435
5357
5285
4948
4828
4724
4721
4662
4560
4431
4430
4408
4331
4308
4242
4218
4205
4197
4197
4175
4110
4036
3985
3946
3891
3885
3874
3874
3871
3847
3823
3790
3685
3640
3551
3508
3406
3354
3328
3301
3158
3055
3052
3047
3021
2970
2830
2712
2684
2605
2520
2434
2383
2367
2331
2255
2224
2070
2062
2058
1944
1932
1857
1806
1754
1723
1686
1655
1647
1617
1458
1358
1153
1100
1090
1023
944
934
903
901
807
764
740
725
702
679
635
627
626
530
528
443
440
333
331
228
