99996
99968
99967
99891
99871
99866
99819
99771
99739
99732
99456
99446
99316
99268
99178
99175
99167
99093
99091
99048
99039
98786
98766
98756
98742
98739
98735
98708
98705
98598
98591
98574
98522
98496
98466
98463
98214
98063
97982
97905
97869
97782
97668
97633
97505
97388
97379
97259
97002
96918
96862
96813
96803
96737
96723
96694
96647
96631
96598
96506
96440
96400
96381
96367
96273
96227
96213
96076
96054
96053
96053
95976
95950
95879
95848
95781
95761
95749
95743
95653
95647
95638
95604
95593
95570
95551
95545
95522
95517
95517
95515
95513
95507
95350
95231
95167
95134
95130
95093
95028
94977
94943
94884
94864
94846
94773
94589
94586
94544
94520
94496
94457
94417
94388
94246
94190
94133
94060
93999
93969
93937
93923
93902
93899
93712
93674
93660
93634
93430
93354
93351
93233
93223
93143
93078
93052
93043
93020
92942
92849
92847
92691
92678
92639
92633
92631
92630
92588
92566
92504
92272
92256
92248
92231
92211
92194
92124
92122
92005
91988
91894
91844
91810
91796
91725
91626
91583
91537
91516
91488
91463
91422
91406
91252
91212
91172
91119
91030
90824
90729
90719
90671
90660
90651
90506
90335
90286
90284
90274
90129
90020
89938
89895
89855
89819
89611
89587
89561
89429
89377
89364
89344
89124
89098
89011
88976
88935
88906
88885
88874
88801
88760
88719
88661
88650
88645
88637
88620
88554
88498
88467
88464
88388
88296
88279
88202
88087
88055
88008
87990
87959
87949
87905
87891
87861
87758
87679
87652
87565
87459
87428
87342
87322
87306
87202
87105
87015
87013
87008
86867
86827
86808
86807
86693
86677
86666
86578
86575
86530
86425
86419
86265
86257
86248
86244
86180
86071
86007
86002
86000
85989
85816
85743
85607
85550
85445
85270
85226
84999
84998
84985
84813
84776
84748
84742
84696
84625
84603
84542
84522
84520
84394
84365
84353
84208
84171
84150
84146
84111
84075
84065
84018
84009
83922
83894
83850
83838
83815
83794
83735
83648
83600
83586
83537
83510
83476
83473
83323
83310
83275
83128
83081
83081
83040
83003
82982
82885
82688
82685
82572
82466
82364
82235
82210
82106
82072
82061
82057
82030
81946
81916
81900
81874
81855
81713
81705
81615
81579
81565
81535
81369
81279
81273
81238
81215
81182
81143
81126
81081
81030
80875
80812
80790
80760
80739
80731
80674
80564
80540
80519
80510
80422
80409
80379
80313
80253
80142
79993
79954
79934
79713
79688
79550
79498
79459
79441
79405
79287
79286
79035
78926
78773
78727
78608
78605
78548
78524
78396
78355
78340
78321
78280
78274
78248
78211
78161
78066
78042
77944
77840
77826
77819
77712
77684
77675
77656
77538
77421
77420
77410
77229
76998
76985
76945
76767
76752
76474
76371
76324
76321
76294
76151
76121
76095
76044
76027
76017
75994
75989
75897
75884
75837
75828
75810
75803
75712
75710
75521
75188
75186
75106
75043
75032
74982
74919
74794
74740
74719
74666
74403
74360
74350
74318
74312
74293
74225
74181
74056
74046
74008
73905
73762
73731
73629
73588
73581
73579
73564
73481
73480
73353
73287
73258
73170
73113
73088
72980
72900
72890
72804
72754
72647
72533
72520
72467
72456
72330
72321
72125
71867
71863
71838
71824
71768
71756
71696
71631
71615
71547
71515
71510
71318
71305
71273
71162
71150
71050
70923
70902
70901
70872
70822
70811
70634
70588
70578
70565
70546
70521
70442
70329
70326
70324
70309
70242
70168
70070
70035
70017
69969
69869
69839
69824
69779
69599
69585
69515
69491
69469
69417
69396
69389
69307
69278
69277
69254
69247
68986
68966
68954
68949
68908
68801
68695
68694
68678
68578
68578
68566
68542
68438
68373
68356
68354
68310
68303
68255
68208
68185
68115
68048
67950
67921
67874
67800
67744
67717
67697
67692
67687
67679
67631
67617
67377
67344
67286
67244
67233
67224
67197
67191
67119
67116
67110
67062
67045
66973
66864
66856
66837
66776
66748
66505
66394
66354
66320
66283
66240
66204
66177
66101
66091
66068
65990
65956
65848
65822
65744
65700
65683
65673
65642
65640
65607
65536
65518
65467
65452
65378
65357
65328
65317
65250
65172
65135
64952
64926
64886
64855
64804
64748
64721
64544
64531
64516
64466
64368
64346
64343
64284
64202
64180
64173
64148
64119
63983
63884
63872
63818
63792
63730
63701
63696
63640
63620
63618
63610
63601
63571
63498
63492
63474
63400
63387
63311
63211
63193
63157
63135
63084
63080
63060
63015
62981
62974
62969
62955
62918
62878
62793
62762
62742
62698
62603
62584
62552
62488
62463
62408
62247
62244
62195
62157
62076
62069
61996
61990
61958
61892
61881
61878
61846
61824
61769
61748
61715
61683
61494
61484
61437
61285
61268
61248
61239
61137
61069
61054
61052
60948
60920
60764
60695
60672
60544
60475
60474
60395
60366
60345
60285
60266
60251
60238
60236
60208
60192
60145
60137
60115
60021
60020
59861
59611
59574
59483
59450
59425
59415
59356
59306
59172
59125
59118
59108
59072
59061
59032
59011
59009
59006
58936
58890
58870
58786
58766
58747
58690
58565
58541
58520
58506
58402
58385
58368
58313
58187
58152
58067
58025
57983
57959
57898
57739
57673
57649
57645
57635
57610
57546
57545
57530
57524
57519
57512
57440
57426
57376
57361
57357
57318
57304
57279
57244
57164
57108
57106
57086
57059
57000
56991
56926
56897
56888
56810
56803
56745
56737
56610
56554
56496
56434
56408
56358
56348
56331
56233
56221
56154
56100
55917
55788
55658
55613
55610
55565
55563
55539
55531
55515
55513
55508
55486
55455
55335
55328
55321
55273
55273
55250
54938
54937
54837
54650
54635
54594
54447
54389
54386
54377
54352
54290
54263
54150
54079
54041
53944
53914
53912
53854
53849
53765
53765
53651
53629
53610
53560
53554
53537
53483
53351
53334
53279
53271
53158
53094
53037
53000
52968
52946
52931
52888
52777
52762
52712
52610
52432
52415
52347
52344
52288
52286
52262
52205
52136
52090
52080
52056
52012
51969
51884
51849
51821
51820
51803
51745
51504
51489
51450
51426
51378
51306
51292
51262
51232
51201
51188
51170
51142
51135
51127
51102
51087
50972
50834
50826
50799
50688
50683
50658
50634
50608
50586
50426
50285
50268
50240
50231
50229
50211
50171
50154
50125
50102
50093
50078
50030
49954
49941
49885
49881
49858
49854
49846
49838
49707
49616
49541
49490
49470
49373
49357
49355
49219
49212
49150
49097
48860
48846
48809
48718
48655
48607
48599
48536
48524
48523
48436
48352
48349
48279
48245
48232
48219
48172
48144
48082
48064
48031
47997
47982
47939
47889
47843
47815
47812
47727
47680
47651
47641
47616
47607
47582
47580
47567
47408
47341
47227
47223
47195
47152
47145
47096
47096
47003
46913
46882
46835
46829
46722
46722
46716
46712
46687
46583
46536
46516
46492
46447
46438
46426
46409
46269
46249
46245
46181
46113
45993
45954
45923
45917
45887
45843
45813
45811
45793
45624
45347
45326
45225
45143
45123
45095
45094
45068
45053
45018
44984
44923
44898
44821
44740
44696
44655
44611
44503
44496
44434
44419
44404
44398
44366
44365
44329
44245
44242
44134
44105
44036
43927
43916
43913
43907
43896
43855
43755
43665
43574
43523
43490
43464
43452
43444
43404
43301
43273
43200
43135
43053
43024
43013
42935
42926
42900
42888
42848
42721
42706
42605
42509
42482
42473
42444
42396
42305
42241
42224
42204
42188
42118
42108
42107
41998
41723
41582
41526
41513
41426
41413
41348
41314
41248
41231
41213
41172
41101
41062
41041
40987
40972
40900
40868
40785
40773
40761
40748
40738
40690
40614
40611
40593
40560
40559
40549
40533
40352
40330
40322
40284
40137
40032
39925
39916
39712
39709
39689
39556
39477
39449
39335
39316
39297
39240
39240
39227
39160
39125
38885
38736
38559
38553
38532
38532
38529
38513
38482
38406
38328
38263
38226
38189
38114
38107
38021
38010
38000
37982
37940
37893
37888
37868
37824
37795
37794
37683
37653
37653
37608
37493
37451
37377
37269
37254
37048
36903
36888
36770
36769
36502
36468
36443
36326
36317
36206
36182
36118
36088
36073
36027
36010
35984
35932
35918
35725
35701
35566
35563
35499
35482
35478
35377
35339
35242
35237
35201
35182
35159
35023
35012
34918
34862
34804
34782
34779
34723
34712
34626
34604
34583
34579
34575
34562
34466
34461
34453
34169
34110
34058
33953
33863
33857
33783
33723
33717
33692
33679
33621
33559
33509
33483
33465
33454
33441
33306
33128
33100
33027
33019
33014
32949
32893
32868
32866
32865
32865
32750
32740
32684
32559
32543
32468
32284
32273
32272
32240
32155
32098
32067
32058
31925
31912
31896
31704
31688
31671
31671
31622
31593
31577
31566
31524
31459
31410
31381
31319
31302
31274
31250
31233
31203
31103
31014
30956
30951
30949
30891
30887
30868
30840
30814
30778
30766
30719
30575
30570
30569
30561
30535
30524
30427
30425
30423
30265
30221
30137
30132
30103
30063
29925
29888
29865
29822
29794
29752
29654
29500
29492
29459
29426
29375
29342
29333
29285
29278
29150
29137
29102
29084
29056
29026
28941
28928
28923
28911
28866
28804
28786
28639
28621
28605
28472
28390
28316
28316
28305
28303
28259
28221
28187
28173
28143
28102
27994
27966
27966
27956
27939
27911
27766
27686
27604
27585
27525
27375
27373
27312
27292
27286
27207
27193
27177
27164
27132
27108
27062
27000
26922
26904
26776
26725
26700
26700
26688
26602
26525
26430
26429
26410
26333
26315
26308
26288
26246
26228
26214
26190
26178
26161
26121
25956
25934
25877
25823
25663
25656
25622
25580
25578
25518
25447
25405
25289
25248
25203
25047
24979
24911
24857
24775
24692
24655
24641
24600
24450
24411
24401
24381
24377
24373
24181
24164
24031
23823
23759
23743
23729
23684
23646
23635
23626
23616
23601
23585
23575
23533
23531
23417
23405
23320
23280
23278
23091
23046
23038
23018
22984
22903
22846
22840
22790
22754
22747
22703
22691
22636
22554
22428
22418
22397
22381
22369
22322
22269
22262
22202
22172
22122
22095
22028
21902
21874
21798
21769
21700
21606
21573
21547
21312
21302
21263
21106
21104
21103
21083
21061
21040
20996
20995
20984
20804
20715
20700
20566
20499
20453
20438
20398
20356
20223
20161
20058
20033
19934
19864
19731
19727
19569
19477
19392
19369
19270
19205
19114
19080
19061
18969
18958
18952
18862
18839
18708
18697
18688
18641
18589
18556
18539
18535
18513
18420
18418
18381
18363
18281
18269
18211
18085
18043
18014
17952
17911
17865
17812
17789
17776
17741
17727
17717
17597
17569
17548
17523
17456
17421
17329
17223
17164
17138
17136
17040
16863
16837
16797
16787
16775
16600
16593
16569
16541
16541
16514
16296
16264
16199
16168
16137
16110
15936
15842
15719
15610
15598
15561
15556
15551
15543
15462
15422
15411
15397
15264
15246
15183
15023
15010
14952
14949
14797
14782
14668
14646
14468
14443
14436
14391
14306
14064
13885
13741
13739
13653
13641
13624
13510
13455
13451
13338
13297
13285
13261
13237
13228
13196
13131
13112
13073
13042
13031
13027
13015
13000
12983
12929
12869
12864
12863
12719
12666
12648
12644
12591
12588
12502
12410
12383
12337
12215
12193
12162
12146
12118
12069
12042
11948
11912
11887
11882
11628
11577
11478
11379
11352
11340
11283
11263
11207
11165
11047
11042
11038
11011
10927
10894
10874
10857
10811
10771
10698
10669
10654
10615
10533
10397
10349
10336
10314
10288
10249
10220
10209
10191
10125
10104
10043
9921
9920
9854
9822
9818
9758
9709
9694
9692
9677
9660
9616
9592
9576
9563
9494
9279
8986
8980
8964
8958
8909
8906
8901
8851
8756
8743
8596
8510
8505
8494
8486
8411
8394
8312
8247
8240
8189
8173
8165
8132
8120
8107
8090
8089
7981
7957
7951
7929
7896
7896
7849
7754
7748
7735
7459
7391
7339
7319
7300
7278
7271
7255
7210
7195
7184
7148
7107
7084
7023
7001
6958
6880
6869
6850
6809
6721
6669
6565
6449
6442
6413
6398
6358
6303
6265
6235
6230
6219
6189
6178
6122
6061
6053
6048
6026
6023
6003
5971
5952
5872
5863
5819
5756
5683
5674
5653
5548
5506
5503
5452
5369
5360
5351
5221
5152
5134
5010
5004
4972
4789
4773
4756
4676
4620
4527
4493
4389
4360
4290
4270
4106
4078
4054
3972
3963
3943
3925
3816
3797
3700
3671
3650
3623
3616
3405
3362
3348
3243
3100
3057
3047
2916
2886
2848
2806
2775
2687
2557
2394
2385
2363
2304
2234
2234
2147
2099
2092
2068
2065
2020
2015
1964
1899
1844
1799
1759
1648
1636
1489
1433
1431
1408
1393
1366
1321
1318
1309
1225
1195
1102
1095
1065
1059
1038
967
925
915
914
890
880
864
787
532
516
499
459
386
358
292
263
186
90
80
70
62
2
