99932
99773
99738
99688
99607
99605
99590
99542
99522
99442
99432
99431
99365
99354
99255
99252
99153
99066
99060
99060
98985
98887
98870
98863
98765
98742
98640
98628
98607
98590
98589
98362
98334
98323
98278
98251
98247
98224
98210
98180
98174
98140
98114
97936
97925
97877
97827
97814
97710
97689
97651
97501
97275
97150
97142
97024
97015
96933
96909
96879
96817
96794
96792
96792
96757
96634
96615
96509
96493
96493
96486
96419
96401
96359
96243
96086
96080
96038
96001
95999
95882
95861
95843
95823
95792
95772
95667
95578
95511
95434
95350
95296
95214
95204
95055
94980
94968
94833
94823
94803
94663
94632
94613
94560
94559
94509
94477
94446
94371
94369
94334
94329
94295
94178
94138
94076
93934
93808
93805
93761
93750
93713
93700
93657
93618
93462
93380
93267
93183
93168
93087
92955
92897
92878
92867
92839
92778
92766
92750
92700
92684
92670
92415
92364
92324
92300
92259
92166
92159
92123
92071
92037
91989
91911
91901
91756
91680
91679
91666
91523
91416
91336
91319
91276
91241
91102
91091
91083
91066
91060
91009
90966
90952
90919
90864
90824
90727
90705
90686
90660
90630
90597
90571
90569
90506
90484
90480
90476
90370
90275
90138
90125
90071
90041
90023
90017
89959
89889
89847
89813
89735
89727
89709
89637
89600
89594
89536
89440
89385
89302
89250
89140
89049
89004
88967
88909
88892
88866
88851
88763
88742
88684
88580
88562
88560
88446
88403
88353
88249
88229
88080
88041
88029
88023
87909
87858
87826
87764
87625
87499
87431
87408
87338
87231
87192
87169
87164
87030
86806
86800
86704
86683
86680
86614
86530
86478
86467
86384
86380
86365
86353
86317
86291
86281
86036
85987
85892
85859
85849
85834
85706
85690
85463
85436
85371
85325
85292
85280
85149
85081
84867
84708
84662
84638
84608
84574
84571
84465
84457
84385
84362
84316
84312
84252
84198
84182
84149
84112
84088
84062
84060
84050
83992
83953
83951
83826
83805
83773
83721
83681
83626
83594
83488
83308
83280
83267
83250
83207
83127
83121
83066
82947
82940
82887
82834
82821
82809
82745
82665
82624
82577
82518
82514
82497
82460
82448
82435
82339
82336
82329
82322
82176
82152
82001
81991
81971
81910
81879
81839
81723
81682
81674
81641
81637
81540
81497
81432
81414
81304
81292
81286
81257
81250
81209
81147
81126
81101
81093
81091
81086
81066
81047
81041
81027
80969
80904
80894
80876
80789
80769
80751
80509
80506
80479
80467
80445
80391
80374
80364
80218
80141
80080
80076
80074
79916
79896
79867
79855
79837
79834
79772
79678
79664
79634
79543
79527
79488
79461
79435
79352
79347
79189
79172
78886
78843
78797
78725
78696
78691
78679
78667
78559
78558
78420
78419
78386
78294
78212
78145
78099
78058
77981
77931
77876
77846
77790
77782
77722
77719
77681
77655
77509
77305
77252
77137
77111
77025
77013
76986
76925
76921
76906
76896
76862
76841
76711
76696
76615
76585
76527
76396
76392
76303
76295
76242
76192
76191
76157
76125
76090
76087
76083
76051
76037
76011
75815
75795
75791
75615
75531
75504
75482
75479
75465
75436
75418
75370
75362
75345
75334
75284
75218
75113
75093
74922
74864
74861
74826
74800
74760
74711
74679
74653
74589
74560
74541
74493
74352
74329
74296
74242
74242
74130
73986
73882
73773
73740
73661
73619
73606
73503
73486
73462
73419
73404
73364
73329
73231
72957
72944
72904
72810
72722
72703
72693
72654
72636
72615
72520
72489
72481
72478
72423
72353
72316
72298
72223
72125
72012
71922
71914
71790
71755
71717
71694
71690
71661
71636
71629
71616
71612
71545
71532
71524
71502
71484
71433
71398
71372
71289
71260
71240
71230
71195
71176
71089
71024
71018
71015
70982
70962
70960
70942
70868
70753
70726
70653
70633
70633
70543
70505
70430
70405
70306
70242
70232
70218
70182
70157
70121
70061
70057
69969
69943
69801
69792
69785
69725
69689
69657
69609
69583
69580
69567
69531
69508
69506
69498
69443
69434
69396
69363
69348
69308
69279
69236
69220
69167
69159
69146
69073
69050
69047
68996
68983
68982
68977
68947
68919
68899
68898
68896
68896
68879
68852
68839
68627
68595
68555
68493
68475
68458
68452
68452
68418
68413
68396
68394
68335
68332
68314
68296
68223
68169
68166
68153
68140
68129
68060
68060
67939
67932
67872
67796
67779
67762
67681
67600
67580
67457
67451
67383
67348
67343
67323
67302
67187
67162
67107
67082
67031
67018
66926
66896
66825
66725
66718
66687
66683
66597
66583
66576
66576
66391
66389
66296
66162
66147
66124
66051
66009
65972
65907
65870
65865
65836
65809
65786
65784
65779
65746
65686
65649
65554
65545
65516
65515
65508
65503
65391
65390
65315
65298
65289
65236
65213
65182
65162
65109
65095
64765
64761
64750
64747
64673
64652
64651
64525
64482
64437
64389
64357
64204
64188
64087
64023
63934
63924
63871
63869
63859
63814
63798
63780
63762
63729
63728
63726
63726
63713
63705
63645
63628
63592
63567
63517
63513
63507
63477
63462
63450
63402
63393
63384
63346
63334
63263
63229
63107
63097
62988
62948
62752
62684
62670
62645
62473
62402
62222
62194
62102
62009
61971
61916
61820
61820
61692
61683
61639
61601
61529
61518
61429
61247
61133
61092
61029
60997
60970
60965
60866
60776
60755
60715
60685
60550
60341
60275
60167
60166
60149
60048
60046
60039
60028
60024
59967
59891
59815
59704
59464
59409
59387
59346
59252
59246
59243
59228
58999
58966
58805
58655
58509
58357
58349
58321
58251
58237
58212
58208
58153
58151
58144
57966
57937
57904
57887
57849
57816
57507
57486
57462
57456
57436
57431
57407
57280
57272
57248
57187
57181
57099
57097
57056
57050
57023
57012
56972
56962
56933
56926
56914
56902
56847
56845
56646
56641
56620
56587
56555
56470
56454
56388
56235
56231
56218
56183
56172
56132
56013
55928
55925
55885
55882
55870
55827
55820
55813
55727
55726
55711
55627
55543
55542
55446
55444
55348
55326
55319
55239
55144
55142
55112
54932
54830
54823
54710
54650
54648
54632
54624
54586
54580
54568
54409
54363
54300
54265
54233
54178
54158
54148
54064
54010
53996
53938
53898
53854
53805
53792
53741
53690
53661
53624
53574
53545
53533
53439
53360
53203
52993
52969
52956
52941
52881
52787
52755
52715
52563
52559
52536
52516
52435
52320
52303
52205
52197
52158
51991
51942
51927
51878
51829
51818
51783
51743
51725
51556
51528
51510
51471
51461
51448
51388
51202
51164
51113
51084
50948
50928
50908
50847
50829
50698
50614
50569
50390
50250
50176
50150
50130
49948
49933
49858
49779
49753
49666
49642
49636
49614
49588
49509
49443
49441
49438
49372
49345
49202
49180
49090
49048
49014
48990
48973
48878
48853
48737
48691
48419
48387
48336
48331
48321
48316
48294
48267
48180
48164
48110
47919
47889
47800
47759
47667
47584
47567
47525
47506
47466
47439
47428
47350
47321
47316
47286
47275
47239
47232
47138
47135
47134
47030
46935
46919
46866
46820
46734
46591
46504
46397
46327
46273
46265
46228
46214
46208
46138
46121
45993
45916
45872
45731
45716
45578
45568
45507
45429
45306
45289
45282
45252
45196
45185
45062
45013
44993
44938
44916
44900
44741
44733
44727
44709
44597
44485
44326
44252
44215
44114
44006
44005
43974
43789
43748
43584
43560
43438
43363
43203
43190
43180
43161
43101
43051
42961
42943
42770
42754
42741
42725
42672
42628
42568
42530
42527
42502
42491
42323
42318
42300
42188
42168
42156
42100
41889
41877
41776
41672
41636
41623
41542
41230
41162
41120
41106
41076
40958
40957
40944
40793
40637
40628
40585
40554
40390
40386
40257
40174
40108
40107
40106
40097
40041
40012
39976
39973
39972
39950
39872
39829
39826
39663
39528
39321
39290
39249
39231
39157
39112
39098
39097
39088
39052
38980
38975
38971
38932
38896
38861
38830
38607
38602
38441
38412
38387
38279
38223
38087
37945
37901
37817
37806
37737
37673
37578
37572
37476
37472
37453
37355
37331
37282
37220
37213
37051
36896
36831
36820
36803
36763
36712
36707
36668
36633
36479
36465
36430
36385
36366
36336
36315
36055
36006
35991
35894
35845
35826
35802
35786
35679
35620
35606
35605
35504
35465
35432
35421
35398
35304
35135
35089
35063
35010
34968
34958
34942
34923
34857
34849
34833
34786
34703
34701
34602
34519
34358
34285
34133
34088
34047
33954
33953
33931
33879
33857
33812
33654
33621
33552
33552
33517
33419
33403
33399
33324
33256
33249
33181
33162
33153
33137
33128
33128
32937
32903
32878
32859
32846
32750
32687
32668
32660
32654
32644
32468
32396
32361
32358
32340
32215
32115
32113
32100
32095
32064
31970
31967
31743
31678
31678
31677
31560
31539
31467
31455
31452
31357
31294
31229
31177
31172
31153
31106
31106
31093
31036
31029
30859
30853
30825
30811
30801
30741
30718
30706
30697
30693
30620
30583
30528
30488
30468
30462
30404
30241
30221
30200
30170
30131
30115
30067
30055
29947
29918
29903
29828
29732
29596
29585
29584
29572
29525
29310
29298
29246
29208
29181
29155
29046
28982
28977
28915
28868
28855
28825
28821
28807
28775
28768
28568
28510
28504
28462
28342
28185
28184
28146
28096
28062
28047
28045
27979
27825
27794
27792
27736
27717
27712
27699
27614
27430
27402
27264
27245
27204
27158
27112
27092
27077
27042
26830
26824
26753
26652
26636
26635
26587
26565
26527
26439
26389
26316
26315
26297
26291
26289
26169
26157
26151
26125
26112
25957
25949
25941
25681
25557
25525
25415
25320
25274
25256
25251
25250
25194
25146
25118
25093
25085
24948
24945
24906
24895
24891
24888
24840
24822
24809
24786
24770
24756
24721
24717
24711
24603
24554
24527
24455
24256
24248
24149
24146
24115
24015
23987
23933
23926
23909
23702
23697
23627
23608
23583
23577
23404
23385
23318
23179
23168
23083
23075
23014
22913
22846
22805
22769
22736
22726
22699
22506
22504
22482
22442
22405
22365
22340
22118
22110
22068
22024
21998
21976
21930
21789
21784
21749
21603
21601
21589
21553
21535
21503
21500
21408
21362
21356
21293
21291
21239
21228
21179
21157
21154
21015
20981
20962
20809
20779
20633
20620
20604
20543
20451
20448
20421
20299
20155
20112
20097
20090
20040
20017
19925
19855
19796
19697
19674
19597
19591
19581
19465
19412
19387
19350
19323
19270
19250
19231
19213
19201
19135
19105
19007
18824
18646
18628
18621
18585
18570
18527
18522
18517
18496
18372
18330
18223
18027
18005
17986
17978
17931
17895
17870
17856
17852
17825
17763
17735
17724
17666
17658
17584
17564
17546
17421
17394
17379
17337
17333
17318
17214
17204
17150
17132
17107
17072
17021
16972
16962
16814
16752
16672
16498
16462
16416
16343
16231
16184
16178
16061
16046
16003
15933
15899
15828
15773
15673
15635
15571
15505
15422
15421
15385
15323
15252
15242
15212
15060
15025
14995
14981
14952
14736
14602
14584
14553
14509
14501
14492
14434
14409
14398
14387
14337
14295
14264
14259
14226
14216
14209
14167
14157
14021
13894
13863
13846
13840
13813
13733
13720
13689
13688
13677
13674
13649
13606
13568
13537
13521
13346
13320
13309
13187
13168
13155
13130
12971
12948
12869
12817
12717
12696
12636
12591
12523
12395
12365
12357
12321
12286
12185
12132
12111
12072
12066
12056
11958
11936
11933
11841
11812
11760
11726
11698
11667
11593
11568
11421
11399
11357
11337
11313
11187
11182
11166
11118
11112
11015
11004
10993
10884
10857
10778
10721
10535
10514
10452
10313
10308
10179
10101
9963
9919
9884
9864
9856
9854
9835
9804
9779
9777
9712
9674
9651
9651
9624
9558
9544
9523
9501
9468
9413
9405
9395
9380
9276
9209
9185
9108
9016
9003
8992
8954
8913
8864
8854
8811
8629
8527
8515
8507
8457
8445
8411
8376
8352
8263
8262
8221
8173
8131
8041
7991
7988
7988
7921
7892
7869
7750
7718
7718
7608
7510
7469
7399
7394
7349
7314
7285
7283
7280
7268
7122
7025
6951
6943
6903
6860
6724
6715
6691
6635
6624
6622
6609
6492
6459
6435
6265
6249
6218
6200
6093
6045
5997
5958
5661
5616
5612
5584
5581
5564
5558
5426
5410
5386
5361
5333
5242
5228
5184
5148
5146
5128
5058
5054
4985
4944
4930
4928
4920
4809
4796
4724
4706
4579
4575
4556
4546
4527
4496
4366
4302
4213
4019
3892
3712
3652
3626
3624
3599
3585
3566
3552
3518
3394
3379
3355
3317
3314
3312
3132
3129
3092
3009
2970
2943
2930
2918
2905
2885
2837
2824
2790
2681
2496
2257
2248
2231
2187
2034
1874
1709
1671
1668
1604
1580
1531
1499
1465
1462
1402
1397
1358
1331
1315
1255
1254
1175
1148
1014
1004
967
947
901
849
823
777
589
568
468
465
353
301
279
235
227
191
183
65
30
