99961
99924
99909
99835
99785
99776
99763
99744
99728
99688
99666
99628
99603
99595
99454
99449
99440
99361
99356
99350
99281
99094
99037
99030
98932
98895
98882
98845
98749
98725
98595
98574
98572
98554
98550
98468
98421
98353
98337
98272
98220
98132
98108
98075
98074
98073
98067
98036
98029
97951
97942
97927
97918
97808
97797
97767
97709
97545
97526
97506
97490
97432
97353
97283
97265
97246
97193
97150
96936
96931
96844
96822
96818
96811
96712
96680
96560
96524
96428
96277
96244
96162
96097
96088
96071
96019
95968
95961
95947
95882
95850
95836
95798
95620
95578
95557
95557
95391
95318
95183
95154
95148
95130
95114
95035
95010
94946
94943
94899
94799
94644
94618
94477
94446
94427
94375
94356
94305
94294
94290
94265
94175
94151
94026
94023
93870
93808
93805
93781
93711
93624
93561
93443
93427
93290
93179
93012
92885
92870
92862
92861
92860
92832
92629
92474
92465
92436
92420
92389
92363
92337
92315
92292
92262
92230
92220
92118
92011
91958
91897
91870
91791
91672
91627
91454
91453
91420
91379
91334
91107
91058
91016
90949
90916
90905
90846
90837
90747
90710
90648
90638
90452
90442
90438
90432
90425
90412
90376
90333
90303
90294
90207
90200
90185
90107
90097
89965
89936
89921
89881
89832
89809
89745
89737
89632
89614
89519
89479
89466
89451
89427
89425
89423
89376
89355
89296
89217
89191
89062
89057
89019
88989
88957
88930
88897
88839
88790
88781
88780
88696
88675
88663
88635
88612
88570
88554
88524
88406
88333
88229
88157
88131
88105
88099
87884
87744
87744
87650
87568
87555
87547
87477
87441
87366
87196
87071
87068
87060
87047
86904
86899
86870
86832
86817
86814
86783
86592
86550
86525
86502
86497
86242
86228
86142
86132
86103
86086
86039
85907
85785
85719
85630
85612
85600
85536
85535
85530
85475
85468
85438
85429
85415
85338
85243
85205
85160
84962
84944
84894
84835
84810
84736
84701
84666
84664
84580
84536
84444
84358
84292
84146
84122
84071
84029
84021
83976
83957
83890
83746
83721
83680
83660
83651
83342
83189
83143
83007
83002
82985
82921
82918
82844
82779
82718
82647
82640
82622
82567
82511
82506
82467
82459
82449
82447
82397
82355
82330
82200
82185
82182
82162
82111
82078
82012
81992
81933
81870
81816
81769
81725
81718
81697
81679
81672
81642
81552
81549
81543
81539
81507
81446
81423
81356
81322
81255
81253
81245
81200
81198
81182
81135
81066
81053
80927
80925
80923
80799
80773
80747
80742
80729
80718
80615
80602
80601
80578
80558
80550
80528
80499
80448
80280
80262
80107
80056
80003
79985
79928
79920
79818
79763
79708
79693
79649
79528
79525
79430
79401
79290
79232
79216
79153
79089
78998
78899
78827
78821
78818
78699
78691
78615
78470
78457
78435
78403
78335
78333
78332
78276
78165
78150
78026
77969
77930
77926
77923
77886
77833
77785
77692
77669
77660
77520
77486
77413
77399
77375
77331
77273
77214
77173
77130
77090
77044
77036
76963
76910
76902
76866
76832
76804
76741
76736
76728
76692
76628
76622
76584
76422
76370
76351
76306
76305
76281
76279
76278
76190
76135
76130
76128
76074
76041
75953
75910
75898
75868
75851
75839
75828
75781
75726
75715
75700
75604
75603
75569
75484
75416
75409
75324
75289
75273
75258
75210
75152
75110
75018
75013
74974
74918
74829
74815
74680
74658
74598
74539
74427
74401
74344
74328
74308
74304
74272
74253
74244
74175
74135
74101
74084
73803
73774
73745
73479
73434
73418
73350
73274
73226
73138
73069
73014
72962
72918
72834
72830
72799
72772
72755
72690
72640
72640
72575
72561
72560
72524
72522
72475
72464
72366
72362
72302
72249
72200
72185
72185
72175
72157
72073
72027
71994
71915
71816
71800
71671
71522
71489
71441
71387
71382
71362
71353
71352
71326
71315
71315
71049
71048
71026
70993
70985
70919
70896
70856
70850
70803
70787
70748
70730
70644
70583
70524
70507
70501
70400
70378
70213
70198
70164
70027
69928
69902
69881
69871
69806
69769
69749
69658
69488
69447
69347
69293
69208
69207
69177
69176
69161
69043
69040
68928
68874
68836
68833
68802
68522
68445
68420
68371
68257
68230
68171
68142
68052
68050
67888
67870
67825
67755
67469
67407
67375
67370
67316
67287
67285
67268
67179
67131
67103
67058
67003
67002
66995
66993
66873
66747
66715
66690
66644
66615
66544
66522
66521
66503
66454
66452
66283
66273
66222
65999
65885
65829
65767
65717
65686
65405
65287
65256
65138
65103
65088
65021
64984
64967
64921
64846
64823
64791
64773
64665
64622
64530
64514
64513
64481
64409
64404
64382
64284
64127
64071
64069
64055
64022
63997
63963
63891
63873
63786
63761
63735
63686
63673
63649
63607
63597
63551
63510
63472
63347
63274
63110
63104
63017
62928
62810
62798
62777
62664
62498
62486
62447
62407
62339
62305
62280
62258
62256
62254
62119
61978
61919
61907
61907
61896
61873
61857
61500
61366
61360
61352
61340
61311
61199
61198
61197
61131
61082
61070
61032
61009
60993
60978
60853
60837
60787
60760
60741
60731
60687
60685
60666
60643
60613
60579
60451
60449
60445
60432
60418
60212
60166
60097
60094
60086
60053
59981
59874
59849
59813
59795
59645
59644
59531
59486
59457
59378
59335
59332
59182
59102
58927
58920
58879
58830
58730
58682
58637
58631
58571
58535
58524
58416
58377
58342
58319
58316
58277
58273
58161
58151
57968
57900
57853
57837
57782
57741
57695
57630
57606
57599
57394
57389
57386
57368
57326
57215
57186
57080
57064
56963
56951
56915
56901
56822
56662
56649
56582
56557
56533
56492
56477
56455
56404
56391
56281
56262
56257
56200
56080
56031
56031
56024
55931
55909
55887
55792
55773
55695
55636
55625
55615
55608
55593
55480
55451
55410
55217
55160
55101
55052
55051
54927
54826
54768
54754
54741
54732
54719
54713
54646
54614
54602
54550
54469
54435
54341
54232
54135
54114
54030
53883
53866
53805
53736
53691
53674
53665
53655
53589
53538
53435
53387
53335
53317
53298
53266
53263
53244
53218
53154
53076
52989
52953
52936
52905
52888
52869
52849
52838
52794
52792
52768
52649
52504
52468
52421
52419
52274
52210
52203
52177
52099
52087
52080
52070
51876
51827
51819
51804
51752
51693
51612
51537
51473
51406
51388
51359
51282
51272
51271
51238
51226
51210
51200
51090
51079
51042
51041
51003
50969
50957
50929
50805
50762
50650
50642
50607
50383
50340
50237
50206
50206
50203
50191
50170
50167
50080
49935
49882
49851
49843
49821
49698
49691
49671
49623
49549
49521
49447
49440
49417
49328
49228
49176
49154
49116
49107
48922
48813
48678
48644
48540
48515
48493
48463
48437
48102
48087
48018
47959
47731
47605
47577
47567
47500
47486
47449
47436
47253
47172
47113
47027
46940
46817
46795
46781
46774
46702
46701
46623
46614
46580
46572
46521
46485
46476
46462
46330
46235
46193
46078
46065
46054
45996
45834
45718
45686
45639
45455
45331
45271
45240
45183
45167
45151
45146
45095
45003
44938
44904
44869
44865
44839
44748
44629
44586
44574
44562
44498
44304
44178
44142
44064
44031
44011
43980
43960
43936
43905
43831
43821
43785
43783
43739
43676
43667
43660
43649
43597
43577
43572
43560
43430
43417
43365
43325
43129
43082
43066
42967
42940
42820
42754
42688
42688
42645
42642
42590
42514
42424
42370
42335
42281
42274
42230
42215
42158
42119
42041
42006
41969
41943
41942
41821
41813
41765
41757
41749
41697
41693
41683
41635
41633
41617
41588
41550
41495
41488
41400
41375
41361
41358
41321
41255
41240
41119
41110
41057
41045
41033
40896
40856
40852
40815
40808
40789
40776
40735
40698
40657
40649
40599
40560
40520
40510
40503
40460
40430
40371
40341
40330
40141
40127
40117
40040
40019
39921
39891
39636
39632
39445
39437
39432
39317
39305
39255
39244
39084
39034
39006
38938
38781
38687
38678
38549
38518
38502
38484
38449
38426
38402
38387
38362
38280
38075
37974
37882
37857
37827
37770
37648
37627
37506
37428
37395
37367
37312
37135
37129
37117
37070
37042
36994
36960
36958
36956
36923
36921
36862
36800
36783
36777
36743
36686
36664
36624
36554
36550
36368
36346
36256
36138
36135
36106
36016
35957
35909
35846
35836
35658
35598
35594
35593
35566
35560
35463
35371
35310
35275
35262
35258
35183
35181
35173
35171
35156
35136
35073
35011
34963
34962
34948
34769
34699
34673
34631
34624
34476
34406
34380
34315
34266
34243
34216
34135
34123
33996
33914
33787
33663
33615
33543
33524
33481
33459
33456
33453
33407
33361
33270
33223
33189
33034
33019
32956
32921
32884
32874
32828
32787
32778
32754
32743
32688
32677
32633
32582
32573
32555
32515
32458
32334
32135
32131
32087
31941
31936
31935
31918
31916
31906
31884
31737
31602
31461
31361
31339
31148
31089
31013
30985
30973
30872
30828
30782
30724
30692
30648
30637
30614
30598
30573
30522
30470
30333
30303
30295
30265
30238
30117
29871
29851
29792
29775
29738
29735
29726
29724
29694
29668
29630
29613
29591
29526
29475
29451
29203
29057
29048
29028
29011
29004
28994
28904
28746
28679
28629
28601
28589
28532
28494
28457
28413
28361
28326
28272
28232
28050
28030
27889
27888
27866
27823
27788
27754
27742
27594
27583
27564
27528
27469
27419
27379
27174
27168
27130
27124
27119
27029
27005
26972
26941
26916
26903
26868
26859
26850
26808
26779
26778
26709
26682
26681
26639
26577
26559
26512
26431
26427
26390
26318
26318
26305
26292
26219
26167
26127
26080
26021
25934
25923
25906
25893
25856
25590
25571
25563
25512
25510
25481
25437
25324
25304
25297
25246
25089
25087
24972
24914
24900
24836
24690
24654
24653
24652
24647
24617
24597
24480
24477
24305
24269
24180
24154
24153
24122
24071
24040
24021
23826
23823
23822
23804
23664
23591
23590
23579
23559
23533
23529
23490
23402
23365
23357
23342
23246
23211
23182
23171
23120
23108
23072
23058
23019
23018
22974
22965
22924
22808
22787
22749
22716
22679
22672
22505
22391
22364
22327
22310
22295
22254
22220
22156
22143
22105
21951
21936
21848
21810
21797
21796
21787
21771
21735
21728
21710
21694
21691
21434
21415
21388
21356
21284
21224
21222
21068
21014
20994
20929
20893
20886
20866
20856
20817
20679
20557
20538
20464
20365
20330
20292
20292
20169
20108
20094
20066
20058
20056
20052
20027
20025
19993
19981
19938
19917
19900
19893
19850
19840
19759
19682
19682
19659
19595
19574
19327
19294
19266
19264
19222
19211
19199
19072
18897
18896
18890
18885
18865
18802
18763
18687
18630
18627
18592
18521
18504
18501
18399
18350
18257
18242
18121
18115
18098
18062
18035
17867
17842
17837
17796
17737
17631
17572
17514
17315
17310
17309
17284
17247
17237
17058
17040
16999
16947
16881
16851
16841
16831
16792
16761
16728
16701
16683
16641
16492
16478
16363
16336
16252
16226
16211
16211
16195
16184
16110
16059
16037
16001
15995
15945
15873
15816
15733
15731
15691
15666
15515
15467
15465
15355
15336
15241
15235
15188
15003
14938
14931
14793
14748
14664
14549
14472
14447
14415
14269
14045
13978
13972
13967
13946
13895
13885
13867
13862
13812
13802
13732
13667
13629
13600
13480
13352
13346
13346
13287
13286
13242
13186
13184
13137
12952
12874
12847
12833
12810
12663
12600
12495
12435
12389
12298
12277
12268
12251
12226
12036
12031
12015
11966
11905
11902
11901
11863
11801
11792
11783
11765
11740
11684
11658
11641
11541
11509
11437
11365
11215
11209
11206
11168
11062
11018
10984
10968
10933
10915
10907
10888
10743
10732
10659
10628
10601
10593
10590
10534
10504
10318
10315
10315
10287
10184
10175
10037
10017
10008
9997
9983
9980
9908
9897
9896
9895
9858
9855
9843
9759
9722
9638
9573
9534
9481
9478
9441
9327
9307
9194
9131
9080
9080
9043
9038
8945
8844
8780
8762
8746
8653
8597
8570
8569
8561
8537
8516
8508
8477
8404
8331
8270
8155
8085
7881
7771
7735
7714
7706
7657
7521
7492
7468
7410
7356
7286
7189
7174
7121
7119
7060
7022
6772
6701
6653
6610
6521
6496
6447
6388
6386
6164
6118
6010
5939
5885
5849
5763
5759
5535
5465
5452
5367
5325
5192
5191
5161
5158
5093
4901
4854
4829
4818
4758
4711
4709
4667
4368
4355
4350
4282
4275
4253
4213
4209
4205
4145
4092
4013
3984
3979
3974
3922
3793
3781
3695
3690
3675
3659
3395
3387
3353
3240
3171
3169
3065
3045
3026
3016
2963
2947
2714
2686
2598
2417
2410
2325
2309
2245
2231
2215
2188
2048
2015
1824
1809
1802
1740
1709
1704
1688
1618
1578
1550
1544
1455
1445
1399
1335
1332
1291
1188
1167
1018
951
946
717
655
646
619
591
579
551
544
477
423
403
388
366
346
339
307
156
92
