99994
99984
99941
99830
99783
99748
99673
99586
99577
99510
99450
99447
99381
99365
99346
99333
99318
99297
99293
99291
99269
99265
99258
99174
99159
99040
99039
98930
98888
98798
98737
98690
98649
98631
98605
98581
98568
98424
98224
98095
97909
97866
97858
97815
97791
97764
97683
97570
97554
97512
97508
97424
97409
97409
97402
97373
97252
97236
97181
97177
97167
97148
97113
97109
97046
97039
97018
96884
96858
96858
96841
96812
96794
96782
96770
96765
96763
96697
96681
96678
96677
96586
96556
96507
96389
96377
96325
96296
96287
96222
96211
96199
96165
96103
96072
96062
95979
95952
95889
95735
95695
95610
95580
95548
95546
95491
95457
95434
95314
95280
95265
94956
94865
94850
94842
94823
94815
94557
94501
94495
94447
94225
94205
94145
94139
94112
94094
94088
94079
94058
94011
93964
93930
93820
93667
93643
93575
93521
93424
93398
93385
93382
93355
93331
93261
93239
93214
93029
92957
92955
92892
92864
92837
92788
92784
92747
92597
92575
92494
92485
92470
92458
92429
92353
92002
91954
91849
91798
91784
91743
91739
91680
91609
91582
91573
91511
91460
91445
91259
91246
91243
91133
91119
91064
91034
90986
90976
90963
90927
90807
90794
90721
90711
90577
90559
90536
90493
90447
90442
90416
90313
90291
90267
90257
90211
90149
90129
90127
90127
89968
89966
89843
89834
89821
89794
89662
89616
89550
89537
89529
89421
89325
89315
89192
89124
89059
89039
89024
89011
88900
88677
88614
88613
88583
88553
88546
88519
88504
88490
88433
88405
88365
88250
88221
88194
88098
88078
88016
87941
87881
87849
87837
87822
87808
87682
87675
87623
87535
87518
87468
87459
87365
87342
87302
87267
87135
87091
86935
86667
86603
86574
86570
86527
86473
86422
86389
86386
86346
86225
86071
86061
86057
85803
85793
85762
85758
85712
85631
85590
85548
85505
85445
85437
85317
85305
85234
85201
85055
84905
84736
84714
84620
84603
84595
84459
84447
84424
84398
84395
84371
84341
84333
84299
84274
84255
84200
84145
84104
84092
84074
84042
84011
84002
83982
83975
83941
83851
83839
83745
83629
83623
83501
83402
83343
83342
83290
83194
83162
83098
83087
83015
83015
82996
82957
82955
82892
82860
82831
82792
82788
82781
82754
82691
82667
82587
82538
82523
82508
82447
82311
82260
82221
82187
82065
81964
81955
81813
81773
81583
81556
81546
81525
81439
81257
81158
81143
81089
81074
80912
80905
80864
80802
80764
80670
80665
80564
80502
80487
80473
80472
80460
80458
80430
80419
80307
80290
80230
80189
80176
80146
80029
80015
79966
79955
79949
79932
79909
79876
79820
79609
79582
79567
79534
79533
79481
79279
79264
79263
79230
79123
78972
78937
78904
78891
78873
78801
78727
78686
78586
78567
78548
78547
78545
78524
78426
78317
78207
78199
78162
78136
77955
77929
77874
77775
77753
77720
77627
77534
77501
77373
77361
77263
77206
77110
77067
76996
76903
76847
76651
76624
76612
76608
76523
76508
76453
76440
76334
76325
76277
76244
76238
76233
76168
76054
76027
75949
75944
75841
75742
75727
75719
75666
75555
75476
75476
75413
75387
75246
75204
75184
75176
75097
75044
74980
74937
74930
74855
74854
74846
74826
74808
74804
74779
74739
74733
74698
74535
74527
74490
74111
74111
74046
73984
73953
73872
73784
73729
73711
73697
73657
73630
73609
73603
73569
73555
73442
73405
73310
73266
73235
73118
73074
73072
73061
73039
73037
72988
72929
72846
72829
72760
72755
72744
72738
72731
72716
72682
72675
72664
72611
72582
72537
72514
72355
72321
72239
72221
72155
72110
72028
72015
71978
71959
71951
71932
71842
71758
71756
71686
71680
71673
71658
71653
71642
71630
71582
71555
71374
71360
71144
71141
70981
70937
70859
70820
70811
70806
70746
70744
70729
70621
70402
70321
70292
70204
70175
70125
70024
69965
69963
69935
69755
69719
69662
69562
69551
69504
69492
69436
69360
69309
69292
69187
69152
69142
68984
68932
68898
68837
68764
68548
68443
68434
68381
68271
68214
68207
68128
68113
68102
68011
67982
67974
67895
67864
67843
67798
67793
67786
67778
67705
67704
67647
67607
67554
67520
67055
66932
66919
66787
66781
66744
66735
66730
66639
66586
66356
66307
66214
66172
66102
66001
65811
65811
65590
65552
65381
65341
65315
65299
65265
65093
65062
65054
65012
65012
65005
64999
64910
64779
64774
64772
64760
64590
64570
64564
64509
64459
64336
64312
64294
64146
64101
64080
64030
63939
63914
63886
63874
63840
63684
63627
63578
63576
63521
63501
63415
63320
63236
63170
63162
63148
63055
63001
62989
62942
62925
62897
62869
62841
62821
62778
62648
62621
62604
62574
62571
62519
62424
62415
62414
62390
62350
62101
62100
62050
62004
61944
61913
61879
61860
61843
61822
61809
61769
61731
61721
61683
61607
61582
61577
61574
61527
61523
61483
61453
61389
61375
61352
61314
61259
61254
61254
61252
61238
61178
61173
61150
61109
61098
61069
61043
61030
60956
60768
60761
60697
60538
60497
60464
60392
60380
60324
60287
60253
60150
60096
60095
60084
60059
60030
60019
59882
59795
59732
59729
59722
59546
59360
59331
59325
59229
59182
59135
59081
58906
58904
58878
58792
58778
58738
58719
58713
58680
58661
58645
58609
58592
58569
58494
58408
58310
58305
58248
58199
58099
58094
58044
57998
57811
57783
57781
57697
57607
57574
57568
57526
57477
57467
57383
57307
57298
57246
57113
57059
57009
56935
56839
56834
56818
56665
56665
56621
56550
56547
56498
56440
56409
56408
56366
56347
56245
56245
56165
55996
55989
55983
55942
55905
55880
55874
55873
55846
55819
55760
55721
55700
55587
55576
55574
55572
55569
55507
55502
55452
55344
55336
55320
55314
55311
55259
55239
55216
55158
55079
55020
55012
54947
54939
54853
54832
54808
54746
54742
54738
54665
54654
54636
54618
54417
54414
54409
54357
54330
54106
54082
54029
54011
53947
53803
53789
53755
53740
53712
53656
53650
53599
53561
53500
53496
53395
53054
53030
52999
52876
52861
52838
52804
52802
52782
52762
52596
52563
52538
52475
52382
52350
52274
52249
52229
52197
52139
52128
52123
52092
52042
51952
51947
51943
51894
51773
51689
51659
51656
51623
51605
51595
51509
51417
51311
51213
51194
51151
51130
50956
50891
50890
50831
50811
50802
50774
50767
50726
50663
50641
50635
50588
50580
50576
50555
50478
50348
50338
50326
50277
50276
50242
50232
50199
50181
50173
50133
50128
50052
50030
50019
49946
49937
49925
49909
49885
49871
49840
49816
49769
49716
49691
49689
49685
49597
49593
49567
49487
49455
49419
49270
49242
49148
49112
49105
49081
49070
49008
48933
48873
48674
48593
48539
48531
48512
48449
48396
48378
48347
48282
47988
47920
47882
47827
47800
47788
47744
47710
47684
47587
47582
47463
47451
47435
47342
47340
47285
47251
47199
47144
47077
47069
46858
46819
46803
46765
46692
46557
46485
46398
46228
46149
46128
46128
46029
45997
45960
45898
45869
45838
45837
45808
45806
45666
45660
45659
45636
45449
45437
45433
45418
45398
45382
45339
45274
45230
45198
45190
45158
45149
45034
45011
44948
44947
44878
44845
44795
44754
44738
44703
44688
44661
44562
44348
44343
44257
44251
44228
44198
44158
44082
44028
44003
43955
43798
43722
43722
43551
43476
43440
43288
43286
43245
43156
43154
43132
43126
43074
43061
42972
42926
42922
42900
42806
42759
42757
42546
42524
42412
42313
42310
42274
42250
42189
42095
42030
42001
41802
41678
41563
41521
41447
41153
41144
41075
41050
41013
40950
40918
40907
40884
40795
40795
40760
40756
40693
40675
40660
40629
40528
40509
40507
40430
40412
40343
40208
40141
40044
39807
39789
39682
39657
39611
39601
39598
39452
39373
39367
39284
39193
39147
39119
38928
38862
38735
38693
38645
38629
38611
38542
38524
38381
38314
38299
38223
38195
38132
38110
38100
38013
37963
37928
37908
37891
37638
37582
37576
37546
37351
37335
37268
37237
37237
37203
37029
36859
36738
36665
36644
36616
36549
36477
36473
36328
36276
36202
36143
36130
36040
36000
35975
35910
35757
35621
35598
35587
35557
35491
35306
35227
35178
35173
35110
35107
35089
35055
35004
34999
34974
34829
34794
34754
34732
34725
34709
34703
34679
34654
34511
34497
34497
34455
34383
34300
34294
34288
34251
34250
34157
34111
34100
34073
34015
33926
33923
33730
33539
33511
33506
33381
33375
33369
33307
33250
33239
33170
33169
33050
32993
32968
32940
32937
32915
32911
32907
32890
32871
32838
32810
32789
32778
32774
32741
32694
32670
32585
32542
32413
32173
32074
32032
32028
31923
31912
31785
31779
31778
31753
31749
31709
31515
31464
31434
31220
31210
31156
31123
30961
30895
30864
30775
30693
30676
30668
30656
30602
30598
30370
30362
30323
30288
30251
30237
30162
30161
30159
30105
30091
30066
29986
29961
29931
29889
29858
29815
29737
29684
29634
29627
29561
29507
29356
29272
29173
29106
29099
29067
29033
29024
29013
28966
28915
28902
28830
28826
28815
28762
28700
28688
28666
28637
28626
28530
28520
28489
28358
28355
28305
28180
28102
28075
27974
27947
27939
27932
27891
27891
27678
27603
27594
27580
27575
27548
27473
27454
27282
27279
27259
27204
27194
27187
27132
26992
26989
26978
26968
26900
26884
26757
26685
26606
26403
26369
26369
26355
26308
26305
26285
26267
26220
26191
26181
26125
26061
26047
26045
26002
25967
25953
25935
25772
25730
25722
25655
25561
25556
25544
25523
25389
25350
25245
25213
25125
25073
24980
24976
24951
24900
24752
24681
24581
24575
24559
24358
24344
24309
24262
24251
24239
24155
23914
23797
23653
23582
23512
23472
23333
23203
23177
23173
23145
23126
23090
23084
23064
23036
22984
22957
22925
22828
22804
22789
22672
22657
22642
22571
22564
22533
22504
22401
22387
22381
22352
22350
22261
22194
22182
22098
22068
21889
21872
21781
21762
21760
21759
21690
21670
21657
21622
21538
21523
21445
21376
21350
21333
21284
21219
21194
21121
21117
21084
21038
21023
20986
20976
20795
20704
20677
20629
20626
20485
20470
20451
20419
20415
20412
20324
20309
20061
20015
19928
19879
19823
19808
19601
19567
19522
19509
19400
19232
19226
19154
19045
19029
19011
19004
18846
18711
18687
18663
18588
18562
18546
18529
18524
18517
18507
18446
18335
18333
18299
18284
18273
18266
18206
18165
18081
18075
17989
17987
17978
17921
17760
17717
17660
17640
17628
17549
17448
17337
17292
17204
17162
17098
17088
17059
17055
17052
17027
17024
16981
16956
16949
16924
16908
16721
16710
16700
16694
16623
16548
16535
16502
16437
16408
16405
16323
16319
16260
16258
16257
16255
16243
16198
16197
16189
16180
16168
16113
16107
16075
15935
15929
15895
15858
15851
15832
15681
15659
15653
15633
15623
15619
15588
15490
15484
15480
15324
15223
15178
15155
15099
15067
15032
14983
14945
14879
14801
14746
14728
14548
14532
14452
14404
14323
14292
14292
14270
14258
14240
14187
14179
14163
14114
14054
14049
13928
13892
13877
13863
13758
13753
13617
13568
13508
13464
13428
13364
13325
13292
13279
13268
13109
13096
13061
13048
12925
12854
12846
12821
12812
12810
12768
12723
12657
12644
12602
12541
12490
12420
12416
12146
12144
12102
12073
12008
11998
11976
11940
11934
11906
11893
11835
11770
11699
11584
11514
11475
11433
11417
11409
11334
11267
11188
11146
11108
11064
11037
11009
11002
10986
10936
10929
10908
10875
10869
10844
10720
10659
10654
10628
10540
10510
10460
10407
10368
10343
10301
10155
10118
10013
10009
9999
9942
9891
9847
9827
9813
9746
9677
9672
9666
9539
9409
9288
9090
9076
8992
8975
8961
8936
8906
8789
8745
8718
8698
8587
8579
8528
8479
8433
8386
8386
8273
8271
8194
8180
8145
8117
8042
7892
7890
7884
7816
7765
7761
7739
7710
7645
7640
7637
7566
7553
7373
7283
7272
7251
7191
7180
7152
7101
7047
7029
7018
7006
6985
6956
6945
6867
6670
6607
6547
6536
6497
6459
6431
6402
6361
6099
5993
5961
5837
5796
5672
5542
5540
5509
5399
5327
5311
5285
5271
5268
5127
5120
5077
5027
4896
4874
4830
4814
4783
4751
4707
4694
4681
4675
4583
4568
4565
4542
4498
4468
4434
4433
4417
4403
4235
4221
4165
4134
4057
3935
3857
3754
3603
3602
3533
3447
3409
3103
3103
3039
3032
3006
2982
2963
2961
2847
2815
2757
2710
2666
2649
2612
2580
2538
2401
2347
2343
2307
2156
2134
2063
2031
2013
2005
1973
1938
1865
1864
1804
1792
1660
1638
1633
1620
1616
1594
1464
1335
1286
1258
1209
1164
1121
1064
1040
1031
964
964
950
873
771
754
679
619
611
576
560
557
502
476
476
411
404
275
225
146
125
116
95
63
62
33
