99987
99958
99905
99875
99811
99767
99705
99671
99570
99451
99439
99427
99227
99170
99131
99114
99068
99042
99027
98971
98898
98876
98861
98860
98841
98801
98740
98725
98687
98649
98564
98556
98508
98484
98419
98376
98340
98333
98299
98290
98156
98156
98104
98089
97979
97963
97870
97855
97815
97813
97766
97752
97730
97616
97586
97570
97451
97423
97417
97294
97281
97150
97147
97088
97081
96933
96929
96922
96881
96867
96850
96836
96817
96800
96691
96621
96444
96372
96367
96344
96342
96332
96289
96271
96244
96146
96129
96121
96072
96064
96034
95980
95946
95922
95915
95899
95867
95851
95793
95752
95751
95704
95602
95585
95557
95527
95485
95377
95320
95267
95203
95164
95153
95105
95065
95011
94988
94962
94954
94954
94894
94880
94859
94857
94841
94830
94802
94723
94698
94605
94569
94504
94463
94430
94388
94371
94371
94338
94285
94138
94068
94035
94012
93930
93906
93849
93794
93724
93639
93578
93531
93493
93483
93402
93318
93312
93269
93208
93192
93190
93185
93152
93119
93073
92982
92979
92900
92884
92846
92792
92743
92740
92640
92560
92551
92547
92515
92464
92458
92250
92195
92187
92126
92032
91987
91919
91900
91896
91883
91853
91824
91747
91736
91731
91659
91617
91361
91354
91333
91293
91285
91259
91176
91064
90971
90913
90894
90865
90851
90790
90783
90729
90485
90455
90386
90302
90279
90113
90109
90103
90090
90036
89985
89949
89936
89904
89832
89585
89574
89551
89473
89385
89347
89333
89223
89168
89111
88907
88901
88844
88822
88803
88792
88764
88758
88745
88712
88698
88691
88682
88641
88616
88504
88182
88162
88078
88040
87999
87956
87947
87888
87808
87698
87685
87672
87507
87463
87404
87315
87230
87225
87176
87109
86996
86989
86987
86963
86638
86569
86501
86492
86491
86304
86233
86223
86102
86050
86039
85951
85939
85886
85861
85784
85775
85756
85697
85606
85567
85506
85506
85468
85461
85372
85315
85308
85280
85214
85098
85055
84955
84929
84799
84784
84610
84563
84549
84390
84347
84323
84252
84219
84167
84139
84040
84038
83949
83886
83849
83753
83709
83692
83672
83603
83570
83568
83519
83496
83468
83459
83453
83433
83430
83414
83404
83337
83335
83278
83258
82956
82865
82839
82773
82702
82608
82495
82482
82477
82380
82348
82313
82240
82232
82217
82211
82095
82085
82039
81915
81871
81863
81839
81617
81561
81535
81516
81486
81476
81420
81381
81347
81251
81247
81220
80899
80828
80766
80721
80720
80715
80715
80693
80667
80501
80415
80381
80340
80304
80259
80256
80135
80111
80083
80080
80069
80054
79833
79819
79807
79755
79696
79625
79418
79269
79269
79194
79159
79074
79074
78940
78930
78924
78919
78908
78905
78888
78802
78797
78746
78725
78611
78547
78546
78540
78527
78429
78322
78269
78163
78100
78070
78057
78008
77957
77861
77858
77850
77751
77725
77677
77663
77499
77423
77421
77378
77377
77346
77321
77316
77277
77217
77175
77164
77143
77108
77101
77060
77058
77025
76981
76911
76884
76880
76806
76803
76604
76570
76530
76468
76368
76356
76310
76306
76302
76100
76053
75969
75810
75774
75737
75660
75654
75583
75469
75383
75333
75295
75291
75271
75270
75234
75220
75185
75078
75060
75032
75024
75002
74997
74909
74859
74848
74766
74735
74646
74501
74463
74449
74365
74299
74272
74198
74194
74163
74160
74151
74096
74030
74023
73998
73976
73932
73767
73695
73651
73638
73595
73593
73545
73544
73496
73444
73415
73371
73370
73315
73290
73258
73159
73142
73043
72989
72917
72882
72841
72763
72745
72700
72600
72577
72568
72562
72446
72394
72362
72323
72312
72207
72171
72138
72080
72048
72018
71982
71947
71903
71867
71822
71820
71632
71594
71545
71466
71433
71425
71279
71225
71208
71136
71131
70944
70890
70832
70725
70714
70670
70638
70610
70555
70498
70475
70468
70453
70433
70334
70308
70212
70185
70183
70065
70042
69858
69842
69833
69779
69694
69596
69524
69428
69322
69246
69217
69212
69147
69134
69047
69039
69033
68962
68910
68797
68749
68748
68646
68592
68527
68431
68401
68336
68204
68201
68196
68160
68086
68078
68059
68012
67830
67805
67769
67663
67642
67530
67514
67495
67484
67206
67204
67188
67105
67073
67019
66994
66888
66862
66815
66653
66640
66625
66621
66553
66549
66483
66368
66290
66241
66228
66220
66126
66077
65987
65972
65936
65869
65866
65863
65803
65743
65700
65530
65492
65439
65426
65387
65348
65345
65318
65313
65261
65170
65060
65053
65032
65015
64930
64927
64896
64845
64743
64651
64584
64562
64462
64405
64376
64350
64291
64246
64034
63954
63887
63861
63855
63816
63815
63810
63748
63722
63686
63685
63649
63648
63580
63558
63543
63535
63523
63516
63482
63463
63356
63342
63335
63228
63195
63156
63116
63081
63006
62987
62959
62814
62798
62658
62606
62555
62474
62460
62377
62361
62267
62238
62079
62030
61984
61935
61882
61874
61760
61737
61619
61596
61542
61496
61482
61465
61446
61392
61389
61291
61218
61217
61170
61150
61105
61092
61075
61059
61046
60859
60836
60751
60648
60603
60593
60569
60548
60501
60471
60408
60370
60314
60297
60270
60266
60214
60182
60168
60126
60103
60079
60043
60022
60005
59957
59909
59891
59770
59695
59672
59643
59641
59561
59558
59547
59535
59429
59347
59315
59242
59212
59208
59157
59140
59124
59116
59027
58983
58947
58930
58840
58814
58813
58813
58756
58753
58736
58555
58537
58454
58391
58365
58342
58242
58203
58181
58151
58148
58124
58115
58110
58086
58077
58015
57978
57959
57936
57913
57852
57674
57671
57667
57653
57644
57529
57373
57347
57289
57243
57241
57229
57106
57010
56940
56938
56904
56863
56859
56849
56831
56793
56761
56655
56504
56473
56465
56461
56452
56246
56233
56211
56158
56136
56113
56045
56026
56021
55840
55778
55737
55732
55688
55664
55570
55544
55526
55482
55442
55368
55217
55081
55054
55013
54942
54840
54838
54723
54651
54598
54591
54587
54560
54407
54405
54326
54290
54215
54164
54154
53946
53852
53829
53803
53779
53738
53735
53730
53653
53642
53623
53492
53268
53240
53208
53146
53097
53045
53008
53007
53004
52996
52916
52911
52804
52804
52769
52769
52757
52745
52644
52628
52622
52586
52561
52479
52411
52398
52282
52162
52154
52070
52058
52000
51981
51899
51842
51820
51757
51665
51428
51376
51318
51152
51143
51110
51106
51092
51066
51012
50989
50960
50922
50904
50874
50827
50632
50565
50520
50397
50373
50321
50218
50197
50163
50113
50081
50041
49991
49990
49879
49875
49858
49832
49818
49808
49773
49722
49680
49665
49361
49354
49337
49310
49283
49188
49150
49143
49088
49078
49076
49048
49040
48965
48928
48893
48864
48860
48853
48828
48765
48717
48682
48622
48546
48522
48465
48450
48421
48378
48335
48326
48294
48274
48246
48174
48144
48098
48055
47918
47757
47693
47670
47654
47625
47616
47591
47520
47507
47391
47370
47310
47305
47277
47237
47050
46960
46891
46672
46495
46472
46446
46422
46324
46277
46271
46219
46218
46082
46041
46034
45997
45950
45917
45909
45873
45872
45858
45724
45675
45675
45664
45650
45603
45568
45511
45372
45363
45257
45219
45180
45070
45021
44977
44839
44809
44755
44729
44650
44610
44546
44533
44513
44494
44408
44393
44381
44311
44296
44060
44049
43950
43878
43846
43824
43730
43695
43666
43658
43576
43507
43501
43438
43437
43407
43193
43135
43129
43119
42956
42946
42931
42928
42909
42874
42872
42824
42755
42726
42638
42460
42253
42220
42145
42106
42005
41991
41714
41671
41631
41525
41500
41469
41397
41360
41304
41234
41205
41153
41056
40943
40939
40898
40894
40777
40777
40749
40655
40654
40627
40564
40541
40486
40400
40393
40387
40357
40351
40309
40238
40126
40126
40108
40036
40034
39928
39852
39765
39698
39674
39551
39547
39498
39251
39248
39187
39139
39127
39100
38974
38913
38912
38900
38863
38559
38265
38232
38219
38179
38137
38079
38019
37857
37798
37772
37744
37702
37667
37570
37506
37498
37477
37460
37413
37410
37330
37253
37127
37110
37091
37062
36980
36838
36738
36718
36718
36703
36670
36665
36632
36630
36597
36462
36298
36172
36147
36138
36026
35876
35844
35811
35748
35714
35704
35700
35688
35687
35661
35604
35596
35570
35465
35459
35456
35448
35386
35366
35366
35357
35295
35232
35201
35093
34933
34928
34881
34747
34642
34363
34324
34268
34134
33939
33881
33817
33789
33771
33753
33719
33701
33599
33469
33356
33348
33152
33085
33067
33016
32990
32977
32968
32942
32937
32922
32889
32873
32849
32790
32779
32742
32712
32613
32590
32590
32528
32495
32488
32372
32330
32303
32290
32211
32081
32032
32001
31985
31977
31834
31760
31673
31623
31487
31377
31356
31283
31199
31182
31106
30966
30926
30896
30837
30823
30750
30592
30528
30452
30443
30416
30326
30267
30212
30156
30131
30045
29979
29977
29961
29886
29880
29867
29863
29704
29695
29663
29658
29654
29390
29347
29322
29320
29302
29296
29183
29171
29168
28963
28934
28890
28812
28780
28736
28735
28699
28549
28468
28461
28452
28386
28354
28252
28144
28010
28008
27929
27918
27892
27838
27817
27816
27809
27801
27742
27702
27675
27592
27582
27578
27543
27432
27411
27410
27403
27199
27184
27111
27063
26929
26893
26796
26777
26704
26627
26602
26591
26577
26570
26470
26466
26426
26419
26391
26309
26273
26202
26145
26119
26108
25927
25917
25907
25761
25656
25411
25386
25326
25296
25284
25283
25180
25154
25140
25139
25138
25091
24866
24864
24774
24766
24761
24750
24678
24674
24667
24653
24591
24582
24556
24553
24520
24421
24407
24402
24377
24360
24281
24163
24159
24094
24056
24054
24051
23938
23869
23765
23698
23694
23678
23592
23518
23447
23423
23351
23318
23283
23234
23232
23158
23128
23118
23036
22966
22824
22705
22525
22511
22438
22427
22403
22382
22360
22338
22266
22261
22212
22182
22149
22146
22081
22079
22059
22037
22008
22005
21962
21894
21764
21729
21719
21680
21650
21586
21578
21531
21506
21505
21495
21415
21407
21347
21325
21275
21273
21243
21234
21209
21174
21099
21094
21081
20903
20880
20822
20797
20764
20733
20706
20691
20639
20615
20599
20508
20419
20389
20359
20351
20284
20208
20142
20131
20092
20039
19812
19720
19689
19675
19627
19323
19247
19188
18991
18991
18982
18698
18595
18524
18463
18444
18443
18414
18357
18344
18328
18280
18213
18209
18192
18142
18141
18127
18070
18041
17957
17934
17912
17888
17874
17828
17810
17795
17783
17592
17582
17509
17488
17455
17393
17351
17320
17258
17223
17171
17158
17148
17118
17100
17097
17079
17073
16959
16955
16947
16941
16937
16909
16896
16883
16859
16786
16782
16749
16717
16686
16631
16552
16539
16515
16458
16411
16407
16390
16211
16189
16187
16138
16040
16037
16035
15997
15990
15968
15854
15661
15658
15508
15429
15389
15226
15143
15096
15093
15061
15027
14971
14961
14948
14868
14681
14615
14606
14245
14166
14096
14031
13966
13962
13872
13852
13758
13742
13541
13476
13432
13288
13263
13251
13233
13210
13153
13122
13093
13091
13074
13059
12922
12919
12885
12838
12829
12797
12545
12539
12521
12502
12466
12452
12442
12336
12211
12201
12198
12181
12140
12125
12037
12010
12005
11904
11855
11842
11716
11687
11672
11632
11611
11578
11524
11495
11470
11360
11315
11299
11239
11227
11205
11205
11201
11141
11118
11010
10989
10950
10876
10864
10800
10791
10680
10658
10635
10614
10594
10560
10553
10372
10319
10275
10222
10209
10134
10113
10050
10001
9996
9958
9930
9884
9839
9748
9713
9701
9682
9639
9610
9360
9307
9305
9246
9203
9129
9106
9033
8993
8903
8886
8810
8804
8782
8716
8649
8433
8329
8206
8150
8150
8121
8119
8096
8087
7990
7913
7810
7650
7597
7550
7525
7484
7475
7428
7392
7315
7298
7276
7160
7098
7005
6957
6931
6914
6869
6777
6742
6623
6585
6567
6524
6479
6472
6456
6425
6403
6368
6330
6278
6276
6237
6218
6167
6148
6139
6100
5845
5774
5749
5710
5682
5639
5615
5576
5538
5515
5403
5380
5285
5193
5187
5108
5056
5025
4992
4917
4788
4723
4637
4568
4544
4487
4432
4376
4316
4253
4190
4115
3948
3903
3891
3847
3840
3804
3784
3776
3756
3727
3685
3619
3587
3567
3555
3531
3520
3520
3498
3464
3433
3422
3403
3371
3370
3321
3297
3198
3106
3102
3009
2964
2957
2892
2892
2832
2806
2638
2568
2519
2360
2288
2170
2101
2091
2085
2040
1925
1859
1845
1841
1816
1768
1661
1642
1628
1600
1581
1535
1518
1421
1410
1315
1303
1258
1043
966
939
935
934
882
880
872
821
731
707
703
692
662
508
503
452
430
358
289
273
267
153
117
76
