99991
99979
99975
99925
99907
99735
99532
99520
99379
99378
99367
99351
99319
99258
99223
99089
98900
98883
98878
98833
98765
98763
98706
98695
98691
98687
98650
98620
98601
98593
98518
98514
98450
98413
98386
98367
98312
98275
98263
98208
98177
98127
98120
97999
97918
97898
97850
97801
97798
97715
97711
97683
97614
97593
97465
97442
97426
97354
97341
97336
97328
97296
97284
97186
97091
97046
97034
97003
96991
96865
96827
96782
96683
96638
96631
96505
96486
96448
96360
96348
96271
96249
96209
96142
95944
95873
95825
95812
95799
95737
95691
95647
95627
95587
95512
95463
95392
95294
95288
95221
95123
94950
94935
94930
94910
94879
94843
94809
94765
94667
94600
94592
94585
94582
94507
94460
94434
94421
94377
94306
94269
94254
94242
94200
94199
94077
93987
93972
93940
93925
93872
93852
93758
93751
93749
93603
93560
93410
93409
93304
93287
93236
93211
93184
93176
93138
93098
93021
92988
92908
92899
92890
92800
92723
92697
92690
92620
92537
92461
92393
92368
92321
92271
92270
92210
92091
91987
91973
91759
91695
91642
91574
91511
91503
91406
91371
91348
91320
91315
91309
91251
91221
91195
91157
91121
91083
91034
91024
91021
90947
90913
90902
90887
90850
90806
90681
90672
90647
90561
90451
90388
90349
90306
90285
90176
90051
89953
89935
89829
89596
89502
89495
89449
89443
89427
89315
89291
89280
89164
89022
89006
88964
88881
88869
88862
88771
88758
88692
88671
88663
88627
88606
88516
88473
88471
88407
88393
88392
88362
88308
88297
88287
88270
88232
88204
88157
88062
88009
87934
87891
87885
87876
87859
87819
87810
87722
87713
87567
87474
87443
87401
87347
87335
87304
87302
87297
87274
87238
87227
87206
87157
87041
87013
86949
86928
86923
86913
86736
86714
86600
86539
86429
86357
86268
86193
86146
86136
86062
86060
85967
85911
85853
85821
85811
85764
85740
85724
85679
85607
85602
85526
85513
85502
85495
85477
85474
85468
85413
85396
85272
85271
85132
85047
85020
84966
84891
84881
84877
84868
84864
84813
84773
84762
84668
84582
84532
84529
84523
84515
84471
84395
84334
84307
84253
84118
84051
83919
83853
83818
83760
83692
83672
83667
83431
83424
83419
83389
83319
83293
83271
83129
82915
82795
82756
82750
82735
82533
82523
82446
82426
82416
82387
82308
82173
82164
82118
82099
82072
81958
81950
81892
81837
81805
81647
81525
81522
81500
81493
81483
81482
81410
81376
81311
81279
81245
81159
81140
81047
80950
80912
80903
80867
80848
80839
80797
80768
80682
80639
80600
80555
80549
80542
80518
80468
80439
80417
80371
80341
80289
80284
80224
80194
80161
80142
80111
80028
80005
79876
79775
79733
79696
79577
79506
79498
79475
79400
79390
79351
79317
79259
79203
79060
78997
78970
78965
78955
78899
78759
78758
78756
78702
78666
78482
78429
78406
78387
78309
78193
78077
78059
77996
77964
77904
77888
77700
77600
77482
77480
77473
77442
77337
77286
77279
77251
77235
77134
77098
77041
76972
76883
76882
76852
76822
76805
76743
76582
76468
76464
76428
76385
76181
76024
75936
75887
75795
75792
75783
75762
75725
75611
75602
75547
75537
75448
75376
75316
75301
75272
75211
75204
75156
75154
75005
75003
74997
74854
74839
74769
74675
74656
74647
74642
74614
74575
74567
74499
74499
74471
74345
74313
74279
74249
74223
74133
74047
74021
74007
74005
73934
73929
73926
73917
73820
73781
73772
73748
73746
73742
73701
73695
73669
73637
73589
73585
73558
73542
73528
73525
73495
73449
73397
73370
73259
73247
73220
73215
73177
73150
73136
73127
73088
72973
72911
72907
72880
72640
72606
72581
72550
72532
72408
72396
72351
72345
72309
72253
72249
72225
72152
72146
72084
72032
72030
71964
71939
71937
71752
71628
71609
71578
71547
71295
71250
71246
71218
71157
71119
71096
71006
70972
70945
70912
70855
70785
70734
70717
70664
70646
70601
70585
70563
70433
70421
70340
70337
70298
70261
70239
70065
70043
70026
69916
69854
69787
69777
69651
69647
69600
69405
69329
69227
69225
69222
69050
69035
69026
68996
68953
68912
68857
68795
68762
68674
68615
68567
68515
68507
68457
68400
68346
68318
68309
68182
68160
68126
68102
68032
68016
67848
67821
67809
67771
67753
67714
67613
67606
67595
67573
67532
67506
67456
67428
67203
67166
67164
67109
67065
67000
66931
66856
66841
66831
66770
66761
66740
66725
66542
66529
66509
66474
66449
66329
66306
66188
66118
66054
65957
65894
65836
65816
65804
65691
65609
65561
65544
65532
65529
65436
65346
65325
65233
65207
65142
65087
65054
65047
64974
64951
64924
64917
64900
64888
64822
64743
64633
64601
64583
64564
64515
64498
64387
64198
64136
64082
64061
63997
63979
63884
63853
63823
63766
63758
63748
63748
63678
63667
63644
63623
63596
63497
63463
63413
63363
63319
63312
63190
63155
63154
63121
63093
63037
63031
63015
62996
62959
62814
62778
62749
62683
62661
62581
62577
62561
62487
62485
62457
62407
62386
62373
62232
62226
62147
62144
62137
62076
61883
61865
61787
61783
61778
61702
61681
61505
61480
61474
61372
61366
61180
61177
61174
61126
60990
60909
60881
60759
60735
60732
60616
60582
60403
60372
60316
60313
60297
60291
60250
60201
60052
59900
59862
59846
59708
59601
59532
59527
59523
59448
59384
59353
59246
59216
59156
59150
59084
59010
59009
58971
58883
58866
58819
58812
58604
58525
58493
58484
58469
58449
58315
58237
58059
58032
57966
57954
57915
57894
57892
57833
57784
57748
57715
57664
57662
57661
57627
57549
57416
57410
57390
57331
57327
57294
57249
57159
57125
57115
57047
57032
56959
56918
56912
56877
56872
56865
56850
56833
56821
56814
56806
56737
56737
56650
56543
56523
56515
56453
56415
56397
56241
56186
56170
56110
56077
56014
55951
55873
55858
55855
55847
55838
55833
55832
55781
55780
55638
55530
55460
55395
55340
55322
55298
55159
55044
55024
55000
54918
54788
54749
54729
54641
54478
54466
54313
54270
54260
54252
54250
54241
54224
54201
54154
54148
54084
54028
53957
53917
53862
53676
53620
53592
53531
53504
53467
53425
53417
53373
53328
53286
53146
53103
53055
52982
52946
52888
52887
52693
52554
52523
52507
52454
52435
52343
52213
52197
52153
52144
52112
52038
51957
51937
51920
51799
51553
51546
51545
51528
51437
51341
51328
51308
51285
51273
51267
51266
51231
51132
51105
50997
50964
50954
50818
50809
50694
50643
50624
50566
50369
50332
50330
50317
50307
50287
50261
50199
50105
50069
50032
49975
49947
49930
49876
49849
49801
49754
49745
49701
49681
49601
49598
49542
49497
49464
49330
49255
49118
48958
48930
48927
48910
48878
48864
48797
48737
48731
48729
48636
48624
48416
48354
48347
48284
48275
48266
48155
48064
47996
47922
47781
47779
47639
47623
47573
47546
47509
47496
47457
47448
47379
47363
47280
47257
47256
47214
47194
47186
47107
47076
47055
47035
46920
46895
46891
46794
46785
46775
46755
46744
46549
46537
46535
46530
46438
46426
46390
46384
46336
46173
46049
46037
45931
45845
45796
45718
45712
45515
45452
45401
45363
45152
45150
45019
44912
44751
44738
44663
44661
44654
44635
44634
44624
44612
44606
44551
44486
44427
44364
44296
44103
44082
43950
43905
43900
43778
43679
43636
43512
43477
43457
43372
43306
43237
43228
43219
43144
43104
43061
43047
43017
43011
42987
42969
42962
42895
42877
42699
42484
42437
42233
42217
42216
42211
42178
42128
42048
42036
41975
41948
41947
41848
41822
41814
41705
41678
41647
41525
41483
41464
41396
41261
41260
41180
41168
41154
41076
40966
40912
40746
40705
40699
40654
40627
40507
40497
40453
40414
40380
40374
40360
40301
40263
40177
40126
40024
39970
39966
39948
39758
39728
39715
39617
39613
39585
39480
39467
39444
39256
39184
39124
39047
39045
38947
38910
38886
38865
38858
38836
38819
38732
38676
38646
38574
38560
38512
38454
38418
38390
38385
38303
38090
38075
38010
37980
37946
37844
37825
37762
37750
37715
37685
37587
37514
37428
37388
37303
37268
37180
37179
37177
37164
37117
37043
37013
36960
36946
36855
36834
36692
36651
36569
36547
36487
36320
36311
36292
36291
36222
36210
36207
36167
36105
35970
35888
35862
35774
35738
35709
35704
35622
35597
35552
35509
35300
35298
35223
35166
35136
35126
35113
35093
34838
34813
34789
34786
34678
34675
34628
34536
34521
34412
34391
34364
34275
34245
34245
34208
34206
34149
34139
34086
34023
34018
33998
33976
33966
33921
33920
33893
33857
33838
33780
33768
33758
33711
33694
33676
33586
33480
33448
33240
33219
33213
33130
33074
33066
33063
33031
33015
32975
32961
32815
32777
32761
32691
32632
32558
32520
32502
32491
32475
32475
32436
32361
32337
32221
32189
32185
32042
31994
31922
31876
31875
31806
31791
31658
31616
31604
31577
31557
31495
31394
31306
31294
31286
31249
31230
31179
31136
31114
31056
31037
30939
30842
30791
30680
30623
30542
30513
30486
30473
30350
30291
30145
30041
30006
29991
29966
29957
29903
29881
29855
29785
29775
29736
29701
29656
29653
29614
29528
29369
29354
29353
29313
29295
29249
29164
29142
29084
29071
29006
28983
28974
28939
28882
28790
28788
28779
28778
28773
28768
28690
28687
28681
28676
28560
28552
28541
28518
28512
28447
28319
28313
28195
28169
28104
27921
27893
27867
27700
27679
27660
27654
27629
27498
27495
27493
27447
27344
27343
27323
27315
27296
27263
27181
27101
27070
26950
26946
26930
26887
26862
26800
26793
26754
26742
26723
26592
26535
26507
26470
26445
26433
26390
26279
26266
26195
26192
26083
26083
26081
26065
26041
25974
25945
25862
25792
25776
25704
25654
25647
25606
25526
25386
25339
25301
25236
25207
25196
25162
25147
25042
24999
24928
24760
24660
24631
24557
24486
24485
24455
24436
24401
24259
24232
24198
24150
24062
23978
23950
23888
23886
23856
23837
23830
23716
23713
23664
23620
23608
23478
23411
23408
23350
23305
23287
23224
23196
23163
23052
23019
23015
22950
22935
22798
22781
22746
22718
22693
22568
22532
22504
22493
22430
22327
22251
22184
22123
22040
22023
21963
21901
21897
21892
21890
21845
21844
21803
21794
21754
21684
21583
21455
21423
21421
21363
21300
21266
21243
21174
21173
21007
20969
20960
20866
20836
20730
20648
20635
20606
20477
20469
20435
20359
20354
20252
20247
20107
20107
20049
20011
19801
19799
19766
19521
19509
19499
19446
19419
19401
19346
19336
19326
19276
19042
19012
18997
18906
18903
18893
18888
18822
18805
18704
18670
18655
18579
18573
18555
18442
18437
18305
18264
18259
18256
18248
18202
18191
18175
18172
18149
18030
17946
17915
17909
17888
17879
17739
17737
17693
17684
17679
17605
17577
17488
17417
17413
17371
17272
17250
17217
17211
17202
17186
17185
17141
17134
17112
17072
16979
16968
16919
16831
16828
16681
16646
16619
16540
16519
16505
16503
16402
16328
16297
16234
16232
16140
16073
16032
15831
15805
15784
15633
15561
15534
15517
15491
15483
15483
15448
15398
15378
15365
15179
15159
15083
15012
14915
14860
14811
14787
14713
14700
14699
14614
14610
14605
14602
14576
14455
14434
14387
14140
13988
13917
13908
13863
13696
13695
13542
13461
13438
13311
13260
13244
12841
12840
12816
12783
12745
12690
12671
12561
12551
12541
12527
12424
12402
12369
12238
12185
12175
12175
12064
11856
11851
11839
11837
11793
11755
11739
11621
11524
11413
11298
11266
11222
11220
11100
11015
11003
10914
10693
10651
10622
10613
10570
10527
10512
10439
10238
10175
10108
10062
10022
9980
9978
9720
9711
9642
9604
9479
9454
9409
9346
9248
9178
9163
9163
9155
9100
9012
8993
8966
8933
8794
8772
8770
8744
8725
8716
8678
8675
8671
8662
8621
8615
8579
8545
8511
8493
8480
8439
8356
8316
8296
8262
8254
8221
8168
8080
8071
8063
8000
7892
7857
7793
7573
7552
7487
7375
7340
7211
7206
7163
6976
6916
6881
6879
6812
6811
6770
6748
6717
6586
6579
6514
6444
6421
6389
6363
6350
6311
6302
6260
6239
6233
6149
6039
6029
5961
5906
5893
5842
5687
5669
5630
5595
5567
5545
5545
5472
5382
5350
5284
5235
5152
5021
4988
4986
4775
4747
4731
4674
4645
4633
4583
4575
4563
4557
4539
4516
4455
4400
4388
4357
4338
4323
4254
4207
4116
4106
4071
4026
3986
3900
3727
3612
3580
3399
3362
3360
3310
3255
2969
2943
2924
2851
2846
2754
2754
2751
2656
2582
2459
2302
2294
2277
2233
2220
2206
2173
1965
1947
1852
1845
1791
1750
1746
1733
1682
1657
1656
1534
1525
1507
1500
1389
1210
1164
1037
1034
967
931
863
787
696
690
669
500
420
350
344
310
209
188
163
145
104
89
83
52
37
