99975
99914
99876
99833
99830
99808
99806
99760
99669
99651
99594
99567
99557
99449
99354
99344
99319
99310
99241
99211
99210
99174
99170
99146
99128
99107
99049
99012
98955
98929
98923
98846
98843
98821
98805
98798
98761
98759
98747
98737
98698
98569
98520
98498
98491
98404
98384
98376
98304
98229
98223
98167
98103
98064
98011
97996
97991
97978
97964
97828
97800
97794
97789
97738
97736
97681
97624
97517
97464
97453
97355
97197
97118
97099
97090
97032
97023
96981
96814
96811
96730
96688
96662
96614
96596
96582
96579
96575
96540
96510
96417
96338
96302
96300
96231
96102
96059
95964
95934
95904
95893
95888
95857
95811
95779
95693
95590
95524
95522
95487
95480
95465
95418
95364
95361
95348
95308
95302
95289
95277
95249
95196
95123
95063
95016
94969
94879
94793
94760
94758
94698
94677
94635
94613
94603
94566
94539
94531
94526
94499
94439
94356
94326
94323
94290
94257
94239
94163
94161
94151
94149
94135
94077
94021
93910
93830
93827
93749
93631
93599
93556
93293
93236
93176
93141
93120
93079
92999
92998
92973
92932
92842
92841
92774
92747
92701
92698
92677
92498
92480
92438
92418
92381
92379
92336
92253
91993
91986
91889
91713
91704
91506
91504
91493
91474
91388
91351
91315
91180
91014
90919
90862
90838
90829
90821
90644
90583
90576
90511
90455
90386
90323
90093
90032
90023
90003
89928
89905
89853
89767
89741
89682
89590
89551
89455
89389
89388
89198
89147
88961
88851
88843
88842
88811
88806
88773
88734
88712
88384
88361
88312
88240
88170
88132
87924
87899
87819
87798
87796
87727
87608
87603
87563
87559
87479
87308
87279
87113
87033
86957
86837
86781
86780
86755
86743
86652
86647
86586
86577
86561
86550
86530
86436
86407
86376
86329
86227
86104
85977
85966
85960
85768
85738
85566
85552
85468
85454
85449
85297
85252
85106
85096
85002
84980
84668
84659
84644
84615
84581
84501
84493
84441
84338
84305
84304
84262
84109
84057
84055
84030
83925
83831
83741
83600
83541
83504
83501
83461
83437
83427
83347
83343
83295
83276
83276
83238
83183
83171
83160
82951
82924
82847
82686
82393
82340
82301
82159
82131
82119
82092
82009
81862
81861
81859
81839
81835
81813
81803
81796
81726
81722
81660
81637
81627
81601
81586
81510
81496
81390
81374
81329
81325
81278
81188
81125
81107
81051
80940
80795
80771
80746
80611
80571
80512
80509
80492
80450
80376
80300
80285
80255
80226
80214
80160
80125
80109
80082
80077
80066
80039
79978
79877
79851
79814
79800
79791
79785
79781
79732
79694
79657
79556
79543
79503
79498
79413
79411
79404
79392
79297
79283
79206
79151
79135
79085
79081
79065
79016
79006
78970
78874
78856
78818
78809
78777
78770
78767
78746
78680
78656
78625
78609
78568
78538
78505
78491
78446
78440
78178
78173
78116
77897
77883
77875
77651
77608
77603
77570
77521
77480
77476
77450
77444
77440
77418
77329
77203
77193
77095
77064
76929
76886
76811
76682
76520
76495
76453
76451
76448
76446
76414
76392
76391
76259
76231
76213
76198
76186
76102
76058
76058
76041
76003
75927
75827
75819
75797
75740
75696
75683
75670
75622
75505
75477
75431
75399
75278
75269
75247
74939
74911
74877
74770
74770
74763
74731
74624
74532
74492
74459
74388
74312
74202
74199
74198
74070
74056
74054
73955
73800
73794
73743
73705
73702
73553
73500
73500
73496
73487
73374
73348
73297
73251
73219
73142
73101
72983
72955
72927
72907
72850
72788
72756
72749
72723
72576
72496
72432
72425
72384
72351
72347
72190
72096
72030
71843
71801
71783
71761
71679
71633
71621
71554
71550
71518
71415
71401
71297
71224
71183
71175
71083
71074
70975
70870
70858
70753
70747
70730
70671
70619
70593
70556
70517
70494
70443
70426
70229
70221
70155
70105
70091
70082
70055
70018
70012
69949
69915
69802
69791
69791
69720
69611
69565
69526
69513
69391
69266
69230
69208
69167
69071
69032
68899
68732
68584
68540
68471
68427
68281
68257
68162
68121
68035
68030
68019
67741
67736
67637
67624
67594
67590
67497
67420
67409
67405
67337
67236
67168
67153
66985
66982
66962
66873
66839
66691
66687
66646
66592
66559
66465
66464
66457
66301
66143
66106
66096
65940
65850
65789
65773
65730
65687
65643
65627
65590
65585
65553
65503
65483
65449
65429
65395
65340
65327
65253
65146
65134
65096
65044
65022
65015
64968
64945
64938
64768
64698
64680
64657
64569
64485
64485
64466
64451
64334
64253
64076
64007
63983
63980
63953
63948
63906
63868
63779
63717
63624
63580
63573
63463
63459
63434
63396
63380
63346
63341
63340
63305
63288
63208
63176
63175
63113
63103
63059
63011
62861
62803
62691
62648
62598
62476
62426
62424
62335
62319
62310
62302
62300
62215
62144
62111
62109
62074
62048
62016
62006
61949
61844
61828
61805
61766
61734
61726
61717
61675
61659
61633
61557
61518
61501
61492
61472
61458
61403
61359
61242
61136
61042
61040
61008
60939
60898
60880
60879
60784
60771
60695
60643
60596
60586
60547
60458
60458
60440
60426
60399
60358
60349
60311
60293
60180
60107
60107
60031
59923
59839
59825
59802
59785
59766
59752
59742
59689
59661
59658
59564
59547
59510
59483
59412
59308
59301
59172
59171
59157
59143
59023
58998
58781
58666
58647
58569
58542
58518
58488
58479
58398
58368
58357
58283
58232
58215
58207
58163
58140
58103
57983
57787
57711
57642
57639
57570
57438
57413
57399
57374
57357
57314
57308
57253
57180
57119
57033
56999
56938
56877
56854
56836
56823
56786
56739
56698
56615
56613
56600
56576
56525
56350
56329
56325
56304
56266
56231
56224
56206
56125
56120
55964
55941
55879
55853
55835
55776
55620
55599
55473
55469
55392
55381
55345
55341
55335
55331
55260
55234
55206
55068
55012
54997
54970
54923
54871
54868
54849
54837
54784
54758
54637
54618
54498
54432
54394
54389
54218
54209
54168
54101
54036
54033
54027
53974
53925
53803
53697
53680
53581
53563
53553
53522
53454
53392
53211
53192
53150
53133
53127
53124
53115
53096
53093
52990
52933
52930
52930
52921
52830
52791
52747
52738
52580
52580
52554
52437
52372
52299
52250
52130
52126
52118
52027
51991
51989
51987
51982
51859
51763
51743
51731
51668
51651
51598
51555
51549
51472
51464
51457
51418
51355
51292
51157
51082
50779
50761
50688
50683
50593
50572
50366
50292
50256
50226
50171
50127
50095
50053
49858
49844
49754
49680
49619
49538
49395
49358
49301
49183
49169
49139
49009
48884
48859
48846
48813
48756
48723
48692
48653
48580
48250
48211
48198
48177
48083
48069
48065
48062
48054
47911
47895
47870
47729
47662
47603
47454
47416
47321
47228
47196
47030
47027
46998
46960
46760
46750
46742
46727
46692
46657
46654
46596
46593
46579
46490
46410
46277
46149
46144
46137
46096
46093
46076
46021
46002
45964
45949
45922
45888
45884
45804
45781
45769
45739
45730
45712
45633
45631
45569
45565
45534
45496
45493
45482
45298
45226
44943
44856
44847
44824
44817
44814
44805
44804
44795
44791
44663
44645
44636
44598
44587
44575
44571
44510
44393
44354
44320
44300
44278
44267
44047
44040
43917
43881
43784
43656
43646
43630
43584
43500
43414
43412
43366
43136
43077
43051
42976
42946
42895
42826
42824
42772
42748
42708
42703
42560
42519
42519
42506
42498
42486
42485
42469
42426
42412
42383
42368
42326
42316
42274
42267
42228
42130
42127
42103
42078
42073
41963
41962
41912
41857
41776
41745
41694
41461
41447
41410
41410
41381
41366
41337
41305
41156
41135
41122
41107
40991
40985
40860
40791
40731
40699
40679
40673
40544
40522
40411
40383
40381
40316
40217
40167
40156
40141
40134
40129
40108
40042
39974
39954
39937
39912
39893
39855
39842
39840
39807
39776
39741
39731
39709
39703
39690
39663
39659
39641
39588
39576
39525
39464
39460
39451
39314
39217
39148
39096
39079
39022
38984
38955
38766
38675
38630
38576
38511
38471
38468
38457
38402
38316
38308
38085
38069
38065
38020
37859
37818
37812
37736
37736
37680
37605
37581
37578
37556
37518
37352
37351
37348
37339
37270
37105
37086
37029
36982
36898
36882
36821
36768
36699
36698
36676
36539
36529
36503
36366
36331
36230
36184
36162
36152
36138
36097
36079
36072
36018
36009
35964
35786
35739
35724
35708
35675
35673
35660
35618
35612
35580
35505
35477
35447
35390
35231
35122
34988
34912
34889
34855
34843
34809
34777
34766
34760
34708
34538
34523
34491
34366
34308
34252
34228
34149
34050
34042
33976
33857
33814
33772
33651
33622
33558
33556
33555
33485
33466
33423
33350
33336
33279
33263
33215
33190
33137
33126
33104
33080
32975
32774
32706
32699
32661
32639
32637
32602
32457
32348
32325
32320
32242
32199
31872
31822
31814
31766
31746
31746
31739
31738
31630
31283
31186
31127
31095
31062
31046
31036
31027
31019
31011
30984
30937
30838
30727
30685
30680
30676
30490
30420
30417
30356
30131
29988
29983
29961
29939
29936
29844
29762
29692
29468
29458
29411
29410
29393
29351
29340
29284
29242
29193
29159
29122
29082
29066
29013
28995
28869
28864
28845
28842
28745
28741
28694
28631
28596
28584
28440
28432
28399
28351
28351
28310
28296
28093
28082
27785
27637
27557
27536
27514
27510
27370
27338
27328
27186
27046
26948
26919
26745
26662
26629
26304
26255
26222
26140
26084
26049
25998
25988
25919
25891
25834
25702
25688
25671
25618
25617
25616
25561
25526
25471
25430
25240
25197
25187
25172
25105
25083
25053
25012
24998
24988
24977
24906
24759
24687
24670
24665
24650
24489
24459
24378
24286
24204
24029
24012
23962
23939
23937
23883
23715
23699
23698
23615
23367
23232
23201
23142
23060
22882
22859
22846
22812
22782
22767
22640
22584
22504
22497
22489
22397
22270
22270
22249
22215
22149
22071
22004
22001
21995
21945
21857
21770
21767
21713
21651
21651
21627
21529
21520
21471
21459
21442
21401
21329
21278
21257
21166
21122
21070
21047
21015
20993
20985
20892
20832
20817
20764
20725
20717
20687
20670
20655
20588
20500
20483
20409
20377
20338
20233
20190
20070
19981
19980
19892
19835
19818
19775
19668
19558
19544
19504
19480
19433
19408
19307
19301
19231
19226
19085
18960
18955
18890
18840
18761
18726
18700
18696
18695
18659
18649
18571
18552
18482
18475
18441
18358
18352
18329
18261
18259
18223
18200
18078
18071
18052
18029
18003
18001
17976
17857
17840
17831
17796
17723
17675
17664
17628
17601
17574
17532
17502
17491
17480
17474
17439
17384
17326
17250
17210
17090
16996
16940
16871
16863
16724
16723
16593
16515
16507
16459
16412
16332
16323
16246
16203
16116
16112
16073
16032
16028
16025
16006
15861
15837
15737
15719
15708
15656
15648
15597
15483
15481
15450
15417
15378
15247
15190
15172
15164
15149
15133
15085
15077
15069
15049
14982
14913
14870
14796
14705
14691
14670
14657
14603
14594
14586
14522
14481
14373
14330
14303
14290
14261
14205
14190
14165
14156
14097
14085
13990
13985
13925
13897
13851
13740
13713
13623
13551
13521
13488
13450
13445
13443
13428
13423
13394
13390
13288
13252
13175
13142
13132
13082
13066
13038
13038
13010
13004
12986
12981
12948
12945
12871
12832
12808
12754
12733
12724
12688
12564
12485
12476
12443
12430
12413
12378
12341
12229
12209
12155
12060
12005
11964
11916
11763
11762
11752
11644
11616
11564
11558
11542
11536
11448
11307
11301
11097
11063
11012
11000
10998
10958
10841
10827
10755
10726
10703
10669
10586
10556
10540
10538
10510
10478
10456
10424
10353
10308
10272
10169
10160
10143
10120
10116
10090
10069
9970
9970
9955
9887
9785
9700
9665
9630
9617
9565
9560
9526
9524
9508
9390
9377
9217
8980
8946
8875
8870
8779
8728
8714
8639
8602
8580
8555
8555
8445
8410
8385
8359
8355
8266
8185
8158
8156
8130
8118
8051
8036
7975
7920
7912
7829
7799
7623
7546
7473
7453
7322
7200
7186
7029
7024
7015
6995
6941
6877
6724
6713
6703
6600
6512
6502
6447
6433
6227
6224
6202
6127
6023
6005
5975
5971
5933
5889
5823
5744
5744
5570
5292
5288
5257
5146
5077
5058
5032
4891
4865
4856
4836
4693
4635
4631
4620
4594
4540
4496
4455
4422
4408
4241
4207
4012
4000
3978
3946
3807
3803
3776
3746
3694
3692
3668
3626
3622
3581
3570
3560
3559
3557
3505
3472
3466
3410
3326
3207
3175
3173
3155
3118
3104
3058
3034
2956
2912
2860
2838
2807
2709
2633
2631
2581
2570
2566
2556
2524
2480
2440
2360
2296
2128
2054
2032
1983
1857
1776
1747
1649
1613
1588
1584
1550
1524
1512
1418
1359
1270
1230
1186
1167
1061
1058
953
845
832
801
786
681
574
523
512
486
401
336
258
256
173
166
147
144
133
32
12
