99982
99979
99967
99936
99933
99880
99797
99664
99663
99526
99491
99468
99457
99435
99303
99296
99292
99274
99236
99197
99167
99148
99135
98976
98971
98948
98866
98836
98786
98668
98542
98538
98523
98411
98376
98086
98017
97921
97901
97894
97883
97850
97797
97784
97657
97598
97598
97584
97530
97412
97397
97357
97344
97266
97258
97235
97200
97171
97132
97104
96811
96799
96785
96744
96596
96596
96543
96505
96466
96439
96345
96315
96254
96157
96072
96069
96019
95992
95838
95743
95535
95486
95479
95476
95421
95310
95301
95115
95092
95081
95066
95060
95042
95013
94975
94840
94821
94684
94623
94616
94590
94589
94579
94429
94429
94325
94321
94112
94059
93974
93971
93886
93848
93618
93608
93520
93477
93463
93458
93320
93257
93145
93022
93010
92814
92780
92730
92721
92521
92480
92455
92444
92420
92387
92368
92342
92278
92239
92220
92050
92050
91973
91955
91923
91541
91516
91475
91452
91376
91344
91248
91164
91145
91136
91002
90981
90914
90881
90796
90793
90704
90695
90564
90544
90532
90488
90487
90481
90316
90287
90251
90143
90135
90132
90057
90009
89781
89622
89536
89504
89467
89461
89376
89313
89138
89114
89102
88998
88956
88856
88792
88734
88460
88415
88373
88369
88302
88270
88212
88112
88052
87990
87981
87967
87878
87795
87736
87605
87564
87554
87539
87515
87482
87465
87357
87353
87204
87088
87069
86990
86831
86658
86627
86612
86493
86400
86371
86351
86276
86170
86137
86069
86057
86010
85982
85980
85960
85955
85875
85853
85820
85809
85770
85712
85697
85660
85651
85612
85557
85232
85232
85161
85108
85000
84915
84803
84739
84726
84701
84694
84684
84675
84601
84579
84423
84383
84305
84286
84115
84111
84095
84027
84018
83913
83851
83784
83736
83668
83648
83613
83584
83540
83412
83402
83371
83365
83354
83349
83343
83334
83324
83307
83307
83296
83287
83219
83177
83092
83054
83033
83018
82967
82950
82893
82705
82611
82583
82558
82554
82507
82470
82389
82379
82358
82338
82310
82180
82153
82150
82124
82011
81974
81913
81834
81786
81774
81762
81678
81509
81475
81412
81325
81311
81172
81135
81117
81086
80983
80921
80831
80828
80743
80733
80688
80687
80652
80620
80568
80543
80492
80394
80319
80287
80139
80033
80028
80002
79902
79807
79757
79709
79693
79683
79665
79629
79621
79544
79524
79439
79430
79398
79374
79337
79335
79324
79290
79216
79125
79042
78980
78938
78881
78874
78838
78828
78792
78784
78780
78674
78647
78639
78587
78499
78455
78454
78442
78376
78356
78280
78261
78162
78138
78137
78098
78074
78071
78031
77981
77978
77861
77858
77829
77819
77789
77721
77695
77694
77645
77584
77567
77497
77414
77313
77303
77296
77291
77229
77208
77197
77159
77135
77075
77073
77008
77001
76899
76886
76765
76765
76713
76614
76605
76549
76480
76464
76313
76294
76232
76205
76126
76119
76014
75905
75876
75874
75799
75785
75740
75578
75525
75427
75415
75238
75236
75211
75093
75082
75060
75031
74998
74980
74900
74887
74799
74798
74786
74705
74683
74618
74563
74515
74473
73928
73876
73870
73816
73771
73687
73674
73633
73633
73555
73503
73495
73460
73364
73352
73311
73308
73292
73292
73285
73273
73262
73195
73124
72922
72834
72789
72789
72743
72702
72685
72657
72623
72504
72386
72232
72217
72091
72080
72031
72009
71999
71985
71972
71901
71874
71822
71770
71753
71741
71736
71710
71535
71527
71524
71512
71485
71440
71439
71436
71395
71392
71366
71357
71280
71275
71254
71238
71203
71127
71092
70998
70994
70965
70909
70852
70831
70807
70782
70770
70701
70681
70668
70663
70537
70453
70408
70255
70242
70229
70087
70047
70042
70026
69915
69885
69817
69793
69760
69599
69589
69496
69485
69483
69456
69437
69428
69423
69294
69201
69132
69126
69105
69078
69042
69008
68788
68756
68734
68733
68717
68701
68634
68626
68609
68594
68585
68523
68301
68276
68260
68235
68201
68155
68148
68121
68083
68048
68027
68024
67980
67923
67873
67798
67777
67753
67709
67670
67635
67580
67511
67432
67425
67374
67330
67300
67297
67294
67288
67254
67194
67175
67117
67100
66984
66877
66764
66719
66646
66622
66609
66537
66479
66456
66449
66418
66401
66399
66367
66361
66292
66271
66258
66255
66233
66208
66202
66123
66074
66042
65954
65952
65891
65835
65798
65781
65755
65754
65694
65633
65590
65557
65547
65496
65385
65280
65209
65203
65141
65066
65016
65013
64949
64757
64615
64610
64509
64486
64480
64445
64413
64401
64324
64316
64205
64127
64078
64007
63956
63950
63927
63894
63880
63760
63734
63705
63696
63680
63627
63627
63561
63496
63488
63314
63314
63161
63106
63011
62983
62951
62837
62781
62750
62729
62655
62624
62619
62593
62457
62403
62383
62349
62338
62332
62255
62177
62135
62023
61987
61955
61935
61608
61576
61471
61377
61315
61309
61240
61239
61237
61172
61100
60990
60928
60913
60902
60898
60870
60822
60730
60700
60671
60575
60560
60492
60457
60448
60440
60436
60424
60397
60387
60274
60018
59860
59798
59750
59747
59640
59612
59509
59507
59498
59465
59430
59412
59306
59196
59117
59092
59017
58984
58975
58958
58915
58854
58753
58649
58630
58625
58618
58582
58547
58472
58455
58446
58392
58387
58247
58178
58164
58145
58092
58066
57970
57930
57892
57722
57716
57694
57631
57623
57623
57613
57598
57597
57536
57383
57069
57021
56958
56858
56851
56834
56790
56756
56729
56673
56627
56618
56582
56580
56502
56499
56471
56470
56428
56322
56296
56278
56229
56188
56158
56104
56101
56097
56045
56018
56009
55957
55924
55887
55877
55848
55802
55780
55694
55682
55637
55565
55530
55460
55211
55197
55154
55097
55043
55021
55009
54994
54974
54947
54906
54895
54853
54822
54748
54667
54639
54618
54591
54422
54419
54279
54279
54271
54234
54095
53987
53971
53826
53820
53814
53707
53700
53422
53376
53355
53344
53218
53209
53179
53162
53065
52927
52909
52898
52859
52800
52795
52715
52566
52537
52504
52434
52428
52395
52191
52188
52126
52109
52106
52068
52061
52051
52023
51959
51928
51919
51915
51851
51814
51795
51745
51743
51704
51672
51659
51625
51601
51526
51518
51499
51478
51458
51452
51430
51412
51386
51344
51319
51299
51279
51193
51147
51127
51070
51052
50978
50941
50932
50918
50902
50819
50657
50586
50510
50489
50452
50440
50436
50431
50400
50322
50228
50166
50162
50115
50078
50048
49927
49881
49728
49704
49663
49643
49631
49617
49328
49293
49164
49098
49075
48997
48954
48937
48922
48838
48830
48806
48696
48689
48662
48615
48591
48547
48542
48510
48500
48481
48434
48402
48364
48315
48258
48226
48219
48201
48156
48143
48130
48110
48035
48033
47873
47838
47808
47758
47714
47684
47635
47592
47538
47429
47418
47416
47408
47379
47351
47338
47332
47259
47231
47223
47166
47154
47076
47020
46983
46976
46938
46865
46744
46702
46593
46479
46468
46414
46373
46275
46259
46253
46136
46123
46112
46090
46010
45950
45889
45806
45721
45643
45640
45578
45566
45561
45533
45392
45376
45328
45303
45240
45143
45091
45088
44943
44769
44749
44735
44728
44655
44610
44566
44505
44452
44447
44435
44434
44230
44194
44114
44056
44032
43984
43898
43835
43833
43779
43721
43587
43578
43559
43484
43478
43452
43388
43354
43350
43327
43284
43106
43025
43021
42973
42954
42921
42917
42895
42893
42751
42713
42705
42694
42663
42514
42488
42465
42461
42420
42404
42402
42247
42182
42154
42142
42040
41684
41634
41618
41473
41452
41445
41434
41393
41393
41341
41280
41228
41217
41174
41055
40933
40811
40680
40622
40617
40544
40483
40370
40357
40351
40343
40291
40276
40178
40139
40135
40124
40109
40093
40010
39961
39910
39891
39816
39723
39686
39636
39615
39506
39500
39494
39489
39477
39456
39415
39370
39268
39224
39123
39052
39033
38964
38958
38888
38887
38805
38798
38788
38767
38695
38684
38675
38623
38608
38582
38491
38456
38440
38408
38394
38383
38203
38168
38155
38127
38100
38088
37840
37798
37696
37618
37558
37505
37402
37382
37379
37246
37150
37054
37009
36978
36975
36932
36765
36723
36616
36615
36560
36556
36555
36515
36459
36401
36375
36324
36321
36213
36210
36203
36179
36151
36137
36095
36081
36081
36071
36054
35958
35899
35891
35815
35745
35733
35728
35725
35650
35644
35625
35612
35488
35441
35439
35358
35307
35233
35213
35119
35115
35114
35113
35060
34990
34913
34860
34843
34814
34676
34645
34492
34458
34370
34317
34237
34145
34112
34102
34089
34070
33988
33945
33859
33782
33757
33714
33644
33612
33609
33390
33370
33276
33220
33185
33161
33047
32951
32940
32878
32757
32750
32738
32697
32607
32476
32437
32382
32376
32373
32246
32223
32167
32102
32082
32060
31978
31945
31851
31745
31739
31692
31690
31519
31499
31475
31422
31420
31356
31343
31330
31299
31252
31062
30958
30922
30907
30858
30822
30820
30695
30672
30643
30455
30432
30412
30345
30337
30220
30208
30167
30105
30104
30086
30029
29980
29979
29963
29876
29876
29874
29849
29839
29817
29814
29719
29700
29639
29613
29600
29563
29552
29536
29533
29521
29408
29400
29348
29310
29293
29274
29256
29225
29133
29121
29120
29060
29034
29017
28910
28889
28842
28801
28791
28758
28714
28643
28626
28601
28578
28543
28534
28448
28435
28408
28363
28237
28229
28176
28068
28061
27875
27855
27656
27623
27524
27458
27425
27390
27359
27286
27284
27218
26925
26905
26894
26856
26789
26788
26589
26549
26513
26437
26435
26427
26193
26129
26090
26081
26023
26008
25965
25917
25907
25892
25884
25809
25789
25766
25673
25592
25515
25351
25310
25306
25295
25239
25204
25201
25115
25013
24708
24693
24641
24585
24549
24547
24533
24509
24459
24434
24415
24251
24243
24243
24206
24128
24125
24082
24072
24017
23965
23734
23723
23718
23657
23596
23589
23550
23538
23392
23295
23280
23185
23185
23182
23054
23011
23009
23005
23001
22982
22935
22918
22880
22851
22817
22793
22733
22622
22613
22590
22530
22514
22509
22419
22413
22399
22307
22211
22185
22162
22127
22121
22063
22046
22045
22003
21955
21946
21897
21847
21799
21774
21739
21716
21708
21700
21675
21673
21624
21614
21600
21493
21492
21457
21448
21445
21344
21325
21324
21256
21136
21097
21090
21072
20904
20901
20779
20757
20714
20684
20648
20646
20644
20486
20467
20448
20407
20277
20263
20249
20238
20228
20212
20190
20126
19992
19875
19862
19840
19837
19717
19549
19528
19407
19393
19391
19285
19281
19260
19258
19197
19175
19149
19137
19115
19081
19051
18989
18914
18889
18857
18841
18784
18647
18625
18575
18549
18545
18454
18360
18195
18187
18157
18052
17955
17949
17810
17747
17738
17725
17611
17457
17286
17272
17242
17221
17144
17117
16985
16955
16862
16852
16740
16733
16689
16569
16523
16492
16456
16345
16288
16165
16157
16150
16110
16069
15799
15749
15723
15718
15708
15686
15684
15281
15223
15202
15122
15101
15094
15094
15026
14978
14933
14835
14833
14731
14699
14627
14574
14567
14219
14006
13997
13897
13819
13814
13621
13597
13533
13488
13480
13446
13412
13412
13317
13290
13289
13272
13231
13167
13140
13137
13087
13084
13022
12986
12981
12905
12858
12654
12476
12468
12419
12412
12407
12382
12329
12217
12104
12054
12006
11990
11948
11933
11910
11762
11684
11574
11462
11455
11360
11217
11183
11175
11145
11135
11085
11001
10973
10846
10834
10785
10783
10685
10660
10551
10502
10475
10457
10318
10285
10281
10226
10117
9989
9985
9902
9715
9656
9651
9637
9612
9534
9498
9474
9399
9389
9308
9291
9280
9279
9206
9177
9143
9093
9077
8945
8895
8796
8774
8754
8701
8642
8558
8456
8439
8404
8092
7972
7913
7859
7747
7719
7705
7702
7599
7598
7568
7545
7531
7487
7426
7403
7368
7363
7300
7300
7269
7254
7240
7161
7073
6974
6960
6959
6942
6900
6897
6896
6879
6791
6775
6743
6729
6667
6654
6599
6548
6512
6398
6236
6212
6172
6136
6130
6127
6100
6092
6017
6000
5940
5925
5891
5890
5707
5698
5660
5601
5580
5527
5523
5463
5412
5385
5238
5116
5060
5054
4994
4933
4908
4786
4716
4678
4619
4619
4618
4617
4475
4351
4295
4274
4240
4203
4169
4094
4027
4006
3980
3947
3826
3756
3726
3702
3669
3477
3427
3398
3394
3348
3246
3175
3156
3129
3115
3000
2899
2835
2819
2785
2774
2735
2678
2659
2601
2577
2552
2391
2363
2363
2350
2293
2229
2190
2097
1998
1825
1821
1796
1769
1717
1661
1652
1629
1622
1542
1470
1470
1398
1365
1287
1278
1267
1214
1130
1126
1060
1023
1019
1011
916
804
684
657
632
621
564
562
545
536
479
471
263
239
171
166
118
63
