99962
99925
99910
99639
99586
99511
99492
99303
99283
99018
99006
98915
98806
98752
98704
98481
98473
98390
98293
98242
98227
98219
98213
98023
98018
97957
97927
97922
97861
97825
97821
97763
97728
97595
97595
97571
97563
97538
97468
97462
97319
97316
97301
97212
97172
97139
97121
97119
97098
97062
97033
97006
96927
96876
96825
96796
96723
96684
96605
96579
96557
96546
96516
96514
96485
96468
96442
96335
96276
96191
96190
96163
96144
96131
96127
96077
95985
95966
95895
95853
95845
95828
95787
95786
95751
95710
95705
95683
95674
95630
95611
95605
95550
95537
95418
95414
95409
95364
95331
95269
95218
95165
95156
95106
95025
95009
94782
94703
94672
94631
94597
94576
94515
94415
94265
94197
94194
94189
94138
94122
94064
94050
94032
93845
93842
93796
93788
93736
93721
93662
93634
93633
93622
93588
93557
93492
93376
93373
93363
93256
93099
93069
93042
92948
92940
92911
92910
92884
92832
92794
92781
92740
92607
92600
92381
92349
92340
92309
92288
92239
92225
92037
91995
91988
91818
91781
91728
91540
91454
91453
91333
91320
91306
91173
91049
91011
90968
90874
90870
90629
90624
90603
90553
90524
90494
90419
90345
90340
90326
90323
90306
90293
90214
90163
90129
90067
89996
89828
89763
89760
89733
89696
89607
89582
89544
89513
89472
89448
89347
89300
89260
89170
89058
89028
88877
88875
88834
88829
88806
88775
88653
88580
88579
88448
88348
88327
88228
88213
88207
88134
88003
87989
87975
87950
87939
87938
87849
87804
87714
87707
87653
87633
87602
87555
87445
87443
87417
87235
87190
87159
87135
86996
86975
86964
86944
86943
86915
86901
86791
86730
86710
86572
86557
86551
86501
86361
86303
86292
86161
86062
86058
86046
85955
85923
85872
85825
85798
85777
85747
85725
85587
85553
85543
85510
85469
85250
85198
85192
85188
85158
85072
84999
84872
84724
84615
84598
84433
84402
84396
84262
84235
84054
84022
83829
83809
83783
83705
83691
83631
83514
83507
83500
83461
83450
83406
83338
83231
83147
83143
83116
83107
83107
83026
83005
82912
82849
82834
82790
82724
82718
82705
82698
82662
82618
82593
82561
82492
82436
82373
82333
82240
82192
82163
82098
82086
82032
81981
81942
81914
81876
81597
81568
81427
81361
81349
81197
81197
81140
81086
80941
80838
80821
80663
80644
80606
80597
80556
80473
80408
80272
80260
80231
80231
80176
80020
79952
79930
79895
79855
79833
79672
79552
79551
79531
79359
79309
79283
79259
79248
79232
79216
79197
79110
79055
79031
79000
78895
78838
78824
78813
78778
78724
78638
78594
78567
78446
78326
78211
78206
78129
78118
78102
78080
77933
77899
77865
77768
77698
77676
77665
77641
77616
77586
77467
77445
77428
77323
77286
77201
77184
77115
77080
77041
77028
77016
77015
76804
76688
76641
76627
76625
76609
76587
76560
76533
76502
76488
76475
76238
76233
76193
76171
76087
76032
76011
75961
75957
75941
75848
75819
75811
75799
75733
75708
75624
75593
75588
75545
75523
75476
75473
75473
75332
75331
75226
75014
75004
74787
74747
74718
74711
74684
74649
74558
74551
74452
74446
74416
74414
74375
74370
74338
74323
74291
74282
74196
74146
74069
74066
73998
73986
73882
73797
73723
73697
73683
73663
73653
73637
73559
73523
73490
73324
73284
73241
73215
73176
73109
73003
72995
72993
72935
72931
72899
72785
72623
72554
72534
72452
72448
72446
72445
72387
72317
72213
72098
72095
72080
72057
71999
71839
71777
71756
71747
71717
71657
71601
71473
71472
71453
71447
71399
71246
71200
71177
71160
71140
71127
71118
71049
71033
70999
70975
70880
70858
70782
70697
70644
70590
70577
70470
70467
70465
70429
70416
70416
70395
70372
70342
70290
70285
70280
70183
70170
70133
70106
69904
69865
69841
69783
69651
69637
69547
69531
69511
69503
69439
69403
69393
69326
69145
69140
69130
69052
68990
68936
68819
68788
68787
68757
68752
68528
68472
68459
68290
68255
68210
68136
68090
68059
68053
67944
67874
67871
67863
67632
67622
67578
67564
67449
67375
67345
67294
67255
67243
67067
67066
67037
67010
66845
66841
66840
66816
66670
66634
66606
66523
66483
66433
66225
66156
66151
66079
66060
66022
65952
65901
65891
65855
65845
65749
65745
65737
65675
65668
65593
65558
65551
65527
65505
65461
65454
65397
65385
65329
65244
65145
64982
64928
64926
64883
64762
64743
64742
64666
64569
64532
64479
64470
64462
64458
64399
64253
64252
64198
64107
63935
63929
63901
63879
63818
63788
63658
63629
63460
63416
63335
63325
63306
63306
63239
63160
63121
63117
63117
63112
63046
63031
63012
62938
62922
62907
62800
62714
62704
62541
62437
62405
62391
62338
62280
62279
62258
62222
62220
62178
62149
62144
62122
62104
62048
62024
61992
61935
61855
61846
61826
61813
61805
61753
61751
61735
61684
61496
61458
61358
61259
61248
61198
61084
60995
60986
60969
60955
60939
60936
60903
60889
60810
60806
60768
60765
60686
60661
60583
60581
60519
60497
60399
60386
60309
60275
60266
60197
60149
60148
60103
60097
60084
59970
59952
59806
59790
59756
59736
59728
59727
59614
59598
59596
59588
59416
59296
59287
59283
59268
59110
59063
58989
58976
58952
58932
58922
58877
58822
58812
58782
58695
58488
58463
58415
58383
58298
58240
58233
58183
58173
58150
58140
58136
58084
58023
57911
57874
57856
57849
57822
57820
57801
57794
57752
57748
57742
57724
57708
57586
57527
57515
57233
57143
57082
56981
56976
56949
56945
56941
56923
56905
56815
56814
56802
56746
56675
56651
56566
56551
56492
56419
56366
56260
56247
56232
56204
56050
56042
56035
55918
55878
55764
55595
55565
55487
55476
55409
55246
55141
55124
55006
54975
54971
54925
54861
54774
54763
54709
54585
54549
54470
54394
54376
54337
54337
54299
54287
54151
54087
54077
54058
54038
53989
53978
53931
53930
53798
53749
53712
53686
53640
53478
53365
53328
53240
53215
53206
53175
53144
52960
52880
52878
52862
52854
52797
52789
52788
52590
52541
52495
52404
52402
52387
52371
52352
52183
52174
52170
52100
52099
51995
51884
51854
51832
51779
51737
51706
51700
51612
51586
51540
51505
51394
51330
51315
51093
51077
50912
50902
50900
50867
50845
50819
50695
50560
50458
50425
50271
50257
50250
50239
50224
50221
50206
50180
50118
50117
50085
50011
49996
49879
49815
49688
49663
49604
49504
49478
49216
49111
49080
49031
49011
48967
48812
48746
48745
48706
48698
48651
48579
48571
48519
48419
48407
48302
48253
48192
48179
48098
48023
48016
47937
47928
47900
47854
47849
47824
47764
47626
47597
47538
47492
47486
47465
47378
47332
47297
47277
47264
47217
47199
47192
47153
47033
46952
46942
46926
46861
46750
46749
46742
46701
46668
46581
46326
46165
46082
46081
46015
45999
45938
45896
45845
45769
45761
45756
45750
45726
45664
45644
45617
45553
45427
45359
45236
45212
45168
45148
45102
45030
44914
44891
44749
44628
44580
44505
44459
44375
44369
44316
43967
43899
43896
43769
43761
43739
43717
43704
43668
43646
43624
43589
43466
43421
43373
43319
43303
43302
43295
43255
43223
43217
43211
43143
43017
42983
42919
42888
42857
42784
42773
42620
42563
42425
42351
42339
42279
42276
42236
42218
42116
42106
42088
42079
41981
41899
41886
41869
41810
41751
41675
41507
41424
41409
41336
41291
41282
41258
41237
41128
41081
41068
41047
41039
40923
40748
40627
40583
40508
40424
40351
40349
40264
40261
40257
40225
40135
40087
40077
40012
39820
39810
39782
39759
39672
39601
39585
39537
39499
39418
39371
39362
39356
39290
39153
39149
39039
39036
38956
38944
38874
38871
38869
38846
38750
38612
38598
38594
38573
38512
38509
38358
38264
38257
38233
38211
38159
38144
38083
38052
38043
38019
37998
37988
37952
37939
37840
37826
37792
37738
37716
37698
37697
37629
37606
37525
37511
37475
37450
37356
37307
37149
37127
37112
37091
37081
37081
37076
37019
36982
36961
36842
36765
36723
36680
36675
36608
36560
36495
36453
36389
36369
36322
36251
36219
36183
36148
36138
36119
36052
35999
35995
35786
35652
35650
35629
35579
35544
35488
35425
35387
35373
35368
35268
35253
35103
35032
35009
34999
34945
34903
34749
34716
34709
34584
34426
34400
34373
34327
34276
34193
34192
34142
34086
34037
34024
33977
33885
33858
33821
33798
33794
33613
33558
33556
33500
33497
33336
33311
33224
33157
33156
33061
33025
33025
32940
32929
32829
32817
32781
32720
32695
32623
32570
32548
32538
32465
32430
32390
32386
32358
32355
32225
32224
32148
31994
31931
31922
31907
31891
31872
31812
31804
31784
31730
31704
31622
31579
31559
31534
31504
31355
31343
31340
31293
31263
31097
31016
30955
30898
30882
30807
30798
30784
30769
30706
30697
30585
30575
30567
30547
30477
30444
30359
30318
30317
30312
30259
30120
30115
30105
29928
29905
29887
29828
29694
29603
29529
29521
29511
29435
29420
29337
29331
29306
29305
29299
29289
29286
29246
29233
29185
29163
29087
29072
28932
28887
28571
28535
28527
28504
28317
28215
28195
28186
28162
28030
28015
27994
27922
27885
27860
27845
27831
27786
27731
27695
27630
27533
27495
27473
27469
27338
27317
27297
27295
27166
27132
27118
27117
27000
26973
26864
26774
26755
26550
26547
26533
26515
26485
26418
26392
26298
26222
26168
26150
26137
25915
25914
25755
25746
25734
25730
25677
25672
25672
25596
25509
25472
25391
25358
25329
25321
25302
25251
25207
25169
25067
24805
24754
24718
24608
24542
24529
24507
24501
24501
24500
24394
24376
24345
24339
24315
24269
24226
24218
24140
24057
24043
24026
24023
23994
23968
23946
23907
23845
23798
23670
23657
23609
23599
23569
23492
23424
23410
23358
23320
23265
23221
23204
23120
23105
23034
23019
23003
22993
22850
22838
22808
22736
22697
22691
22644
22619
22614
22581
22580
22570
22521
22497
22477
22416
22198
22159
22157
22074
22007
21874
21842
21777
21750
21733
21639
21615
21559
21556
21535
21529
21514
21508
21463
21406
21365
21351
21277
21260
21239
21208
21181
21080
20983
20916
20901
20882
20785
20736
20733
20706
20679
20676
20600
20570
20522
20423
20381
20285
20128
20082
20051
19947
19920
19914
19843
19842
19756
19720
19710
19710
19667
19527
19481
19413
19387
19379
19294
19242
19228
19211
19122
19062
19023
18943
18789
18760
18580
18543
18497
18487
18442
18391
18384
18380
18373
18346
18335
18276
18210
18149
17919
17888
17850
17840
17836
17699
17685
17674
17613
17607
17508
17477
17391
17308
17270
17270
17263
17261
17240
17236
17151
17141
17113
17100
17030
17000
16996
16893
16673
16607
16592
16535
16525
16359
16211
16182
16169
16153
16105
16065
16031
16005
15954
15832
15830
15768
15758
15755
15717
15619
15564
15558
15519
15418
15282
15205
15183
15090
15041
15039
15030
15023
14962
14889
14678
14673
14631
14593
14502
14498
14459
14445
14433
14418
14338
14195
14179
14169
14130
14073
14015
13896
13781
13740
13677
13640
13615
13598
13584
13520
13483
13310
13296
13283
13264
13223
13189
13179
13136
13109
13088
12912
12905
12843
12770
12769
12740
12698
12672
12658
12553
12550
12493
12459
12423
12386
12354
12255
12201
12137
12119
12057
12031
11961
11894
11855
11825
11799
11643
11620
11564
11516
11514
11492
11431
11407
11398
11371
11356
11290
11264
11223
11188
11185
11171
11094
11076
11053
10960
10883
10874
10863
10815
10784
10748
10717
10706
10703
10672
10643
10632
10621
10593
10500
10490
10445
10421
10386
10211
10146
10088
9994
9906
9904
9839
9832
9740
9694
9660
9510
9505
9503
9492
9341
9296
8953
8936
8922
8912
8906
8888
8864
8839
8824
8797
8768
8592
8577
8537
8514
8500
8425
8352
8340
8307
8289
8276
8126
8072
8063
8045
8020
7951
7925
7896
7886
7885
7846
7813
7813
7741
7736
7706
7676
7664
7642
7641
7538
7502
7451
7393
7333
7298
7288
7247
7167
7165
7131
7100
7035
6968
6955
6942
6928
6737
6708
6692
6610
6585
6580
6550
6538
6481
6453
6369
6219
6192
6191
5993
5954
5946
5827
5815
5735
5706
5695
5650
5569
5559
5559
5498
5491
5448
5412
5373
5326
5264
5261
5052
5043
5012
4983
4925
4891
4819
4799
4789
4780
4743
4673
4633
4599
4583
4522
4391
4341
4318
4284
4275
4200
4182
4127
4084
4080
4060
3975
3974
3925
3751
3719
3688
3631
3582
3553
3551
3536
3511
3495
3444
3396
3387
3370
3338
3311
3283
3236
3206
3205
3096
3066
3057
2983
2887
2840
2812
2791
2719
2687
2669
2634
2565
2507
2496
2418
2402
2365
2320
2185
2161
2068
2010
1880
1754
1625
1515
1460
1266
1236
1169
1129
1071
1067
1044
921
864
854
799
694
678
646
635
589
406
340
16
