99969
99963
99837
99828
99812
99728
99702
99545
99495
99460
99438
99365
99356
99310
99309
99249
99238
99032
99029
98956
98881
98730
98723
98700
98660
98643
98628
98558
98534
98414
98356
98312
98312
98310
98303
98279
98279
98185
98176
98166
98101
98023
97922
97918
97868
97810
97769
97758
97752
97579
97577
97559
97535
97501
97421
97409
97331
97277
97268
97120
97113
97080
97022
97019
96826
96812
96792
96574
96489
96452
96434
96305
96217
96187
96176
96143
96135
96094
96078
96069
96008
95895
95794
95787
95721
95707
95645
95599
95591
95533
95472
95467
95433
95399
95386
95364
95347
95343
95250
95215
95105
95097
95091
95078
94903
94894
94784
94696
94600
94514
94490
94323
94315
94247
94174
94104
94017
94005
93835
93804
93753
93695
93645
93634
93620
93611
93570
93534
93501
93392
93285
93230
93211
93135
93055
93009
93000
92856
92838
92830
92792
92535
92518
92497
92405
92347
92346
92257
92253
92245
92193
92058
91993
91971
91896
91755
91743
91740
91702
91564
91536
91501
91462
91451
91415
91354
91314
91296
91235
91224
91095
90968
90948
90824
90782
90616
90573
90543
90438
90387
90376
90353
90266
90070
90004
89910
89893
89840
89774
89652
89600
89541
89398
89383
89286
89267
89248
89213
89108
89058
89057
89028
88940
88631
88534
88454
88435
88378
88107
88100
88094
88088
88047
88022
87931
87835
87815
87541
87435
87387
87291
87284
87260
87194
87133
87116
87059
86963
86956
86942
86937
86918
86903
86865
86798
86792
86739
86709
86695
86680
86604
86492
86411
86349
86287
86220
86163
86148
86116
86068
86023
85943
85899
85802
85782
85778
85776
85712
85573
85536
85522
85419
85400
85396
85387
85371
85305
85110
85106
85066
84988
84956
84936
84922
84861
84834
84826
84821
84799
84764
84730
84727
84372
84335
84289
84220
84061
84060
84038
84019
83991
83988
83952
83875
83862
83793
83636
83619
83606
83587
83556
83516
83504
83502
83495
83493
83481
83447
83402
83395
83317
83268
83246
83223
83193
83162
83131
83106
83105
83036
83018
83010
83000
82943
82820
82740
82733
82670
82659
82633
82610
82457
82237
82075
82053
82033
82001
81985
81891
81818
81661
81599
81483
81459
81442
81359
81235
81158
81074
81056
80993
80974
80839
80835
80790
80681
80651
80641
80612
80577
80548
80429
80427
80409
80341
80204
80126
80111
80093
80089
80068
79897
79852
79792
79702
79641
79609
79419
79412
79324
79298
79242
79171
79102
79060
79004
78975
78928
78806
78772
78768
78710
78531
78449
78368
78320
78268
78205
78159
78146
78047
78046
77992
77987
77927
77891
77826
77816
77667
77612
77554
77462
77336
77298
77247
77216
77205
77163
77081
76984
76885
76860
76856
76833
76817
76810
76800
76778
76708
76686
76644
76639
76612
76548
76419
76369
76338
76297
76286
76279
76239
76220
76189
76126
76097
76063
75963
75894
75885
75834
75777
75752
75710
75664
75647
75578
75450
75382
75316
75284
75190
75153
75061
74939
74904
74875
74808
74759
74732
74730
74604
74561
74454
74436
74372
74340
74337
74334
74170
74116
74107
73792
73781
73716
73645
73618
73598
73594
73536
73449
73403
73362
73268
73208
73104
72916
72854
72752
72736
72701
72681
72667
72640
72639
72635
72626
72584
72557
72549
72519
72480
72477
72452
72360
72356
72298
72291
72282
72206
72203
72076
72043
71975
71949
71884
71796
71735
71686
71602
71547
71459
71454
71382
71363
71259
71198
71067
70980
70786
70768
70763
70704
70653
70616
70589
70570
70461
70454
70396
70393
70331
70314
70297
70206
70183
70131
70125
70051
70036
69989
69921
69904
69868
69855
69845
69824
69808
69779
69680
69666
69642
69552
69552
69545
69488
69448
69397
69349
69333
69328
69320
69272
69248
69204
69181
69137
69084
69076
69033
69031
68972
68969
68887
68845
68835
68730
68717
68684
68663
68630
68540
68521
68470
68426
68425
68401
68345
68338
68235
68157
68067
68054
67803
67769
67641
67549
67472
67444
67426
67396
67359
67294
67174
67119
66992
66947
66941
66874
66871
66864
66849
66831
66789
66619
66573
66556
66517
66483
66472
66462
66453
66425
66420
66411
66387
66355
66348
66347
66195
66171
66126
66089
66078
66043
66000
65910
65847
65828
65792
65752
65620
65609
65414
65384
65294
65114
65083
65054
64993
64953
64948
64923
64801
64736
64731
64694
64653
64610
64486
64434
64414
64318
64307
64222
64200
64180
64175
64072
64036
64035
63979
63971
63967
63923
63754
63723
63701
63643
63611
63578
63535
63449
63442
63408
63386
63306
63279
63272
63234
63231
63214
63212
63208
63199
63122
63082
63047
62965
62738
62688
62673
62644
62563
62538
62517
62363
62258
62131
62120
62113
62030
62018
61983
61970
61947
61916
61806
61804
61794
61759
61649
61592
61505
61454
61409
61322
61192
61191
61184
61094
61037
60934
60853
60851
60724
60717
60629
60583
60569
60532
60440
60393
60313
60293
60247
60200
60196
60159
60158
60094
60026
59937
59871
59747
59694
59678
59643
59586
59486
59295
59291
59275
59238
59148
59057
59049
58842
58823
58770
58726
58722
58714
58651
58638
58601
58556
58530
58526
58516
58486
58485
58397
58388
58303
58269
58259
58245
58244
58231
58220
58209
58204
58129
58121
58066
58003
57974
57934
57934
57911
57865
57855
57813
57785
57742
57572
57495
57409
57373
57336
57332
57283
57257
57257
57095
57032
56981
56916
56803
56798
56623
56561
56560
56534
56532
56495
56488
56281
56273
56237
56233
56058
56040
56030
56029
55978
55953
55871
55791
55678
55574
55491
55414
55383
55357
55298
55286
55267
55223
55172
55155
54983
54902
54771
54768
54750
54722
54572
54526
54518
54507
54500
54483
54454
54398
54272
54154
54136
54121
54076
54064
54040
53922
53864
53836
53786
53775
53748
53729
53671
53668
53617
53554
53493
53449
53413
53290
53195
53179
52986
52981
52967
52930
52912
52904
52886
52862
52824
52716
52684
52609
52571
52550
52544
52440
52397
52363
52330
52283
52245
52109
52083
52056
51983
51926
51909
51874
51781
51655
51652
51648
51552
51433
51433
51393
51326
51292
51241
51126
51121
51093
51089
51023
51000
50992
50949
50916
50876
50739
50711
50702
50622
50593
50591
50531
50308
50200
50144
50143
50059
50017
49996
49951
49943
49931
49925
49902
49732
49721
49700
49645
49606
49554
49496
49494
49465
49211
49165
49148
49131
49090
49085
48971
48947
48944
48888
48856
48809
48776
48765
48706
48643
48622
48603
48570
48568
48490
48455
48361
48349
48187
48162
48151
48126
48104
48096
48084
48048
48033
47952
47935
47876
47849
47804
47757
47751
47682
47677
47668
47656
47468
47269
47195
47193
47174
47172
47132
47016
46980
46966
46925
46882
46839
46806
46698
46688
46666
46653
46593
46537
46520
46490
46479
46445
46410
46282
46225
46225
46154
46154
46153
46123
46101
46027
45970
45938
45909
45898
45829
45816
45761
45750
45707
45639
45634
45570
45565
45541
45532
45500
45471
45391
45383
45380
45374
45340
45338
45307
45221
45204
45177
45155
45151
45151
45143
45140
45120
45097
45096
45045
45008
44953
44913
44910
44887
44874
44863
44769
44716
44681
44648
44628
44599
44579
44566
44558
44534
44451
44405
44354
44320
44262
44159
44023
44015
44009
44006
43989
43890
43854
43690
43685
43624
43604
43593
43559
43542
43483
43392
43261
43259
43234
43231
43105
42978
42911
42842
42826
42823
42740
42699
42646
42564
42513
42466
42450
42445
42407
42404
42404
42371
42356
42354
42257
42229
42225
42085
41988
41980
41908
41890
41888
41856
41622
41607
41557
41534
41517
41450
41314
41243
41240
41213
40903
40858
40802
40789
40701
40683
40662
40577
40379
40339
40121
40056
40053
40029
39949
39819
39719
39712
39650
39599
39527
39501
39485
39445
39337
39220
39201
39191
39170
39166
39059
38946
38839
38717
38661
38525
38479
38436
38407
38314
38265
38263
38251
38244
38234
38136
38133
38108
38050
37928
37869
37861
37813
37562
37521
37497
37334
37284
37254
37248
37181
37166
37130
37125
37080
37072
37034
36900
36883
36866
36856
36848
36722
36653
36552
36522
36443
36423
36417
36366
36334
36280
36250
36146
36123
36116
36085
35966
35892
35794
35785
35688
35615
35598
35558
35491
35377
35267
35249
35207
35190
35079
35079
35036
34952
34899
34898
34871
34854
34836
34715
34609
34353
34315
34217
34178
34167
33978
33957
33834
33819
33768
33748
33659
33591
33517
33497
33404
33339
33244
33232
33230
33216
33194
33030
33004
32988
32878
32852
32820
32775
32656
32581
32560
32485
32448
32440
32416
32376
32314
32189
32150
32146
32019
31979
31961
31948
31918
31880
31876
31766
31692
31608
31575
31498
31435
31432
31425
31401
31356
31331
31155
31093
31042
31035
31025
30882
30856
30852
30841
30718
30575
30530
30275
30262
30255
30184
30124
30063
30061
30052
30012
30002
29971
29905
29865
29817
29809
29802
29731
29686
29628
29570
29503
29450
29418
29409
29347
29294
29246
29044
29016
28998
28911
28901
28870
28627
28602
28595
28571
28524
28476
28464
28214
28194
28189
28174
28012
27976
27892
27840
27741
27734
27719
27631
27541
27506
27479
27468
27420
27380
27367
27322
27302
27299
27290
27287
27262
27253
27247
27211
27196
27194
27138
27135
27135
27073
26979
26917
26653
26629
26507
26500
26488
26446
26412
26375
26367
26302
26251
26239
26202
26162
26128
26094
26092
26081
26079
26071
26013
25803
25730
25705
25681
25589
25548
25514
25434
25396
25379
25360
25342
25266
25263
25229
25157
25070
25024
24953
24628
24584
24489
24418
24409
24329
24320
24269
24258
24100
24083
23980
23925
23874
23858
23800
23788
23758
23652
23639
23610
23501
23416
23330
23272
23258
23184
23173
23043
22989
22963
22955
22916
22867
22741
22734
22706
22695
22689
22637
22517
22359
22297
22212
22123
22086
22082
22065
22045
22028
21865
21701
21693
21663
21634
21624
21616
21564
21504
21364
21334
21319
21233
21205
21168
21122
21021
20975
20959
20825
20822
20751
20706
20686
20672
20662
20650
20648
20639
20466
20459
20384
20275
20262
20254
20196
20153
20048
20001
19977
19944
19937
19914
19843
19825
19758
19743
19726
19698
19682
19618
19598
19572
19527
19490
19449
19446
19365
19270
19258
19236
19214
19187
19137
19133
19118
19042
19039
19024
18921
18912
18861
18850
18803
18772
18751
18703
18667
18653
18581
18460
18460
18335
18246
18198
18104
18097
17990
17952
17794
17745
17744
17692
17661
17552
17529
17314
17291
17255
17233
17152
17143
17139
17126
17060
16994
16994
16851
16821
16786
16720
16630
16549
16477
16425
16385
16365
16351
16268
16243
16240
16184
16168
16149
16119
16117
16008
15947
15923
15833
15803
15749
15714
15686
15618
15598
15522
15517
15392
15329
15255
15195
15169
15141
15127
15063
15060
15055
15002
14967
14942
14759
14757
14743
14589
14547
14314
14311
14286
14181
14109
14095
14089
14088
14054
14052
14016
13983
13948
13945
13884
13782
13722
13701
13642
13571
13558
13376
13372
13326
13254
13204
13187
13131
13091
13065
12911
12898
12888
12864
12858
12765
12718
12671
12668
12586
12539
12527
12435
12381
12346
12329
12308
12240
12215
12183
12106
12074
12005
12004
11916
11825
11803
11787
11748
11732
11657
11576
11516
11474
11456
11401
11307
11259
11234
11212
11195
11190
11124
11116
10875
10860
10859
10850
10822
10806
10756
10743
10698
10660
10660
10582
10571
10547
10507
10470
10396
10341
10188
10171
10056
10005
9991
9909
9861
9852
9842
9805
9752
9747
9690
9630
9546
9546
9503
9503
9496
9472
9383
9316
9289
9285
9172
9159
9132
9046
8967
8943
8890
8849
8826
8824
8769
8760
8756
8749
8703
8666
8604
8525
8515
8451
8383
8363
8133
8050
7869
7786
7764
7711
7696
7652
7641
7533
7521
7469
7427
7400
7330
7238
7232
7229
7171
7138
7119
7084
7073
7054
7030
6980
6939
6903
6850
6838
6819
6792
6753
6747
6725
6692
6680
6644
6641
6626
6362
6345
6218
6172
6091
6065
5842
5673
5660
5603
5582
5458
5458
5432
5341
5338
5259
5118
5086
5078
5073
5061
5041
4893
4888
4877
4837
4760
4691
4627
4588
4557
4517
4450
4449
4345
4312
4262
4251
4225
4187
4110
4058
3908
3870
3862
3858
3799
3778
3776
3757
3717
3672
3671
3669
3631
3605
3595
3524
3445
3401
3323
3236
3228
3001
2935
2901
2859
2847
2715
2656
2611
2581
2546
2490
2461
2425
2423
2341
2322
2257
2216
2204
2189
2169
2156
2109
2059
2023
2022
1999
1981
1940
1900
1885
1858
1849
1825
1814
1751
1749
1725
1698
1680
1493
1379
1342
1256
1224
1195
1162
993
975
938
902
849
842
785
770
752
729
712
585
429
420
388
350
340
326
312
254
235
130
32
