99990
99902
99887
99861
99796
99678
99607
99585
99580
99577
99576
99551
99427
99423
99361
99326
99314
99306
99027
99024
99015
99009
99003
98962
98899
98792
98679
98584
98430
98394
98335
98270
98201
98179
98075
98009
97974
97824
97776
97776
97732
97683
97680
97644
97604
97417
97383
97369
97346
97304
97228
97226
97209
97199
97188
97130
97112
97086
97045
96990
96983
96969
96968
96926
96813
96799
96778
96731
96718
96661
96612
96505
96438
96391
96318
96278
96191
96176
96022
95857
95766
95647
95631
95618
95605
95602
95584
95508
95451
95382
95331
95292
95282
95265
95109
95081
95047
95024
94963
94932
94921
94920
94893
94824
94729
94723
94710
94617
94568
94565
94535
94533
94513
94486
94457
94315
94312
94280
94221
94185
94185
94178
94072
94038
94028
93890
93853
93836
93734
93658
93587
93487
93479
93414
93389
93354
93143
93096
93003
92957
92929
92889
92815
92577
92515
92499
92470
92439
92421
92395
92370
92304
92263
92211
92104
91971
91925
91650
91593
91536
91344
91285
91260
91256
91234
91043
90997
90944
90906
90855
90836
90782
90780
90767
90713
90712
90664
90647
90644
90637
90592
90543
90532
90475
90471
90458
90387
90375
90327
90325
90280
90217
90167
90076
90056
89997
89984
89890
89868
89846
89748
89732
89536
89525
89493
89382
89267
89102
89088
89066
89048
89047
89029
88854
88831
88697
88688
88604
88564
88413
88289
88054
87978
87966
87836
87761
87759
87678
87673
87669
87565
87547
87429
87369
87358
87346
87236
87186
87168
87133
87112
87072
87066
87022
86997
86978
86946
86890
86750
86713
86667
86661
86600
86476
86469
86451
86421
86364
86264
86205
86116
86080
86077
86035
86034
85970
85960
85960
85849
85740
85686
85683
85568
85524
85421
85326
85276
85271
85218
85218
85212
85189
85178
85168
85133
84971
84856
84718
84707
84630
84612
84517
84504
84475
84423
84349
84348
84342
84342
84329
84247
84196
84085
84056
84044
84037
83981
83980
83932
83712
83696
83672
83649
83646
83601
83561
83550
83496
83462
83440
83398
83392
83385
83346
83341
83269
83261
83239
83224
83196
83183
83161
83153
83084
83075
83027
83023
83015
82879
82847
82815
82803
82745
82672
82607
82592
82588
82528
82446
82379
82366
82343
82250
82231
82223
82141
82135
82126
82031
82002
81995
81978
81894
81890
81834
81648
81614
81607
81561
81536
81471
81371
81301
81284
81254
81231
81227
81211
81118
81095
81074
81001
80883
80874
80873
80724
80696
80685
80675
80658
80367
80339
80316
80283
80279
80223
80211
80183
80103
79889
79825
79764
79757
79729
79698
79663
79616
79589
79588
79538
79503
79501
79490
79488
79462
79405
79387
79370
79348
79280
79225
79173
79166
79119
79026
78993
78917
78902
78889
78766
78708
78632
78585
78551
78533
78495
78462
78446
78319
78317
78261
78257
78191
78011
77972
77850
77740
77552
77509
77446
77410
77318
77222
77144
77106
76880
76828
76690
76643
76613
76610
76554
76521
76521
76420
76374
76300
76278
76258
76209
76167
76119
76097
76049
76039
76021
76011
75964
75869
75848
75795
75774
75770
75764
75743
75728
75691
75668
75620
75565
75562
75536
75491
75445
75433
75354
75309
75250
75058
74988
74974
74953
74919
74857
74851
74832
74815
74752
74726
74718
74680
74590
74585
74557
74489
74319
74216
74168
74114
73965
73963
73917
73901
73848
73823
73787
73771
73749
73736
73674
73608
73594
73589
73584
73569
73554
73418
73390
73386
73348
73337
73250
73248
73173
73170
73154
73082
73064
73058
73001
72975
72970
72960
72893
72854
72852
72785
72751
72726
72583
72527
72525
72500
72433
72352
72337
72316
72294
72146
72139
72016
71969
71904
71901
71890
71877
71709
71673
71625
71579
71566
71485
71456
71327
71264
71233
71219
71215
71160
71156
70965
70886
70886
70850
70849
70832
70761
70759
70701
70682
70595
70570
70559
70479
70460
70303
70284
70260
70243
70242
70236
70220
70148
70135
69958
69946
69940
69908
69780
69765
69637
69592
69467
69410
69391
69359
69356
69304
69235
69226
69222
69219
69104
69035
69031
68994
68956
68951
68841
68789
68702
68566
68324
68320
68294
68254
68245
68183
68130
68080
68040
68040
68022
67948
67845
67684
67641
67577
67505
67347
67306
67300
67294
67274
67201
67192
67183
67119
67032
66957
66956
66936
66859
66853
66836
66828
66618
66428
66309
66287
66234
66153
66134
66093
66092
66027
65996
65924
65833
65824
65691
65674
65588
65568
65547
65445
65443
65404
65398
65382
65318
65262
65250
65244
65228
65195
65191
65190
64999
64980
64941
64924
64876
64841
64837
64836
64828
64814
64765
64740
64715
64705
64684
64683
64642
64634
64608
64556
64353
64276
64256
64140
64045
64017
64007
63947
63927
63849
63816
63686
63660
63637
63635
63499
63473
63445
63427
63274
63246
63208
63157
63140
63074
63007
62829
62828
62794
62773
62725
62721
62721
62698
62678
62528
62443
62345
62339
62336
62336
62334
62334
62260
62216
62128
62086
62079
62027
62024
62015
61965
61963
61919
61910
61861
61790
61723
61687
61621
61530
61498
61426
61426
61409
61386
61345
61312
61307
61143
61121
61070
61016
60935
60921
60839
60788
60783
60749
60668
60608
60490
60219
60160
60158
60130
60100
60081
59992
59938
59913
59845
59829
59783
59766
59762
59738
59727
59702
59701
59692
59688
59679
59643
59526
59447
59386
59370
59284
59242
59115
59095
59072
59070
59064
59020
58927
58920
58756
58753
58552
58545
58485
58402
58293
58234
58196
58190
58098
58075
58051
58020
57902
57898
57835
57831
57783
57774
57759
57679
57625
57555
57454
57424
57312
57280
57197
57188
57115
57114
57108
57085
57037
57031
56982
56925
56918
56902
56872
56782
56723
56711
56705
56672
56527
56522
56499
56487
56477
56456
56418
56414
56414
56394
56385
56335
56179
56166
56160
56116
56083
56048
55996
55988
55921
55885
55706
55674
55569
55568
55452
55409
55376
55358
55305
55109
55087
55022
54962
54891
54880
54879
54875
54819
54817
54713
54702
54678
54676
54630
54629
54497
54426
54383
54339
54336
54329
54319
54317
54289
54261
54172
54154
54089
54036
53983
53928
53877
53832
53801
53716
53715
53714
53641
53623
53619
53617
53590
53445
53442
53359
53337
53257
53229
53228
53160
53063
53032
53000
52990
52915
52904
52749
52703
52699
52599
52554
52524
52515
52501
52416
52408
52395
52348
52338
52286
52259
52221
52202
52162
52143
52076
52039
51838
51810
51804
51765
51692
51569
51501
51432
51355
51325
51267
51175
51057
51039
50978
50919
50886
50763
50684
50626
50624
50598
50585
50514
50508
50455
50357
50341
50319
50245
50174
50173
50149
50129
50111
50036
49854
49826
49816
49792
49776
49773
49768
49747
49591
49583
49580
49524
49479
49459
49299
49295
49233
49100
48976
48668
48576
48567
48558
48531
48461
48432
48363
48360
48333
48038
47866
47800
47796
47731
47694
47663
47594
47550
47508
47411
47395
47383
47372
47363
47355
47295
47294
47261
47237
47220
47177
47019
46981
46939
46814
46568
46495
46489
46416
46332
46316
46275
46220
46116
46088
46063
46008
45932
45913
45879
45806
45791
45783
45770
45726
45717
45673
45621
45613
45551
45518
45372
45345
45318
45311
45190
45188
45121
45094
45017
44971
44930
44908
44812
44716
44710
44705
44702
44686
44655
44430
44314
44250
44246
44194
44191
43951
43937
43933
43902
43859
43701
43699
43596
43521
43463
43457
43448
43407
43390
43374
43300
43170
43112
43089
43062
43021
42956
42937
42899
42851
42846
42845
42844
42831
42782
42725
42706
42688
42633
42621
42507
42379
42342
42318
42314
42264
42254
42148
42078
42005
41989
41969
41968
41964
41863
41859
41790
41761
41707
41692
41643
41594
41507
41347
41335
41254
41090
41080
41057
40943
40837
40804
40803
40717
40656
40642
40472
40406
40366
40355
40348
40276
40264
40218
40175
40157
40081
40025
39899
39898
39788
39783
39725
39722
39721
39691
39511
39442
39393
39340
39274
39270
39241
39148
39108
39061
38995
38957
38927
38924
38864
38858
38850
38832
38831
38811
38700
38576
38489
38473
38394
38344
38158
38130
38088
38062
37967
37930
37771
37760
37759
37757
37740
37681
37650
37640
37538
37311
37214
37188
37183
37138
37095
37087
37052
36961
36929
36925
36890
36868
36867
36860
36856
36821
36746
36707
36702
36693
36663
36537
36195
36122
36060
36022
35931
35888
35832
35814
35763
35721
35576
35511
35502
35472
35459
35455
35437
35340
35301
35238
35162
35086
35058
35039
35024
35007
35000
34998
34993
34986
34949
34929
34882
34732
34726
34723
34594
34593
34495
34433
34432
34406
34311
34249
34204
34102
34089
34047
34025
33995
33928
33917
33913
33843
33473
33452
33393
33293
33228
33143
33072
33015
32942
32796
32649
32623
32512
32459
32357
32270
32213
32162
32153
32123
31998
31996
31904
31838
31811
31754
31680
31600
31588
31562
31477
31388
31387
31281
31257
31108
31088
31035
31021
30959
30946
30930
30889
30856
30672
30620
30617
30431
30403
30310
30307
30104
30021
29962
29817
29809
29729
29710
29674
29644
29639
29544
29529
29516
29473
29473
29459
29436
29401
29300
29207
29028
29009
28973
28907
28868
28715
28712
28708
28686
28662
28643
28612
28551
28525
28350
28343
28328
28275
28269
28147
28048
28034
28004
27969
27944
27918
27897
27865
27846
27597
27499
27465
27464
27396
27376
27366
27340
27328
27247
27215
27196
26987
26965
26906
26800
26784
26706
26348
26280
26152
26132
26132
26060
26048
26029
25995
25818
25704
25675
25657
25542
25469
25416
25404
25340
25302
25282
25102
24882
24730
24727
24698
24626
24615
24539
24503
24464
24432
24414
24341
24323
24176
24147
24089
24002
23928
23927
23840
23828
23802
23767
23698
23650
23650
23643
23025
22959
22927
22926
22847
22842
22770
22732
22549
22547
22536
22478
22476
22449
22435
22412
22336
22311
22305
22254
22225
22217
22137
22039
22032
22031
21996
21966
21964
21945
21937
21902
21821
21736
21668
21668
21616
21532
21342
21329
21294
21213
21204
21203
21196
21189
21103
21077
21011
20932
20816
20804
20719
20678
20641
20562
20439
20384
20251
20220
20209
20197
20101
20073
20039
20020
19978
19966
19882
19870
19841
19831
19778
19755
19727
19651
19639
19631
19610
19515
19457
19412
19330
19242
19188
19167
19154
19095
19086
19021
19012
18951
18852
18851
18751
18687
18561
18479
18436
18280
18252
18245
18210
18027
18012
18007
18006
17990
17988
17938
17899
17885
17865
17749
17747
17712
17692
17689
17655
17636
17486
17469
17421
17411
17392
17375
17278
17198
17191
17174
17104
17023
16872
16795
16792
16710
16647
16604
16547
16543
16471
16461
16456
16436
16421
16415
16412
16391
16341
16269
16261
16255
16216
16068
16045
16037
16021
15912
15795
15788
15760
15709
15698
15652
15629
15612
15611
15502
15386
15311
15201
15172
15039
14925
14842
14772
14629
14597
14540
14487
14398
14358
14357
14334
14306
14283
14282
14278
14181
14089
14033
14031
14028
14001
13946
13906
13895
13885
13842
13831
13804
13648
13645
13571
13569
13504
13484
13432
13409
13342
13308
13277
13226
13156
13114
13091
13076
13001
12933
12891
12872
12871
12863
12838
12730
12727
12608
12531
12464
12456
12431
12364
12311
12114
12067
11942
11895
11877
11853
11832
11818
11735
11702
11682
11676
11570
11406
11381
11355
11346
11305
11228
11202
11119
11110
11098
11049
11024
10851
10846
10652
10632
10608
10514
10499
10484
10461
10413
10304
10280
10196
10169
10157
10065
9942
9738
9718
9705
9694
9649
9633
9535
9495
9471
9391
9377
9323
9276
9229
9157
9107
9091
8929
8885
8882
8799
8751
8685
8676
8653
8579
8571
8563
8538
8490
8473
8448
8438
8437
8437
8280
8214
8048
8028
8012
8011
8004
8004
7930
7881
7755
7605
7550
7549
7463
7454
7213
7206
7064
7036
6957
6906
6891
6818
6775
6750
6706
6703
6644
6603
6594
6588
6581
6538
6517
6490
6417
6396
6395
6392
6378
6366
6306
6292
6254
6091
5977
5960
5944
5903
5885
5856
5838
5803
5778
5758
5729
5713
5687
5667
5607
5577
5546
5503
5474
5379
5371
5366
5232
5149
5068
5051
5027
4950
4913
4896
4866
4857
4768
4744
4735
4659
4607
4513
4417
4415
4295
4279
4190
4142
4140
4078
4053
4050
3894
3883
3818
3742
3741
3738
3663
3582
3556
3539
3503
3450
3426
3402
3352
3336
3302
3148
3147
2952
2921
2873
2823
2793
2738
2728
2575
2561
2531
2518
2415
2330
2306
2293
2280
2273
2239
2219
2193
2187
2180
2163
2089
2024
1838
1791
1610
1519
1508
1453
1413
1366
1336
1200
1170
1151
1145
1117
1108
1048
998
988
971
966
950
902
892
889
817
780
592
579
469
295
208
142
97
26
