99972
99958
99921
99895
99885
99847
99831
99795
99793
99742
99640
99619
99566
99439
99433
99398
99361
99259
99225
99143
99102
99044
98992
98986
98961
98943
98845
98801
98745
98704
98698
98681
98645
98535
98524
98519
98496
98406
98399
98332
98328
98257
98245
98230
98123
98058
97764
97714
97667
97581
97573
97569
97560
97546
97400
97368
97364
97326
97319
97275
97249
97194
97116
97113
97082
97032
97014
96921
96862
96740
96643
96641
96592
96551
96508
96456
96424
96383
96370
96146
96144
96127
96024
95917
95794
95791
95773
95598
95549
95518
95515
95513
95471
95421
95393
95339
95334
95281
95199
95163
94992
94967
94919
94911
94890
94768
94759
94746
94710
94633
94594
94477
94446
94221
94177
94157
94141
94134
94118
94118
94043
94007
93950
93926
93788
93729
93596
93468
93456
93415
93409
93337
93322
93317
93303
93288
93243
93197
93191
93163
93142
93088
92966
92787
92782
92776
92686
92571
92333
92309
92283
92248
92230
92201
92114
92066
91995
91992
91968
91867
91851
91674
91642
91568
91525
91485
91462
91284
91272
91256
91219
91215
91214
91186
91080
91066
90967
90925
90860
90853
90799
90780
90777
90720
90652
90595
90559
90532
90475
90427
90238
90169
89845
89824
89731
89645
89623
89592
89578
89452
89449
89409
89236
89225
89174
89127
89058
88966
88739
88653
88616
88355
88235
88202
87997
87890
87858
87857
87671
87635
87592
87532
87462
87445
87420
87361
87334
87316
87298
87179
87170
87160
87134
87126
87121
87067
87025
86999
86995
86937
86900
86842
86814
86772
86764
86717
86700
86596
86499
86492
86478
86449
86448
86360
86341
86267
86199
86143
86076
86052
85932
85917
85902
85827
85773
85754
85742
85687
85575
85476
85471
85468
85388
85247
85158
85103
85022
84939
84869
84821
84795
84787
84763
84740
84726
84725
84680
84628
84625
84606
84592
84588
84580
84575
84572
84568
84496
84456
84441
84281
84196
84096
84070
84068
84061
84041
84035
84033
83984
83983
83948
83847
83816
83748
83692
83654
83621
83593
83493
83420
83401
83375
83263
83219
83190
83164
83062
83011
82952
82777
82689
82672
82554
82453
82381
82357
82091
82057
82031
82011
81988
81961
81940
81935
81766
81687
81493
81457
81383
81345
81168
81091
81083
81080
81065
81023
80925
80925
80853
80825
80811
80737
80712
80690
80648
80638
80638
80630
80607
80589
80541
80484
80446
80391
80379
80316
80285
80247
80228
80219
80216
80119
80076
79985
79938
79794
79773
79738
79685
79642
79565
79482
79405
79376
79298
79150
79143
79132
78959
78896
78858
78856
78846
78764
78546
78530
78415
78297
78258
78257
78186
78167
78094
78012
77940
77934
77932
77760
77624
77486
77438
77371
77354
77150
77108
76996
76995
76991
76986
76974
76841
76808
76758
76516
76476
76457
76142
76137
76121
76113
76099
76081
76044
75940
75756
75741
75740
75717
75653
75601
75525
75494
75257
75144
75132
75104
75052
75045
75035
74996
74939
74911
74882
74776
74744
74720
74706
74655
74573
74533
74524
74475
74340
74334
74316
74296
74241
74210
74203
74156
74087
74039
74037
74013
73945
73886
73872
73837
73628
73627
73536
73474
73471
73423
73376
73333
73187
73160
73146
73141
73087
73086
73078
73038
73013
72924
72923
72799
72759
72753
72741
72724
72662
72659
72652
72632
72615
72378
72304
72301
72288
72198
72178
72136
72068
72029
72019
71898
71895
71894
71856
71799
71706
71679
71645
71612
71497
71451
71433
71397
71350
71269
71175
70931
70928
70883
70740
70544
70525
70446
70433
70415
70349
70342
70303
70237
70205
70190
69971
69737
69723
69657
69584
69566
69497
69493
69426
69313
69301
69262
69239
69191
69169
69169
69151
69087
69036
68854
68850
68805
68788
68646
68505
68434
68393
68340
68338
68333
68273
68222
68085
68027
68017
67943
67875
67798
67760
67736
67722
67684
67659
67553
67437
67334
67329
67316
67253
67232
67230
67182
67164
67150
67102
67001
66889
66854
66792
66763
66747
66709
66687
66672
66601
66597
66584
66525
66498
66484
66457
66456
66456
66445
66437
66315
66312
66306
66281
66201
66183
66166
66067
66058
65988
65987
65952
65932
65924
65914
65845
65806
65738
65731
65613
65548
65468
65425
65346
65344
65302
65178
65102
65047
65026
64913
64897
64868
64863
64806
64731
64712
64704
64700
64687
64533
64492
64224
64198
64186
64095
64026
64022
63982
63926
63892
63881
63803
63660
63660
63523
63496
63412
63357
63328
63144
63140
63074
62984
62868
62779
62757
62671
62629
62574
62556
62512
62501
62451
62394
62386
62348
62264
62254
62178
62172
62123
62101
62053
61962
61961
61863
61832
61728
61659
61633
61621
61597
61557
61540
61506
61502
61447
61194
61090
61051
61050
60934
60916
60882
60817
60666
60626
60549
60549
60482
60475
60451
60337
60317
60310
60249
60142
60072
60018
59961
59822
59817
59732
59689
59640
59539
59530
59517
59434
59358
59321
59310
59281
59238
59228
59199
59177
59091
59067
58946
58868
58648
58598
58559
58483
58434
58349
58173
58169
58161
58016
58012
57996
57963
57954
57799
57738
57729
57538
57531
57519
57464
57418
57293
57272
57223
57191
57173
57164
57151
57126
56795
56777
56713
56707
56694
56692
56678
56677
56619
56600
56553
56541
56417
56416
56253
56226
56087
56030
55794
55703
55569
55559
55483
55423
55407
55389
55375
55369
55334
55307
55298
55296
55287
55218
55184
55117
55088
54929
54891
54878
54801
54730
54669
54588
54486
54473
54388
54350
54334
54204
54158
54143
54131
54083
54057
53947
53696
53663
53654
53640
53622
53600
53512
53501
53498
53488
53470
53423
53112
53111
53102
52983
52827
52821
52817
52809
52808
52733
52729
52727
52699
52698
52689
52603
52589
52543
52515
52471
52467
52450
52368
52363
52296
52068
52040
52035
51963
51951
51920
51764
51745
51704
51695
51682
51586
51585
51559
51544
51486
51465
51431
51354
51271
51236
51175
51167
51136
51114
51055
50977
50962
50947
50831
50812
50592
50584
50496
50471
50389
50365
50350
50349
50329
50300
50277
50208
50141
50130
50115
50097
50055
50042
49816
49780
49725
49701
49689
49642
49602
49593
49559
49454
49449
49365
49317
49255
49246
49244
49243
49231
49171
49162
49093
49041
49014
48992
48965
48949
48916
48812
48773
48715
48689
48683
48476
48384
48213
48073
48028
47934
47836
47632
47562
47477
47414
47334
47321
47311
47247
47241
47141
47140
47066
46976
46933
46850
46837
46797
46645
46507
46456
46395
46336
46335
46315
46307
46296
46289
46285
46271
46234
46199
46194
46189
46101
46096
46095
46050
46047
46007
45991
45954
45882
45791
45771
45722
45719
45686
45686
45645
45634
45589
45515
45401
45248
45221
45218
45128
45102
45101
45062
45028
45028
44940
44871
44849
44822
44775
44747
44699
44669
44659
44641
44534
44532
44397
44246
44188
44184
44140
44102
44082
44007
43945
43942
43906
43885
43842
43820
43775
43703
43675
43586
43584
43579
43463
43410
43330
43325
43323
43297
43267
43263
43237
43205
43100
43074
42985
42882
42872
42834
42805
42763
42677
42534
42351
42343
42324
42305
42303
42193
42140
42137
42028
42002
41846
41822
41770
41729
41687
41636
41594
41592
41586
41382
41314
41259
41255
41247
41236
41209
41156
41115
41109
41102
40993
40933
40918
40877
40635
40552
40438
40376
40349
40130
40122
40119
40103
40103
39943
39913
39867
39829
39793
39786
39736
39698
39664
39656
39634
39621
39594
39570
39508
39473
39443
39320
39282
39273
39253
39079
38927
38915
38874
38743
38705
38697
38683
38595
38563
38559
38512
38333
38323
38264
38225
38220
38179
37936
37892
37818
37649
37604
37573
37530
37415
37372
37370
37289
37257
37172
37155
37118
37109
37056
37004
36937
36876
36837
36814
36798
36795
36783
36688
36652
36550
36511
36485
36466
36453
36430
36373
36324
36294
36260
36238
36173
36127
36127
36125
36042
36002
35936
35750
35740
35713
35677
35611
35586
35581
35548
35515
35313
35170
35135
35072
35056
35037
34926
34880
34845
34751
34624
34612
34565
34512
34500
34491
34438
34375
34217
34201
34186
34185
34122
34116
34114
34103
34034
33974
33924
33913
33911
33811
33787
33655
33579
33473
33453
33430
33414
33345
33259
33248
33218
33174
33049
32984
32815
32812
32792
32749
32740
32717
32714
32644
32614
32612
32594
32569
32533
32441
32436
32418
32410
32391
32350
32321
32314
32294
32277
32258
32250
32199
32190
32154
32132
32114
32064
32050
32042
32011
31983
31981
31929
31870
31725
31708
31665
31576
31426
31423
31357
31298
31262
31245
31236
31148
31148
31116
31068
31064
31000
30984
30981
30980
30979
30942
30920
30847
30843
30832
30782
30765
30746
30739
30717
30705
30698
30640
30638
30637
30580
30568
30539
30454
30439
30436
30387
30385
30379
30367
30292
30220
30199
30126
30011
30008
29944
29938
29907
29839
29810
29765
29719
29691
29614
29583
29554
29457
29446
29426
29416
29326
29214
29211
29203
29133
29072
29007
28950
28930
28771
28762
28746
28706
28636
28553
28484
28427
28419
28409
28275
28201
28154
28130
28067
28039
27956
27933
27930
27889
27884
27784
27723
27638
27628
27551
27476
27442
27429
27397
27367
27320
27190
27180
27167
27073
27030
26983
26941
26940
26935
26918
26863
26815
26802
26795
26795
26791
26734
26679
26659
26658
26635
26595
26551
26460
26369
26206
26042
26008
25973
25972
25934
25863
25858
25847
25769
25720
25642
25578
25506
25473
25358
25306
25262
25176
25174
25026
24975
24948
24929
24760
24756
24678
24637
24621
24606
24561
24558
24539
24532
24481
24399
24322
24121
24045
24034
23939
23877
23808
23712
23644
23562
23533
23515
23499
23471
23448
23401
23370
23368
23314
23312
23283
23238
23223
23162
23134
23098
23026
22969
22959
22939
22835
22790
22784
22759
22696
22612
22560
22553
22513
22488
22410
22409
22371
22354
22335
22310
22274
22273
22176
22148
22124
22004
22002
21997
21990
21924
21910
21883
21863
21771
21767
21696
21638
21613
21590
21573
21555
21548
21528
21522
21495
21315
21229
21214
21195
21066
21064
21063
21035
20986
20964
20956
20838
20818
20806
20804
20632
20626
20599
20370
20358
20355
20272
20232
20146
20109
19990
19910
19895
19790
19651
19624
19589
19430
19355
19347
19303
19262
19192
19156
19149
19130
19015
19003
18980
18976
18917
18897
18729
18664
18660
18591
18523
18402
18104
18082
18062
18042
17891
17882
17860
17842
17830
17828
17782
17739
17605
17564
17501
17450
17411
17385
17356
17308
17291
17274
17236
17217
17103
17032
17010
16977
16940
16856
16841
16694
16661
16635
16616
16527
16519
16390
16365
16340
16210
16080
16045
15920
15915
15914
15843
15799
15753
15611
15513
15460
15431
15421
15365
15358
15284
15276
15232
15120
15059
15034
15028
14994
14986
14985
14972
14929
14872
14853
14743
14723
14660
14565
14563
14556
14462
14339
14319
14317
14189
14124
14043
14032
14026
13991
13961
13899
13894
13838
13825
13788
13742
13707
13692
13683
13663
13609
13605
13523
13455
13406
13399
13223
13205
13201
13186
13127
12912
12764
12762
12689
12670
12534
12418
12252
12097
12080
12006
11950
11906
11823
11662
11661
11552
11433
11418
11249
11201
11168
11155
11154
11121
11114
11082
11026
10939
10925
10848
10811
10792
10787
10782
10778
10758
10739
10601
10513
10481
10480
10477
10452
10373
10373
10371
10345
10335
10330
10292
10207
10198
10129
10107
10099
10082
10073
10073
10030
10013
9943
9922
9883
9724
9712
9692
9689
9679
9590
9572
9475
9341
9312
9279
9274
9199
9190
9177
9095
9084
8926
8885
8812
8793
8687
8672
8672
8652
8651
8500
8489
8455
8446
8381
8365
8247
8246
8240
8223
8131
8122
8081
7974
7958
7887
7829
7800
7635
7593
7498
7467
7453
7426
7284
7276
7229
7224
7184
7085
7029
7017
7001
6964
6890
6824
6778
6727
6725
6652
6652
6613
6587
6548
6526
6426
6408
6404
6367
6351
6316
6316
6292
6271
6198
6171
6116
6088
6060
6059
6021
5957
5864
5827
5701
5682
5605
5578
5548
5470
5300
5293
5108
5095
5066
5050
4918
4903
4875
4870
4852
4842
4757
4751
4729
4674
4622
4586
4576
4559
4443
4298
4242
4072
4056
4037
4021
4019
3994
3942
3912
3911
3902
3844
3793
3699
3682
3599
3590
3511
3459
3414
3367
3358
3357
3346
3205
3173
3153
3132
3107
3038
3010
2952
2920
2909
2823
2783
2759
2734
2645
2613
2599
2562
2537
2445
2438
2437
2380
2364
2329
2299
2237
2221
2191
1971
1969
1926
1896
1878
1873
1850
1604
1587
1573
1490
1475
1419
1383
1382
1314
1299
1263
1262
1236
1097
1004
1002
978
960
948
925
838
772
711
697
631
593
556
416
265
256
167
122
120
71
45
0
