99905
99856
99840
99829
99685
99631
99595
99561
99525
99460
99357
99347
99239
99166
99158
99120
99086
99046
98980
98936
98811
98756
98711
98657
98645
98596
98552
98540
98471
98426
98413
98372
98313
98185
97825
97719
97653
97582
97579
97572
97427
97406
97374
97329
97310
97105
97096
97067
97052
96948
96908
96906
96822
96792
96651
96564
96520
96492
96462
96411
96381
96359
96358
96318
96310
96285
96268
96232
96207
96098
96018
95961
95941
95931
95918
95911
95871
95848
95676
95635
95551
95524
95515
95250
95141
95092
95064
94959
94900
94767
94751
94742
94681
94653
94650
94582
94551
94529
94467
94450
94336
94308
94222
94195
94187
94172
94150
94119
94068
94010
94009
93954
93946
93920
93886
93864
93852
93798
93722
93646
93643
93627
93567
93548
93506
93505
93486
93486
93467
93459
93417
93399
93295
93207
93179
93177
93089
93087
93037
92990
92957
92938
92900
92857
92851
92760
92745
92729
92714
92479
92423
92402
92388
92384
92352
92328
92291
92248
92211
92197
92172
92161
92159
92050
92038
92029
92007
91977
91915
91850
91850
91850
91774
91625
91592
91591
91467
91450
91436
91426
91380
91299
91275
91260
91235
91208
91184
91161
91158
91121
91104
91101
91089
91073
91007
90975
90945
90915
90877
90850
90767
90766
90751
90631
90549
90493
90491
90389
90340
90283
90281
90270
90242
90196
90178
90039
90037
90022
89955
89824
89819
89803
89798
89796
89778
89752
89720
89692
89669
89636
89629
89612
89587
89520
89437
89427
89385
89378
89368
89348
89343
89309
89304
89146
89114
89045
89037
88994
88958
88934
88924
88836
88580
88557
88449
88422
88420
88378
88361
88259
88210
88150
88093
88090
88078
88076
88060
88026
87921
87908
87904
87892
87826
87661
87660
87638
87628
87611
87596
87573
87509
87453
87406
87388
87361
87288
87231
87210
87192
87184
87167
87114
87055
87041
86967
86819
86816
86803
86752
86750
86731
86724
86665
86648
86630
86623
86535
86522
86489
86464
86434
86332
86300
86273
86269
86217
86208
86200
86117
86088
85996
85954
85832
85793
85706
85705
85689
85616
85537
85506
85469
85459
85404
85332
85286
85250
85218
85209
85187
84939
84895
84812
84795
84782
84782
84714
84672
84637
84609
84602
84492
84432
84333
84330
84296
84210
84210
84154
84139
84109
84009
83998
83982
83974
83932
83903
83839
83828
83791
83756
83751
83750
83679
83663
83631
83589
83556
83499
83480
83430
83399
83311
83233
83098
83095
83032
82971
82884
82859
82819
82774
82736
82730
82708
82690
82663
82606
82558
82513
82512
82465
82446
82362
82326
82279
82244
82230
82215
82205
82181
82099
82019
82003
81990
81940
81910
81677
81536
81495
81320
81237
81209
81161
81151
81026
81019
80789
80763
80757
80738
80677
80568
80456
80421
80388
80386
80375
80347
80191
80176
80151
80149
80117
80095
80053
80021
80008
79999
79998
79952
79907
79746
79736
79695
79681
79621
79542
79542
79499
79400
79340
79324
79279
79265
79207
79100
79086
79056
78980
78934
78911
78909
78869
78868
78859
78780
78696
78690
78680
78642
78633
78627
78605
78417
78352
78317
78306
78177
77922
77828
77746
77724
77703
77700
77478
77412
77382
77336
77167
77123
77093
76971
76936
76927
76901
76852
76811
76786
76775
76733
76575
76340
76189
76189
76078
76049
75949
75830
75786
75784
75771
75759
75758
75583
75521
75483
75435
75359
75341
75224
75214
75188
75139
75136
75126
75091
74995
74984
74931
74896
74895
74843
74806
74756
74554
74547
74537
74493
74487
74437
74430
74310
74308
74235
74191
74170
74060
73927
73913
73901
73810
73734
73672
73655
73588
73554
73519
73434
73414
73219
73206
73111
73099
73077
73016
72843
72701
72605
72597
72555
72523
72516
72513
72512
72480
72421
72374
72186
72168
72115
72086
72074
71982
71962
71905
71902
71886
71786
71715
71659
71626
71590
71560
71461
71347
71312
71239
71121
71077
71036
71025
71003
70910
70859
70782
70752
70733
70661
70514
70488
70479
70366
70358
70192
70175
70163
70075
69966
69836
69812
69810
69784
69714
69711
69656
69654
69646
69573
69566
69523
69514
69498
69233
69227
69221
69183
69161
68992
68963
68877
68853
68849
68822
68742
68720
68619
68614
68515
68512
68465
68259
68216
68181
68172
68148
68108
68103
67752
67739
67651
67619
67610
67502
67463
67442
67395
67381
67354
67258
67248
67198
67187
67148
67129
67128
67079
67040
67027
66853
66734
66681
66601
66553
66489
66458
66427
66397
66355
66327
66291
66267
66227
66182
66133
66070
65939
65811
65770
65744
65709
65539
65459
65410
65400
65384
65335
65251
65152
65147
65142
65138
65065
65053
64983
64963
64937
64925
64893
64852
64803
64750
64724
64638
64634
64546
64312
64234
64225
64217
64209
64149
64021
63872
63808
63693
63640
63593
63576
63561
63542
63515
63464
63445
63442
63400
63329
63268
63247
63214
63192
63169
63143
63142
63128
63127
63006
62914
62907
62905
62889
62887
62807
62806
62710
62701
62646
62570
62542
62308
62264
62256
62255
62244
62230
62194
62178
62127
62072
61988
61969
61958
61935
61874
61839
61832
61706
61698
61643
61639
61632
61587
61584
61465
61394
61273
61237
61211
61193
61122
61118
61072
61032
61004
60930
60918
60897
60882
60831
60814
60791
60761
60751
60717
60637
60610
60602
60602
60465
60376
60323
60293
60262
60258
60242
60235
60162
60136
60130
60031
59981
59972
59972
59889
59790
59767
59760
59718
59704
59693
59679
59497
59480
59377
59371
59322
59282
59201
59082
59069
58985
58906
58833
58808
58786
58558
58527
58499
58480
58265
58147
58080
58056
58046
58038
57993
57929
57926
57784
57776
57750
57722
57704
57700
57606
57601
57502
57495
57491
57473
57405
57326
57296
57201
57178
57175
57102
57021
56916
56823
56757
56720
56673
56599
56595
56576
56557
56420
56307
56288
56210
56143
56104
56021
55973
55957
55945
55901
55900
55804
55682
55680
55657
55656
55555
55466
55340
55335
55326
55323
55294
55224
55205
55119
55065
55051
55037
55002
54976
54958
54888
54863
54855
54838
54817
54815
54798
54791
54614
54534
54534
54518
54467
54402
54340
54302
54273
54251
54198
54128
54087
54060
53840
53761
53503
53493
53489
53326
53310
53300
53272
53184
53108
53034
52880
52866
52854
52842
52636
52562
52507
52399
52377
52363
52284
52250
52240
52198
52178
52088
52080
52014
51966
51960
51880
51794
51750
51741
51721
51681
51667
51496
51479
51470
51369
51322
51276
51263
51193
51186
51153
51136
51131
51100
51045
51043
51042
51026
50952
50945
50887
50814
50774
50728
50642
50639
50627
50468
50423
50351
50171
50167
50070
50036
49946
49856
49809
49643
49575
49541
49510
49468
49388
49357
49306
49237
49158
49066
49052
49049
48984
48979
48924
48917
48819
48803
48743
48663
48549
48478
48424
48415
48377
48362
48342
48334
48327
48304
47950
47942
47909
47797
47758
47702
47663
47623
47599
47592
47553
47457
47430
47383
47372
47256
47213
47182
47169
47158
47157
47092
46997
46978
46961
46917
46915
46905
46897
46822
46697
46679
46567
46496
46453
46391
46300
46274
46260
46003
45846
45830
45829
45722
45623
45588
45519
45512
45363
45318
45298
45292
45199
45177
45051
45046
45046
44869
44595
44582
44487
44460
44385
44244
44240
44210
44174
44170
44149
44089
44047
44041
44037
43973
43947
43910
43879
43864
43825
43824
43754
43698
43662
43497
43427
43265
43190
43190
43181
43171
43061
43005
43000
42946
42880
42758
42744
42690
42614
42320
42294
42209
42206
42181
42177
42110
42053
42053
42041
41999
41950
41916
41893
41882
41718
41678
41563
41476
41467
41441
41300
41288
41246
41177
41149
41124
40920
40850
40827
40785
40755
40745
40693
40651
40573
40493
40462
40460
40449
40448
40424
40002
39934
39933
39877
39776
39758
39746
39691
39685
39582
39444
39434
39389
39331
39293
39241
39238
39209
39054
39042
38958
38936
38766
38762
38713
38578
38558
38457
38388
38373
38361
38354
38328
38273
38239
38177
38170
38149
38104
38013
37970
37901
37890
37826
37821
37792
37706
37655
37573
37571
37461
37231
37216
36971
36939
36902
36842
36801
36697
36689
36576
36557
36496
36455
36326
36291
36281
36195
36032
36000
35895
35861
35830
35812
35723
35650
35622
35564
35558
35547
35373
35312
35305
35115
35081
35076
34990
34960
34953
34875
34860
34817
34695
34686
34615
34491
34354
34275
34245
34152
34137
34130
34087
34075
33991
33991
33971
33899
33819
33816
33775
33647
33553
33535
33532
33427
33373
33297
33277
33245
33209
33169
33139
32987
32983
32979
32959
32876
32760
32636
32624
32537
32524
32463
32437
32414
32385
32382
32365
32350
32317
32216
32180
32057
32012
31986
31938
31911
31871
31643
31631
31614
31602
31571
31551
31497
31478
31468
31375
31345
31213
31204
31130
31111
31092
31069
31002
30965
30932
30823
30777
30731
30691
30663
30628
30582
30489
30412
30373
30344
30339
30311
30210
30128
30092
30075
30064
30041
30038
30018
29863
29847
29826
29626
29611
29573
29565
29548
29528
29518
29495
29455
29291
29247
29241
29217
29201
29119
29069
29013
29008
29007
28873
28752
28726
28714
28597
28499
28399
28322
28322
28304
28215
28187
28175
28146
28062
28048
28004
27974
27964
27895
27744
27736
27662
27636
27627
27604
27572
27557
27534
27377
27336
27020
27017
26961
26922
26894
26798
26757
26726
26559
26550
26452
26446
26436
26269
26264
26052
26027
25934
25910
25881
25835
25781
25756
25600
25464
25427
25421
25323
25282
25246
25220
25213
25192
25160
25133
25124
24954
24797
24753
24725
24699
24658
24592
24573
24523
24471
24436
24426
24315
24220
24159
24095
23994
23970
23912
23896
23756
23747
23684
23643
23610
23587
23582
23539
23515
23425
23388
23316
23296
23285
23272
23268
23197
23182
23173
23133
23121
23105
23099
23009
22941
22916
22849
22840
22768
22715
22705
22678
22622
22548
22547
22546
22518
22516
22506
22298
22279
22262
22235
22218
22176
22126
22065
21997
21902
21831
21778
21680
21437
21433
21290
21282
21278
20995
20928
20851
20838
20819
20808
20789
20768
20708
20608
20577
20557
20525
20449
20431
20405
20372
20366
20239
20108
20069
20058
20043
20017
19961
19936
19935
19821
19744
19736
19677
19661
19648
19610
19527
19489
19470
19421
19390
19368
19301
19283
19238
19171
19140
19124
19117
19099
19070
19016
18865
18823
18814
18813
18788
18717
18542
18528
18516
18488
18459
18429
18396
18394
18342
18331
18328
18184
18181
18167
18160
18138
18117
18072
18029
18000
17981
17933
17851
17811
17737
17669
17662
17660
17642
17624
17360
17299
17284
17179
17088
17004
16999
16887
16849
16766
16765
16752
16660
16640
16481
16444
16365
16310
16280
16255
16245
16237
16102
16077
16038
16038
15982
15945
15828
15741
15719
15658
15653
15541
15520
15474
15447
15414
15360
15355
15248
15198
15195
15166
15123
15119
15070
15053
15015
14980
14924
14899
14786
14784
14774
14771
14737
14714
14604
14588
14545
14535
14466
14417
14350
14260
14164
14059
14040
14027
13922
13908
13864
13863
13853
13718
13628
13561
13552
13543
13502
13360
13331
13293
13233
13231
13211
13179
13172
13157
12862
12749
12746
12722
12604
12559
12546
12440
12351
12218
12198
12169
12111
12061
12060
12049
12004
11931
11870
11770
11481
11441
11398
11356
11269
11188
11169
11137
10954
10933
10905
10807
10740
10720
10712
10708
10629
10513
10480
10472
10454
10453
10396
10273
10127
10126
10083
10024
9654
9619
9604
9590
9566
9552
9516
9482
9480
9455
9443
9215
9121
9120
9043
8992
8935
8927
8879
8830
8825
8771
8730
8684
8652
8648
8601
8421
8335
8326
8309
8291
8286
8207
8192
8134
8099
8025
7987
7986
7983
7977
7958
7954
7950
7923
7915
7883
7877
7683
7606
7592
7573
7498
7483
7473
7471
7467
7394
7351
7309
7184
7178
7162
7149
7104
7088
7063
6839
6835
6833
6782
6746
6697
6693
6646
6638
6506
6445
6377
6340
6275
6199
6165
6154
6119
6094
6085
5992
5980
5956
5888
5703
5584
5556
5522
5501
5483
5464
5370
5333
5271
5129
5095
5065
4984
4954
4945
4927
4815
4653
4644
4643
4591
4505
4499
4493
4351
4264
4262
4200
4198
4137
4103
4049
4031
3982
3931
3775
3733
3686
3644
3636
3605
3585
3546
3463
3416
3365
3343
3330
3321
3306
3304
3105
3018
2990
2982
2881
2825
2765
2764
2724
2680
2672
2667
2650
2607
2591
2585
2557
2505
2498
2463
2431
2227
2209
2199
2017
1977
1972
1882
1878
1867
1803
1799
1790
1757
1750
1742
1661
1602
1262
1237
1154
1126
1044
1008
1004
1002
963
884
831
781
720
713
636
571
532
527
457
440
326
320
267
187
178
170
159
152
112
67
