99946
99945
99835
99614
99589
99457
99434
99429
99405
99317
99294
99209
99148
99084
99079
99077
99038
98923
98833
98797
98782
98767
98764
98748
98655
98615
98555
98474
98448
98413
98400
98400
98336
98155
98137
98117
98097
97978
97896
97834
97668
97643
97628
97576
97562
97557
97552
97539
97503
97441
97291
97280
97277
97225
97091
97008
96757
96689
96622
96568
96537
96515
96497
96462
96434
96433
96389
96353
96260
96210
96072
96058
96048
96040
95987
95947
95926
95921
95726
95690
95685
95615
95567
95564
95564
95466
95457
95387
95385
95385
95351
95337
95284
95230
95100
95047
95007
94982
94980
94850
94770
94723
94712
94647
94571
94568
94560
94540
94518
94420
94418
94275
94182
94136
94061
94037
94010
94005
93980
93974
93925
93886
93723
93718
93697
93644
93642
93630
93613
93612
93545
93523
93501
93396
93385
93279
93184
93091
93090
93068
93053
93046
92941
92925
92900
92799
92720
92621
92464
92349
92285
92207
92122
92113
92066
92002
91866
91854
91768
91711
91705
91648
91578
91563
91502
91501
91464
91399
91379
91355
91263
91201
91187
91132
91131
91109
91085
91073
91000
90991
90975
90899
90857
90819
90813
90794
90740
90705
90703
90591
90444
90428
90366
90334
90329
90321
90297
90238
90235
90223
90146
90116
90107
90098
90097
90093
90084
90076
90063
90059
89994
89977
89952
89895
89864
89839
89703
89689
89680
89658
89654
89642
89614
89512
89499
89399
89371
89346
89325
89222
89114
89097
89091
89052
89018
88974
88972
88971
88756
88613
88560
88548
88524
88463
88416
88174
88173
88053
88021
88016
88011
87997
87879
87864
87847
87780
87766
87705
87668
87625
87619
87588
87562
87558
87555
87543
87526
87460
87457
87403
87365
87274
87243
87228
87191
87115
87087
87011
86995
86982
86926
86920
86781
86735
86723
86674
86623
86536
86496
86390
86352
86329
86265
86060
86055
86010
85980
85938
85904
85894
85855
85822
85813
85764
85740
85634
85620
85610
85592
85557
85489
85462
85379
85327
85323
85305
84911
84831
84611
84610
84589
84573
84421
84419
84377
84361
84314
84310
84244
84187
84153
84135
84120
84080
83937
83930
83925
83881
83861
83859
83838
83825
83772
83681
83539
83531
83506
83484
83447
83425
83383
83348
83317
83285
83195
83140
83110
83025
82983
82982
82976
82970
82957
82905
82838
82717
82575
82498
82479
82398
82339
82308
82245
82235
82197
82177
82171
82098
82038
82036
81930
81928
81862
81846
81711
81701
81656
81554
81501
81475
81454
81431
81354
81260
81056
81007
81000
80950
80928
80855
80803
80794
80743
80632
80556
80502
80460
80440
80384
80367
80284
80218
80176
80172
80160
80129
80111
79930
79883
79776
79776
79728
79704
79673
79653
79501
79439
79436
79375
79364
79348
79343
79334
79318
79316
79274
79182
79146
79096
79090
79020
79011
79004
79000
78891
78863
78862
78852
78837
78816
78794
78744
78649
78516
78343
78278
78257
78233
78185
78178
78163
78121
77985
77954
77879
77872
77798
77767
77765
77738
77719
77707
77692
77620
77609
77607
77603
77538
77447
77383
77323
77299
77228
76920
76890
76863
76838
76823
76730
76718
76709
76701
76627
76601
76594
76581
76505
76375
76371
76355
76350
76207
76115
76078
75995
75904
75661
75588
75512
75509
75491
75474
75254
75204
75184
75088
75043
74924
74887
74776
74740
74701
74678
74643
74628
74600
74598
74530
74523
74488
74405
74345
74264
74222
74218
74185
73949
73929
73917
73837
73768
73588
73505
73491
73151
73118
72976
72972
72917
72877
72851
72815
72775
72764
72681
72656
72594
72585
72530
72472
72467
72460
72322
72270
72209
72084
72048
71969
71954
71905
71902
71886
71852
71832
71812
71729
71715
71643
71618
71539
71459
71357
71355
71275
71195
71161
71051
71040
71028
71026
71002
71000
70976
70930
70930
70898
70864
70821
70814
70771
70757
70754
70719
70700
70495
70447
70265
70224
70208
70185
70125
70120
70104
69995
69765
69721
69719
69699
69697
69696
69554
69512
69444
69349
69348
69318
69271
69192
69089
69085
69054
69038
69024
68941
68890
68873
68847
68820
68817
68814
68811
68773
68698
68521
68520
68514
68479
68379
68283
68260
68083
68061
68055
68043
67986
67958
67935
67923
67919
67834
67804
67712
67559
67522
67514
67433
67422
67384
67309
67235
67134
67087
67043
67043
66958
66878
66766
66689
66667
66623
66610
66548
66482
66478
66449
66345
66324
66265
66258
66234
66193
66114
66035
66013
65931
65906
65865
65858
65809
65807
65803
65758
65602
65559
65557
65405
65379
65277
65271
65231
65199
65170
65045
65012
65001
64951
64946
64924
64861
64791
64781
64581
64481
64463
64437
64436
64382
64376
64337
64320
64277
64265
64250
64192
64078
63873
63795
63775
63761
63687
63612
63516
63514
63481
63364
63351
63340
63318
63309
63301
63233
63197
63113
63067
63015
63005
62946
62946
62928
62876
62776
62772
62731
62712
62706
62623
62584
62574
62563
62561
62542
62511
62482
62465
62441
62351
62234
62147
62146
62064
62029
61989
61898
61874
61791
61757
61660
61565
61541
61539
61485
61386
61373
61371
61231
61188
61187
61165
61103
61086
60987
60892
60883
60708
60550
60522
60316
60300
60265
60246
60216
60159
60131
60123
60080
60074
59942
59826
59751
59738
59698
59674
59636
59594
59501
59463
59427
59342
59317
59254
59144
58991
58981
58935
58927
58914
58784
58744
58671
58666
58436
58376
58352
58297
58285
58273
58269
58211
58208
58194
58184
58172
58114
58072
58015
57945
57868
57721
57703
57656
57637
57580
57555
57393
57218
57163
57138
57136
57136
57035
56992
56972
56894
56753
56686
56676
56668
56517
56491
56467
56450
56389
56316
56288
56266
56178
56164
56026
56021
55990
55913
55881
55842
55702
55696
55620
55579
55565
55552
55497
55410
55144
55054
55031
55031
55000
54985
54936
54894
54824
54794
54737
54640
54604
54577
54422
54376
54344
54279
54250
54217
54119
53927
53851
53791
53737
53650
53606
53421
53400
53272
53140
53123
52991
52969
52936
52923
52846
52824
52792
52791
52773
52640
52621
52564
52500
52481
52464
52462
52447
52446
52394
52376
52361
52326
52325
52252
52223
52180
52160
52154
52102
52030
51962
51921
51868
51793
51723
51610
51528
51479
51446
51403
51396
51391
51370
51322
51316
51295
51225
51221
51188
51094
51093
51072
51060
51025
50846
50815
50762
50675
50653
50610
50607
50507
50463
50447
50433
50372
50352
50182
50159
50113
50092
50073
50065
50052
50010
49980
49927
49868
49851
49728
49722
49721
49689
49561
49522
49507
49478
49465
49450
49360
49324
49293
49111
49105
49104
49065
49059
49006
48885
48863
48806
48731
48721
48641
48581
48563
48561
48530
48524
48468
48461
48336
48259
48200
48186
48169
48116
48089
48077
48074
48064
47913
47823
47816
47762
47671
47630
47526
47526
47469
47409
47408
47392
47374
47140
47139
47117
46866
46853
46848
46826
46775
46764
46696
46636
46569
46494
46446
46443
46427
46418
46241
46019
46000
45935
45853
45770
45758
45719
45690
45684
45466
45463
45408
45343
45325
45307
45301
45155
45130
45018
44959
44932
44850
44817
44775
44551
44518
44439
44416
44380
44357
44337
44268
44238
44188
44182
44176
44146
44103
44087
44065
43979
43961
43944
43777
43737
43698
43694
43621
43607
43573
43477
43434
43367
43286
43269
43237
43112
43070
43031
43024
42889
42871
42855
42822
42799
42780
42764
42685
42639
42635
42566
42556
42509
42409
42374
42263
42217
42190
42183
42161
42104
42103
42078
42058
42004
41924
41868
41816
41775
41683
41652
41585
41567
41565
41462
41414
41397
41374
41336
41323
41311
41274
41258
41194
41126
41110
41107
41102
41084
41052
41012
41009
41006
40927
40917
40895
40879
40832
40831
40828
40744
40730
40718
40518
40516
40477
40338
40336
40287
40201
40152
40142
40083
40019
39962
39948
39923
39882
39880
39830
39791
39770
39679
39518
39471
39388
39318
39304
39226
39218
39200
39123
39099
39010
38988
38840
38764
38667
38663
38650
38580
38485
38466
38465
38422
38358
38309
38279
38248
38132
37862
37839
37732
37620
37618
37584
37547
37445
37375
37352
37294
37260
37214
37199
37153
37126
36979
36975
36973
36924
36866
36862
36705
36677
36653
36625
36563
36524
36514
36361
36352
36308
36288
36223
36193
36121
36041
35791
35775
35736
35664
35661
35633
35615
35544
35502
35477
35443
35342
35143
35086
35030
35020
34848
34696
34654
34595
34592
34514
34363
34336
34314
34226
34178
34135
34133
34040
33864
33854
33810
33762
33757
33729
33727
33690
33427
33359
33330
33327
33318
33309
33294
33276
33239
33238
33212
33210
33197
33172
33156
33139
33137
33133
33104
33058
32901
32860
32777
32686
32677
32617
32608
32593
32552
32530
32518
32486
32485
32420
32386
32288
32287
32267
32248
32235
32219
32217
32149
32138
32102
32044
32017
31954
31890
31883
31840
31827
31814
31804
31739
31641
31511
31506
31440
31394
31206
31190
31142
31134
31049
30902
30882
30859
30824
30635
30575
30504
30445
30312
30296
30223
30211
30168
30114
29977
29962
29950
29898
29847
29844
29752
29696
29683
29655
29603
29570
29501
29446
29425
29420
29353
29310
29272
29268
29163
29139
29097
29038
28820
28790
28790
28508
28498
28426
28351
28266
28255
28182
28147
28107
28036
27958
27937
27927
27920
27858
27854
27854
27795
27702
27662
27637
27591
27488
27468
27416
27362
27348
27324
27087
26954
26817
26816
26814
26791
26691
26662
26620
26551
26515
26500
26484
26431
26293
26280
26243
26187
26117
26048
25983
25962
25779
25779
25736
25630
25595
25566
25548
25544
25541
25466
25435
25392
25306
25292
25232
25187
25171
25139
25079
24985
24977
24961
24928
24859
24809
24793
24760
24728
24680
24519
24506
24500
24319
24233
24219
24173
24149
24131
24110
24001
23978
23952
23938
23937
23870
23770
23726
23718
23626
23618
23613
23590
23588
23537
23484
23468
23467
23456
23349
23282
23148
23089
23078
23075
23024
23012
22973
22969
22966
22776
22667
22654
22618
22569
22530
22525
22496
22448
22405
22400
22385
22360
22200
22173
22097
21912
21880
21863
21849
21835
21807
21587
21559
21524
21488
21410
21233
21162
21148
21129
21128
20932
20869
20820
20770
20757
20724
20710
20704
20585
20556
20532
20384
20297
20211
20150
20139
20124
20056
20042
19986
19892
19890
19846
19777
19763
19746
19587
19552
19541
19539
19519
19511
19491
19473
19472
19362
19230
19223
19149
19046
18817
18681
18639
18607
18600
18560
18470
18272
18260
18207
18203
18071
18047
18029
18012
17948
17947
17935
17923
17910
17907
17907
17834
17798
17751
17648
17470
17470
17419
17254
17179
17170
17143
17047
16914
16816
16800
16797
16671
16618
16583
16580
16526
16268
16264
16229
16112
16105
16105
16069
16033
16031
15978
15928
15908
15709
15688
15638
15613
15530
15307
15276
15081
15056
14941
14938
14933
14892
14865
14795
14788
14654
14561
14386
14367
14299
14269
14238
14229
14205
14197
14122
14120
13840
13821
13760
13683
13649
13629
13621
13611
13572
13535
13519
13383
13379
13317
13308
13281
13149
13146
13135
13061
12936
12917
12813
12781
12776
12660
12652
12638
12562
12462
12438
12394
12344
12321
12286
12250
12193
12179
12163
12132
12051
12046
12024
11818
11805
11790
11692
11678
11635
11413
11399
11385
11320
11285
11228
11208
11157
11120
11102
11078
11000
10962
10813
10790
10788
10768
10760
10756
10709
10686
10675
10625
10449
10391
10308
10297
10296
10263
10235
10207
10176
10076
10073
9986
9959
9956
9926
9917
9896
9769
9766
9713
9693
9671
9628
9619
9593
9538
9498
9429
9415
9390
9309
9277
9272
9135
9071
9036
9020
9018
8929
8918
8822
8756
8734
8615
8580
8556
8477
8431
8426
8355
8275
8160
8117
8072
8042
7955
7886
7879
7857
7854
7763
7736
7710
7607
7565
7365
7350
7158
7137
7070
7056
7054
7037
6901
6820
6726
6669
6655
6576
6531
6512
6480
6417
6415
6203
6194
6183
6164
5979
5948
5889
5789
5737
5721
5709
5701
5673
5656
5416
5408
5397
5360
5330
5302
5295
5249
5194
5107
5035
4937
4914
4753
4677
4572
4555
4512
4471
4418
4354
4334
4328
4319
4313
4313
4308
4271
4229
4211
4203
4176
4161
4126
4064
4001
3905
3868
3769
3735
3711
3622
3481
3468
3398
3389
3388
3353
3338
3219
3209
3158
3054
2961
2949
2875
2863
2861
2802
2792
2781
2773
2719
2568
2521
2509
2460
2378
2357
2340
2326
2184
2125
2095
2068
2014
1979
1962
1878
1859
1850
1804
1763
1744
1742
1737
1723
1711
1689
1598
1522
1489
1398
1390
1317
1187
1183
1161
1136
1108
1083
952
831
802
707
679
657
647
562
553
504
346
302
291
175
171
98
74
41
16
