99970
99939
99867
99850
99779
99706
99705
99699
99515
99489
99459
99252
99249
99237
99132
99116
99102
99076
99049
99036
98993
98969
98910
98869
98656
98647
98551
98502
98498
98454
98397
98365
98360
98344
98335
98280
98228
98113
98047
97919
97909
97878
97875
97859
97832
97794
97760
97760
97655
97617
97565
97528
97499
97448
97266
97247
97237
97216
97172
97085
96776
96752
96663
96660
96606
96521
96389
96347
96264
96156
96143
96140
96080
96059
95911
95799
95797
95778
95748
95627
95487
95441
95420
95394
95345
95256
95202
95109
95100
95090
95084
95071
94991
94847
94783
94706
94591
94554
94509
94483
94442
94418
94345
94287
94277
94239
94183
94175
94166
94157
94118
94061
94039
94016
94010
94000
93974
93968
93888
93804
93802
93793
93791
93708
93678
93623
93616
93551
93550
93523
93399
93396
93345
93276
93272
93228
93146
93134
93100
93033
93004
92922
92905
92754
92744
92700
92640
92632
92506
92469
92445
92384
92360
92259
92218
92193
92157
92137
92095
92093
92091
92048
92033
92025
91966
91916
91875
91810
91807
91806
91803
91705
91680
91668
91641
91631
91592
91579
91525
91461
91325
91318
91227
91212
91087
91023
90949
90896
90894
90869
90799
90735
90735
90729
90694
90646
90618
90507
90348
90298
90285
90271
90264
90250
90223
90156
90148
90129
90117
90098
90075
90064
90048
90024
90002
89990
89873
89780
89741
89729
89627
89604
89557
89499
89475
89462
89364
89323
89296
89209
89101
89088
89055
88994
88973
88953
88928
88915
88857
88841
88841
88709
88659
88649
88632
88594
88567
88509
88171
88170
88098
88036
88014
88008
88003
87997
87876
87660
87632
87534
87465
87450
87408
87402
87395
87383
87373
87312
87302
87298
87221
87151
87147
87140
87077
87005
86950
86821
86820
86797
86773
86749
86724
86695
86686
86654
86509
86423
86400
86273
86269
86226
86223
86218
86194
86186
86011
85979
85973
85945
85757
85721
85671
85507
85495
85402
85384
85346
85303
85270
85187
85091
85088
85078
85072
85038
84944
84917
84868
84846
84827
84822
84818
84805
84802
84632
84626
84618
84590
84545
84539
84528
84394
84391
84271
84238
84181
84179
84138
84103
84064
84043
84040
84034
83982
83968
83945
83939
83887
83809
83786
83778
83774
83762
83707
83677
83652
83625
83594
83537
83433
83378
83328
83316
83307
83184
83012
83004
83000
82964
82960
82937
82902
82896
82892
82885
82875
82849
82781
82760
82757
82692
82661
82577
82568
82533
82485
82336
82278
82272
82158
82113
82085
82075
82043
82023
81977
81918
81904
81841
81678
81646
81640
81502
81411
81304
81269
81227
81220
81215
81208
81084
81077
80995
80929
80920
80870
80737
80729
80701
80686
80585
80440
80399
80323
80319
80294
80188
80107
79999
79978
79970
79970
79951
79816
79799
79781
79777
79772
79740
79708
79551
79439
79348
79319
79283
79154
79037
79003
78941
78791
78770
78766
78747
78723
78716
78712
78663
78655
78635
78612
78595
78565
78562
78537
78511
78428
78333
78319
78268
78236
78223
78201
78198
78138
78104
78030
77793
77772
77718
77567
77373
77365
77361
77348
77332
77288
77286
77244
77199
77190
77152
77122
77062
77044
77020
76958
76939
76860
76558
76557
76554
76553
76447
76330
76247
76212
76015
75966
75962
75958
75937
75930
75786
75744
75743
75664
75652
75630
75586
75585
75577
75415
75402
75351
75292
75260
75227
75193
75089
75070
75065
75028
75004
74959
74897
74788
74754
74742
74619
74478
74260
74249
74231
74198
74114
74081
74047
73976
73947
73914
73912
73902
73860
73765
73765
73705
73486
73479
73414
73371
73363
73332
73318
73266
73263
73161
73144
73101
72980
72930
72912
72865
72849
72778
72660
72635
72500
72453
72414
72413
72362
72356
72330
72302
72283
72223
72220
72166
72108
72093
72065
71975
71896
71882
71878
71863
71824
71723
71660
71620
71564
71551
71519
71461
71446
71344
71209
71143
71059
70999
70955
70942
70889
70875
70821
70694
70693
70602
70568
70531
70450
70396
70344
70338
70317
70317
70251
70223
70214
70201
70132
70119
70105
70062
69881
69869
69819
69802
69784
69601
69546
69533
69533
69530
69506
69485
69471
69427
69402
69319
69295
69277
69262
69217
69165
69013
69013
68969
68928
68797
68766
68764
68754
68719
68697
68688
68664
68455
68415
68392
68369
68327
68206
68206
68090
68081
68032
68024
67981
67979
67964
67767
67680
67575
67458
67373
67253
67250
67207
67205
67127
67125
67084
67073
67050
67009
66981
66948
66893
66841
66800
66792
66767
66708
66703
66573
66462
66418
66385
66342
66331
66313
66277
66257
66210
66198
66005
65993
65834
65832
65778
65717
65677
65507
65502
65469
65441
65338
65288
65225
65207
65186
65170
64995
64983
64983
64927
64919
64895
64712
64708
64703
64676
64491
64423
64341
64264
64222
64203
64076
63950
63944
63942
63907
63904
63667
63560
63389
63378
63234
63150
63148
63103
63065
63048
62971
62964
62923
62909
62909
62834
62795
62734
62686
62657
62633
62622
62589
62487
62415
62308
62298
61984
61936
61925
61923
61821
61816
61728
61658
61633
61595
61497
61484
61411
61348
61325
61274
61274
61262
60985
60977
60943
60928
60876
60847
60845
60840
60641
60631
60567
60563
60516
60428
60403
60351
60234
60171
60133
60121
60070
60048
60031
60016
59912
59890
59874
59820
59803
59801
59784
59741
59505
59404
59403
59342
59313
59215
59158
59109
59094
58930
58902
58845
58762
58761
58552
58511
58491
58489
58471
58465
58447
58408
58375
58324
58308
58302
58299
58295
58254
58225
58218
58145
58142
58038
58002
57905
57886
57882
57623
57613
57410
57362
57271
57270
57255
57245
57190
57182
57165
57140
57104
57096
57033
56971
56963
56938
56933
56928
56927
56921
56882
56859
56760
56656
56632
56552
56448
56445
56331
56283
56279
56184
56181
56131
56086
55938
55772
55758
55728
55715
55626
55568
55525
55511
55508
55506
55469
55424
55421
55342
55257
55235
55230
55177
55033
54892
54691
54558
54541
54476
54429
54388
54282
54195
54146
54065
53991
53900
53894
53862
53835
53766
53714
53708
53674
53662
53661
53632
53587
53559
53500
53460
53390
53373
53351
53343
53149
53098
53085
52924
52862
52858
52827
52811
52791
52770
52726
52700
52699
52683
52516
52448
52383
52298
52237
52205
52174
52136
52096
52090
52049
52019
51984
51968
51952
51949
51947
51876
51864
51846
51829
51790
51661
51642
51640
51532
51529
51522
51438
51416
51340
51330
51236
51203
51147
51128
51103
51042
50918
50892
50842
50694
50674
50587
50567
50347
50246
50203
50200
49926
49911
49894
49844
49741
49718
49650
49617
49609
49507
49497
49455
49454
49446
49418
49357
49354
49327
49304
49261
49247
49111
49005
48993
48879
48862
48799
48722
48716
48712
48601
48545
48468
48381
48247
48206
48190
48155
48097
48056
48056
48039
48020
47986
47932
47927
47868
47811
47763
47594
47554
47491
47426
47421
47386
47160
47102
47038
46959
46953
46887
46838
46712
46703
46663
46555
46549
46483
46305
46290
46181
46133
46086
46039
46009
45964
45962
45933
45917
45889
45840
45779
45772
45771
45739
45705
45683
45666
45493
45444
45408
45399
45393
45342
45338
45157
45135
45132
45114
45106
45078
45074
45036
45012
44935
44924
44892
44843
44815
44784
44710
44664
44551
44471
44463
44432
44299
44266
44251
44213
44208
44204
44180
44170
44016
44000
43975
43904
43785
43774
43715
43636
43626
43458
43437
43360
43316
43291
43205
43028
42999
42971
42921
42869
42838
42767
42720
42712
42703
42615
42610
42569
42547
42460
42453
42402
42331
42282
42280
42274
42263
42242
42205
42192
42141
42130
42115
42115
42075
42054
41915
41898
41853
41847
41826
41819
41738
41570
41454
41443
41423
41393
41378
41347
41339
41334
41321
41282
41243
41224
41171
41159
40945
40944
40852
40843
40762
40758
40747
40557
40556
40481
40407
40348
40343
40343
40335
40255
40247
40104
39985
39958
39880
39859
39831
39734
39724
39711
39521
39461
39409
39404
39365
39270
39254
39215
39205
39153
39093
39071
38944
38942
38926
38868
38862
38741
38694
38495
38490
38489
38388
38344
38273
38185
38163
38135
38002
37968
37836
37716
37687
37644
37550
37456
37451
37394
37369
37329
37314
37273
37176
37109
37056
37018
36824
36816
36816
36634
36606
36598
36575
36553
36545
36533
36344
36290
36275
36149
36133
36087
36021
35880
35841
35809
35734
35686
35660
35553
35528
35519
35489
35444
35439
35372
35286
35262
35249
35172
35171
35131
35098
35058
35008
34967
34963
34837
34831
34825
34772
34599
34593
34538
34527
34452
34422
34278
34085
34079
34075
34069
33996
33973
33882
33875
33736
33730
33728
33677
33589
33552
33537
33533
33502
33442
33424
33418
33371
33315
33297
33241
33234
33215
33212
33145
33139
33024
32991
32990
32883
32789
32739
32736
32679
32624
32577
32537
32502
32476
32342
32311
32282
32279
32234
32196
32173
32087
32061
32050
31980
31970
31948
31934
31870
31854
31608
31591
31581
31372
31362
31336
31310
31295
31224
31221
31199
31076
31073
31040
31037
31021
30977
30974
30928
30891
30878
30799
30786
30774
30772
30676
30595
30490
30361
30320
30298
30211
30182
30098
29821
29768
29732
29727
29697
29678
29662
29522
29486
29470
29361
29328
29327
29192
29159
29135
29128
28951
28860
28846
28828
28728
28719
28511
28494
28456
28414
28352
28350
28235
28120
28090
28059
27999
27988
27954
27929
27817
27756
27731
27686
27605
27601
27521
27475
27474
27459
27457
27446
27369
27305
27282
27263
27183
26916
26886
26878
26847
26762
26612
26562
26480
26465
26425
26319
26247
26071
26012
25986
25983
25963
25888
25866
25834
25729
25699
25630
25568
25552
25534
25383
25346
25280
25205
25200
25148
25097
25075
24976
24948
24903
24881
24817
24705
24646
24637
24558
24526
24524
24517
24431
24408
24386
24240
24154
24119
23980
23965
23964
23941
23894
23851
23788
23714
23672
23631
23594
23578
23495
23427
23421
23401
23317
23265
23231
23172
23138
23131
22951
22797
22785
22602
22588
22518
22484
22466
22434
22431
22415
22401
22332
22206
22200
22164
22143
22079
22025
22002
21997
21962
21962
21909
21864
21861
21837
21824
21802
21799
21793
21697
21668
21569
21538
21519
21461
21412
21404
21390
21379
21370
21369
21362
21354
21308
21284
21248
21174
21157
21034
20994
20984
20949
20938
20899
20872
20789
20738
20735
20629
20563
20562
20544
20438
20352
20290
20281
20259
20109
20100
20054
20043
19833
19796
19763
19615
19580
19511
19406
19351
19304
19294
19291
19052
19045
19020
19004
18835
18695
18687
18613
18605
18526
18524
18359
18358
18350
18269
18265
18244
18175
18124
17961
17946
17914
17901
17791
17765
17755
17714
17674
17537
17527
17519
17491
17456
17348
17348
17314
17212
17148
17057
17027
17024
16999
16958
16887
16882
16833
16574
16553
16487
16409
16394
16389
16354
16307
16253
16239
16181
16134
16130
16050
16029
15985
15975
15953
15953
15943
15811
15743
15646
15579
15507
15482
15457
15357
15345
15259
15257
15241
15239
15146
15121
15056
14998
14973
14797
14759
14642
14594
14581
14560
14474
14409
14396
14355
14342
14335
14220
14211
14202
14192
14166
14077
14075
14067
14011
13976
13954
13934
13916
13900
13871
13860
13793
13791
13702
13607
13606
13580
13485
13406
13384
13355
13337
13337
13171
13017
13000
12996
12988
12851
12826
12659
12620
12598
12587
12584
12574
12484
12471
12399
12382
12359
12331
12236
12215
12207
11954
11925
11921
11891
11570
11528
11518
11448
11381
11265
11254
11199
11112
11111
11101
11087
11029
10951
10890
10884
10863
10858
10851
10844
10801
10778
10738
10663
10640
10611
10602
10459
10381
10325
10291
10091
10086
10070
9967
9853
9723
9600
9515
9447
9388
9348
9338
9237
9231
9128
9124
9020
9018
9000
8787
8596
8595
8567
8561
8515
8501
8373
8278
8010
7938
7740
7727
7668
7630
7458
7453
7409
7405
7369
7316
7307
7270
7259
7248
7095
7034
6917
6916
6869
6836
6835
6764
6677
6578
6544
6447
6415
6333
6218
6214
6164
6088
6049
5913
5892
5804
5733
5714
5625
5624
5598
5586
5474
5445
5355
5335
5298
5248
5213
5169
5112
5108
5067
4973
4885
4846
4807
4785
4691
4637
4501
4462
4370
4343
4275
4171
4143
4129
4094
4051
4008
4000
3937
3894
3866
3793
3789
3706
3633
3630
3587
3556
3529
3465
3448
3415
3331
3254
3243
3166
3158
3067
3023
2999
2981
2851
2764
2711
2705
2683
2580
2563
2553
2483
2384
2340
2244
2231
2220
2186
2183
2049
1836
1823
1594
1571
1502
1488
1488
1485
1460
1379
1347
1139
1082
1023
943
857
831
789
760
729
614
512
481
447
443
382
312
285
217
175
172
149
60
21
19
