99990
99978
99961
99904
99903
99869
99751
99517
99515
99491
99468
99338
99326
99305
99238
99235
99179
99092
99079
99061
99056
99017
98953
98854
98798
98648
98619
98592
98545
98370
98330
98230
98160
98156
98111
97926
97811
97691
97638
97410
97388
97369
97316
97283
97239
97227
97196
97114
97069
97036
96869
96664
96657
96635
96409
96357
96306
96305
96269
96239
96222
96198
96176
96144
96021
95830
95780
95688
95661
95654
95561
95556
95451
95354
95224
95221
95190
95177
95149
95067
95050
94965
94941
94941
94927
94818
94803
94643
94639
94592
94541
94472
94451
94436
94433
94398
94396
94350
94288
93978
93949
93942
93683
93668
93662
93657
93655
93640
93557
93514
93479
93337
93264
93225
93199
93104
93079
93017
93013
92946
92862
92847
92844
92796
92762
92759
92754
92737
92633
92603
92595
92589
92536
92513
92494
92462
92456
92430
92407
92365
92034
92014
91990
91895
91857
91835
91833
91715
91649
91591
91348
91262
91252
91229
91229
91214
91052
91048
90998
90914
90904
90874
90795
90728
90678
90662
90632
90598
90597
90550
90519
90503
90455
90415
90282
90234
90180
90023
89906
89817
89797
89752
89589
89554
89524
89494
89493
89459
89448
89385
89382
89315
89192
89152
89145
89084
89025
89004
88967
88857
88727
88525
88482
88479
88478
88451
88448
88303
88293
88277
88218
88214
88174
88067
87854
87821
87806
87786
87733
87662
87646
87490
87448
87426
87424
87379
87355
87314
87269
87240
87159
87157
87135
87107
87089
87078
87078
87036
86955
86898
86851
86817
86742
86658
86657
86602
86538
86536
86418
86401
86391
86387
86379
86331
86312
86155
86122
86065
86060
85970
85966
85918
85915
85750
85732
85632
85378
85142
85056
84962
84871
84840
84752
84536
84526
84477
84457
84414
84400
84359
84279
84216
84157
84108
84083
84077
84075
83932
83887
83865
83822
83817
83791
83765
83729
83706
83688
83495
83441
83366
83354
83335
83312
83312
83256
83217
83139
83065
82971
82953
82907
82876
82803
82761
82686
82652
82577
82494
82489
82449
82439
82418
82385
82191
82182
82127
82124
82063
81984
81979
81901
81881
81847
81824
81776
81690
81666
81656
81652
81643
81583
81560
81443
81167
81139
81078
81066
81039
80962
80950
80853
80837
80835
80823
80811
80807
80790
80788
80685
80654
80607
80604
80557
80448
80428
80364
80304
80290
80280
80247
80184
80074
80062
79922
79898
79862
79857
79842
79808
79715
79626
79535
79535
79497
79326
79273
79218
79103
79072
79056
78930
78925
78904
78890
78840
78809
78715
78639
78629
78625
78561
78394
78386
78337
78328
78319
78273
78257
78154
78010
78002
77977
77816
77711
77708
77699
77599
77596
77591
77563
77509
77479
77448
77396
77346
77334
77301
77284
77099
77087
77083
77057
76972
76971
76948
76926
76926
76888
76808
76789
76723
76678
76646
76613
76481
76426
76235
76219
76175
76088
76042
75925
75870
75802
75744
75743
75569
75525
75413
75362
75242
75217
75169
75134
75120
75036
75020
75014
74823
74675
74650
74650
74581
74486
74361
74264
74202
74167
74167
74161
74067
74048
74041
73970
73923
73884
73865
73858
73809
73733
73689
73686
73584
73409
73386
73354
73309
73288
73227
73218
73076
72994
72971
72741
72730
72656
72584
72575
72563
72458
72457
72439
72397
72375
72241
72196
72163
72162
72118
72082
72042
72040
71982
71882
71844
71799
71756
71687
71682
71679
71671
71670
71431
71341
71210
71158
71140
71125
71051
70938
70918
70904
70865
70848
70503
70424
70418
70273
70239
70078
70073
69963
69828
69819
69750
69725
69713
69712
69664
69642
69634
69611
69581
69570
69549
69518
69501
69434
69376
69372
69320
69266
69264
69233
69202
69108
69076
69065
69028
69008
68974
68958
68896
68849
68820
68728
68669
68577
68540
68528
68461
68270
68169
68167
68080
68043
68033
67994
67993
67987
67925
67869
67868
67866
67865
67840
67834
67833
67784
67762
67570
67545
67545
67537
67520
67276
67242
67130
67084
67011
66982
66964
66944
66932
66931
66914
66896
66894
66880
66856
66681
66678
66659
66655
66632
66573
66565
66526
66493
66484
66371
66328
66295
66273
66208
66184
66142
66078
66022
65972
65878
65824
65742
65726
65692
65678
65435
65259
65248
65229
65219
65196
65111
65076
65062
65055
65031
65009
65001
64945
64936
64759
64745
64664
64600
64594
64590
64577
64571
64558
64445
64421
64288
64285
64265
64250
64231
64145
64134
64106
64088
64042
63907
63721
63686
63683
63609
63602
63599
63462
63456
63454
63371
63320
63299
63283
63250
63226
63183
63159
63125
63072
62922
62855
62802
62787
62618
62588
62561
62516
62482
62360
62327
62325
62304
62279
62264
62246
62233
62192
62160
62157
62132
62115
62107
62058
62048
62037
62001
61908
61739
61730
61667
61649
61595
61530
61493
61461
61446
61444
61440
61410
61385
61343
61250
61145
61090
61088
60988
60980
60941
60888
60838
60789
60788
60744
60716
60699
60542
60509
60237
60232
60229
60210
60138
60077
59999
59998
59966
59937
59923
59921
59847
59817
59806
59792
59775
59765
59739
59733
59720
59686
59672
59615
59536
59529
59469
59422
59420
59408
59380
59355
59336
59327
59321
59250
59210
59158
59148
59128
59104
58933
58925
58888
58866
58845
58839
58767
58605
58594
58529
58527
58449
58413
58369
58347
58236
58225
58165
58152
58107
58102
58097
58020
57860
57721
57694
57639
57634
57580
57339
57298
57219
57148
57133
56985
56979
56975
56804
56798
56718
56660
56609
56525
56468
56337
56323
56318
56266
56240
56176
56153
56142
56116
55971
55870
55754
55699
55599
55586
55555
55510
55474
55472
55460
55455
55407
55357
55348
55216
55197
55160
55132
55124
55102
55046
54952
54946
54849
54845
54830
54751
54690
54657
54629
54589
54516
54494
54461
54450
54423
54376
54304
54270
54209
54163
54145
54119
54077
54019
53932
53929
53822
53793
53753
53731
53674
53629
53569
53532
53508
53495
53477
53448
53342
53294
53284
53271
53266
53260
53235
53207
53207
53204
53191
53127
53032
53013
52929
52841
52771
52771
52741
52686
52674
52605
52591
52522
52508
52490
52367
52296
52228
52179
52127
52117
52109
52086
52073
52013
51990
51894
51756
51747
51734
51641
51609
51599
51500
51447
51397
51377
51255
51242
51169
51062
51031
50998
50991
50980
50976
50920
50792
50661
50586
50582
50523
50421
50350
50346
50235
50208
50192
50073
50048
49963
49921
49870
49790
49788
49765
49762
49708
49681
49671
49626
49466
49450
49405
49329
49323
49216
49211
49188
49174
49166
49159
49077
48978
48803
48802
48748
48746
48734
48692
48632
48622
48603
48569
48530
48477
48453
48410
48327
48276
48203
48136
48110
47792
47767
47760
47725
47626
47616
47596
47567
47470
47433
47386
47280
47248
47213
47123
47070
47057
47016
47000
46995
46980
46968
46965
46952
46894
46880
46844
46789
46595
46585
46536
46404
46282
46252
46201
46179
46132
45861
45803
45795
45641
45560
45505
45500
45466
45441
45416
45411
45399
45298
45242
45213
45200
45196
45110
45072
45051
45025
44906
44879
44860
44840
44803
44740
44705
44657
44555
44552
44475
44261
44241
44176
44170
43838
43835
43771
43771
43654
43634
43485
43454
43428
43367
43251
43174
43117
43080
43071
42995
42928
42913
42907
42733
42717
42701
42688
42603
42544
42532
42463
42412
42252
42224
42218
42003
41956
41951
41850
41793
41792
41784
41777
41651
41628
41548
41525
41452
41363
41055
41043
41034
41026
40901
40837
40822
40797
40741
40714
40490
40421
40307
40287
40287
40262
40258
40229
40132
40123
40080
40052
40043
40027
40026
40023
40017
39919
39810
39789
39740
39724
39697
39666
39628
39600
39561
39534
39475
39426
39391
39340
39303
39258
39229
39206
39200
39127
39110
39093
39086
39058
39042
38889
38724
38699
38675
38594
38591
38550
38432
38412
38396
38270
38219
38142
38088
38055
38013
37996
37990
37944
37929
37929
37806
37745
37681
37652
37649
37628
37532
37527
37495
37464
37437
37424
37415
37395
37324
37292
37276
37269
37262
37186
37130
37030
37003
36820
36713
36664
36659
36653
36625
36613
36598
36588
36578
36472
36447
36418
36361
36344
36322
36320
36286
36282
36160
36097
36094
36026
36018
36014
35962
35956
35925
35889
35851
35843
35836
35818
35715
35648
35605
35563
35500
35476
35418
35379
35372
35290
35182
35134
35121
35106
35088
34950
34914
34883
34877
34822
34782
34659
34630
34609
34570
34527
34503
34441
34409
34399
34371
34298
34285
34283
34205
34191
34140
34050
34026
33938
33910
33882
33789
33781
33724
33656
33614
33549
33543
33491
33487
33449
33296
33265
33245
33135
33091
33049
33035
33013
32979
32958
32754
32743
32582
32554
32460
32417
32352
32331
32275
32259
32253
32127
31983
31854
31792
31775
31751
31720
31545
31437
31401
31380
31347
31322
31246
31211
31202
31200
31188
31139
31115
30979
30761
30729
30654
30624
30555
30521
30481
30463
30424
30381
30371
30358
30317
30192
30100
30099
30088
30050
29980
29965
29911
29891
29876
29838
29819
29802
29760
29744
29585
29529
29394
29303
29272
29242
29213
29192
29167
29145
29112
29073
29057
29031
28997
28959
28957
28938
28930
28814
28758
28700
28615
28457
28391
28374
28193
28141
28011
27935
27904
27897
27855
27739
27718
27679
27649
27550
27463
27441
27342
27338
27160
26964
26863
26775
26759
26742
26634
26565
26476
26371
26354
26341
26286
26212
26158
26129
26039
25959
25862
25819
25782
25778
25755
25745
25732
25659
25631
25601
25523
25485
25459
25459
25428
25314
25299
25273
25229
25212
25201
25154
25055
24929
24929
24896
24845
24769
24739
24726
24649
24575
24521
24492
24443
24360
24359
24325
24284
24279
24222
24135
24122
24095
24091
24061
24010
24008
23949
23842
23813
23805
23728
23707
23700
23688
23683
23632
23591
23584
23571
23529
23443
23305
23265
23142
23056
22890
22863
22831
22805
22788
22773
22687
22639
22631
22577
22570
22487
22402
22314
22278
22239
22100
22092
22079
22026
22017
22003
21992
21922
21917
21880
21787
21782
21778
21738
21736
21692
21628
21548
21507
21469
21463
21376
21361
21359
21302
21297
21265
21191
21187
21152
21121
21105
21093
20994
20928
20868
20860
20802
20728
20643
20639
20625
20587
20561
20552
20549
20458
20412
20400
20337
20327
20259
20256
20250
20227
20172
20143
20020
19989
19801
19799
19767
19752
19747
19722
19518
19506
19446
19431
19347
19334
19286
19278
19255
19238
19206
19047
19032
18995
18903
18885
18792
18781
18748
18745
18701
18607
18588
18564
18493
18463
18425
18328
18325
18139
18108
18104
18019
17832
17743
17691
17683
17676
17596
17572
17500
17455
17166
17163
17141
17127
17055
17048
17044
16978
16937
16792
16761
16732
16718
16708
16705
16607
16598
16588
16567
16462
16462
16454
16445
16399
16365
16317
16276
16174
16146
16040
15985
15958
15948
15866
15725
15622
15565
15518
15517
15510
15462
15417
15416
15362
15351
15287
15181
15142
15083
15055
15048
15037
14958
14958
14947
14846
14777
14773
14731
14689
14687
14611
14546
14544
14537
14530
14517
14507
14503
14370
14333
14275
14240
14164
14127
14059
14051
13999
13923
13918
13895
13758
13685
13668
13666
13654
13624
13598
13497
13405
13384
13370
13348
13274
13219
13127
12998
12960
12956
12904
12731
12703
12689
12629
12620
12553
12443
12440
12435
12434
12387
12386
12344
12324
12217
12178
12100
11994
11953
11923
11894
11808
11778
11768
11766
11632
11608
11540
11538
11492
11428
11368
11341
10993
10934
10890
10872
10660
10597
10591
10275
10258
10257
10252
10184
10091
10017
9699
9658
9632
9624
9531
9417
9405
9400
9384
9228
9164
9070
8891
8837
8810
8698
8698
8661
8656
8545
8538
8411
8396
8375
8344
8315
8309
8238
8124
8078
8074
8036
8009
7985
7964
7943
7904
7879
7859
7640
7626
7596
7534
7527
7502
7498
7490
7443
7381
7306
7275
7163
7145
7077
7054
7048
7029
6982
6923
6861
6856
6773
6763
6707
6643
6608
6589
6578
6400
6365
6355
6199
6169
6107
6075
6057
6051
5887
5880
5846
5720
5719
5703
5702
5514
5508
5398
5395
5362
5263
5227
5226
5215
5174
5151
5124
5057
4973
4895
4854
4791
4789
4723
4720
4706
4681
4581
4308
4296
4243
4104
4068
3928
3912
3886
3866
3819
3813
3800
3701
3669
3616
3602
3477
3474
3455
3410
3373
3363
3153
3133
3080
3061
3031
3005
3003
2939
2755
2725
2668
2561
2542
2475
2366
2301
2263
2215
2166
2125
2119
2057
2035
2020
1969
1868
1830
1800
1771
1685
1665
1654
1621
1608
1583
1567
1563
1560
1556
1438
1419
1407
1173
1169
1131
1096
999
950
924
915
907
905
829
823
812
768
602
481
466
413
271
137
62
29
28
15
