99999
99990
99970
99952
99841
99815
99774
99695
99629
99501
99447
99311
99276
99176
99171
99140
99080
99036
98941
98935
98859
98847
98823
98777
98761
98590
98572
98559
98506
98326
98293
98182
98164
98112
97998
97972
97945
97888
97859
97836
97718
97715
97688
97652
97633
97589
97547
97544
97448
97198
97175
97127
97113
97009
96856
96716
96666
96605
96580
96530
96518
96443
96263
96240
96231
96178
96161
96135
96003
95978
95886
95868
95772
95770
95636
95574
95534
95408
95407
95345
95307
95286
95229
95149
95076
95075
95050
95006
94980
94970
94857
94840
94776
94762
94743
94602
94536
94385
94289
94276
94217
94209
94204
94132
94016
94006
93992
93969
93928
93881
93812
93715
93654
93540
93434
93324
93296
93278
93158
93120
93119
93071
93023
93017
93012
92999
92999
92961
92955
92935
92868
92857
92774
92764
92758
92686
92679
92664
92604
92558
92529
92465
92454
92435
92393
92390
92375
92237
92232
92127
92112
92057
92015
91962
91889
91885
91883
91879
91869
91834
91826
91646
91636
91604
91603
91514
91472
91442
91397
91380
91371
91350
91310
91276
91275
91243
91149
91146
91120
91092
90963
90897
90863
90727
90554
90456
90372
90344
90318
90186
89975
89968
89910
89892
89847
89787
89731
89654
89627
89520
89520
89487
89280
89260
89235
89226
89206
89200
89080
89034
89008
88997
88990
88928
88865
88851
88729
88659
88639
88537
88515
88487
88484
88445
88312
88308
88305
88275
88237
88227
88185
88110
88088
88081
88077
88023
87956
87956
87927
87925
87879
87835
87745
87704
87622
87612
87606
87589
87567
87567
87540
87456
87447
87360
87347
87230
87227
87185
87059
87054
86932
86867
86825
86686
86522
86516
86442
86426
86403
86383
86345
86335
86319
86223
86217
86190
86135
86098
86020
85949
85926
85913
85882
85813
85593
85574
85566
85523
85504
85381
85284
85253
85185
85149
85090
85085
85077
84973
84933
84916
84810
84801
84791
84775
84757
84649
84555
84535
84449
84436
84415
84356
84351
84340
84311
84198
83991
83973
83941
83932
83892
83892
83876
83744
83693
83672
83592
83590
83570
83497
83493
83486
83466
83441
83432
83412
83373
83234
83054
83020
82929
82924
82793
82690
82686
82601
82478
82391
82199
82109
82011
81971
81914
81902
81784
81644
81634
81570
81566
81497
81460
81456
81321
81281
81279
81240
81220
81211
81204
81193
81130
81004
80969
80856
80755
80754
80705
80672
80616
80589
80551
80491
80488
80486
80466
80428
80427
80417
80372
80361
80252
80214
80208
80206
80071
80071
80063
80054
80046
80036
80027
79965
79950
79883
79866
79757
79697
79689
79582
79577
79555
79543
79523
79457
79410
79373
79343
79289
79248
79171
79168
79115
78819
78739
78709
78609
78527
78473
78361
78294
78138
78129
78050
78042
78003
77853
77740
77689
77563
77435
77298
77272
77248
77081
77006
77001
76896
76881
76797
76732
76716
76692
76689
76672
76532
76528
76431
76354
76094
76011
76006
75998
75938
75911
75906
75848
75724
75707
75621
75594
75525
75308
75293
75284
75279
75192
75148
75101
75029
74999
74945
74915
74914
74911
74889
74877
74827
74791
74783
74759
74741
74611
74568
74519
74499
74396
74262
74161
74155
74134
74132
74088
74081
74006
73870
73816
73794
73773
73749
73705
73688
73671
73643
73643
73624
73620
73618
73582
73524
73502
73459
73211
73167
73132
73105
73079
73048
72998
72796
72737
72677
72663
72631
72482
72423
72324
72214
72175
72137
72032
72027
72027
71932
71896
71782
71701
71692
71633
71621
71402
71375
71346
71344
71336
71278
71268
71249
71067
71024
70953
70918
70867
70748
70693
70670
70642
70638
70588
70537
70537
70534
70520
70373
70336
70301
70293
70260
70259
70246
70237
70207
70173
70056
70037
69909
69899
69814
69804
69800
69783
69613
69573
69544
69495
69488
69478
69474
69465
69451
69429
69358
69348
69299
69285
69284
69268
69254
69193
69174
69169
69096
69031
69009
69003
68994
68957
68953
68946
68943
68870
68817
68746
68625
68595
68490
68450
68440
68415
68305
68263
68203
68108
68047
68022
67966
67948
67923
67909
67888
67828
67825
67781
67735
67729
67724
67718
67651
67650
67596
67552
67508
67462
67324
67304
67271
67205
67170
67162
67017
66985
66956
66936
66905
66891
66889
66873
66764
66740
66684
66634
66455
66445
66267
66244
66240
66220
66216
66091
65926
65901
65866
65854
65797
65776
65757
65717
65686
65517
65512
65509
65488
65459
65354
65329
65255
65219
65156
65112
65034
65028
65023
65016
64988
64931
64809
64752
64727
64681
64554
64500
64490
64466
64464
64460
64434
64390
64352
64339
64337
64317
64311
64265
64242
64242
64240
64225
64139
64137
64111
64003
63990
63952
63890
63756
63743
63711
63638
63627
63542
63439
63352
63287
63185
63165
63132
63099
63082
63068
63002
63002
62993
62972
62957
62940
62929
62876
62874
62816
62812
62790
62687
62662
62637
62593
62585
62573
62556
62543
62543
62509
62469
62373
62331
62329
62325
62310
62250
62193
62171
62144
62142
62113
62096
62085
62059
61902
61893
61825
61795
61760
61634
61614
61530
61454
61440
61424
61301
61278
61193
61141
61114
61088
61083
61029
61003
60998
60974
60882
60809
60786
60774
60646
60516
60495
60483
60458
60445
60409
60285
60213
60208
60168
60134
60123
60092
59973
59922
59873
59833
59820
59791
59771
59763
59761
59716
59648
59497
59494
59421
59394
59319
59289
59273
59247
59247
59245
59203
59134
58997
58914
58891
58823
58812
58759
58690
58602
58558
58441
58433
58380
58379
58301
58286
58252
58236
58169
58098
58087
58086
58062
58047
57953
57770
57748
57624
57528
57486
57421
57366
57364
57306
57272
57231
57156
57128
57119
57076
57064
57012
56937
56925
56860
56641
56622
56598
56547
56376
56324
56227
56217
56167
56143
56137
56111
56091
56038
56025
55892
55884
55859
55857
55855
55826
55816
55771
55762
55743
55691
55636
55622
55609
55535
55528
55525
55512
55512
55432
55431
55409
55249
55155
55110
55047
54960
54958
54941
54904
54861
54850
54840
54822
54770
54765
54664
54601
54579
54561
54531
54503
54320
54271
54257
54048
54006
53986
53864
53852
53836
53821
53805
53569
53567
53499
53453
53393
53374
53374
53237
53201
53139
53103
53041
53040
53032
52974
52968
52849
52805
52771
52769
52627
52616
52608
52593
52372
52347
52333
52261
52031
51965
51963
51953
51880
51840
51818
51792
51788
51733
51719
51518
51494
51455
51412
51389
51379
51366
51335
51261
51228
51146
51087
51079
51024
51006
50958
50956
50868
50719
50662
50614
50599
50591
50507
50492
50481
50416
50409
50405
50392
50248
50182
50169
50012
49947
49945
49886
49842
49823
49780
49692
49692
49609
49600
49526
49488
49477
49471
49273
49214
49207
49204
49113
49076
49036
49032
48987
48878
48864
48794
48722
48643
48601
48592
48520
48514
48488
48415
48394
48305
48285
48251
48197
48172
48145
48144
48115
48070
48005
48001
47863
47832
47769
47735
47711
47663
47615
47586
47578
47532
47496
47308
47226
47212
47173
47170
47108
47047
46957
46943
46896
46891
46839
46771
46742
46728
46456
46404
46371
46309
46302
46179
46123
46079
46012
45896
45890
45884
45745
45641
45550
45543
45504
45362
45321
45289
45272
45236
45218
45152
45044
45025
45025
44966
44929
44874
44633
44352
44267
44072
44060
44007
43981
43802
43777
43685
43645
43604
43587
43567
43421
43418
43418
43382
43272
43225
43108
43082
43024
43016
42936
42933
42913
42833
42788
42550
42501
42467
42423
42392
42374
42351
42324
42312
42310
42284
42266
42138
42040
41935
41878
41876
41753
41753
41745
41724
41708
41702
41648
41625
41556
41537
41506
41474
41396
41395
41359
41327
41308
41242
41204
41148
41084
41074
40909
40848
40746
40653
40613
40507
40375
40318
40304
40300
40168
40160
40140
40080
40011
39999
39961
39954
39930
39893
39878
39764
39726
39676
39521
39472
39350
39332
39248
39077
39055
39039
38988
38980
38947
38854
38751
38705
38701
38695
38539
38457
38426
38396
38343
38327
38309
38260
38250
38241
38093
38070
38061
38044
38009
37994
37982
37961
37874
37778
37729
37711
37666
37580
37575
37312
37277
37261
37223
37209
37185
37157
37105
37051
36968
36929
36903
36877
36877
36863
36846
36840
36786
36737
36698
36669
36538
36336
36330
36330
36314
36210
36189
36119
36110
36093
36059
35912
35775
35768
35761
35720
35560
35533
35469
35444
35385
35293
35191
35182
35151
34940
34813
34790
34778
34673
34646
34629
34618
34598
34537
34400
34348
34340
34215
34068
34056
33970
33948
33915
33848
33820
33763
33742
33597
33564
33563
33561
33346
33312
33284
33274
33220
33179
33074
33038
32977
32751
32714
32711
32680
32592
32517
32514
32476
32429
32267
32264
32214
32205
32188
32148
32139
32134
31990
31987
31977
31976
31922
31872
31748
31702
31654
31593
31579
31532
31419
31381
31377
31359
31321
31304
31230
31222
31154
31114
31110
31038
30989
30982
30958
30928
30883
30780
30572
30561
30541
30522
30520
30478
30464
30452
30353
30267
30151
30111
30105
29865
29856
29824
29820
29625
29623
29592
29585
29527
29220
29216
29179
29166
29153
29149
29119
29079
29026
29014
28925
28925
28828
28819
28818
28815
28804
28784
28778
28743
28731
28658
28607
28581
28577
28534
28532
28494
28490
28364
28363
28321
28247
28244
28232
28232
28095
28071
27958
27926
27843
27842
27834
27822
27775
27681
27674
27614
27549
27363
27346
27318
27291
27272
27223
27203
27178
27020
26989
26931
26912
26891
26863
26856
26849
26745
26699
26685
26655
26636
26632
26578
26490
26458
26429
26354
26341
26280
26274
26152
26097
26070
26053
26029
25994
25938
25922
25874
25866
25858
25770
25723
25658
25447
25350
25318
25247
25203
25075
25048
25025
25014
25014
24854
24778
24705
24660
24593
24572
24572
24566
24468
24388
24303
24246
24174
24080
24069
24021
24020
23956
23865
23864
23853
23784
23771
23746
23743
23726
23718
23696
23666
23653
23629
23546
23438
23423
23357
23246
23176
23173
23147
23067
23053
23010
22975
22881
22802
22757
22717
22686
22569
22557
22528
22455
22387
22364
22160
21973
21954
21938
21826
21822
21781
21684
21599
21590
21567
21530
21354
21332
21310
21271
21226
21217
21128
21126
21122
21109
21098
21084
21044
20952
20895
20844
20784
20682
20543
20464
20390
20206
20196
20177
20117
20097
20096
20018
19992
19958
19953
19944
19899
19873
19855
19774
19749
19695
19641
19614
19590
19535
19525
19509
19499
19421
19342
19288
19210
19202
19079
19035
19033
19025
19018
19008
18931
18928
18912
18872
18814
18792
18789
18740
18701
18526
18525
18512
18506
18470
18405
18333
18231
18229
18029
18008
17974
17955
17917
17888
17785
17769
17744
17729
17719
17660
17657
17648
17561
17546
17464
17337
17273
17207
17198
17181
17123
17086
16900
16799
16769
16700
16698
16634
16623
16593
16486
16456
16434
16424
16365
16302
16285
16266
16264
16239
16236
16220
16114
16083
16050
15786
15746
15703
15645
15538
15486
15476
15415
15407
15342
15243
15223
15174
15152
15124
15070
14886
14878
14857
14839
14751
14558
14527
14517
14452
14442
14400
14397
14371
14362
14204
14158
14042
14032
13949
13789
13756
13725
13724
13700
13618
13473
13388
13311
13277
13207
13100
13058
13007
12942
12917
12898
12864
12828
12808
12762
12670
12627
12463
12451
12425
12398
12339
12201
12159
12106
12052
12035
11987
11868
11814
11762
11734
11728
11642
11626
11615
11591
11375
11350
11324
11222
11183
11126
11112
11082
11070
11058
10955
10954
10839
10802
10755
10592
10543
10528
10523
10467
10372
10280
10270
10221
10219
10196
10169
10144
10068
10051
9916
9866
9746
9610
9580
9513
9410
9408
9388
9372
9329
9327
9285
9130
9120
9118
9067
9059
9046
8949
8922
8891
8891
8688
8641
8620
8559
8531
8508
8462
8418
8409
8375
8359
8266
8213
8151
8130
8106
8085
8082
8033
7997
7982
7958
7901
7852
7838
7834
7825
7790
7709
7598
7520
7515
7413
7382
7332
7288
7250
7233
7226
7109
7091
7068
7032
7023
6989
6895
6779
6670
6600
6380
6358
6304
6287
6281
6223
6212
6183
6180
6150
6121
6076
6055
6041
6014
5911
5906
5819
5736
5734
5719
5703
5648
5498
5465
5389
5385
5381
5356
5292
5269
5132
5076
4937
4882
4840
4778
4723
4527
4484
4465
4405
4347
4336
4102
4095
4006
3952
3884
3756
3729
3695
3645
3626
3607
3591
3585
3566
3481
3460
3438
3323
3207
3191
3146
3072
3029
3011
2930
2817
2775
2723
2697
2695
2686
2684
2660
2649
2647
2615
2600
2554
2509
2343
2122
2092
1869
1828
1767
1751
1648
1611
1562
1545
1525
1489
1410
1397
1152
904
891
885
623
475
407
295
225
202
122
72
28
