99978
99903
99896
99882
99751
99749
99632
99584
99556
99498
99453
99429
99394
99220
99191
99175
99168
99166
99116
98917
98890
98883
98882
98868
98762
98586
98539
98455
98389
98364
98193
98091
98086
98074
98049
98036
98031
97946
97843
97783
97582
97457
97454
97418
97412
97358
97344
97328
97323
97060
97059
96986
96881
96834
96824
96773
96720
96691
96675
96653
96517
96500
96484
96457
96428
96371
96350
96341
96309
96223
96217
96217
96124
96100
95949
95807
95800
95766
95717
95623
95559
95551
95539
95532
95532
95514
95495
95472
95457
95427
95349
95304
95267
95266
95095
95089
95086
94933
94849
94844
94804
94750
94681
94658
94654
94619
94554
94452
94272
94193
94139
94065
94064
93916
93901
93897
93854
93832
93789
93721
93674
93671
93663
93614
93564
93544
93491
93384
93367
93295
93289
93039
93001
92991
92897
92807
92777
92708
92687
92595
92550
92533
92505
92432
92322
92308
92297
92285
92278
92247
92243
92211
92207
92201
92043
92039
91953
91939
91886
91791
91767
91756
91735
91632
91620
91610
91509
91481
91430
91403
91305
91248
91153
91151
91118
91026
91019
90982
90977
90882
90779
90746
90732
90691
90674
90566
90488
90474
90461
90425
90393
90330
90307
90260
90156
90067
89929
89928
89906
89898
89898
89852
89843
89800
89790
89757
89741
89690
89474
89452
89396
89369
89290
89244
89234
89139
89118
88865
88854
88724
88664
88648
88621
88617
88422
88421
88378
88313
88301
88229
88179
88124
88056
87953
87947
87865
87809
87697
87645
87461
87460
87426
87387
87375
87257
87221
87164
87161
87130
87079
87029
86909
86859
86777
86758
86722
86720
86692
86662
86625
86611
86556
86425
86291
86239
86161
86143
86133
86090
86073
86018
85984
85980
85883
85872
85856
85851
85841
85748
85720
85702
85596
85594
85587
85487
85484
85471
85418
85393
85376
85332
85229
85217
85193
85140
85031
84921
84727
84670
84662
84649
84648
84623
84584
84568
84463
84458
84455
84381
84322
84299
84180
84084
83889
83885
83836
83828
83784
83751
83672
83617
83601
83588
83414
83382
83373
83189
83164
83094
83092
83083
83026
83017
82981
82960
82922
82907
82878
82816
82785
82650
82645
82629
82627
82525
82483
82419
82342
82316
82310
82302
82252
82077
82026
81897
81835
81827
81737
81727
81717
81593
81532
81227
81096
81030
80995
80966
80871
80863
80695
80661
80615
80592
80551
80540
80436
80408
80321
80294
80252
80195
80151
80147
80015
79994
79981
79959
79822
79784
79779
79604
79554
79394
79363
79324
79314
79162
79127
79100
79045
78986
78983
78862
78834
78805
78759
78738
78702
78621
78599
78593
78548
78425
78385
78384
78379
78369
78260
78242
78230
78225
78157
78143
78109
78085
78070
78034
77975
77941
77878
77776
77768
77687
77661
77496
77465
77369
77287
77282
77280
76772
76714
76683
76646
76548
76483
76460
76417
76364
76360
76275
76203
76198
76116
76015
75866
75865
75824
75775
75731
75729
75618
75561
75559
75479
75389
75381
75258
75182
75113
75077
74863
74841
74837
74782
74768
74676
74573
74565
74545
74497
74427
74415
74385
74312
74291
74233
74203
74141
74099
74097
74036
73930
73806
73782
73728
73661
73603
73562
73366
73350
73279
73248
73153
73125
72876
72870
72864
72856
72827
72791
72763
72757
72647
72615
72539
72460
72450
72373
72365
72326
72190
72177
72171
72074
72045
71987
71982
71980
71940
71886
71874
71839
71839
71748
71734
71676
71568
71567
71416
71339
71314
71303
71283
71235
71231
71177
71096
71062
70992
70985
70884
70834
70811
70747
70723
70602
70505
70358
70297
70268
70240
70238
70132
70039
69945
69878
69813
69711
69611
69608
69444
69403
69340
69315
69286
69215
69106
69069
68978
68964
68823
68802
68727
68709
68656
68632
68584
68571
68411
68383
68361
68314
68312
68059
68024
68012
67967
67957
67951
67793
67678
67572
67553
67544
67387
67368
67360
67334
67329
67256
67201
67185
67153
67100
67099
67089
67039
66919
66915
66892
66814
66653
66596
66589
66586
66557
66507
66466
66404
66384
66381
66367
66344
66317
66317
66282
66204
66153
65977
65974
65947
65931
65880
65872
65859
65793
65757
65713
65584
65562
65475
65436
65408
65327
65245
65080
65055
65051
65041
64883
64860
64830
64661
64646
64608
64580
64573
64569
64561
64547
64546
64530
64515
64388
64381
64340
64329
64287
64260
64081
64080
64065
64045
63893
63887
63752
63720
63638
63566
63532
63477
63426
63415
63365
63363
63255
63249
63231
63066
63020
63020
62985
62945
62934
62871
62838
62832
62799
62761
62758
62722
62638
62553
62445
62356
62318
62243
62205
62152
62079
62071
61946
61938
61919
61887
61858
61827
61810
61731
61544
61442
61434
61324
61323
61305
61299
61226
61144
61085
61049
60982
60904
60861
60853
60848
60746
60724
60706
60657
60529
60472
60386
60320
60312
60195
60184
60148
60129
60042
60035
59976
59970
59955
59938
59893
59873
59736
59713
59631
59591
59557
59468
59420
59397
59369
59359
59355
59331
59327
59251
59161
59116
59107
59076
58992
58976
58959
58943
58925
58923
58900
58850
58774
58772
58672
58662
58626
58592
58463
58458
58370
58284
58266
58266
58236
58171
58168
58166
58162
58157
58132
58086
58078
58049
58020
57930
57716
57675
57613
57613
57565
57552
57489
57472
57447
57428
57395
57390
57314
57244
57125
57120
57062
56960
56830
56813
56767
56720
56654
56268
56244
56193
56144
56131
56090
56090
56008
55952
55900
55886
55864
55832
55772
55704
55652
55536
55527
55430
55389
55375
55255
55222
55154
55105
55049
54951
54943
54939
54856
54837
54828
54827
54774
54588
54557
54545
54490
54380
54367
54315
54293
54276
54219
54204
54117
53972
53872
53866
53854
53850
53821
53803
53788
53751
53623
53621
53593
53521
53490
53483
53449
53419
53334
53299
53261
53260
53253
53232
53225
53193
53184
53165
53145
53086
53041
52899
52856
52817
52766
52760
52706
52700
52632
52629
52523
52483
52440
52417
52280
52279
52240
52230
52172
52112
52081
52078
52048
51959
51945
51932
51750
51729
51725
51707
51677
51638
51557
51556
51459
51400
51398
51309
51290
51264
51252
51240
51232
51170
51030
51014
51000
50943
50928
50925
50916
50910
50770
50751
50643
50637
50591
50582
50572
50507
50477
50414
50409
50327
50321
50267
50239
50227
50200
50066
50013
49998
49941
49913
49828
49741
49641
49607
49599
49546
49418
49406
49400
49381
49264
49264
49227
49018
48969
48967
48952
48856
48836
48715
48629
48614
48591
48428
48421
48407
48350
48327
48327
48316
48290
48285
48216
48184
48004
47819
47769
47766
47710
47677
47663
47660
47471
47461
47456
47379
47300
47298
47267
47152
47022
46933
46836
46573
46567
46555
46512
46450
46448
46404
46219
46185
45994
45838
45837
45830
45790
45756
45738
45717
45707
45706
45695
45626
45596
45562
45518
45411
45366
45341
45304
45291
45262
45242
45087
45052
45037
44961
44879
44836
44804
44714
44647
44609
44597
44581
44520
44501
44499
44487
44471
44471
44339
44334
44321
44295
44211
44130
44060
44031
44022
43952
43663
43654
43613
43606
43595
43585
43580
43494
43467
43458
43387
43337
43266
43264
43262
43237
43234
43142
43118
43097
43030
42985
42952
42915
42850
42828
42779
42639
42628
42628
42624
42600
42546
42355
42214
42210
42203
41703
41687
41602
41531
41493
41490
41450
41391
41391
41388
41383
41326
41315
41304
41253
41243
41183
41182
41159
41151
41116
41098
41083
41060
41054
41054
40961
40915
40833
40816
40795
40607
40601
40582
40558
40523
40426
40362
40356
40216
40190
39989
39925
39826
39808
39784
39761
39754
39735
39623
39622
39609
39592
39500
39424
39421
39353
39269
39262
39258
39238
39186
39136
39001
38962
38938
38812
38790
38738
38716
38641
38613
38579
38558
38551
38461
38386
38383
38350
38342
38200
38173
38168
38055
38055
38022
37994
37877
37772
37759
37711
37708
37696
37684
37684
37553
37522
37496
37481
37473
37434
37389
37369
37367
37363
37255
37245
37197
37152
37112
37084
37061
37038
36973
36906
36874
36689
36675
36654
36621
36563
36448
36337
36325
36277
36273
36161
36155
35965
35942
35801
35785
35764
35748
35738
35731
35728
35640
35638
35637
35567
35511
35348
35326
35321
35224
35171
34996
34914
34906
34873
34840
34800
34716
34671
34602
34541
34528
34407
34296
34275
34032
34001
33901
33877
33851
33844
33843
33801
33703
33633
33625
33583
33528
33414
33383
33305
33236
33183
33169
33146
33061
32993
32913
32803
32786
32776
32525
32506
32488
32407
32387
32380
32375
32348
32344
32311
32251
32251
32230
32143
32119
32119
32113
32104
32020
31973
31937
31937
31895
31759
31705
31700
31683
31675
31617
31549
31540
31518
31469
31423
31413
31410
31403
31291
31179
31115
30799
30778
30709
30511
30507
30486
30406
30382
30371
30334
30284
30257
30232
30194
30123
30075
30060
30036
30033
30032
29883
29771
29755
29674
29660
29650
29646
29625
29603
29489
29481
29464
29429
29362
29345
29276
29205
29199
29198
29094
29047
29018
28837
28763
28688
28654
28620
28543
28512
28491
28413
28387
28301
28295
28274
28272
28265
28218
28198
28131
28093
28028
27993
27913
27842
27829
27766
27724
27665
27607
27553
27449
27445
27436
27410
27339
27155
27065
27056
27036
27023
27022
26926
26900
26869
26782
26753
26735
26690
26540
26526
26420
26360
26311
26293
26290
26182
26148
26139
26080
26028
25977
25861
25850
25836
25832
25812
25795
25764
25741
25702
25636
25537
25532
25529
25528
25492
25457
25444
25434
25334
25332
25165
25157
25157
25157
25113
25082
25076
25030
25027
24977
24919
24871
24848
24825
24769
24765
24751
24671
24668
24657
24624
24595
24566
24492
24472
24466
24426
24405
24334
24260
24244
24242
24192
24183
24014
24001
23927
23832
23768
23755
23679
23571
23478
23423
23397
23336
23299
23293
23293
23147
23137
23129
23081
23072
23035
22863
22706
22664
22566
22525
22413
22367
22365
22348
22271
22160
22134
22131
22096
21996
21971
21963
21908
21868
21694
21623
21613
21543
21520
21497
21478
21377
21193
21140
21115
21062
21031
21022
21009
20907
20862
20861
20679
20652
20614
20435
20434
20408
20301
20222
20193
20179
20170
20145
20072
20040
20015
19955
19941
19935
19886
19837
19832
19824
19818
19743
19708
19679
19526
19488
19413
19352
19189
19176
19143
19121
19088
19071
18965
18840
18794
18774
18706
18690
18649
18602
18596
18559
18449
18443
18413
18363
18338
18333
18322
18320
18297
18179
18133
17888
17840
17805
17754
17753
17700
17569
17565
17555
17525
17362
17288
17149
17083
17044
17016
17012
16989
16975
16961
16867
16855
16804
16594
16587
16547
16436
16330
16308
16250
16243
16221
16205
16060
16035
16029
15974
15964
15963
15935
15917
15855
15841
15804
15701
15679
15651
15630
15630
15620
15601
15591
15567
15535
15451
15390
15374
15326
15318
15257
15235
15202
15194
15188
15163
15102
15093
15024
15002
14908
14897
14824
14809
14804
14762
14745
14627
14482
14416
14367
14304
14207
14116
13918
13879
13740
13664
13602
13512
13510
13501
13232
13201
13122
13035
13014
12994
12902
12831
12828
12776
12752
12726
12721
12577
12393
12357
12351
12330
12281
12266
12246
12208
12095
12045
12041
12029
11925
11846
11764
11718
11705
11656
11610
11608
11600
11541
11492
11421
11415
11411
11409
11364
11316
11212
11179
11171
11168
11154
11086
11085
11013
11007
10894
10852
10791
10783
10780
10739
10718
10651
10588
10537
10536
10486
10367
10304
10215
9986
9858
9776
9705
9687
9665
9564
9488
9435
9405
9397
9379
9293
9282
9172
9146
9144
9088
9061
9030
9019
8972
8963
8873
8849
8818
8557
8556
8552
8385
8362
8334
8241
8238
8113
8095
7997
7979
7970
7921
7908
7880
7855
7847
7816
7772
7768
7729
7716
7681
7616
7589
7585
7528
7490
7377
7316
7258
7252
7176
7078
7046
7038
6803
6727
6702
6674
6638
6628
6608
6482
6466
6461
6447
6424
6408
6361
6329
6301
6290
6233
6227
6223
6209
6164
6143
6143
6057
5986
5858
5770
5757
5698
5577
5413
5405
5363
5342
5331
5317
5240
5115
5051
4988
4984
4845
4820
4805
4796
4711
4634
4596
4497
4478
4367
4350
4231
4140
4105
4097
4060
3890
3842
3825
3807
3775
3759
3719
3663
3570
3547
3492
3452
3391
3270
3263
3246
3214
3181
3009
3005
2981
2960
2924
2920
2908
2890
2855
2719
2636
2580
2561
2540
2537
2471
2378
2371
2337
2315
2263
2242
2234
2231
2132
2132
2032
1984
1945
1871
1831
1826
1752
1732
1671
1544
1489
1288
1229
1220
1201
1093
1086
1081
1069
1038
920
909
880
849
746
713
686
550
533
531
507
483
327
277
267
262
139
97
68
57
9
