99951
99929
99841
99812
99810
99768
99764
99752
99727
99661
99577
99559
99550
99539
99536
99530
99462
99422
99400
99246
99181
99160
99149
99103
99076
99060
99042
99005
98997
98951
98950
98903
98889
98696
98685
98490
98417
98369
98357
98356
98226
98182
98141
98136
98102
97997
97991
97868
97844
97800
97772
97761
97741
97699
97684
97666
97627
97575
97272
97242
97206
97079
97051
97041
97015
97004
96946
96908
96893
96839
96800
96769
96636
96636
96568
96549
96504
96431
96415
96247
96238
96207
96198
96094
96028
95951
95906
95822
95786
95769
95693
95646
95645
95586
95574
95549
95472
95403
95375
95373
95241
95226
95220
95183
95168
95151
95145
95105
95100
95060
95029
94971
94943
94921
94737
94691
94627
94542
94412
94392
94238
94069
94068
94058
93971
93841
93826
93817
93802
93772
93771
93750
93738
93667
93605
93576
93555
93494
93395
93387
93287
93278
93275
93166
93002
92991
92963
92922
92883
92852
92848
92843
92835
92824
92780
92739
92684
92663
92624
92593
92553
92384
92384
92367
92325
92238
92232
92226
92174
92170
92147
92137
92132
92078
92077
92033
92028
92026
91975
91953
91948
91873
91745
91669
91663
91576
91507
91368
91343
91304
91277
91164
91152
91053
91051
90980
90931
90836
90827
90796
90663
90617
90570
90528
90506
90470
90457
90453
90449
90376
90372
90343
90315
90293
90265
90211
90137
90113
90113
90105
89885
89773
89756
89652
89619
89544
89458
89436
89376
89304
89288
89127
89125
89122
89113
89094
89055
88927
88913
88841
88752
88748
88725
88551
88528
88525
88485
88482
88404
88338
88250
88121
88107
88080
88078
87972
87964
87912
87873
87741
87712
87695
87618
87538
87421
87289
87278
87250
87126
87044
87009
87002
86994
86959
86936
86833
86820
86812
86775
86737
86696
86653
86628
86606
86568
86567
86501
86359
86322
86302
86236
86176
86115
86101
86045
86042
85995
85968
85952
85831
85809
85735
85691
85684
85654
85647
85562
85541
85513
85499
85461
85395
85364
85311
85308
85279
85159
85130
85122
85115
85084
85083
85029
84973
84963
84956
84906
84895
84796
84770
84711
84711
84701
84671
84658
84651
84550
84459
84391
84383
84236
84190
84122
84082
84024
84009
83962
83914
83834
83762
83751
83628
83569
83569
83532
83512
83424
83405
83219
83191
83085
82967
82945
82918
82816
82810
82791
82731
82706
82598
82479
82442
82433
82336
82326
82307
82303
82213
82124
82076
81995
81952
81949
81921
81905
81882
81873
81855
81778
81759
81607
81584
81562
81538
81488
81488
81457
81453
81442
81340
81337
81327
81311
81190
81188
81035
81034
81021
81006
80858
80804
80560
80547
80433
80360
80305
80283
80274
80257
80230
80220
80187
80107
80073
80073
80055
79957
79930
79848
79804
79791
79736
79617
79508
79463
79410
79287
79174
79171
79128
78968
78963
78948
78825
78722
78653
78583
78556
78518
78516
78448
78375
78237
78223
78211
78179
78038
78006
78005
78000
77887
77875
77863
77844
77840
77795
77769
77723
77412
77399
77395
77360
77341
77264
77225
77169
77110
77062
77055
77038
77011
76909
76765
76693
76678
76619
76557
76526
76509
76489
76483
76468
76447
76342
76336
76270
76196
76173
76159
76127
76048
75924
75830
75809
75748
75747
75726
75700
75648
75564
75444
75386
75265
75230
75188
75177
75142
75141
75140
75060
75049
75010
74916
74873
74833
74787
74777
74739
74709
74649
74644
74604
74591
74588
74588
74560
74462
74427
74326
74307
74275
74257
74141
74139
74111
74078
73981
73863
73788
73768
73749
73723
73711
73694
73584
73563
73382
73370
73344
73320
73070
73022
73001
72965
72931
72896
72885
72747
72707
72706
72649
72634
72625
72623
72592
72579
72566
72529
72419
72358
72325
72284
72218
72175
72162
72148
72137
72092
72051
72038
71903
71827
71827
71815
71721
71699
71670
71631
71524
71503
71483
71464
71431
71396
71394
71372
71335
71215
71050
71039
70957
70894
70887
70875
70838
70741
70679
70666
70646
70586
70506
70477
70448
70433
70391
70351
70287
70251
70174
70100
70092
70061
69922
69753
69672
69630
69615
69612
69596
69466
69387
69285
69230
69087
69057
69043
69009
68908
68856
68832
68822
68784
68683
68637
68591
68503
68365
68364
68354
68236
68140
68031
68031
67966
67907
67820
67814
67813
67782
67718
67691
67595
67543
67404
67400
67395
67254
67239
67117
67039
67006
66909
66907
66870
66844
66794
66793
66787
66758
66754
66745
66631
66601
66568
66543
66542
66481
66448
66441
66376
66358
66357
66344
66296
66237
66214
66166
66143
66062
66029
65856
65824
65821
65747
65637
65606
65599
65537
65502
65476
65470
65400
65392
65373
65367
65361
65356
65171
65154
65131
65127
65108
65076
65074
65073
65062
65029
64980
64892
64867
64850
64830
64762
64691
64470
64430
64360
64288
64262
64226
64131
64127
64119
64052
64010
63997
63962
63768
63760
63730
63690
63677
63667
63650
63597
63554
63536
63449
63411
63402
63362
63326
63247
62979
62967
62917
62908
62828
62808
62774
62763
62742
62725
62698
62629
62628
62559
62504
62493
62336
62326
62319
62297
62284
62274
62256
62217
62113
62026
62019
61994
61993
61981
61969
61848
61755
61707
61692
61623
61566
61560
61546
61546
61492
61468
61356
61312
61298
61182
61174
61123
61090
60916
60900
60855
60849
60845
60803
60653
60647
60580
60546
60513
60402
60390
60324
60271
60250
60213
60180
60169
60108
60014
59977
59811
59742
59740
59660
59559
59433
59347
59298
59267
59260
59124
59085
59078
59066
59029
59020
58843
58830
58769
58594
58590
58495
58433
58428
58384
58222
58125
58002
57999
57877
57850
57758
57689
57596
57574
57521
57484
57473
57472
57454
57430
57289
57277
57263
57254
57238
57091
56963
56857
56822
56721
56678
56658
56502
56491
56386
56364
56345
56339
56307
56188
56003
55971
55968
55931
55906
55872
55852
55847
55748
55739
55720
55695
55676
55610
55583
55461
55395
55353
55346
55151
55111
55105
55092
54964
54947
54901
54889
54884
54841
54837
54813
54773
54771
54747
54734
54724
54720
54644
54554
54475
54240
54229
54210
54145
54113
54082
54071
54035
54006
53991
53962
53956
53848
53815
53617
53611
53559
53531
53529
53410
53347
53064
53051
53046
52850
52792
52740
52597
52556
52554
52515
52404
52399
52305
52261
52227
52171
52161
52155
52138
52109
52085
52052
52020
51947
51906
51897
51881
51830
51812
51765
51731
51696
51687
51582
51581
51571
51538
51519
51506
51496
51468
51343
51221
51155
51119
51056
51048
50972
50917
50906
50766
50725
50679
50669
50597
50562
50527
50504
50458
50440
50346
50251
50240
50019
49948
49941
49886
49812
49793
49715
49678
49658
49576
49432
49411
49405
49297
49271
49098
49071
49048
48993
48966
48940
48895
48884
48872
48842
48819
48776
48692
48657
48607
48581
48576
48533
48448
48423
48382
48365
48363
48302
48265
48214
48187
48173
48139
48127
48072
48068
48026
48019
48001
47947
47933
47911
47875
47703
47633
47595
47549
47491
47450
47409
47354
47317
47299
47208
47175
47173
47125
47103
46990
46918
46897
46831
46815
46811
46759
46651
46632
46607
46592
46431
46427
46426
46417
46234
46162
46087
46084
46071
46035
45975
45922
45898
45879
45868
45809
45801
45774
45733
45698
45652
45625
45534
45523
45381
45368
45251
45160
45114
45071
45065
45049
45040
45030
44970
44940
44864
44761
44602
44537
44476
44420
44366
44305
44248
44241
44228
44126
44099
43984
43967
43778
43746
43720
43635
43633
43566
43558
43501
43471
43467
43386
43382
43349
43320
43294
43293
43262
43224
43112
43106
42919
42904
42845
42841
42827
42785
42594
42537
42522
42362
42233
42232
42139
42118
41998
41979
41929
41853
41819
41783
41622
41607
41566
41522
41514
41352
41258
41253
41160
41152
41148
41035
41009
40955
40952
40896
40779
40743
40736
40655
40607
40474
40464
40382
40363
40322
40278
40232
40169
40098
40035
39999
39901
39895
39875
39804
39789
39788
39725
39608
39594
39590
39530
39520
39517
39508
39506
39447
39445
39388
39370
38985
38958
38851
38745
38744
38655
38544
38539
38455
38332
38303
38272
38246
38188
38151
38149
38036
37946
37938
37915
37733
37669
37553
37547
37527
37485
37410
37358
37343
37268
37093
36968
36951
36926
36910
36746
36600
36576
36513
36444
36387
36371
36334
36305
36109
36082
36072
36050
36025
36025
36025
35963
35826
35750
35714
35605
35595
35560
35395
35347
35308
35298
35271
35162
35158
35104
34797
34786
34776
34721
34657
34645
34591
34578
34485
34432
34391
34374
34228
34169
34166
34157
34155
34137
34131
34104
33988
33946
33925
33919
33666
33585
33446
33424
33413
33380
33352
33229
33067
33004
32985
32964
32941
32923
32919
32888
32826
32777
32661
32653
32627
32580
32578
32567
32545
32449
32416
32382
32334
32236
32056
32054
32030
31994
31937
31903
31898
31868
31842
31697
31640
31624
31560
31552
31465
31443
31434
31283
31217
31185
31108
31042
30801
30774
30750
30712
30704
30700
30671
30601
30581
30482
30324
30301
30287
30279
30262
30242
30064
30046
30004
30002
29994
29970
29917
29874
29861
29803
29666
29662
29574
29553
29406
29387
29373
29367
29312
29289
29255
29245
29180
29162
29144
29042
29008
28716
28607
28603
28581
28504
28453
28452
28395
28338
28314
28301
28288
28279
28249
28230
28137
28136
28014
27983
27879
27781
27767
27736
27684
27679
27554
27531
27428
27376
27373
27344
27145
27133
27072
26947
26911
26861
26813
26767
26718
26708
26699
26687
26653
26652
26608
26579
26533
26524
26484
26480
26434
26386
26364
26326
26262
26236
26156
26036
25986
25979
25972
25912
25899
25695
25690
25679
25674
25626
25595
25558
25474
25363
25324
25280
25243
25230
25215
25094
24977
24913
24783
24774
24688
24608
24482
24391
24356
24319
24276
24163
24154
24062
23916
23875
23859
23834
23756
23618
23572
23498
23398
23271
23227
23215
23177
23170
23115
23100
23094
23059
22832
22487
22486
22467
22453
22444
22430
22360
22343
22343
22337
22198
22163
22033
21993
21984
21944
21915
21908
21903
21893
21890
21872
21846
21800
21789
21724
21719
21683
21675
21672
21663
21659
21657
21654
21507
21456
21424
21389
21367
21351
21321
21307
21179
21162
21121
21120
21119
21102
21082
21063
21007
20945
20886
20853
20795
20701
20641
20599
20540
20499
20463
20451
20423
20304
20302
20285
20219
20199
20191
20153
20044
19965
19930
19929
19746
19739
19728
19691
19672
19655
19469
19412
19358
19184
19178
19170
19167
19112
19108
19031
18957
18734
18714
18683
18676
18675
18660
18488
18406
18363
18123
17971
17946
17895
17862
17820
17711
17691
17681
17638
17610
17579
17550
17526
17499
17477
17414
17379
17336
17295
17251
17197
17195
17131
17127
17125
17111
17039
16921
16881
16821
16720
16634
16611
16430
16425
16355
16260
16237
16233
16206
16131
15919
15915
15839
15836
15831
15816
15759
15732
15728
15706
15662
15575
15499
15465
15357
15325
15240
15190
15164
15106
15093
15072
15048
14954
14940
14757
14671
14467
14444
14443
14248
14241
14220
14130
14056
14032
13946
13848
13834
13798
13762
13731
13593
13571
13568
13483
13384
13373
13365
13356
13326
13315
13109
13016
12993
12985
12947
12855
12816
12810
12787
12733
12683
12587
12409
12352
12324
12305
12242
12238
12193
12151
12055
12019
12002
11981
11931
11918
11812
11748
11745
11741
11699
11681
11652
11525
11488
11430
11384
11354
11328
11318
11294
11235
11234
11186
11167
11129
11088
11058
10980
10945
10891
10880
10853
10787
10767
10765
10719
10549
10492
10411
10373
10324
10266
10227
10219
10168
10138
10125
10038
10000
9970
9949
9903
9815
9793
9700
9685
9635
9584
9578
9546
9524
9437
9436
9375
9232
9231
9219
9142
9070
9070
9043
9040
9033
9014
8956
8928
8908
8855
8774
8755
8589
8470
8420
8338
8317
8288
8143
8123
7963
7922
7764
7709
7689
7679
7627
7609
7549
7427
7388
7202
7061
6993
6971
6868
6865
6858
6771
6749
6738
6722
6698
6688
6687
6660
6543
6523
6481
6425
6357
6349
6336
6310
6307
6276
6119
6114
6018
5945
5863
5738
5713
5666
5637
5591
5582
5396
5379
5302
5268
5217
5217
5183
5180
5174
5121
5120
5008
4996
4937
4808
4804
4802
4799
4776
4738
4736
4616
4615
4580
4482
4462
4376
4356
4353
4227
4224
4197
4126
4126
4102
3928
3827
3810
3787
3695
3691
3627
3600
3566
3525
3523
3467
3418
3274
2994
2951
2949
2928
2912
2816
2597
2530
2518
2392
2389
2359
2244
2222
2199
2172
2079
2072
2039
2011
1918
1818
1804
1621
1551
1532
1490
1185
1182
1170
1153
1116
1025
968
965
964
892
879
827
815
772
767
670
362
241
236
187
171
143
106
75
71
7
