99975
99959
99928
99915
99905
99889
99871
99721
99623
99620
99401
99358
99254
99250
99249
99227
99192
99086
99067
98954
98946
98930
98908
98889
98805
98756
98752
98727
98726
98614
98414
98414
98393
98334
98289
98286
98284
98276
98211
98164
98016
98006
97859
97850
97808
97780
97719
97642
97614
97452
97447
97415
97315
97247
97208
97207
97128
97092
96989
96984
96968
96915
96907
96898
96833
96769
96685
96608
96451
96354
96316
96270
96260
96162
96144
96126
96101
96093
96043
96007
95937
95897
95805
95701
95588
95581
95576
95540
95519
95496
95472
95400
95384
95363
95353
95282
95246
95232
94989
94970
94859
94858
94825
94775
94772
94656
94635
94627
94467
94442
94320
94190
94187
94149
94066
94022
93944
93897
93852
93762
93755
93736
93552
93466
93385
93313
93242
93222
93220
92992
92917
92885
92870
92856
92762
92757
92550
92545
92457
92433
92382
92309
92285
92257
92083
92066
92049
92043
92005
91988
91979
91943
91927
91904
91801
91762
91727
91665
91634
91572
91462
91355
91288
91282
91280
91210
91205
90895
90872
90856
90815
90807
90751
90731
90678
90669
90643
90589
90586
90562
90539
90485
90328
90264
90235
90222
90193
90160
90123
90091
90056
89937
89899
89892
89653
89583
89555
89504
89442
89421
89352
89306
89294
89257
89217
89194
89185
89174
89090
89081
89045
88973
88960
88799
88790
88762
88735
88725
88685
88653
88604
88593
88528
88527
88465
88348
88268
88140
87743
87667
87662
87596
87541
87532
87460
87442
87433
87419
87171
87158
87131
87107
86974
86869
86865
86827
86734
86694
86595
86481
86442
86426
86426
86388
86368
86255
86135
86073
86022
85987
85986
85962
85916
85869
85794
85787
85778
85776
85670
85645
85516
85502
85461
85455
85444
85430
85370
85337
85274
85069
84997
84984
84968
84923
84793
84774
84774
84694
84684
84649
84598
84589
84567
84530
84483
84436
84427
84424
84333
84309
84278
84268
84247
84222
84185
84136
84135
84086
84075
84037
84026
83987
83875
83870
83791
83759
83710
83607
83603
83501
83496
83420
83379
83372
83371
83282
83281
83252
83252
83217
83172
83160
83139
83089
83056
83006
82956
82951
82911
82908
82760
82748
82605
82595
82594
82531
82418
82327
82234
82228
82144
82137
82125
82103
82069
82063
81964
81924
81906
81888
81656
81552
81452
81434
81412
81372
81274
81251
81222
81220
81195
81193
81170
81116
81096
80996
80990
80964
80777
80772
80722
80598
80593
80583
80519
80499
80418
80389
80292
80270
80135
80121
80083
79962
79938
79933
79889
79818
79779
79599
79520
79517
79512
79448
79261
79260
79182
78949
78905
78873
78855
78811
78770
78758
78710
78648
78636
78595
78529
78519
78462
78459
78364
78331
78328
78216
78191
78134
78131
78080
78055
77996
77936
77900
77829
77762
77752
77732
77663
77549
77543
77541
77498
77496
77479
77471
77443
77417
77392
77268
77131
77121
77083
77053
77034
76937
76862
76849
76809
76566
76552
76542
76470
76453
76391
76387
76386
76362
76245
76235
76223
76190
76120
76117
76116
76093
76077
76026
75974
75944
75936
75886
75745
75660
75588
75580
75580
75574
75569
75468
75455
75400
75342
75321
75255
75242
75139
75043
75030
74996
74947
74891
74846
74835
74773
74710
74661
74627
74603
74593
74577
74530
74507
74490
74472
74444
74426
74325
74294
74274
74271
74246
74182
74166
74130
74054
74017
73978
73945
73911
73882
73849
73827
73710
73684
73580
73497
73490
73484
73435
73195
73093
73065
72950
72814
72811
72794
72712
72711
72628
72431
72417
72324
72226
72025
71934
71930
71906
71895
71853
71801
71742
71733
71716
71707
71700
71526
71462
71412
71366
71360
71301
71293
71221
71200
71193
71176
71061
71056
70940
70915
70904
70741
70734
70656
70653
70636
70559
70540
70508
70488
70484
70460
70446
70384
70307
70248
70236
70029
69960
69887
69884
69863
69843
69793
69785
69773
69569
69500
69447
69274
69238
69153
69088
68989
68988
68971
68869
68687
68655
68630
68603
68575
68531
68522
68455
68443
68325
68256
68115
68107
68100
68073
68017
67976
67928
67881
67815
67752
67745
67712
67641
67628
67611
67515
67508
67487
67441
67306
67254
67203
67202
67133
67090
67008
66995
66989
66980
66954
66924
66922
66908
66908
66896
66843
66811
66735
66672
66647
66629
66611
66590
66528
66416
66403
66354
66349
66271
66241
66184
66133
66111
66094
66036
66033
65812
65779
65753
65739
65688
65567
65544
65516
65492
65450
65428
65401
65382
65378
65347
65335
65207
65175
65169
65164
65138
65131
65092
65071
64960
64813
64795
64790
64700
64699
64686
64680
64679
64671
64533
64509
64470
64301
64299
64287
64273
64188
64106
64098
64023
63968
63967
63914
63897
63845
63759
63664
63568
63564
63563
63492
63449
63443
63417
63416
63375
63305
63287
63189
63145
63103
63039
62999
62996
62919
62881
62875
62842
62744
62667
62470
62460
62436
62370
62347
62313
62309
62299
62152
62151
62107
62041
61990
61982
61934
61929
61886
61839
61802
61774
61743
61710
61595
61594
61522
61515
61298
61256
61208
61142
61107
61080
61028
60960
60883
60859
60771
60737
60677
60668
60649
60571
60534
60526
60496
60408
60290
60267
60244
60242
60038
60006
59997
59949
59940
59925
59881
59855
59778
59718
59714
59627
59597
59560
59531
59495
59468
59449
59422
59283
59242
59237
59081
59015
59010
58993
58906
58823
58814
58783
58754
58731
58708
58638
58594
58528
58505
58473
58468
58346
58344
58310
58202
58125
58037
57957
57931
57915
57830
57821
57745
57730
57728
57665
57590
57430
57386
57286
57261
57167
57158
57154
57127
57122
57080
57051
57049
57038
56961
56874
56721
56693
56678
56665
56632
56628
56598
56569
56525
56467
56373
56211
56205
56027
55968
55953
55924
55651
55612
55593
55563
55553
55505
55465
55445
55373
55340
55325
55247
55169
55167
55109
55089
55045
55042
55041
54951
54920
54842
54788
54741
54712
54706
54692
54645
54632
54593
54527
54507
54492
54438
54428
54214
54191
54137
54069
54029
54001
53955
53939
53920
53862
53831
53784
53782
53644
53515
53489
53476
53464
53315
53289
53260
53225
53174
53141
53071
53067
52996
52957
52936
52807
52765
52694
52634
52534
52473
52304
52253
52181
52119
51984
51974
51940
51829
51819
51720
51720
51687
51653
51586
51521
51520
51482
51453
51453
51365
51302
51245
51197
51111
51105
51071
50966
50947
50916
50843
50739
50711
50693
50635
50590
50520
50396
50363
50317
50160
49908
49887
49880
49869
49867
49815
49726
49719
49709
49586
49567
49533
49479
49405
49395
49385
49306
49294
49261
49215
49184
49174
49172
49132
49105
49072
48999
48960
48959
48846
48677
48537
48527
48522
48467
48438
48414
48373
48369
48353
48325
48321
48259
48207
48098
48087
48005
47990
47904
47864
47853
47805
47797
47764
47654
47555
47514
47512
47462
47457
47440
47390
47336
47300
47282
47274
47229
47120
47069
47034
46783
46773
46749
46746
46484
46468
46423
46416
46400
46378
46369
46287
46211
46201
46162
46127
45822
45814
45809
45805
45795
45756
45709
45664
45628
45619
45557
45535
45531
45440
45431
45428
45273
45236
45198
45159
45136
45091
45045
45032
45028
45001
44987
44931
44922
44853
44846
44838
44758
44620
44561
44479
44449
44316
44311
44290
44277
44246
44154
44129
44014
44008
43934
43926
43925
43912
43899
43869
43779
43766
43753
43748
43684
43645
43580
43533
43529
43503
43487
43480
43456
43439
43273
43252
43220
43026
42993
42934
42744
42690
42654
42636
42624
42604
42398
42337
42310
42275
42224
42184
42182
42085
42068
42014
42008
42007
41923
41901
41801
41799
41692
41671
41666
41597
41542
41503
41475
41404
41341
41322
41284
41276
41239
41217
41190
41142
41051
40998
40988
40946
40942
40930
40825
40822
40820
40805
40783
40751
40742
40590
40573
40560
40496
40478
40471
40378
40276
40254
40243
40190
40129
40012
40010
39965
39797
39790
39760
39572
39505
39446
39412
39402
39390
39319
39300
39205
39193
39148
39099
39076
39075
39031
38763
38728
38682
38547
38465
38421
38384
38315
38306
38303
38261
38185
38175
38075
38049
38029
37919
37918
37794
37761
37748
37728
37724
37723
37623
37529
37477
37456
37292
37279
37231
37184
37166
37102
36980
36980
36907
36881
36880
36876
36870
36732
36664
36642
36640
36634
36498
36463
36423
36398
36356
36330
36310
36219
36107
36089
36068
35986
35936
35914
35902
35821
35803
35797
35734
35709
35665
35502
35454
35419
35418
35270
35222
35218
35070
35023
35009
35004
34888
34726
34715
34643
34623
34502
34439
34428
34418
34396
34350
34319
34276
34254
34131
33894
33866
33616
33601
33541
33535
33477
33475
33437
33430
33403
33356
33335
33176
33148
33126
33110
33032
32918
32872
32856
32844
32790
32738
32730
32725
32696
32592
32584
32477
32472
32469
32437
32390
32374
32284
32206
32079
32041
31984
31965
31862
31844
31769
31689
31647
31561
31551
31549
31527
31474
31456
31428
31393
31375
31361
31345
31235
31204
31118
31098
31098
31083
31033
30956
30872
30722
30661
30584
30553
30486
30453
30422
30355
30326
30285
30215
30200
30183
30128
30010
29985
29936
29866
29865
29842
29736
29729
29520
29471
29465
29391
29347
29341
29333
29316
29267
29207
29198
29193
29139
29019
28857
28818
28804
28747
28716
28619
28610
28600
28584
28552
28471
28322
28261
28207
28205
28196
28194
28124
28098
28015
28006
27874
27801
27787
27775
27750
27729
27714
27653
27555
27531
27456
27393
27268
27267
27235
27168
27141
27005
26985
26873
26864
26827
26683
26590
26551
26502
26451
26429
26410
26297
26190
26159
26155
26118
26108
26105
26102
26023
26005
26004
25963
25928
25833
25788
25782
25755
25572
25439
25434
25413
25388
25368
25368
25364
25355
25250
25222
25097
25096
25087
25043
24958
24932
24807
24765
24641
24484
24395
24345
24306
24279
24121
24113
23962
23951
23937
23909
23904
23804
23700
23675
23592
23551
23430
23220
23190
23068
23011
22891
22883
22873
22870
22827
22795
22747
22733
22724
22713
22644
22643
22533
22500
22411
22099
21955
21926
21840
21808
21769
21680
21654
21630
21552
21501
21452
21443
21430
21422
21264
21251
21231
21195
21123
21072
21005
20937
20762
20689
20619
20227
20174
20154
20096
20020
20013
19997
19957
19925
19925
19900
19868
19867
19807
19799
19763
19723
19672
19656
19598
19585
19487
19459
19423
19421
19413
19386
19297
19238
19192
19184
19148
19108
19070
18964
18962
18937
18919
18909
18858
18854
18801
18616
18581
18552
18534
18499
18433
18427
18353
18319
18303
18297
18277
18264
18161
18152
17920
17888
17738
17671
17538
17529
17512
17497
17470
17457
17454
17450
17327
17288
17283
17257
17048
17017
16952
16896
16893
16820
16755
16743
16678
16616
16597
16575
16496
16494
16483
16463
16296
16291
16211
16130
16125
16017
15956
15921
15872
15868
15786
15768
15734
15724
15650
15462
15451
15446
15438
15356
15293
15283
15249
15244
15180
15046
15033
15019
14816
14787
14704
14696
14694
14669
14667
14598
14500
14494
14458
14438
14406
14399
14293
14287
14277
14226
14217
14177
14093
14023
13944
13899
13758
13665
13648
13598
13461
13436
13365
13321
13307
13294
13249
13194
13148
13125
13097
13065
13054
13048
13037
13012
13007
12991
12990
12943
12907
12883
12880
12801
12780
12777
12765
12654
12622
12613
12513
12413
12400
12379
12274
12145
12126
12082
11905
11904
11886
11870
11824
11814
11806
11774
11743
11679
11575
11530
11480
11475
11457
11433
11386
11345
11173
11168
11064
10834
10794
10707
10704
10704
10648
10626
10619
10583
10581
10500
10463
10452
10287
10160
10107
10074
10073
10068
10060
9989
9928
9923
9805
9805
9742
9727
9594
9585
9354
9329
9311
9271
9243
9136
9129
9055
9004
8993
8902
8898
8886
8835
8811
8787
8785
8763
8746
8707
8665
8646
8645
8319
8309
8277
8271
8268
8134
8059
8048
8035
7987
7896
7799
7631
7371
7184
7166
7050
6926
6614
6560
6555
6541
6502
6480
6446
6415
6412
6367
6338
6200
6171
6134
6063
6060
5896
5796
5744
5705
5702
5654
5630
5597
5550
5480
5404
5288
5236
5213
5213
5208
5200
5051
5031
5010
4978
4952
4841
4834
4798
4780
4767
4744
4668
4629
4610
4557
4545
4492
4470
4468
4402
4348
4328
4249
4159
4089
3877
3710
3669
3658
3657
3649
3601
3579
3566
3527
3513
3395
3244
3209
3168
3166
3062
3019
2905
2847
2662
2576
2346
2292
2287
2276
2235
2147
2123
2113
2096
2062
2034
1987
1968
1940
1925
1801
1780
1779
1753
1729
1678
1651
1559
1557
1485
1480
1433
1418
1363
1179
1153
1065
1047
1036
1019
932
925
821
775
726
670
476
394
319
271
191
87
56
56
54
37
25
