99934
99880
99875
99815
99801
99786
99725
99712
99622
99613
99606
99518
99336
99333
99301
99298
99203
99190
99122
99059
99040
98971
98904
98815
98808
98768
98747
98729
98686
98647
98595
98577
98539
98517
98479
98469
98377
98192
98169
98157
98099
98030
98000
97971
97944
97924
97897
97855
97801
97732
97714
97690
97642
97624
97611
97592
97541
97446
97387
97321
97213
97158
97103
97055
96992
96955
96683
96605
96492
96463
96435
96416
96328
96301
96286
96275
96271
96090
95965
95909
95758
95751
95736
95727
95655
95586
95545
95482
95473
95429
95385
95364
95336
95331
95249
95242
95148
95127
95075
95058
95019
94944
94930
94865
94836
94776
94754
94695
94682
94677
94663
94637
94594
94489
94473
94208
94136
94083
94054
94054
94045
94027
94019
94019
94000
93976
93974
93925
93840
93706
93705
93693
93523
93405
93373
93335
93308
93183
93129
93122
93034
93004
92994
92980
92963
92958
92919
92811
92788
92779
92759
92690
92623
92564
92533
92460
92438
92388
92380
92355
92216
92098
92072
92057
91978
91930
91750
91705
91687
91678
91652
91606
91580
91527
91517
91514
91428
91309
91270
91258
91187
91187
91151
91052
90985
90872
90849
90829
90757
90753
90753
90747
90722
90630
90587
90584
90525
90512
90482
90475
90385
90383
90327
90281
90180
90162
90077
90053
90047
90005
89968
89930
89917
89850
89837
89807
89793
89791
89733
89722
89586
89299
89213
89164
89132
89095
89080
89022
88872
88813
88791
88782
88775
88752
88603
88584
88399
88398
88240
88230
88229
88214
88151
88030
88005
87965
87928
87880
87794
87770
87763
87639
87638
87616
87565
87565
87525
87370
87344
87273
87183
87166
87162
87116
87042
86975
86917
86871
86844
86751
86520
86436
86401
86373
86298
86298
86274
86240
86237
86165
86161
86160
86084
86072
85921
85868
85794
85752
85717
85629
85549
85486
85476
85453
85441
85429
85423
85409
85402
85397
85368
85332
85285
85131
85101
85098
85081
85066
84912
84871
84776
84671
84663
84623
84620
84513
84513
84474
84284
84270
84263
84239
84231
84224
84220
84156
84090
84084
84059
84050
84025
84000
83791
83775
83700
83673
83604
83516
83494
83492
83485
83445
83320
83167
83146
83127
83124
83109
82960
82935
82831
82823
82799
82785
82749
82726
82724
82681
82631
82604
82601
82570
82547
82523
82523
82434
82313
82301
82156
82072
82033
81923
81863
81852
81850
81837
81798
81767
81700
81663
81649
81544
81542
81536
81411
81349
81331
81330
81207
81176
81174
81103
81054
81049
80974
80906
80877
80825
80736
80673
80664
80654
80589
80564
80520
80518
80506
80492
80465
80433
80411
80345
80338
80252
80229
80222
80138
79930
79922
79801
79683
79645
79642
79581
79448
79448
79426
79308
79278
79097
79012
78984
78938
78892
78796
78789
78788
78737
78685
78668
78660
78631
78627
78580
78530
78330
78328
78322
78205
78164
78071
78038
78037
78017
78006
77995
77959
77936
77907
77841
77770
77702
77692
77475
77469
77452
77373
77310
77273
77270
77175
77090
77080
77068
77048
77048
77022
76965
76918
76842
76828
76796
76796
76785
76620
76617
76585
76568
76499
76496
76414
76410
76216
76205
76108
76108
76106
76075
75994
75870
75844
75749
75743
75732
75731
75700
75667
75644
75619
75596
75565
75526
75515
75474
75370
75273
75246
75228
75067
74940
74921
74892
74840
74675
74629
74568
74497
74439
74415
74363
74324
74316
74140
74002
73990
73944
73896
73889
73884
73609
73606
73495
73465
73457
73287
73279
73164
73025
72969
72944
72913
72908
72893
72722
72702
72661
72553
72391
72331
72292
72259
72238
72226
72212
72141
72096
72072
71978
71910
71876
71817
71800
71752
71721
71689
71440
71420
71418
71389
71222
71216
71197
71138
71072
70885
70840
70819
70512
70354
70320
70283
70229
70208
70208
70133
70112
70045
70014
69968
69954
69954
69874
69834
69813
69776
69769
69763
69757
69747
69664
69558
69546
69456
69442
69378
69308
69280
69158
69146
69066
69023
68983
68976
68939
68938
68894
68835
68749
68728
68656
68616
68576
68575
68525
68447
68413
68380
68300
68291
68247
68215
68194
68157
68008
68004
67917
67721
67644
67573
67567
67535
67407
67402
67361
67188
67167
67121
67035
67029
67002
66998
66867
66804
66735
66645
66630
66610
66596
66558
66509
66464
66409
66388
66361
66357
66330
66092
65901
65825
65810
65742
65711
65699
65648
65627
65550
65550
65535
65510
65461
65436
65399
65376
65349
65306
65214
65197
65197
65152
65140
65074
65043
64956
64906
64874
64868
64785
64728
64619
64296
64264
64197
64184
64180
64155
64105
64100
64098
63919
63834
63814
63798
63659
63612
63507
63504
63454
63442
63403
63307
63288
63265
63255
63217
63158
63152
63126
63083
63050
62968
62904
62795
62766
62695
62686
62584
62580
62577
62560
62529
62528
62490
62466
62439
62372
62366
62358
62357
62324
62267
62218
62191
62179
62128
62089
61982
61970
61907
61849
61824
61803
61778
61761
61738
61734
61649
61601
61541
61505
61353
61314
61206
61198
61160
61114
60986
60954
60832
60788
60785
60749
60669
60666
60640
60573
60566
60551
60525
60512
60489
60388
60377
60360
60331
60302
60286
60236
60178
59987
59937
59884
59880
59771
59742
59517
59461
59338
59322
59254
59243
59142
59131
59125
59010
59008
58998
58932
58878
58861
58769
58747
58722
58671
58589
58572
58481
58458
58294
58205
58200
58198
58159
57945
57785
57753
57664
57650
57543
57476
57410
57364
57341
57315
57229
57196
57159
57112
57098
57069
57061
57011
56997
56975
56867
56805
56748
56738
56714
56679
56612
56586
56464
56451
56335
56117
56032
55946
55882
55854
55834
55834
55824
55802
55742
55710
55710
55683
55590
55577
55490
55484
55475
55410
55361
55361
55360
55346
55231
55195
55181
55101
55047
55046
55039
55014
54949
54889
54816
54799
54721
54715
54687
54676
54652
54608
54590
54576
54517
54410
54330
54314
54233
54154
54144
54110
54042
54020
53939
53833
53809
53576
53565
53504
53456
53410
53315
53309
53294
53282
53184
53166
53153
53064
52953
52928
52826
52816
52794
52790
52718
52695
52683
52677
52576
52534
52532
52396
52389
52344
52250
52225
52183
52162
51993
51988
51946
51843
51832
51716
51667
51646
51578
51542
51439
51337
51323
51261
51208
51163
51142
51121
51066
51058
51030
51001
50996
50945
50925
50914
50903
50885
50769
50750
50696
50682
50680
50676
50665
50642
50610
50574
50564
50532
50508
50467
50376
50374
50370
50229
50176
50163
50093
50052
50041
49998
49977
49971
49930
49919
49806
49774
49723
49682
49649
49649
49617
49593
49570
49522
49501
49395
49318
49278
49259
49185
49183
49164
49137
48989
48976
48967
48936
48918
48882
48841
48832
48813
48718
48580
48565
48492
48476
48425
48383
48350
48344
48279
48268
48150
48119
47974
47967
47812
47718
47716
47702
47667
47654
47546
47395
47382
47215
47210
47194
47137
46982
46980
46978
46948
46938
46920
46919
46907
46905
46890
46844
46838
46838
46683
46662
46660
46645
46614
46592
46581
46567
46537
46504
46497
46372
46328
46253
46217
46115
46054
46040
45854
45766
45730
45708
45603
45568
45545
45508
45497
45483
45436
45397
45376
45342
45341
45317
45270
45253
45210
45185
45058
45020
44995
44849
44745
44544
44525
44508
44457
44452
44441
44422
44410
44342
44156
44151
44093
43920
43906
43905
43812
43807
43787
43772
43684
43664
43650
43526
43448
43440
43433
43394
43232
43114
42992
42977
42947
42921
42883
42871
42752
42751
42742
42735
42733
42680
42674
42649
42615
42571
42511
42486
42372
42368
42363
42350
42230
42218
42167
42164
42147
42093
42022
41735
41733
41705
41615
41591
41468
41400
41363
41345
41313
41059
41058
41025
40995
40959
40827
40787
40715
40581
40575
40485
40355
40055
39991
39966
39964
39962
39834
39807
39719
39698
39679
39650
39629
39607
39582
39469
39415
39137
39126
39119
39073
38978
38958
38922
38913
38874
38816
38814
38720
38690
38550
38376
38291
38188
38152
38118
38107
38091
38045
38025
37989
37950
37888
37869
37828
37805
37757
37748
37701
37665
37638
37592
37577
37565
37551
37537
37495
37479
37467
37462
37389
37377
37366
37352
37342
37111
37035
36949
36935
36920
36902
36867
36831
36809
36806
36792
36774
36774
36752
36715
36696
36694
36641
36637
36587
36513
36507
36472
36218
36207
36158
36135
36066
36012
36011
35929
35760
35743
35701
35673
35628
35543
35520
35501
35460
35421
35386
35363
35329
35261
35159
35148
35146
35122
35066
34963
34942
34809
34795
34730
34725
34674
34532
34518
34460
34347
34191
34080
34063
34023
33957
33939
33888
33863
33840
33771
33769
33720
33689
33539
33502
33462
33436
33435
33402
33333
33331
33300
33249
33221
33149
33136
33104
33016
32818
32813
32653
32603
32538
32499
32491
32463
32389
32355
32322
32313
32141
31923
31920
31849
31811
31790
31787
31781
31703
31689
31676
31646
31588
31473
31441
31436
31427
31368
31315
31304
31262
31192
31192
31090
31058
30914
30872
30871
30846
30821
30782
30769
30734
30705
30701
30670
30602
30482
30481
30451
30447
30429
30423
30350
30268
30216
30172
30158
30152
30110
30034
30010
29994
29961
29883
29719
29629
29563
29557
29449
29448
29447
29436
29430
29381
29231
29218
29110
28957
28808
28777
28645
28624
28488
28474
28463
28407
28324
28303
28186
28183
28174
28148
28081
28051
28019
27983
27761
27751
27727
27624
27579
27561
27458
27394
27280
27273
27226
27156
27143
27135
27129
27041
27028
26922
26905
26877
26837
26809
26632
26571
26515
26499
26425
26413
26386
26384
26185
26164
26124
26117
26070
26064
26054
26019
26003
25960
25926
25860
25836
25681
25635
25545
25519
25500
25462
25444
25414
25375
25361
25330
25294
25274
25243
25174
25129
25099
25085
25083
24943
24758
24737
24667
24549
24490
24401
24299
24216
24197
24197
24165
24160
24085
24045
24029
24018
24016
23971
23918
23735
23662
23533
23426
23380
23363
23308
23191
23117
23097
23076
23057
23055
23008
22984
22961
22946
22945
22929
22905
22887
22874
22861
22838
22792
22765
22672
22644
22632
22430
22365
22151
22129
22127
22078
22007
22005
22001
21877
21844
21782
21715
21715
21525
21368
21320
21254
21207
21143
21056
21036
21035
21029
21013
20997
20991
20947
20828
20721
20715
20664
20589
20566
20500
20422
20396
20359
20271
20253
20193
20092
20062
20058
20031
19894
19877
19840
19826
19760
19641
19614
19581
19503
19474
19366
19306
19294
19195
19149
19133
19122
18966
18940
18923
18897
18713
18682
18586
18564
18540
18433
18384
18354
18341
18280
18210
18201
18184
18183
18165
18150
18124
18087
18082
18059
18000
17927
17899
17873
17788
17736
17735
17594
17573
17562
17555
17548
17516
17509
17489
17329
17291
17076
17057
17044
16967
16943
16908
16892
16803
16784
16771
16741
16719
16619
16575
16476
16474
16459
16436
16355
16334
16226
16202
16199
16102
16065
16035
16013
16001
16001
15922
15819
15809
15781
15778
15702
15698
15668
15571
15522
15454
15405
15318
15206
15130
15110
15101
15072
15004
14844
14771
14716
14674
14658
14628
14621
14582
14555
14552
14484
14408
14371
14362
14096
14064
13873
13839
13770
13770
13670
13363
13355
13233
13135
13091
13039
13031
13012
12856
12717
12659
12645
12621
12608
12595
12575
12561
12520
12331
12321
12304
12250
12215
12214
12008
11986
11892
11790
11767
11714
11630
11597
11582
11522
11475
11319
11230
11229
11143
11135
11088
10987
10958
10916
10897
10873
10868
10797
10759
10649
10641
10600
10559
10542
10506
10450
10405
10138
10137
9982
9942
9903
9839
9835
9799
9717
9684
9661
9641
9550
9519
9420
9370
9356
9261
9240
9138
9101
9076
9072
8812
8725
8694
8639
8594
8584
8474
8427
8359
8302
8291
8257
8248
8202
8156
8061
8013
7976
7934
7888
7880
7869
7852
7645
7625
7624
7559
7526
7485
7484
7480
7468
7307
7248
7126
7098
7084
7078
7076
7057
7032
6998
6942
6857
6852
6825
6816
6787
6754
6511
6390
6375
6369
6225
6028
6020
6006
6005
5995
5972
5966
5952
5947
5941
5918
5895
5866
5806
5647
5586
5568
5495
5370
5366
5326
5277
5277
5257
5236
5226
5139
4968
4829
4828
4727
4653
4519
4502
4498
4433
4360
4213
4040
4014
3972
3966
3956
3645
3560
3559
3487
3399
3394
3270
3233
3199
3181
3112
3061
3004
2992
2950
2843
2806
2728
2672
2629
2571
2490
2431
2402
2358
2325
2159
2120
2021
1909
1833
1814
1787
1776
1738
1667
1533
1477
1469
1424
1410
1370
1327
1273
1263
1165
1165
1157
1153
1119
1105
1081
965
945
853
852
851
654
647
602
584
496
492
475
428
417
379
339
300
296
265
264
250
248
115
85
0
