99971
99893
99893
99889
99873
99852
99844
99729
99724
99662
99661
99584
99511
99462
99460
99379
99225
99216
99163
99051
99035
98949
98837
98837
98814
98814
98784
98698
98590
98540
98539
98459
98364
98325
98316
98264
98257
98232
98179
98125
98104
98087
98020
97945
97817
97776
97701
97692
97644
97599
97500
97465
97404
97349
97291
97221
97146
97104
97091
97060
96909
96860
96817
96698
96607
96424
96352
96240
96175
96144
96115
96098
95999
95983
95750
95705
95703
95599
95582
95525
95428
95305
95283
95271
95177
95167
95148
95110
95050
94988
94869
94863
94852
94815
94770
94759
94716
94664
94660
94625
94586
94580
94394
94252
94069
93975
93964
93908
93806
93717
93621
93620
93534
93527
93507
93453
93439
93424
93279
93276
93086
92960
92926
92901
92881
92824
92689
92535
92529
92514
92427
92382
92317
92247
92145
92128
92124
92103
92042
91985
91985
91969
91957
91932
91760
91742
91741
91689
91578
91211
91193
91182
91115
91114
91063
91029
90989
90895
90840
90746
90669
90625
90534
90486
90471
90429
90354
90331
90327
90184
90141
90096
90051
90027
90022
89974
89959
89864
89761
89742
89668
89652
89643
89614
89558
89557
89508
89444
89436
89410
89346
89274
89270
89228
89038
89005
88939
88933
88878
88877
88860
88794
88772
88771
88712
88685
88658
88654
88645
88620
88598
88577
88505
88504
88477
88306
88295
88286
88272
88121
88072
88063
88024
87994
87918
87888
87880
87854
87840
87801
87786
87768
87680
87666
87643
87643
87594
87547
87527
87465
87446
87425
87404
87398
87325
87302
87257
87201
87173
87024
86904
86858
86831
86759
86752
86681
86614
86481
86469
86445
86424
86397
86360
86360
86074
85986
85953
85951
85946
85913
85911
85794
85791
85715
85624
85621
85620
85616
85594
85563
85553
85533
85432
85404
85398
85365
85286
85259
85252
85112
85059
85035
85015
84987
84726
84672
84547
84511
84478
84463
84397
84376
84355
84258
84229
84226
84210
84208
84185
84115
84086
84054
84002
83985
83950
83931
83835
83749
83733
83571
83446
83422
83290
83255
83150
83048
82998
82810
82807
82794
82786
82753
82699
82689
82591
82499
82427
82372
82297
82208
82206
82187
82182
82181
82149
82121
82065
82057
81891
81827
81785
81770
81663
81629
81556
81537
81536
81515
81421
81384
81369
81327
81089
81017
80957
80932
80916
80883
80845
80822
80800
80708
80705
80702
80690
80670
80662
80638
80526
80522
80507
80475
80394
80242
80134
80042
79990
79982
79974
79858
79638
79634
79634
79545
79521
79484
79388
79340
79333
79311
79227
79178
79058
79034
79023
78962
78946
78943
78827
78819
78780
78778
78760
78644
78643
78625
78618
78605
78555
78479
78470
78463
78459
78431
78226
78219
78169
78065
78026
78011
78009
77881
77854
77848
77839
77702
77643
77622
77619
77515
77456
77371
77208
77167
77143
77119
76903
76823
76823
76634
76585
76570
76500
76401
76393
76391
76313
76244
76243
76171
76125
76046
76009
75940
75898
75889
75871
75843
75723
75687
75669
75666
75622
75524
75517
75468
75400
75378
75378
75249
75195
75086
75016
75012
74924
74865
74864
74857
74842
74709
74704
74686
74633
74630
74566
74530
74528
74491
74474
74452
74433
74428
74351
74233
74223
74212
74165
74096
74039
74035
74003
73915
73908
73894
73892
73657
73648
73549
73479
73378
73325
73313
73300
73226
72974
72967
72964
72712
72604
72596
72580
72469
72366
72305
72242
72216
72192
72175
72148
72128
72111
72081
72076
72055
71988
71985
71964
71939
71938
71883
71876
71858
71707
71676
71605
71587
71579
71538
71507
71497
71417
71387
71355
71346
71334
71194
71179
71175
71122
71090
71057
70990
70950
70898
70895
70887
70834
70824
70733
70609
70607
70550
70510
70459
70358
70347
70332
70218
70167
70079
70024
69997
69978
69944
69935
69906
69906
69793
69647
69582
69545
69535
69524
69484
69221
69212
69135
69012
68973
68969
68968
68957
68888
68844
68829
68816
68757
68690
68681
68659
68608
68527
68418
68309
68302
68283
68263
68189
68187
68138
68101
68090
67881
67837
67729
67695
67691
67628
67619
67585
67571
67525
67495
67482
67449
67442
67364
67337
67330
67193
67190
67152
67146
67089
67082
67078
67049
67023
66913
66835
66726
66674
66642
66565
66496
66495
66443
66429
66424
66393
66348
66319
66269
66229
66121
66111
66043
65994
65853
65837
65816
65804
65785
65777
65732
65721
65663
65651
65651
65637
65613
65604
65578
65544
65516
65503
65498
65454
65405
65253
65189
65015
64966
64908
64898
64859
64839
64827
64713
64637
64504
64358
64156
64087
64082
64043
63985
63746
63729
63722
63719
63670
63645
63611
63593
63588
63561
63531
63513
63490
63464
63403
63369
63353
63267
63256
63241
63211
63165
63133
62959
62943
62938
62812
62747
62702
62596
62453
62440
62405
62374
62311
62286
62280
62206
62064
61827
61817
61743
61685
61683
61563
61503
61467
61454
61401
61386
61342
61340
61333
61322
61302
61215
61169
61161
61132
61070
60909
60849
60824
60818
60816
60808
60786
60761
60740
60608
60607
60594
60558
60471
60453
60382
60357
60340
60297
60286
60285
60263
60248
60206
60135
60116
60069
60064
60002
59861
59860
59858
59739
59708
59702
59688
59678
59672
59664
59611
59567
59526
59494
59325
59309
59302
59296
59276
59266
59246
59146
59055
59037
59030
58981
58943
58902
58869
58857
58718
58664
58631
58626
58570
58456
58450
58375
58350
58286
58243
58158
58080
58080
58033
58003
57992
57961
57960
57956
57928
57909
57871
57869
57838
57814
57657
57568
57559
57528
57518
57441
57440
57363
57301
57191
57133
57111
57077
57070
57016
57001
56973
56968
56944
56834
56588
56480
56328
56290
56271
56264
56207
56186
56155
56134
56093
56088
56004
55765
55727
55702
55672
55651
55530
55489
55422
55404
55397
55325
55296
55164
55157
55153
55093
55055
54895
54803
54776
54737
54734
54582
54570
54515
54511
54507
54491
54459
54424
54393
54385
54357
54342
54341
54334
54277
54142
54125
54082
54076
53955
53934
53746
53711
53710
53688
53597
53563
53478
53476
53451
53367
53318
53287
53178
53107
53008
52999
52898
52822
52811
52752
52750
52689
52677
52588
52579
52575
52528
52514
52394
52384
52375
52373
52239
52238
52149
52120
52073
52064
52031
51847
51845
51832
51772
51772
51742
51728
51709
51592
51429
51407
51367
51360
51346
51337
51316
51273
51257
51255
51216
51194
51074
51006
50865
50634
50615
50612
50586
50469
50398
50234
50177
50144
50025
49913
49871
49793
49790
49768
49676
49668
49574
49432
49431
49402
49347
49303
49302
49248
49165
49165
49070
49031
49027
49004
48947
48937
48917
48855
48833
48625
48588
48539
48527
48502
48454
48435
48421
48392
48390
48388
48377
48323
48312
48303
48182
48180
48093
48072
48034
48001
47939
47895
47846
47786
47765
47729
47546
47360
47353
47321
47263
47222
47197
47197
47189
47184
47141
47010
46909
46880
46795
46698
46657
46609
46582
46568
46566
46563
46492
46341
46283
46271
46266
46234
46115
46093
46036
45961
45924
45868
45855
45822
45809
45797
45712
45526
45387
45335
45318
45287
45266
45216
45196
45183
45002
44948
44916
44912
44895
44833
44833
44801
44777
44512
44408
44298
44246
44119
44102
44031
43984
43942
43893
43839
43833
43814
43691
43323
43319
43318
43311
43311
43242
43178
43149
43122
43097
43092
43079
43042
43019
43000
42765
42671
42650
42648
42648
42638
42583
42559
42558
42519
42436
42392
42380
42204
42135
42091
42049
41947
41915
41813
41618
41610
41589
41555
41552
41524
41505
41447
41390
41290
41161
41068
40990
40973
40971
40852
40813
40787
40705
40554
40510
40502
40469
40457
40362
40356
40326
40182
40173
40054
40029
39864
39797
39785
39727
39653
39598
39574
39554
39528
39507
39489
39424
39393
39384
39303
39264
39203
39147
39082
39043
39023
39020
38953
38908
38836
38779
38609
38603
38503
38432
38415
38338
38336
38334
38299
38215
38188
38187
38077
37947
37883
37849
37831
37697
37692
37660
37659
37647
37646
37624
37592
37587
37517
37440
37418
37403
37315
37309
37146
37111
37110
37068
37045
37022
37016
36746
36734
36662
36564
36545
36535
36459
36454
36366
36349
36345
36327
36304
36254
36156
36124
36119
36117
36116
36102
36058
36011
35993
35979
35974
35876
35815
35743
35696
35662
35562
35492
35453
35451
35421
35417
35367
35322
35222
35145
35145
35075
35047
35026
34845
34783
34497
34435
34407
34316
34277
34242
34181
34150
34131
34104
33988
33844
33769
33763
33734
33731
33682
33635
33452
33448
33416
33410
33196
33156
33131
33099
33092
33076
33068
33003
32995
32989
32930
32922
32762
32660
32561
32501
32490
32454
32448
32373
32202
32160
32107
32065
32004
31936
31916
31909
31894
31874
31716
31705
31606
31488
31463
31410
31386
31356
31207
31190
31177
31165
31105
31098
31071
31054
31035
30961
30953
30897
30888
30873
30731
30701
30672
30671
30642
30542
30506
30504
30481
30473
30427
30379
30363
30345
30318
30304
30301
30214
30174
30168
30138
30131
30103
30036
29991
29972
29950
29929
29926
29858
29737
29668
29621
29602
29370
29327
29147
29138
29122
29044
28994
28982
28929
28926
28662
28617
28602
28555
28528
28404
28403
28367
28358
28358
28312
28272
28259
28176
28158
28122
28084
28074
27921
27917
27850
27815
27695
27590
27582
27573
27539
27467
27447
27426
27387
27308
27308
27305
27302
27263
27135
27069
27049
27038
26927
26906
26857
26794
26688
26617
26581
26509
26396
26388
26336
26200
26169
26154
26038
26028
25992
25989
25933
25923
25917
25864
25821
25809
25792
25782
25771
25744
25640
25627
25595
25534
25528
25512
25365
25298
25255
25215
25054
25052
25003
24993
24986
24985
24972
24959
24883
24857
24705
24648
24597
24485
24471
24391
24381
24367
24299
24295
24237
24177
24151
23859
23812
23798
23605
23592
23589
23552
23542
23540
23527
23376
23322
23263
23211
23148
23116
23014
23004
22904
22845
22805
22802
22785
22753
22573
22521
22488
22470
22427
22394
22364
22307
22196
22138
22113
22102
22065
22027
22019
21974
21950
21909
21886
21823
21760
21754
21744
21721
21705
21675
21641
21558
21521
21413
21266
21224
21132
21111
21080
21072
21032
20997
20930
20842
20797
20786
20750
20742
20728
20641
20616
20558
20490
20463
20450
20449
20440
20428
20379
20370
20351
20333
20260
20248
20212
20188
20163
20097
19863
19848
19799
19745
19706
19689
19685
19654
19542
19513
19461
19455
19454
19453
19432
19420
19391
19388
19366
19291
19100
19042
19009
18935
18771
18663
18587
18540
18510
18370
18343
18222
18186
18178
18097
18054
17956
17935
17933
17924
17896
17826
17735
17703
17647
17624
17582
17444
17441
17423
17371
17370
17313
17296
17181
17173
17160
17126
17074
17048
17023
17018
17008
16865
16801
16788
16751
16727
16653
16504
16495
16323
16318
16299
16281
16205
16134
16042
15987
15979
15952
15934
15911
15869
15847
15840
15815
15767
15726
15703
15545
15538
15471
15457
15405
15386
15363
15350
15257
15245
15233
15205
15201
15142
15036
14999
14712
14629
14593
14304
14270
14257
14181
14158
14155
13957
13953
13934
13917
13896
13797
13722
13572
13441
13372
13363
13333
13274
13189
13122
13118
13103
13074
13071
12956
12755
12627
12598
12468
12415
12374
12369
12275
12265
12222
12170
12168
12167
12161
12160
12127
12126
12067
12025
11990
11961
11810
11773
11766
11753
11709
11699
11600
11574
11554
11474
11397
11288
11286
11140
11099
11067
11034
11019
11014
10992
10899
10896
10821
10787
10781
10736
10719
10703
10692
10686
10457
10447
10251
10193
10075
10040
9832
9720
9712
9675
9648
9621
9493
9452
9408
9405
9346
9330
9322
9297
9239
9065
9045
9044
8969
8942
8920
8919
8892
8877
8842
8776
8440
8387
8373
8297
8242
8189
8142
8110
8107
8076
8031
7957
7789
7779
7763
7755
7719
7639
7564
7562
7496
7370
7335
7327
7323
7184
7148
7096
7073
7039
6959
6932
6888
6837
6825
6758
6733
6693
6633
6623
6609
6602
6556
6545
6505
6452
6413
6383
6368
6352
6312
6310
6308
6287
6167
6101
6008
5881
5867
5853
5803
5766
5748
5634
5591
5559
5557
5554
5284
5264
5206
5175
5153
5144
5032
5007
4969
4965
4960
4795
4625
4613
4485
4439
4347
4335
4313
4289
4194
4191
4152
4089
4063
3946
3927
3910
3864
3842
3802
3783
3733
3685
3587
3560
3523
3485
3440
3413
3356
3175
3140
3104
3050
3050
2864
2781
2714
2659
2480
2457
2381
2186
2175
2036
1943
1870
1842
1780
1763
1759
1758
1698
1646
1538
1453
1418
1396
1333
1288
1273
1235
1201
1176
1135
1063
852
828
811
733
705
686
642
570
509
467
456
377
327
241
230
167
165
98
