99972
99961
99955
99954
99892
99869
99788
99773
99761
99696
99666
99662
99647
99608
99488
99464
99448
99339
99188
99179
99035
99001
98985
98911
98888
98701
98637
98492
98446
98423
98277
98217
98208
98060
97973
97794
97686
97637
97581
97350
97297
97278
97266
97076
97067
96941
96858
96768
96751
96747
96727
96716
96409
96394
96270
96238
96178
96099
96000
95925
95880
95877
95829
95780
95674
95563
95504
95429
95284
94956
94955
94953
94927
94915
94906
94889
94845
94842
94840
94770
94732
94670
94657
94560
94496
94468
94368
94291
94249
94157
94050
94030
93986
93809
93726
93653
93639
93638
93627
93608
93593
93588
93491
93472
93465
93407
93372
93345
93316
93225
93173
93056
93024
92970
92965
92917
92859
92845
92833
92800
92705
92671
92649
92647
92600
92439
92386
92366
92362
92362
92329
92309
92259
92233
92226
92057
92040
92022
92019
91789
91775
91755
91744
91644
91446
91346
91341
91310
91297
91290
91278
91241
91185
91174
91119
91045
90991
90969
90858
90848
90789
90704
90602
90588
90531
90531
90445
90431
90403
90306
90304
90292
90223
90211
90197
90061
90045
90044
90032
89859
89803
89771
89707
89673
89583
89491
89468
89430
89247
89172
89149
89090
89080
88938
88893
88866
88854
88795
88643
88567
88552
88513
88476
88416
88387
88368
88362
88309
88306
88293
88248
88237
88077
88048
88047
87974
87914
87861
87845
87773
87753
87733
87708
87653
87622
87589
87534
87392
87283
87276
87205
87083
87068
86949
86879
86765
86741
86631
86615
86578
86567
86554
86526
86517
86496
86445
86440
86439
86386
86317
86317
86297
86296
86219
86201
86196
86189
86096
86005
85964
85938
85765
85725
85682
85579
85548
85540
85517
85514
85474
85353
85349
85313
85163
84998
84878
84804
84725
84682
84676
84660
84634
84569
84564
84527
84479
84446
84437
84431
84401
84351
84344
84340
84336
84297
84233
84141
84092
84046
84018
83891
83865
83727
83725
83709
83486
83439
83414
83400
83363
83314
83230
83190
83172
83135
83016
83001
82999
82991
82964
82917
82915
82888
82887
82871
82735
82703
82623
82621
82620
82601
82479
82477
82413
82341
82246
82219
82217
82210
82107
82093
82072
81938
81889
81738
81736
81691
81683
81629
81584
81552
81527
81514
81493
81451
81426
81412
81352
81345
81274
81268
81236
81198
81156
81126
81107
81045
81041
81011
80968
80888
80816
80807
80770
80755
80571
80513
80375
80361
80304
80287
80231
80104
80102
80020
80015
79970
79965
79948
79938
79871
79861
79735
79730
79694
79685
79615
79610
79606
79602
79601
79600
79599
79530
79529
79464
79377
79357
79323
79221
79209
79158
79106
79100
79097
78999
78942
78937
78735
78732
78715
78683
78681
78632
78626
78559
78479
78429
78386
78360
78175
78143
78139
78055
78010
77952
77920
77832
77825
77718
77674
77632
77469
77276
77178
77165
77122
77105
76956
76955
76912
76894
76832
76829
76810
76796
76791
76783
76777
76739
76636
76634
76602
76588
76491
76487
76462
76461
76368
76334
76285
76257
76255
76225
76174
76131
76115
76108
76086
76079
76008
75983
75921
75893
75801
75712
75656
75605
75566
75535
75513
75502
75448
75432
75421
75280
75267
75235
75199
75098
74865
74801
74780
74726
74684
74674
74510
74508
74429
74367
74046
74016
73975
73946
73856
73617
73610
73604
73535
73493
73470
73426
73350
73234
73194
73047
73011
72939
72865
72843
72835
72799
72728
72724
72705
72529
72429
72422
72405
72400
72361
72342
72331
72197
72196
72164
72157
72130
72056
72045
72017
72012
71980
71979
71852
71849
71598
71581
71560
71537
71527
71396
71315
71292
71207
71139
71118
71112
71100
71004
70996
70992
70976
70832
70785
70695
70640
70538
70457
70410
70305
70270
70242
70101
70070
70024
69959
69926
69923
69876
69830
69779
69747
69745
69667
69665
69664
69645
69632
69532
69513
69349
69294
69294
69269
69256
69146
68872
68870
68836
68799
68770
68683
68632
68613
68545
68536
68496
68489
68483
68467
68375
68352
68334
68321
68300
68229
68211
68204
68139
68110
68101
68092
67964
67859
67831
67813
67805
67755
67744
67717
67712
67711
67668
67650
67579
67553
67519
67437
67407
67345
67287
67277
66996
66951
66929
66894
66868
66788
66775
66708
66676
66666
66597
66525
66493
66430
66408
66314
66288
66209
66114
66101
66070
65997
65963
65904
65850
65836
65729
65714
65690
65616
65587
65560
65473
65461
65376
65357
65331
65216
65189
65138
65137
65136
65091
65004
64993
64982
64925
64922
64899
64862
64852
64815
64768
64762
64703
64659
64638
64536
64465
64398
64351
64257
64246
64192
64093
63993
63983
63882
63856
63846
63800
63711
63695
63631
63492
63490
63434
63424
63112
63096
63036
62921
62878
62826
62817
62725
62721
62699
62632
62630
62614
62588
62485
62368
62355
62233
62180
62093
62065
62015
61922
61899
61895
61862
61848
61677
61614
61607
61497
61403
61310
61307
61278
61233
61210
61199
61175
61119
61104
60944
60931
60871
60848
60777
60687
60553
60528
60338
60192
60091
59921
59903
59847
59768
59598
59489
59468
59431
59352
59202
59145
59090
59078
59058
59058
59041
58983
58969
58897
58882
58833
58797
58708
58663
58612
58606
58577
58572
58568
58517
58517
58512
58495
58482
58271
58263
58263
58186
58170
57950
57883
57765
57732
57722
57711
57707
57659
57524
57470
57441
57421
57148
57104
57045
56985
56953
56917
56889
56832
56753
56739
56738
56661
56652
56640
56574
56529
56526
56438
56432
56394
56375
56344
56336
56289
56260
56235
56210
56197
56062
56038
55918
55853
55850
55804
55802
55679
55619
55575
55546
55492
55492
55475
55409
55356
55347
55329
55327
55290
55271
55269
55228
55075
55026
55014
54977
54943
54942
54874
54783
54766
54752
54726
54714
54566
54529
54420
54402
54393
54383
54333
54272
54265
54249
54233
54208
54190
54045
53998
53969
53879
53862
53859
53855
53697
53686
53563
53562
53536
53366
53324
53227
53201
53158
53146
53124
53116
53108
52988
52982
52970
52898
52869
52691
52677
52465
52454
52429
52362
52356
52269
52216
52199
52160
52153
52110
52031
52030
51987
51942
51938
51918
51829
51808
51793
51690
51677
51669
51662
51504
51495
51458
51416
51384
51308
51102
51063
51062
50995
50884
50882
50852
50788
50695
50621
50606
50594
50501
50476
50443
50363
50330
50285
50284
50277
50211
50170
50072
50060
49968
49949
49945
49943
49921
49908
49853
49774
49772
49673
49673
49603
49594
49585
49542
49487
49462
49404
49400
49355
49245
49229
49222
49203
49156
49120
49035
49001
48961
48955
48923
48852
48841
48808
48720
48624
48546
48538
48455
48439
48430
48428
48368
48272
48183
48144
48095
48094
48059
47986
47940
47904
47880
47880
47863
47711
47660
47534
47487
47479
47444
47302
47237
47175
47167
47149
47133
47086
47019
46976
46879
46873
46859
46842
46731
46730
46665
46647
46627
46475
46472
46402
46358
46348
46342
46312
46312
46281
46263
46216
46191
46122
46073
46059
45861
45848
45845
45832
45799
45762
45738
45616
45590
45560
45538
45478
45461
45443
45441
45394
45276
45245
45133
45124
45106
45085
44991
44982
44973
44952
44936
44884
44845
44827
44757
44601
44589
44566
44467
44463
44449
44445
44431
44413
44361
44350
44274
44161
44135
44052
44032
43983
43932
43873
43800
43663
43636
43614
43613
43577
43473
43441
43429
43360
43257
43247
43191
43147
43119
43100
43041
42940
42911
42876
42863
42760
42734
42512
42486
42469
42448
42439
42396
42235
42173
42117
42052
42051
41954
41930
41862
41758
41680
41587
41586
41547
41520
41515
41462
41355
41247
41243
41198
41090
41032
40959
40947
40922
40873
40859
40825
40802
40769
40756
40658
40643
40628
40620
40617
40470
40431
40423
40322
40253
40239
40129
40069
40063
40053
39969
39916
39896
39879
39869
39856
39824
39719
39673
39638
39608
39565
39541
39539
39484
39457
39437
39385
39294
39202
39158
39064
38995
38948
38944
38936
38832
38823
38802
38742
38674
38608
38586
38570
38493
38484
38464
38441
38438
38394
38390
38379
38248
37978
37954
37890
37785
37766
37748
37574
37573
37519
37491
37486
37483
37466
37434
37314
37103
37073
37065
36931
36912
36865
36854
36826
36670
36570
36486
36462
36337
36287
36282
36181
36176
36173
36147
36115
36023
36013
35994
35929
35899
35712
35701
35692
35665
35644
35638
35636
35617
35562
35507
35426
35351
35322
35318
35318
35199
35178
34970
34943
34901
34788
34431
34282
34263
34232
34223
34194
34161
34131
33999
33931
33908
33876
33809
33710
33637
33337
33334
33318
33137
33134
33119
33103
33095
33078
33047
32930
32920
32887
32881
32804
32669
32660
32626
32586
32583
32535
32459
32378
32255
32206
32200
32200
32083
32073
32016
31989
31899
31840
31806
31519
31504
31418
31382
31364
31191
31140
31001
30981
30841
30740
30708
30685
30617
30583
30521
30458
30409
30365
30305
30070
30034
30000
29890
29886
29841
29756
29741
29641
29621
29438
29414
29398
29387
29362
29357
29342
29330
29230
29115
29088
29064
29059
29053
28936
28928
28844
28717
28523
28516
28511
28411
28315
28247
28204
28188
28174
28145
28138
28107
28066
27858
27594
27594
27548
27440
27386
27350
27337
27278
27246
26996
26978
26934
26917
26896
26769
26712
26620
26575
26525
26463
26363
26359
26356
26356
26316
26274
26249
26214
26200
26179
26163
26137
26050
25896
25869
25858
25854
25853
25836
25835
25636
25597
25442
25425
25391
25375
25348
25198
25183
25088
25073
25060
24974
24939
24925
24874
24860
24817
24705
24701
24632
24621
24618
24616
24553
24514
24493
24442
24379
24315
24313
24292
24228
24211
24192
24164
24140
24119
24102
24066
23795
23669
23566
23542
23541
23500
23421
23418
23306
23293
23271
23270
23210
23183
23134
23125
23077
23026
22940
22925
22891
22825
22767
22681
22678
22677
22674
22657
22611
22464
22357
22335
22277
22254
22247
22239
22194
22076
22015
22002
21984
21958
21945
21915
21913
21901
21878
21845
21838
21734
21647
21641
21640
21569
21537
21537
21373
21343
21208
21150
21123
21090
21087
20942
20928
20766
20659
20648
20611
20598
20537
20481
20479
20458
20441
20365
20350
20342
20328
20277
20274
20259
20173
20061
20055
19992
19881
19880
19867
19860
19587
19502
19495
19472
19461
19357
19298
19280
19270
19265
19213
19016
19012
18972
18932
18889
18786
18769
18659
18590
18587
18494
18435
18413
18227
18196
18090
18027
18017
18013
17827
17742
17557
17537
17466
17451
17447
17387
17297
17262
17244
17209
17207
17198
17181
17019
16973
16960
16947
16878
16867
16777
16755
16710
16642
16514
16501
16461
16457
16433
16390
16389
16365
16356
16348
16272
16189
16188
16133
16070
15999
15967
15937
15916
15872
15773
15765
15743
15739
15735
15724
15709
15572
15554
15502
15474
15464
15374
15371
15370
15351
15324
15311
15226
15223
15207
15202
15163
15099
15069
15024
14999
14998
14994
14953
14941
14935
14932
14930
14873
14851
14803
14803
14794
14783
14780
14709
14698
14693
14672
14521
14520
14371
14271
14231
14212
14194
14185
14102
14061
13959
13937
13899
13763
13691
13599
13536
13536
13533
13465
13462
13439
13413
13390
13302
13270
13163
13120
12962
12872
12830
12774
12666
12662
12625
12576
12550
12410
12401
12359
12311
12285
12284
12250
12145
12134
12107
12099
12077
12068
12046
12033
12010
11957
11919
11727
11699
11628
11610
11591
11547
11412
11343
11316
11292
11259
11087
11084
11080
11068
11027
10860
10855
10783
10776
10755
10725
10693
10569
10528
10462
10390
10388
10360
10339
10274
10263
10208
10121
9998
9894
9875
9797
9747
9738
9738
9716
9640
9630
9554
9483
9175
9168
9068
9004
8902
8872
8839
8833
8814
8755
8722
8704
8631
8587
8525
8435
8399
8397
8309
8284
8087
8083
8080
8034
7981
7950
7944
7908
7906
7846
7821
7577
7524
7504
7253
7248
7243
7176
7174
7165
7159
7132
7110
7079
7062
7062
7021
6884
6749
6636
6602
6523
6496
6228
6115
6029
5953
5928
5877
5665
5576
5508
5452
5345
5337
5245
5235
5182
5175
5103
5099
5073
4945
4796
4750
4667
4627
4510
4494
4490
4473
4469
4261
4184
4179
4008
4008
3964
3946
3939
3930
3826
3813
3694
3666
3658
3568
3546
3519
3505
3376
3299
3277
3270
3235
3102
3062
3062
3039
2996
2962
2954
2932
2913
2847
2818
2813
2781
2755
2732
2622
2609
2596
2529
2527
2510
2479
2451
2393
2293
2150
2139
2124
2056
2037
2036
2010
1943
1854
1631
1596
1569
1555
1545
1523
1517
1482
1417
1377
1326
1309
1297
1163
1129
1007
912
910
907
891
885
873
830
822
818
802
786
772
733
682
652
629
557
525
447
413
285
280
280
183
75
65
48
1
