99966
99931
99900
99847
99821
99748
99739
99685
99642
99637
99608
99543
99538
99531
99496
99491
99461
99269
99245
99153
99129
99085
99030
99005
98986
98858
98708
98687
98681
98653
98626
98598
98518
98461
98412
98305
98241
98224
98195
98054
98034
97987
97981
97918
97890
97812
97741
97704
97701
97577
97568
97558
97521
97497
97463
97354
97289
97220
97101
97084
97059
97050
97005
96902
96892
96872
96860
96769
96747
96705
96641
96464
96455
96350
96335
96267
96251
96210
96075
96073
96048
95982
95981
95848
95835
95793
95701
95674
95613
95554
95536
95387
95350
95338
95336
95330
95302
95224
95172
95167
95134
95115
95062
94914
94887
94854
94831
94821
94791
94739
94707
94685
94662
94557
94543
94534
94528
94500
94443
94410
94323
94231
94227
94213
94204
94181
94178
94156
93919
93886
93840
93736
93719
93698
93587
93525
93410
93354
93309
93196
93098
93087
93076
92855
92848
92844
92808
92785
92777
92764
92616
92613
92574
92508
92404
92398
92386
92322
92301
92290
92269
92203
92168
91949
91921
91882
91848
91780
91710
91587
91572
91542
91338
91224
91158
91050
91012
90978
90961
90327
90315
90288
90275
90081
89999
89966
89948
89774
89772
89718
89646
89619
89598
89593
89560
89498
89393
89363
89312
89196
89147
88937
88870
88867
88853
88845
88781
88780
88775
88770
88770
88765
88695
88673
88601
88530
88506
88470
88456
88429
88411
88293
88277
88255
88177
88168
88119
88072
87871
87851
87839
87708
87670
87557
87522
87450
87408
87370
87358
87317
87300
87276
87158
87089
87077
86994
86984
86939
86876
86866
86794
86788
86783
86765
86604
86530
86418
86235
86224
86213
86164
86101
86088
86086
85964
85954
85937
85876
85812
85750
85653
85641
85606
85491
85483
85352
85333
85317
85291
85282
85257
85244
85221
85120
85089
84958
84948
84867
84866
84803
84792
84744
84706
84624
84619
84564
84554
84526
84517
84304
84244
84214
84201
84189
84121
84086
84032
84021
83980
83973
83958
83812
83760
83744
83633
83555
83464
83407
83341
83328
83283
83272
83204
83186
83182
82973
82941
82892
82882
82869
82800
82690
82670
82624
82602
82565
82425
82347
82265
82261
82245
82233
82075
81998
81977
81952
81894
81869
81821
81791
81751
81674
81648
81585
81580
81538
81512
81467
81368
81362
81123
81117
81105
81005
80992
80987
80963
80932
80919
80918
80916
80859
80834
80809
80764
80740
80610
80509
80457
80426
80356
80350
80209
80203
80008
80006
79984
79963
79856
79837
79729
79713
79685
79642
79641
79602
79588
79576
79557
79506
79481
79298
79279
79241
79139
79127
78858
78850
78849
78838
78830
78799
78731
78710
78526
78511
78466
78460
78455
78411
78354
78320
78286
78266
78240
78127
77989
77911
77889
77878
77826
77817
77721
77679
77571
77456
77435
77420
77419
77407
77379
77299
77207
77170
77121
77074
77013
76857
76793
76622
76601
76596
76411
76309
76275
76269
76228
76140
75985
75950
75936
75882
75805
75799
75782
75610
75596
75500
75486
75443
75437
75403
75383
75346
75282
75162
75135
75020
74997
74984
74960
74853
74839
74827
74796
74686
74623
74607
74584
74572
74539
74488
74486
74474
74472
74440
74365
74347
74299
74264
74209
74189
74188
74157
74104
74043
74034
74032
73998
73978
73974
73966
73824
73809
73807
73719
73718
73703
73691
73634
73490
73443
73358
73325
73264
73118
73110
73080
73008
73000
72999
72953
72793
72756
72703
72657
72616
72587
72582
72579
72557
72550
72526
72475
72460
72415
72388
72372
72320
72317
72301
72173
72117
72091
72089
72015
71987
71910
71846
71751
71721
71717
71708
71649
71636
71623
71611
71592
71555
71550
71519
71507
71433
71308
71172
71124
71021
70880
70806
70805
70803
70772
70755
70675
70561
70558
70315
70300
70275
70274
70095
70057
70041
69952
69930
69821
69732
69683
69682
69641
69622
69410
69372
69293
69268
69153
69145
69084
69041
68713
68685
68674
68627
68559
68527
68484
68456
68416
68363
68318
68227
68143
68130
68114
68113
68100
67996
67778
67750
67747
67747
67713
67643
67599
67539
67536
67505
67463
67404
67353
67313
67166
67062
67051
66999
66901
66890
66838
66824
66805
66721
66665
66645
66599
66598
66552
66548
66541
66475
66467
66449
66399
66228
66102
66088
66079
66045
66004
65968
65875
65871
65837
65830
65822
65760
65759
65697
65658
65541
65509
65449
65414
65402
65224
65089
65035
64933
64834
64824
64813
64733
64722
64665
64651
64520
64434
64413
64378
64355
64331
64286
64286
64264
64186
64176
64168
64139
64138
64066
64058
64048
64013
64005
63983
63963
63918
63866
63863
63861
63848
63838
63819
63794
63757
63688
63660
63633
63583
63570
63539
63538
63473
63472
63412
63353
63330
63250
63091
63012
63010
62933
62920
62886
62799
62760
62756
62701
62683
62641
62620
62584
62577
62536
62480
62457
62425
62371
62236
62232
62224
62197
62168
62148
62144
62112
61932
61919
61706
61638
61564
61406
61403
61345
61239
61236
61193
61189
61154
61135
61042
61025
60935
60791
60785
60724
60722
60713
60700
60699
60652
60640
60561
60544
60533
60502
60481
60465
60374
60331
60295
60259
60230
60224
60159
60026
60022
59994
59982
59964
59956
59932
59908
59770
59766
59765
59674
59665
59570
59568
59523
59492
59453
59414
59346
59316
59198
59164
59153
59142
59111
59082
59029
58981
58921
58916
58877
58710
58602
58577
58248
58231
58202
58119
58098
58076
58006
57951
57825
57747
57743
57726
57708
57705
57663
57645
57434
57386
57349
57342
57154
57148
57079
57069
57035
57013
56979
56947
56913
56809
56787
56731
56695
56628
56477
56467
56452
56365
56262
56216
56210
56197
56184
56146
56142
56077
56060
56059
56045
55995
55954
55937
55862
55840
55797
55617
55458
55423
55407
55399
55377
55343
55320
55234
55220
55201
55193
55162
55139
55087
55063
55038
55033
55031
55017
55016
55008
54983
54926
54922
54890
54714
54694
54593
54516
54419
54400
54381
54367
54356
54341
54336
54134
54025
54022
53962
53897
53856
53825
53785
53690
53607
53603
53601
53601
53515
53463
53404
53396
53296
53291
53188
53097
53093
53047
53031
52947
52890
52865
52825
52813
52759
52719
52614
52611
52568
52560
52483
52480
52425
52375
52288
52282
52216
52191
52162
52007
51992
51900
51888
51880
51851
51587
51402
51393
51371
51302
51139
51057
50956
50942
50896
50854
50854
50775
50715
50712
50459
50454
50445
50437
50424
50337
50275
50224
50223
50211
50096
50068
50045
50027
49946
49883
49795
49789
49739
49728
49605
49599
49561
49482
49457
49456
49432
49424
49268
49264
49146
49112
49062
49025
49014
48971
48968
48938
48935
48917
48894
48863
48752
48710
48709
48686
48621
48575
48506
48374
48324
48310
48284
48204
48087
48008
47964
47921
47809
47809
47806
47768
47750
47715
47646
47639
47606
47597
47539
47430
47427
47390
47370
47361
47250
47248
47201
47181
47152
47119
47113
47023
46928
46801
46775
46746
46698
46693
46681
46660
46612
46593
46582
46429
46423
46325
46302
46299
46281
46202
46194
46105
45899
45889
45873
45867
45799
45704
45688
45664
45650
45634
45629
45591
45580
45580
45550
45466
45457
45372
45358
45331
45317
45300
45267
45199
45190
45173
45163
45122
45104
45055
45042
45018
45016
44991
44976
44916
44869
44855
44773
44528
44517
44456
44407
44382
44380
44350
44346
44314
44308
44217
44137
44117
44066
44021
43992
43982
43912
43906
43894
43857
43830
43827
43823
43808
43775
43676
43642
43637
43510
43424
43422
43395
43356
43305
43206
43139
43092
43024
43005
42984
42934
42926
42918
42835
42812
42778
42636
42630
42598
42494
42494
42474
42462
42420
42366
42299
42293
42245
42232
42171
42158
42117
42056
42015
41966
41928
41907
41746
41723
41713
41607
41578
41488
41487
41487
41467
41431
41250
41241
41225
41200
41126
41036
40999
40932
40846
40804
40710
40688
40634
40495
40453
40383
40377
40373
40322
40321
40319
40250
40232
40158
40134
40028
40027
39991
39930
39898
39893
39798
39678
39464
39351
39297
39288
39223
39155
39054
39031
39012
38966
38841
38801
38764
38740
38722
38721
38701
38607
38535
38512
38229
38096
38072
38068
38022
37935
37812
37792
37693
37637
37611
37593
37450
37401
37299
37218
37180
37145
37142
37010
36992
36978
36944
36827
36738
36737
36731
36658
36614
36445
36403
36375
36324
36258
36206
36055
36022
35983
35912
35827
35812
35796
35780
35724
35676
35614
35568
35419
35383
35373
35327
35211
35181
35141
35080
34995
34992
34991
34946
34940
34886
34818
34798
34785
34783
34778
34750
34653
34599
34594
34577
34533
34532
34509
34485
34465
34436
34373
34360
34342
34232
34202
34181
34085
34022
34014
33954
33842
33745
33733
33682
33473
33375
33374
33290
33259
33235
33218
33205
33197
33060
33057
32879
32879
32876
32811
32793
32763
32696
32683
32602
32246
32245
32242
32131
32089
32066
31956
31954
31884
31883
31769
31671
31632
31628
31553
31494
31280
31276
31180
31172
31165
31081
31065
31017
31008
31008
30975
30935
30889
30888
30793
30785
30770
30690
30689
30655
30448
30415
30395
30335
30262
30199
30072
30066
30037
30033
29926
29869
29860
29846
29816
29775
29751
29698
29583
29546
29525
29522
29467
29421
29312
29286
29246
29120
29039
29014
28957
28913
28885
28851
28790
28788
28737
28724
28687
28537
28376
28347
28344
28340
28191
28134
27963
27901
27863
27798
27794
27648
27612
27596
27595
27556
27546
27506
27476
27343
27332
27328
27268
27167
27146
27136
26849
26664
26537
26529
26514
26510
26444
26437
26436
26436
26434
26428
26219
26181
26165
26116
25931
25903
25877
25828
25775
25719
25711
25688
25644
25589
25568
25507
25470
25297
25296
25267
25226
24975
24882
24852
24821
24778
24751
24658
24619
24544
24528
24515
24487
24479
24424
24389
24309
24185
24165
24160
24112
24106
24018
23939
23934
23910
23886
23867
23865
23701
23634
23607
23595
23511
23463
23440
23320
23232
23161
23055
22956
22846
22821
22727
22724
22714
22685
22684
22652
22626
22582
22468
22445
22367
22345
22336
22312
22247
22154
22041
22027
22011
21984
21923
21922
21861
21819
21765
21735
21709
21706
21690
21606
21291
21279
21192
21142
21109
21107
21099
21007
21005
20908
20906
20892
20789
20699
20667
20658
20655
20645
20616
20603
20565
20525
20521
20493
20492
20368
20325
20151
20117
20063
19993
19937
19904
19885
19883
19878
19841
19764
19750
19700
19617
19591
19555
19531
19520
19515
19498
19445
19426
19270
19099
19042
18977
18937
18842
18813
18733
18724
18702
18658
18558
18416
18410
18320
18300
18233
18204
18190
18167
18042
18032
18025
17948
17930
17857
17821
17821
17686
17659
17647
17572
17568
17562
17459
17422
17151
17141
17092
17048
16971
16875
16835
16724
16691
16649
16627
16626
16600
16533
16519
16320
16274
16269
16173
16155
16144
16035
16014
16013
16010
15929
15898
15824
15788
15622
15518
15233
15198
15071
14828
14794
14768
14767
14721
14720
14694
14602
14578
14574
14564
14536
14522
14441
14387
14294
14284
14283
14258
14222
14213
14204
14178
14148
14146
13990
13943
13940
13923
13923
13835
13745
13715
13658
13609
13575
13457
13353
13178
13150
13065
13004
12937
12913
12896
12873
12857
12844
12751
12718
12631
12625
12624
12567
12541
12533
12489
12476
12472
12457
12419
12386
12269
12265
12216
12209
12148
12147
12069
11985
11937
11924
11903
11839
11711
11689
11684
11655
11643
11507
11499
11356
11355
11331
11325
11208
11205
11195
11182
11123
11064
11026
11025
10930
10908
10882
10832
10805
10804
10793
10714
10690
10643
10579
10546
10529
10508
10496
10377
10358
10327
10265
10086
10078
10004
9910
9903
9715
9682
9673
9661
9505
9451
9386
9306
9255
9245
9232
9178
9026
8998
8912
8815
8722
8667
8422
8418
8398
8385
8311
8278
8191
8141
7957
7921
7918
7855
7795
7765
7595
7567
7518
7511
7502
7401
7399
7357
7340
7226
7206
7154
7108
7103
7097
7080
7024
7024
6995
6965
6939
6866
6816
6810
6702
6693
6684
6550
6549
6512
6490
6465
6375
6372
6354
6296
6261
6194
6102
6003
5927
5889
5867
5834
5751
5678
5667
5654
5604
5582
5552
5537
5530
5508
5485
5414
5392
5134
5081
5065
4994
4934
4898
4882
4839
4833
4724
4708
4690
4636
4515
4431
4350
4311
4184
4179
4153
4102
4097
4091
4012
3997
3940
3799
3757
3714
3600
3552
3536
3394
3305
3193
3187
3166
3091
2943
2926
2925
2904
2695
2661
2497
2417
2413
2353
2192
2167
2123
1964
1933
1930
1731
1727
1696
1655
1612
1584
1575
1552
1530
1452
1425
1327
1301
1299
1202
1178
1163
1157
1139
892
857
809
800
782
733
724
704
698
553
497
419
399
299
131
18
