99971
99960
99918
99890
99887
99868
99848
99820
99797
99772
99761
99735
99694
99684
99661
99615
99594
99490
99490
99413
99328
99207
99198
99181
99144
99057
99052
98880
98877
98844
98787
98719
98686
98655
98617
98580
98576
98559
98496
98493
98476
98350
98337
98248
98204
98079
98053
98053
98049
97819
97733
97531
97285
97234
97218
97177
97159
97138
97093
97053
97021
96947
96856
96840
96765
96754
96733
96657
96627
96535
96523
96443
96371
96270
96231
96092
96021
96020
96011
95971
95880
95774
95746
95700
95559
95411
95356
95285
95284
95122
95119
95119
95096
95035
95017
94861
94706
94675
94661
94488
94325
94297
94247
94167
94119
94024
93907
93889
93856
93803
93685
93522
93480
93443
93433
93428
93341
93308
93218
93208
93169
92986
92873
92872
92789
92746
92629
92549
92498
92486
92431
92415
92401
92367
92324
92299
92276
92213
92198
92051
91977
91901
91866
91763
91747
91632
91584
91572
91562
91495
91487
91415
91232
91169
91153
91112
91088
91070
90924
90795
90771
90674
90673
90470
90373
90312
90274
90195
90174
90118
90060
89992
89909
89908
89780
89768
89766
89414
89383
89351
89338
89329
89292
89185
89178
89106
89087
89083
89033
88993
88956
88927
88865
88856
88840
88813
88729
88650
88636
88459
88313
88253
88250
88233
88139
88055
88034
87998
87919
87879
87855
87835
87828
87768
87715
87669
87637
87590
87585
87535
87505
87381
87363
87261
87214
87191
87181
87157
87141
87130
86960
86811
86796
86687
86643
86616
86489
86456
86442
86371
86350
86263
86249
86248
86164
86151
86142
86112
86100
86073
86031
85960
85912
85901
85835
85826
85737
85715
85674
85641
85615
85500
85492
85485
85412
85388
85362
85340
85316
85262
85236
85219
85112
85080
84949
84907
84869
84836
84779
84724
84719
84707
84696
84659
84589
84540
84509
84422
84378
84336
84295
84192
84178
84144
84078
84070
84064
83913
83832
83781
83630
83432
83430
83386
83299
83292
83285
83175
83117
83070
83012
83010
83002
82878
82840
82770
82765
82712
82697
82680
82572
82529
82481
82467
82333
82235
82187
82169
82162
82062
81990
81929
81916
81716
81662
81641
81599
81492
81487
81436
81150
81115
81114
81097
81061
80868
80710
80644
80355
80342
80342
80309
80297
80271
80185
80183
80151
80039
80029
80010
80008
79908
79884
79862
79857
79803
79767
79673
79645
79557
79515
79454
79360
79356
79295
79253
79249
79219
79183
79159
79085
79043
78989
78949
78945
78917
78861
78845
78826
78809
78805
78799
78771
78745
78691
78669
78664
78628
78618
78602
78590
78496
78437
78382
78382
78362
78346
78340
78276
78235
78158
78157
78153
78138
78115
78062
78046
77994
77989
77962
77942
77920
77833
77807
77759
77755
77750
77733
77715
77653
77632
77508
77462
77448
77270
77266
77220
77090
77057
76997
76810
76784
76659
76625
76614
76591
76517
76387
76336
76312
76200
76192
75972
75928
75816
75764
75743
75708
75664
75618
75616
75600
75567
75563
75561
75554
75550
75534
75533
75472
75410
75322
75278
75273
75155
75111
74982
74975
74919
74861
74825
74815
74793
74774
74766
74759
74751
74688
74681
74642
74578
74553
74537
74478
74436
74412
74358
74318
74254
74228
74194
74152
74069
74040
73975
73911
73872
73871
73815
73667
73556
73542
73514
73458
73408
73396
73342
73315
73307
73304
73296
73287
73271
73021
73013
73011
72971
72958
72949
72591
72462
72449
72441
72420
72396
72339
72335
72312
72310
72189
72142
72065
71996
71952
71938
71925
71919
71882
71788
71661
71648
71561
71467
71446
71374
71362
71318
71303
71296
71180
71152
71145
71144
71140
71113
70848
70791
70637
70636
70621
70532
70528
70515
70503
70308
70281
70219
70197
70175
70152
69950
69942
69881
69804
69791
69768
69710
69698
69616
69571
69364
69357
69338
69305
69289
69277
69255
69213
69195
69127
68979
68913
68773
68750
68737
68691
68627
68611
68462
68319
68245
68226
68175
68172
68123
68112
67951
67912
67899
67861
67858
67665
67660
67600
67445
67362
67269
67242
67053
67021
66982
66946
66893
66843
66785
66687
66660
66656
66510
66497
66482
66387
66306
66278
66239
66220
66213
66183
66169
66168
66101
65970
65881
65880
65822
65785
65770
65730
65636
65614
65596
65527
65513
65481
65419
65254
65236
65138
65009
64987
64960
64941
64849
64839
64751
64655
64563
64515
64428
64426
64405
64348
64265
64264
64263
64250
64237
64227
64106
64068
64043
63949
63942
63833
63821
63779
63777
63706
63513
63491
63482
63477
63475
63341
63282
63275
63271
63221
63183
63171
63165
63148
63083
63077
63065
63045
63025
62912
62739
62673
62582
62564
62538
62531
62482
62463
62410
62399
62335
62314
62306
62270
62243
62192
62164
62130
62067
62062
62055
61992
61975
61969
61904
61850
61842
61773
61738
61694
61687
61621
61550
61539
61503
61480
61329
61313
61265
61218
61187
61152
61142
61133
61072
60977
60963
60959
60951
60936
60864
60726
60563
60477
60467
60436
60435
60369
60354
60347
60304
60271
60258
60228
60180
60100
60068
60047
60031
60009
59918
59862
59813
59718
59697
59596
59589
59477
59422
59419
59416
59361
59360
59310
59098
59094
59064
59024
59019
59006
58998
58996
58817
58758
58747
58697
58686
58573
58569
58519
58490
58486
58478
58338
58232
58165
58104
58085
58073
58062
58015
57982
57792
57740
57493
57490
57468
57409
57327
57314
57281
57269
57267
57191
57053
57016
56959
56931
56903
56891
56840
56829
56814
56808
56729
56727
56716
56702
56699
56667
56657
56642
56512
56498
56485
56457
56355
56324
56293
56277
56244
56213
56117
56098
56053
55965
55905
55686
55651
55513
55493
55468
55402
55370
55283
55246
55239
54995
54953
54947
54911
54905
54900
54894
54829
54710
54703
54649
54508
54477
54459
54447
54373
54251
54249
54133
54072
54036
53966
53944
53917
53906
53865
53852
53750
53739
53645
53604
53565
53520
53472
53438
53420
53301
53257
53237
53171
53142
53136
53130
53106
53067
53037
53031
52993
52900
52896
52872
52746
52745
52713
52712
52648
52559
52507
52500
52460
52369
52352
52319
52270
52244
52240
52164
52095
52074
52072
52042
52014
52006
51975
51888
51884
51867
51833
51786
51743
51722
51657
51593
51543
51430
51324
51280
51269
51212
51149
51122
51083
51071
50944
50873
50831
50760
50722
50528
50510
50452
50418
50384
50291
50171
50103
50066
50065
49990
49983
49966
49939
49889
49839
49836
49800
49782
49652
49562
49558
49552
49362
49342
49285
49282
49253
49241
49235
49223
49201
49179
49151
49133
49125
49081
48940
48930
48850
48844
48822
48772
48746
48724
48691
48669
48469
48422
48399
48231
48180
48134
48125
48106
48095
48082
47945
47904
47865
47846
47844
47798
47788
47735
47718
47540
47533
47529
47449
47434
47393
47312
47252
47202
47197
47168
47065
46921
46892
46882
46865
46843
46842
46829
46698
46659
46651
46638
46540
46497
46459
46457
46446
46443
46439
46374
46369
46353
46330
46280
46173
46095
46028
46018
45997
45969
45933
45833
45766
45763
45721
45689
45601
45501
45430
45377
45348
45290
45184
45136
45134
44965
44909
44899
44868
44819
44726
44726
44668
44643
44609
44574
44497
44462
44430
44368
44321
44267
44266
44253
44251
44183
44171
44094
43990
43968
43965
43957
43956
43913
43896
43854
43802
43779
43747
43719
43675
43540
43499
43495
43404
43245
43221
43119
43083
42951
42918
42792
42705
42663
42652
42437
42363
42343
42326
42318
42286
42262
42203
42167
42083
42026
42014
42011
41949
41827
41826
41815
41752
41691
41688
41681
41681
41676
41405
41378
41346
41334
41250
41196
41187
41173
41160
41114
41101
40995
40983
40955
40920
40881
40831
40822
40815
40789
40665
40617
40551
40459
40393
40346
40152
40113
40002
39998
39922
39843
39761
39733
39717
39711
39614
39605
39599
39592
39589
39523
39518
39487
39283
39253
39193
39122
39095
39055
39043
39000
38964
38685
38516
38499
38426
38413
38389
38387
38385
38354
38233
38226
38197
38184
38076
37939
37932
37919
37834
37791
37765
37741
37627
37619
37611
37588
37477
37426
37407
37332
37325
37240
37224
37190
37078
37013
36989
36969
36942
36861
36854
36699
36615
36606
36598
36590
36587
36568
36510
36470
36306
36300
36230
36114
36096
36092
36077
36038
36003
36001
35975
35939
35830
35811
35738
35731
35588
35494
35439
35430
35417
35380
35324
35249
35208
35201
35048
34970
34964
34938
34912
34856
34797
34782
34759
34741
34671
34640
34561
34464
34385
34317
34310
34221
34220
34108
34066
34029
34012
34009
33969
33933
33883
33865
33859
33692
33549
33488
33461
33414
33413
33368
33330
33133
33017
33007
32971
32970
32941
32858
32836
32804
32782
32740
32727
32725
32700
32678
32644
32582
32572
32498
32475
32469
32468
32413
32369
32354
32331
32218
32133
32047
31983
31810
31806
31749
31712
31710
31636
31615
31587
31538
31525
31409
31282
31253
31222
31159
31115
31086
31012
30895
30888
30864
30708
30664
30575
30498
30498
30438
30404
30378
30374
30297
30181
30081
30005
29990
29938
29937
29920
29914
29857
29840
29807
29790
29762
29733
29647
29644
29634
29578
29396
29388
29369
29338
29295
29245
29172
29153
29064
28933
28868
28787
28695
28484
28482
28480
28476
28473
28395
28379
28322
28304
28251
28248
28244
28166
28116
28095
28079
27999
27935
27908
27840
27699
27626
27506
27504
27343
27326
27318
27315
27295
27291
27277
27254
27253
27204
27047
27010
26949
26855
26787
26769
26753
26631
26623
26585
26579
26472
26440
26358
26349
26341
26282
26036
26012
25964
25811
25785
25733
25715
25650
25535
25517
25512
25343
25298
25281
25243
25233
25205
25155
25129
25109
25102
25075
25010
24960
24940
24930
24918
24893
24882
24880
24847
24842
24765
24623
24609
24598
24581
24554
24505
24469
24438
24383
24383
24339
24195
24063
23970
23942
23924
23923
23889
23865
23782
23762
23744
23734
23696
23660
23650
23591
23568
23557
23468
23433
23329
23316
23308
23174
23002
22990
22982
22970
22826
22747
22719
22638
22630
22591
22567
22552
22540
22524
22502
22489
22472
22253
22158
22130
22022
22016
22015
21988
21931
21807
21786
21734
21730
21640
21629
21576
21572
21529
21521
21498
21416
21400
21397
21375
21340
21328
21313
21280
21228
21182
21182
21172
21171
21159
21156
21154
21129
21111
21072
21031
21021
21009
20989
20966
20961
20938
20928
20925
20911
20818
20810
20795
20752
20646
20568
20550
20500
20461
20358
20354
20348
20326
20296
20193
20191
20117
20098
20027
20022
19810
19631
19563
19523
19402
19296
19291
19190
19173
19152
19136
19041
19029
18973
18899
18869
18854
18721
18635
18579
18523
18490
18485
18476
18374
18329
18302
18180
18167
18135
18116
17986
17982
17977
17909
17844
17803
17764
17742
17714
17579
17494
17472
17469
17463
17412
17411
17364
17321
17186
17133
17015
16914
16888
16869
16844
16840
16840
16757
16751
16751
16742
16727
16665
16644
16533
16509
16498
16478
16229
16109
16099
16026
16005
16001
15969
15957
15901
15788
15694
15644
15529
15503
15480
15351
15247
15234
15219
15205
15199
15189
14994
14767
14695
14678
14652
14623
14598
14513
14489
14452
14394
14350
14123
13936
13832
13602
13598
13372
13345
13273
13269
13197
13168
13128
13014
12880
12804
12671
12663
12582
12573
12437
12407
12359
12307
12286
12266
12254
12240
12232
12189
12158
12094
12093
12065
11975
11904
11790
11774
11763
11738
11712
11688
11677
11545
11541
11434
11401
11148
11098
11085
11025
10984
10960
10922
10787
10785
10748
10739
10721
10718
10714
10695
10660
10641
10630
10595
10502
10421
10330
10227
10160
10035
9904
9813
9795
9752
9743
9712
9592
9584
9533
9527
9469
9452
9389
9372
9217
9151
9030
9014
8824
8796
8691
8658
8651
8635
8630
8603
8590
8544
8494
8412
8363
8182
8041
8027
7965
7955
7920
7908
7836
7760
7664
7646
7598
7487
7388
7356
7350
7322
7215
7167
7120
7110
7082
7022
6976
6923
6871
6785
6732
6703
6680
6604
6539
6500
6459
6266
6149
6062
6055
6020
5829
5750
5736
5700
5684
5645
5630
5582
5553
5545
5538
5495
5481
5436
5433
5341
5330
5263
5260
5210
5093
5075
4954
4912
4846
4786
4728
4643
4600
4584
4525
4513
4383
4382
4382
3893
3879
3834
3797
3746
3743
3661
3626
3617
3581
3504
3389
3352
3351
3289
3282
3128
3060
2917
2883
2851
2832
2826
2754
2697
2656
2651
2585
2563
2540
2523
2401
2377
2256
2177
2142
2115
1964
1956
1784
1734
1655
1655
1652
1621
1603
1538
1521
1457
1439
1396
1355
1343
1297
1257
1224
1218
1204
1184
1118
1018
989
936
933
912
906
890
794
735
664
556
491
442
420
380
355
301
268
206
184
67
59
