99997
99921
99865
99844
99778
99716
99699
99694
99606
99574
99525
99488
99453
99380
99353
99323
99227
99131
99060
99021
98952
98930
98859
98589
98585
98543
98500
98479
98474
98355
98355
98313
98269
98253
98190
98129
98128
98110
98045
97926
97809
97804
97735
97690
97675
97674
97628
97554
97494
97462
97416
97391
97371
97183
97173
97102
97066
97036
97028
97001
96932
96813
96794
96631
96619
96603
96563
96561
96540
96474
96418
96403
96350
96323
96307
96296
96295
96164
96105
96028
95883
95879
95870
95786
95782
95775
95628
95555
95504
95498
95377
95254
95169
95051
95048
94974
94970
94966
94944
94906
94717
94642
94625
94620
94595
94439
94359
94343
94340
94233
94232
94086
93955
93884
93867
93841
93831
93802
93673
93663
93651
93437
93384
93319
93115
93041
93000
92964
92874
92810
92738
92721
92610
92604
92555
92550
92504
92483
92316
92293
92277
92244
92231
92206
92158
92137
92130
92099
91997
91988
91923
91863
91829
91801
91767
91728
91716
91706
91548
91539
91514
91475
91452
91418
91388
91286
91192
91181
91158
91136
91065
91039
90989
90962
90956
90911
90659
90631
90568
90527
90395
90349
90214
90137
90108
90050
90003
90002
89983
89865
89853
89843
89812
89809
89799
89772
89767
89555
89533
89506
89466
89458
89450
89436
89409
89308
89227
89190
89159
89094
89082
88918
88917
88907
88872
88827
88795
88752
88716
88698
88669
88661
88588
88586
88408
88392
88386
88288
88239
88216
88203
88152
88066
88035
87926
87897
87659
87614
87597
87560
87527
87505
87382
87358
87325
87320
87304
87269
87268
87233
87094
87037
87019
86992
86972
86888
86855
86823
86787
86664
86658
86652
86576
86555
86518
86450
86302
86293
86265
86214
86135
86054
85868
85842
85731
85705
85604
85502
85425
85394
85381
85351
85337
85331
85325
85289
85272
85155
85118
85029
84822
84644
84466
84399
84390
84325
84320
84261
84208
84179
84176
84158
84147
84085
84028
83771
83729
83706
83683
83667
83655
83640
83478
83462
83454
83390
83377
83270
83129
83063
82984
82960
82940
82923
82918
82877
82857
82779
82778
82671
82639
82638
82615
82600
82581
82552
82456
82438
82427
82404
82360
82344
82312
82300
82208
82154
82133
82112
82023
81973
81953
81923
81915
81885
81662
81658
81635
81604
81402
81319
81308
81259
81154
81120
81102
81091
81064
81031
80979
80942
80892
80776
80751
80717
80694
80570
80556
80526
80455
80444
80393
80326
80314
80043
80016
79934
79749
79736
79730
79728
79724
79719
79624
79579
79382
79353
79329
79260
79180
79137
78982
78960
78890
78878
78833
78778
78772
78687
78610
78601
78558
78549
78497
78456
78352
78279
78259
78231
78118
78089
78087
78055
78000
77993
77888
77823
77770
77546
77436
77329
77327
77286
77222
77161
77129
77120
77040
76976
76939
76922
76915
76895
76745
76734
76625
76621
76618
76597
76507
76504
76433
76399
76361
76318
76160
76128
76066
76014
75923
75916
75796
75769
75737
75696
75569
75562
75525
75487
75315
75293
75292
75101
75055
75001
74952
74925
74855
74854
74825
74804
74796
74709
74704
74635
74634
74522
74361
74332
74287
74210
74139
74111
73885
73801
73749
73676
73533
73492
73480
73472
73422
73411
73396
73389
73344
73254
73216
73201
73168
73155
73136
73101
73071
73070
73059
72854
72816
72694
72677
72663
72645
72598
72582
72576
72575
72481
72430
72415
72387
72370
72340
72282
72158
72141
72075
72021
71921
71895
71854
71737
71652
71646
71542
71452
71425
71307
71306
71267
71264
71262
71189
71188
71173
71156
71135
71030
70977
70806
70778
70722
70709
70702
70635
70602
70536
70533
70418
70367
70252
70234
70222
70210
70135
70103
69971
69918
69895
69866
69851
69806
69769
69698
69641
69600
69592
69530
69488
69458
69449
69361
69248
69242
69217
69201
69185
69174
69162
69114
69111
69067
69066
69050
69038
69016
68940
68911
68894
68875
68867
68861
68803
68739
68704
68589
68535
68518
68512
68403
68366
68337
68315
68270
68254
68253
68207
68178
68089
68066
68027
67830
67808
67707
67660
67650
67618
67577
67551
67431
67423
67390
67325
67293
67126
67116
67081
67077
66918
66856
66855
66828
66819
66775
66699
66641
66489
66477
66370
66304
66294
66231
66157
66057
65947
65589
65568
65541
65515
65482
65460
65408
65376
65354
65349
65340
65331
65271
65223
65211
65182
65175
65055
65053
65029
65003
64854
64850
64719
64643
64628
64615
64574
64572
64447
64379
64358
64340
64333
64293
64281
64173
64163
64140
63998
63992
63990
63973
63844
63842
63788
63781
63733
63704
63700
63641
63639
63557
63541
63534
63514
63452
63435
63291
63230
63185
63175
63144
63139
63086
63041
63017
63008
62985
62968
62951
62923
62903
62864
62756
62745
62743
62733
62718
62699
62533
62533
62507
62397
62392
62377
62372
62272
62251
62235
62207
62198
62028
61922
61832
61814
61675
61673
61670
61502
61476
61395
61325
61299
61200
61174
61057
61020
60976
60969
60919
60799
60782
60749
60677
60661
60635
60596
60589
60541
60504
60485
60421
60364
60302
60211
60167
60163
60154
60144
60010
59913
59899
59896
59886
59844
59806
59682
59661
59626
59611
59595
59558
59539
59460
59435
59400
59349
59296
59240
59238
59229
59196
59137
59035
59021
58910
58892
58891
58848
58793
58765
58754
58584
58556
58534
58437
58404
58390
58377
58364
58334
58251
58227
58133
58022
57875
57831
57773
57752
57694
57661
57625
57589
57570
57473
57293
57225
57170
57162
57070
56916
56850
56771
56765
56667
56478
56469
56439
56432
56405
56266
56194
56189
56086
56058
56016
55988
55971
55896
55895
55809
55802
55782
55776
55773
55763
55735
55652
55615
55590
55566
55548
55487
55477
55217
54990
54831
54714
54655
54591
54582
54489
54422
54199
54194
54194
54143
54115
54110
54089
54032
53959
53912
53859
53827
53794
53782
53751
53750
53611
53538
53527
53501
53474
53445
53445
53232
53194
53154
53094
53063
53044
52975
52973
52972
52938
52933
52922
52843
52832
52769
52761
52673
52668
52535
52524
52498
52391
52363
52333
52283
52245
52160
52155
51947
51944
51943
51864
51838
51806
51789
51770
51736
51633
51550
51474
51378
51301
51263
51257
51251
51233
51210
51187
51164
51030
51023
51003
50976
50876
50860
50850
50815
50766
50594
50587
50558
50511
50457
50440
50428
50394
50362
50353
50321
50226
50209
50160
50139
50117
49937
49869
49853
49756
49720
49681
49623
49588
49586
49578
49540
49371
49291
49280
49276
49264
49255
49228
49202
49168
49102
49099
49082
49080
49071
49048
48996
48987
48981
48859
48771
48738
48591
48544
48508
48453
48269
48228
48206
48197
48180
48075
48072
48064
47963
47962
47870
47860
47840
47789
47779
47703
47699
47686
47633
47615
47589
47538
47489
47420
47416
47309
47246
47232
47108
47075
47060
47051
46998
46888
46813
46752
46697
46695
46674
46658
46498
46387
46321
46311
46280
45966
45935
45879
45848
45769
45652
45646
45641
45616
45594
45524
45244
45231
45200
45063
45046
45043
45021
44979
44966
44966
44941
44924
44856
44795
44723
44685
44601
44526
44496
44432
44428
44313
44222
44141
44110
44101
44065
43895
43879
43862
43862
43813
43743
43685
43648
43555
43445
43442
43441
43420
43377
43270
43259
43241
43166
43159
43148
43130
43119
43105
43083
43036
43014
42969
42936
42916
42844
42827
42702
42556
42520
42458
42456
42309
42277
42272
42225
42118
42046
41964
41935
41917
41843
41829
41789
41784
41679
41679
41518
41408
41338
41336
41302
41271
41268
41265
40994
40871
40805
40741
40717
40689
40630
40558
40517
40463
40461
40449
40402
40384
40334
40307
40246
40235
40155
40155
40076
40071
40014
40014
40012
40009
39938
39720
39673
39633
39510
39480
39451
39363
39324
39289
39278
39232
39176
39120
39039
39023
39011
38992
38910
38735
38709
38701
38505
38482
38449
38447
38374
38361
38292
38247
38245
38184
38166
38163
38158
38134
38124
38047
37935
37818
37791
37764
37762
37691
37691
37670
37667
37520
37496
37494
37465
37464
37402
37325
37317
37293
37181
37133
37022
36973
36970
36901
36879
36831
36798
36740
36734
36692
36687
36682
36668
36501
36462
36458
36413
36412
36397
36362
36335
36326
36289
36289
36233
36161
36156
36155
36117
36004
35974
35939
35875
35874
35843
35808
35804
35801
35784
35765
35705
35653
35642
35581
35575
35474
35402
35402
35399
35315
35281
35205
35168
35168
35147
35129
35033
34976
34973
34961
34925
34786
34702
34698
34549
34502
34469
34440
34417
34375
34346
34341
34290
34234
34159
34050
34049
34047
34034
33972
33958
33788
33755
33688
33666
33655
33635
33633
33554
33550
33525
33300
33253
33223
33173
33074
33034
32947
32900
32722
32714
32699
32633
32631
32628
32585
32511
32508
32426
32381
32365
32309
32287
32272
32133
32118
32117
32111
32095
32046
32042
31956
31895
31839
31800
31785
31721
31675
31623
31600
31374
31370
31283
31282
31233
31202
31144
31134
31074
31069
30995
30934
30926
30877
30866
30854
30839
30750
30747
30743
30693
30659
30623
30614
30503
30494
30454
30437
30434
30363
30277
30218
30203
30200
30187
30133
30133
29967
29958
29945
29904
29845
29830
29725
29716
29609
29589
29571
29548
29528
29483
29451
29340
29310
29296
29290
29287
29108
29098
29072
28986
28853
28832
28779
28742
28739
28721
28711
28700
28693
28690
28642
28592
28588
28457
28452
28443
28393
28370
28312
28252
28101
28061
28035
27881
27834
27718
27628
27592
27456
27416
27395
27274
27267
27230
27206
27186
27154
27148
27076
26920
26858
26662
26626
26614
26613
26592
26572
26570
26513
26472
26279
26244
26078
26017
26008
25926
25925
25906
25886
25780
25587
25552
25461
25377
25328
25310
25219
25169
25152
25140
24993
24928
24924
24903
24893
24847
24795
24763
24706
24636
24537
24525
24479
24429
24372
24360
24251
24150
24113
24087
24065
24049
24011
23974
23930
23781
23625
23613
23606
23575
23570
23485
23406
23320
23260
23244
23205
23184
23156
23089
23072
23053
23045
22999
22981
22967
22894
22791
22784
22703
22421
22359
22297
22282
22235
22183
22141
22065
21967
21897
21781
21567
21560
21396
21374
21359
21272
21248
21235
21094
21046
20992
20981
20972
20909
20887
20817
20801
20779
20729
20726
20632
20618
20568
20524
20462
20446
20436
20394
20331
20252
20197
20087
20072
20053
19858
19826
19808
19655
19628
19535
19354
19337
19283
19243
19151
19145
19107
19080
19076
19037
18954
18913
18905
18810
18776
18723
18662
18644
18568
18563
18485
18435
18388
18214
18144
18107
18015
17979
17978
17950
17910
17832
17818
17765
17732
17663
17631
17573
17571
17355
17329
17199
17178
17114
17033
16922
16903
16843
16798
16759
16712
16605
16426
16336
16321
16248
16152
16122
16096
16033
15970
15951
15946
15932
15756
15642
15610
15592
15453
15443
15291
15205
15180
15138
15060
14928
14901
14837
14780
14779
14779
14733
14591
14560
14520
14486
14405
14342
14312
14297
14234
14206
14161
14105
14030
13981
13944
13876
13865
13830
13826
13768
13730
13672
13591
13566
13522
13463
13445
13379
13373
13317
13256
13153
13131
13125
13097
13071
13060
13039
13026
12987
12949
12859
12855
12691
12680
12621
12615
12614
12577
12482
12365
12331
12314
12284
12208
12197
12166
12146
12133
12098
12072
12013
12003
11993
11979
11853
11808
11650
11637
11613
11590
11536
11507
11497
11456
11453
11373
11318
11291
11210
11175
11038
11024
10984
10938
10825
10788
10785
10763
10717
10673
10656
10555
10527
10449
10411
10227
10204
10180
10171
10142
10139
10085
9976
9923
9865
9755
9740
9707
9693
9649
9648
9583
9499
9402
9372
9257
9221
9179
9174
9142
9105
9091
8976
8963
8947
8800
8572
8538
8535
8391
8384
8308
8207
8178
8172
8150
8146
8085
8067
7913
7847
7729
7720
7701
7695
7649
7611
7581
7571
7549
7499
7409
7357
7260
7230
7156
7023
7013
6957
6948
6944
6918
6848
6811
6806
6804
6700
6606
6570
6473
6459
6362
6297
6236
5857
5839
5807
5732
5720
5662
5658
5575
5552
5497
5427
5283
5241
5210
5205
5194
5160
5151
5147
5138
5057
4921
4793
4776
4763
4607
4537
4499
4395
4385
4308
4160
4145
4024
4004
3972
3881
3812
3774
3758
3638
3595
3594
3574
3495
3485
3481
3474
3461
3424
3421
3323
3286
3204
3121
3070
3046
3038
2968
2968
2886
2832
2817
2805
2782
2750
2633
2624
2620
2606
2561
2558
2437
2363
2335
2329
2291
2289
2257
2252
2215
2194
2108
2088
2009
1961
1923
1888
1814
1706
1591
1400
1377
1361
1220
1204
1182
1146
1140
1036
988
937
882
854
787
769
769
760
701
680
666
659
577
548
481
450
400
383
372
319
211
197
161
145
17
