99988
99920
99901
99834
99832
99802
99742
99722
99685
99620
99588
99501
99485
99405
99390
99384
99355
99354
99346
99305
99300
99262
99229
99169
99159
99144
99076
98884
98817
98650
98629
98537
98388
98373
98369
98316
98230
98173
98128
98001
97911
97902
97754
97744
97667
97636
97636
97625
97560
97523
97407
97380
97362
97244
97195
97161
97002
96971
96932
96906
96819
96812
96802
96774
96754
96705
96648
96629
96607
96482
96452
96443
96416
96321
96300
96279
96244
96235
95970
95969
95926
95907
95876
95824
95729
95718
95700
95685
95667
95643
95622
95618
95566
95510
95498
95411
95321
95251
95241
95051
95042
95024
94914
94893
94892
94825
94787
94737
94659
94643
94642
94634
94521
94377
94349
94338
94249
94216
94194
94139
94041
94009
93953
93952
93897
93896
93891
93796
93791
93770
93671
93522
93308
93292
93246
93246
93159
93133
93128
93083
93036
93002
92933
92917
92782
92466
92418
92414
92412
92375
92309
92251
92220
92191
92129
92112
92099
92017
92014
91860
91782
91778
91720
91678
91677
91664
91652
91610
91577
91543
91515
91427
91357
91305
91278
91153
91110
91041
91031
91003
90762
90728
90704
90580
90562
90458
90399
90358
90327
90262
90234
90089
90075
90060
90020
90005
89965
89934
89861
89860
89589
89557
89415
89410
89333
89330
89298
89295
89288
89250
89246
89170
89169
89109
89080
89011
88974
88969
88940
88927
88788
88679
88613
88439
88429
88320
88238
88220
88172
88093
88044
87925
87920
87894
87880
87754
87675
87618
87614
87594
87592
87539
87471
87435
87404
87366
87345
87260
87150
87130
87118
86811
86705
86689
86628
86602
86554
86510
86504
86433
86431
86399
86393
86386
86336
86253
86203
86157
86033
86002
85977
85958
85920
85890
85867
85771
85763
85754
85745
85728
85689
85598
85522
85517
85443
85418
85402
85310
85271
85245
85144
85131
85066
85010
84958
84931
84904
84883
84859
84825
84822
84775
84750
84699
84692
84613
84558
84357
84332
84308
84282
84191
84151
84103
83857
83802
83796
83712
83673
83635
83628
83609
83505
83481
83480
83476
83445
83375
83303
83238
83236
83218
83148
82969
82957
82944
82922
82897
82880
82864
82737
82626
82621
82577
82504
82478
82445
82420
82322
82132
82109
82091
82075
82035
81985
81966
81912
81787
81779
81770
81769
81752
81726
81694
81658
81651
81524
81513
81483
81430
81374
81309
81291
81278
81276
81257
81229
81216
81162
81142
81139
81003
80982
80933
80876
80837
80819
80622
80615
80576
80462
80435
80402
80379
80313
80309
80308
80297
80283
80266
80237
80117
80050
79963
79963
79894
79845
79824
79808
79744
79726
79724
79636
79586
79535
79512
79452
79442
79357
79354
79320
79247
79108
79079
78968
78913
78908
78866
78852
78807
78806
78802
78802
78695
78636
78621
78606
78557
78532
78519
78458
78437
78420
78410
78354
78342
78284
78146
78092
78060
78044
77986
77971
77945
77940
77842
77528
77507
77500
77420
77403
77294
77251
77248
77095
77042
77041
76946
76724
76699
76696
76692
76601
76488
76416
76250
76213
76213
76177
76134
76090
76078
76059
76042
75922
75912
75854
75747
75706
75690
75545
75542
75492
75405
75400
75379
75330
75275
75272
75189
75161
75119
75119
74992
74988
74951
74924
74916
74908
74815
74787
74728
74711
74664
74582
74538
74497
74449
74383
74365
74186
74027
74027
74003
73966
73864
73760
73747
73655
73654
73600
73543
73532
73349
73303
73292
73290
73190
73021
73009
72886
72866
72863
72821
72746
72742
72691
72621
72561
72488
72374
72269
72251
72241
72178
72055
71972
71972
71908
71908
71875
71843
71836
71743
71633
71618
71592
71573
71550
71514
71509
71494
71308
71219
71120
71058
70866
70839
70831
70795
70744
70660
70645
70511
70437
70432
70394
70364
70281
70232
70219
70173
70142
70051
70004
69998
69965
69933
69888
69848
69774
69736
69657
69629
69615
69602
69599
69513
69473
69392
69387
69328
69164
69144
69014
68971
68920
68886
68753
68703
68616
68526
68497
68446
68403
68392
68391
68363
68350
68297
68295
68269
68261
68047
67902
67859
67847
67844
67731
67687
67679
67662
67648
67641
67635
67618
67508
67504
67399
67374
67268
67268
67182
67157
66787
66641
66636
66572
66570
66531
66327
66312
66217
66100
66085
66067
66053
65971
65941
65940
65787
65686
65649
65640
65632
65556
65499
65489
65377
65352
65276
65250
65240
65193
65190
65181
65120
65060
65047
65041
64994
64883
64882
64838
64633
64606
64562
64556
64545
64431
64413
64364
64340
64331
64266
64263
64181
64137
64022
63944
63943
63930
63901
63832
63803
63803
63751
63697
63639
63569
63410
63400
63366
63341
63310
63297
63275
63258
63244
63241
63169
63015
63011
62996
62993
62989
62946
62935
62906
62819
62741
62724
62687
62673
62609
62584
62522
62450
62399
62394
62316
62209
62199
62121
62065
62000
61999
61958
61852
61848
61793
61753
61598
61576
61546
61532
61439
61303
61257
61142
61127
61078
61016
61016
60991
60892
60822
60790
60780
60742
60582
60425
60399
60383
60368
60366
60359
60343
60287
60281
60255
60221
60094
60070
60012
59937
59897
59799
59762
59635
59609
59570
59503
59480
59474
59393
59324
59250
59092
58921
58905
58894
58881
58757
58661
58636
58607
58556
58392
58382
58341
58330
58319
58294
58224
58174
58165
58152
58136
58058
58056
58043
58016
57960
57906
57879
57855
57807
57786
57763
57650
57631
57613
57596
57546
57541
57477
57459
57258
57151
57126
57100
57083
57076
57012
56976
56972
56963
56957
56856
56846
56752
56715
56530
56460
56382
56334
56299
56233
56081
56062
56027
55946
55923
55836
55679
55674
55640
55602
55527
55435
55433
55383
55290
55288
55242
55205
55175
55150
55087
55051
54955
54904
54844
54818
54788
54762
54736
54693
54686
54625
54508
54396
54306
54252
54243
54237
54172
54096
54094
54069
54053
53992
53907
53883
53862
53836
53804
53735
53623
53606
53580
53489
53471
53429
53422
53418
53396
53335
53317
53297
53269
53247
53163
53111
52887
52848
52824
52732
52687
52604
52546
52539
52510
52358
52355
52283
52281
52228
52212
52193
52187
52169
52142
52128
52042
51997
51948
51946
51905
51905
51900
51866
51833
51818
51675
51525
51522
51446
51318
51303
51198
51198
51131
51095
51065
50977
50946
50815
50764
50738
50689
50623
50586
50555
50552
50529
50525
50495
50444
50440
50408
50346
50293
50280
50247
50161
50093
50004
49799
49765
49709
49703
49679
49655
49652
49632
49616
49534
49438
49398
49387
49328
49326
49326
49309
49307
49041
48885
48838
48806
48777
48776
48732
48726
48717
48673
48623
48614
48575
48554
48454
48372
48341
48327
48164
48068
47979
47952
47829
47799
47799
47727
47643
47571
47559
47483
47473
47470
47415
47272
47217
47206
47187
47176
47161
46847
46783
46613
46596
46546
46520
46501
46476
46461
46460
46334
46319
46317
46315
46261
46094
45883
45823
45786
45590
45589
45579
45541
45528
45523
45477
45340
45251
45128
45118
45110
45091
45073
45018
44998
44912
44859
44828
44763
44731
44681
44522
44513
44501
44466
44392
44316
44261
44253
44201
44186
44096
44094
44081
44035
44021
44008
43881
43877
43873
43854
43831
43774
43763
43615
43556
43540
43481
43470
43426
43382
43216
43120
43080
43071
43063
43018
42994
42923
42900
42819
42726
42720
42648
42612
42584
42556
42533
42477
42466
42390
42336
42292
42276
42228
42201
42197
42158
42135
42134
42074
42060
42059
42033
42022
42010
42008
42004
41961
41946
41945
41857
41846
41829
41816
41692
41663
41648
41613
41583
41536
41485
41472
41418
41361
41251
41208
41179
41144
41107
41036
40988
40974
40957
40943
40846
40843
40839
40827
40775
40676
40674
40668
40667
40667
40652
40614
40569
40550
40496
40494
40464
40464
40463
40423
40402
40387
40362
40306
40247
40242
40035
40020
40014
39990
39979
39978
39966
39906
39871
39787
39768
39745
39719
39719
39717
39706
39696
39618
39592
39481
39420
39415
39341
39249
39220
39156
39145
39136
39053
39033
38854
38803
38691
38607
38562
38516
38438
38431
38392
38349
38337
38274
38234
38063
37928
37922
37887
37780
37767
37756
37737
37700
37549
37545
37456
37314
37280
37262
37248
37244
37185
37126
37054
36942
36841
36821
36736
36632
36611
36592
36578
36549
36429
36423
36413
36374
36227
36221
36215
36187
36176
36090
35986
35954
35935
35586
35582
35581
35500
35490
35442
35441
35407
35339
35263
35189
35158
35118
35069
34982
34966
34873
34831
34831
34751
34745
34608
34428
34248
34109
34070
34038
34020
34013
33989
33949
33929
33895
33879
33855
33746
33733
33709
33687
33520
33509
33460
33408
33375
33373
33357
33259
33201
33183
33171
33162
33114
33085
32980
32957
32856
32783
32770
32614
32493
32457
32364
32345
32340
32306
32235
32089
32068
31933
31896
31884
31843
31836
31800
31729
31588
31546
31508
31469
31424
31358
31305
31265
31226
31211
31202
31072
31071
31062
30931
30876
30855
30851
30789
30760
30720
30616
30532
30400
30354
30337
30238
30236
29916
29881
29863
29849
29802
29781
29760
29624
29575
29534
29507
29411
29278
29251
29244
29240
29206
28970
28970
28932
28787
28759
28738
28614
28585
28562
28553
28530
28408
28391
28273
28143
28134
28107
28041
28040
28021
27934
27933
27824
27804
27781
27677
27641
27591
27586
27527
27421
27317
27272
27256
27252
27215
27189
27169
27119
27072
26989
26773
26736
26638
26580
26462
26423
26350
26252
26211
26201
26082
26049
25992
25988
25976
25966
25907
25699
25697
25631
25609
25474
25469
25439
25400
25396
25198
25188
25170
25082
25051
25040
24998
24969
24965
24957
24916
24912
24892
24778
24663
24635
24581
24535
24505
24334
24324
24306
24278
24218
24200
24173
24117
24099
24069
24068
24055
24042
24037
23924
23906
23881
23862
23861
23841
23829
23798
23620
23515
23505
23473
23466
23270
23261
23261
23209
23104
23040
22967
22962
22953
22945
22921
22909
22865
22812
22678
22587
22559
22525
22487
22429
22404
22355
22351
22336
22282
22214
22127
22121
22119
22011
22007
21998
21991
21938
21862
21814
21802
21797
21773
21753
21720
21718
21622
21588
21564
21559
21404
21373
21253
21187
21133
21074
21025
20966
20931
20923
20870
20814
20758
20716
20673
20665
20490
20478
20472
20394
20389
20300
20273
20241
20166
20065
20034
19934
19906
19824
19765
19743
19639
19450
19427
19293
19289
19288
19225
19218
19185
19185
19169
19111
19094
19000
18941
18923
18919
18824
18791
18737
18708
18708
18658
18621
18602
18558
18534
18503
18485
18482
18474
18458
18415
18403
18345
18332
18307
18286
18192
18039
18035
18028
17971
17942
17930
17882
17840
17769
17759
17623
17610
17598
17469
17422
17397
17320
17303
17282
17270
17240
17221
17140
17013
16880
16865
16694
16575
16534
16468
16441
16394
16380
16371
16325
16311
16305
16299
16264
16101
15959
15776
15760
15749
15691
15638
15617
15601
15539
15530
15497
15494
15490
15353
15344
15343
15315
15239
15221
15209
15208
15179
14984
14939
14842
14810
14791
14682
14681
14652
14652
14556
14481
14459
14254
14168
14078
14059
13979
13971
13941
13909
13869
13816
13651
13559
13495
13394
13365
13344
13307
13277
13219
13178
12871
12854
12792
12721
12713
12560
12498
12444
12337
12301
12168
12153
12125
12114
12076
12075
11930
11875
11772
11716
11696
11517
11517
11468
11436
11418
11410
11309
11244
11228
11204
11199
11177
11070
11040
10995
10939
10856
10804
10748
10727
10661
10653
10622
10616
10573
10510
10464
10390
10299
10295
10252
10212
10121
9983
9909
9906
9866
9845
9828
9800
9751
9731
9703
9656
9495
9490
9445
9404
9345
9317
9313
9297
9295
9237
9224
9186
9130
9129
9094
9088
9082
8937
8885
8861
8809
8802
8771
8726
8677
8656
8646
8585
8581
8580
8534
8519
8508
8393
8292
8241
8078
8075
7995
7992
7961
7946
7871
7847
7792
7779
7599
7582
7539
7502
7500
7460
7431
7426
7396
7301
7218
7186
7152
7096
7094
7072
6983
6934
6893
6807
6744
6707
6677
6509
6485
6400
6386
6375
6352
6333
6194
6138
6102
6053
6031
5885
5713
5700
5665
5472
5408
5232
5201
5143
5131
5002
4961
4954
4945
4893
4865
4837
4817
4769
4706
4692
4690
4619
4602
4574
4541
4394
4375
4357
4356
4159
4083
4020
3963
3906
3686
3530
3504
3503
3479
3408
3319
3315
3297
3211
3160
3159
3134
3128
3084
3048
2912
2905
2886
2856
2825
2803
2800
2725
2659
2450
2427
2346
2230
2215
2060
2051
2043
1982
1970
1960
1893
1769
1759
1740
1727
1579
1573
1538
1520
1502
1297
1121
1118
1093
1051
1002
804
798
797
779
763
745
722
697
678
485
482
416
373
350
298
266
219
206
146
32
13
