99967
99948
99910
99866
99782
99768
99735
99689
99623
99576
99546
99529
99504
99294
99293
99165
99139
99118
99041
98947
98862
98855
98679
98667
98632
98605
98595
98586
98564
98557
98485
98482
98371
98367
98335
98329
98313
98272
98271
98257
98210
98143
97984
97975
97920
97881
97791
97749
97686
97653
97640
97632
97581
97565
97552
97551
97504
97418
97361
97329
97312
97288
97288
97263
97255
97241
97178
97169
97165
97076
97062
97026
97025
97002
96926
96922
96914
96825
96775
96753
96746
96689
96672
96523
96499
96263
96252
96177
96130
96130
96104
96001
95997
95987
95934
95819
95818
95768
95696
95460
95350
95193
95186
95162
95160
95156
95128
95102
94944
94850
94806
94787
94773
94669
94643
94594
94554
94544
94536
94522
94425
94403
94215
94099
94089
94054
94005
93965
93888
93885
93839
93771
93744
93730
93728
93662
93623
93476
93252
93186
93051
92961
92768
92649
92641
92625
92579
92577
92550
92528
92393
92321
92231
92218
92200
92156
92124
92121
92117
92097
92090
92087
92073
91975
91931
91927
91915
91908
91825
91789
91687
91658
91643
91607
91538
91385
91362
91147
91118
91053
90947
90875
90867
90853
90842
90837
90722
90616
90604
90587
90483
90477
90387
90379
90341
90339
90262
90256
90228
90205
90156
90064
89910
89869
89862
89755
89754
89665
89661
89627
89529
89491
89325
89296
89234
89181
89177
89137
89055
89002
88831
88767
88751
88673
88673
88671
88567
88562
88500
88416
88387
88383
88360
88357
88350
88341
88238
88229
88218
88184
88173
88157
88134
88075
88013
87883
87819
87791
87777
87507
87453
87425
87415
87389
87299
87276
87255
87218
87216
87118
86980
86957
86949
86842
86773
86700
86690
86416
86327
86280
86271
86148
86112
85981
85941
85914
85913
85893
85886
85884
85862
85808
85806
85750
85738
85714
85639
85595
85557
85494
85444
85434
85387
85270
85263
85241
85235
85136
85069
85053
84997
84983
84975
84823
84790
84776
84555
84355
84211
84185
84180
84057
84015
84009
83994
83966
83875
83831
83753
83685
83633
83591
83557
83555
83545
83542
83537
83520
83517
83488
83334
83323
83233
83111
83110
83028
82986
82971
82877
82869
82822
82668
82545
82517
82515
82507
82411
82394
82319
82224
82215
82139
82088
82063
82037
81984
81974
81962
81872
81844
81826
81728
81700
81695
81640
81604
81557
81384
81336
81335
81325
81320
81285
81281
81232
81198
81190
81190
81121
81120
81052
81026
80991
80943
80890
80841
80818
80704
80639
80575
80395
80357
80356
80232
80047
79927
79869
79861
79853
79851
79809
79792
79717
79696
79595
79591
79555
79477
79471
79362
79301
79270
79268
79230
79153
78992
78988
78979
78963
78955
78864
78745
78637
78634
78568
78442
78252
78235
78189
78177
78167
78151
78151
78113
78108
78095
78081
78034
78009
77971
77950
77949
77875
77726
77666
77581
77562
77562
77433
77417
77358
77334
77287
77271
77067
77024
76970
76893
76887
76724
76670
76615
76610
76561
76524
76500
76382
76323
76206
76125
76069
75852
75842
75788
75700
75684
75651
75590
75225
75224
75149
75103
75076
75050
75042
75026
75021
75015
74970
74961
74907
74789
74698
74686
74668
74554
74480
74462
74361
74310
74258
74189
74077
74058
73997
73969
73918
73877
73867
73817
73582
73530
73492
73421
73420
73412
73331
73268
73225
73176
73150
73058
72986
72968
72884
72853
72832
72763
72762
72747
72744
72719
72684
72654
72650
72650
72551
72541
72501
72441
72397
72359
72349
72331
72310
72259
72236
72183
72178
72141
72066
72062
72039
71983
71968
71961
71956
71899
71855
71848
71727
71727
71672
71591
71539
71531
71509
71397
71352
71333
71323
71223
71173
71123
71061
71026
71021
70888
70858
70809
70647
70601
70572
70475
70469
70457
70389
70378
70369
70247
70192
70186
70184
70159
70095
70069
70064
70003
70000
69964
69855
69843
69770
69743
69714
69604
69577
69503
69473
69335
69330
69303
69273
69264
69155
69154
69149
69133
68994
68980
68972
68968
68941
68880
68843
68840
68840
68789
68764
68703
68622
68486
68420
68394
68205
68176
68140
67993
67983
67969
67941
67931
67920
67856
67852
67839
67822
67803
67784
67765
67607
67589
67588
67581
67544
67413
67308
67254
67129
67092
67077
67069
67023
67008
67005
66998
66863
66851
66748
66472
66434
66326
66314
66298
66291
66290
66131
66094
66072
66017
66004
65947
65916
65905
65895
65837
65781
65744
65737
65723
65627
65604
65579
65525
65469
65420
65247
65167
64945
64928
64924
64819
64810
64773
64665
64583
64564
64490
64472
64389
64165
64154
64143
64115
64065
64061
64049
63989
63953
63863
63824
63816
63782
63752
63644
63395
63317
63287
63182
63017
62932
62893
62787
62706
62694
62669
62615
62490
62448
62442
62420
62405
62400
62353
62343
62204
62165
62123
62103
62090
62030
61904
61801
61762
61695
61691
61689
61631
61627
61531
61455
61433
61366
61327
61229
61214
61194
61188
61150
61136
61074
61060
61026
61021
60957
60942
60923
60886
60885
60799
60741
60736
60675
60617
60473
60434
60396
60330
60016
59903
59898
59845
59826
59825
59724
59700
59596
59586
59570
59472
59399
59386
59380
59328
59297
59297
59213
59193
59187
59160
59154
59105
58876
58870
58839
58604
58588
58554
58449
58439
58292
58284
58272
58247
58202
58194
58048
58029
58016
57991
57964
57946
57922
57901
57881
57877
57866
57829
57826
57794
57676
57676
57478
57466
57459
57400
57318
57283
57281
57159
57056
56999
56974
56932
56787
56779
56733
56693
56689
56650
56650
56631
56596
56547
56506
56412
56396
56217
56214
55980
55946
55866
55866
55856
55815
55773
55763
55762
55702
55606
55589
55559
55557
55553
55504
55498
55305
55224
55127
55117
55090
54965
54964
54826
54776
54775
54600
54504
54441
54411
54360
54353
54346
54343
54284
54275
54263
54165
54071
53976
53769
53747
53673
53626
53625
53616
53599
53528
53503
53460
53436
53430
53416
53414
53400
53318
53292
53282
53279
53274
53201
52978
52805
52601
52533
52451
52441
52387
52381
52348
52301
52263
52210
52198
52196
52166
52094
52046
52035
52007
51860
51735
51684
51556
51556
51502
51480
51463
51435
51365
51352
51325
51286
51195
51182
50960
50955
50878
50842
50734
50730
50728
50593
50519
50502
50443
50433
50394
50359
50280
50275
50275
50186
50115
49879
49734
49664
49607
49576
49573
49451
49417
49400
49339
49289
49214
49192
49170
49140
49136
49097
48978
48919
48828
48790
48688
48675
48600
48579
48554
48440
48346
48334
48222
48199
48170
47927
47916
47866
47784
47738
47727
47660
47641
47564
47519
47517
47515
47514
47418
47295
47214
47200
47199
47141
47117
47109
47089
47082
47062
47045
46983
46950
46879
46806
46643
46603
46575
46545
46516
46506
46502
46458
46455
46413
46348
46346
46342
46325
46253
46008
45910
45873
45864
45813
45789
45766
45709
45698
45668
45645
45578
45423
45349
45333
45303
45254
45184
44995
44944
44890
44887
44884
44756
44740
44690
44677
44568
44474
44387
44378
44372
44341
44322
44220
44143
44136
44108
44104
44080
44079
43994
43974
43930
43840
43802
43771
43722
43549
43544
43523
43399
43386
43256
43239
43233
43219
43172
43150
43140
43070
43068
42981
42688
42665
42628
42616
42602
42446
42442
42437
42375
42349
42345
42338
42267
42255
42154
42144
42065
42040
41988
41963
41948
41944
41860
41806
41677
41635
41590
41556
41413
41377
41313
41245
41245
41191
41031
41027
40975
40897
40863
40851
40822
40752
40729
40559
40547
40455
40396
40393
40367
40353
40216
40132
40116
40048
40031
39971
39895
39867
39806
39728
39723
39694
39659
39604
39589
39581
39510
39477
39361
39273
39236
39188
39175
39128
39050
38997
38878
38823
38778
38767
38651
38639
38618
38608
38603
38600
38542
38522
38485
38407
38368
38341
38310
38303
38302
38271
38107
38071
38066
38050
38048
37954
37902
37849
37835
37822
37664
37651
37605
37533
37505
37496
37428
37342
37340
37296
37166
37077
37003
36953
36951
36913
36877
36853
36833
36786
36771
36626
36607
36513
36465
36418
36394
36365
36157
36121
36076
36074
35981
35908
35847
35775
35757
35751
35741
35726
35589
35546
35541
35469
35398
35388
35343
35342
35336
35322
35310
35310
35290
35288
35209
35209
35204
35141
35123
35013
34968
34959
34930
34915
34810
34787
34691
34579
34494
34483
34453
34448
34432
34415
34363
34356
34348
34311
34309
34248
34186
34064
33950
33903
33860
33702
33549
33493
33473
33434
33407
33287
33234
33188
33177
33095
32976
32947
32791
32746
32668
32663
32661
32595
32578
32494
32489
32461
32406
32295
32290
32244
32141
32128
32122
32089
32058
32049
31991
31910
31871
31758
31667
31558
31498
31444
31389
31330
31324
31260
31246
31221
31202
31097
31075
31053
31037
30946
30933
30914
30829
30743
30644
30642
30615
30613
30548
30503
30399
30376
30335
30239
30188
30063
29996
29936
29879
29867
29851
29798
29780
29699
29678
29547
29536
29506
29460
29414
29373
29362
29316
29297
29217
29133
29061
29031
29000
28894
28875
28802
28797
28778
28777
28704
28587
28529
28319
28269
28246
28130
28106
28024
28014
27956
27919
27910
27894
27851
27850
27767
27757
27726
27696
27673
27673
27668
27659
27452
27431
27404
27357
27328
27274
27265
27202
27194
27148
27125
27124
27097
27069
27047
26890
26760
26686
26594
26594
26482
26453
26373
26340
26260
26168
25998
25994
25992
25945
25869
25710
25645
25563
25469
25436
25370
25318
25301
25172
25154
25112
25078
25020
25017
24998
24979
24959
24949
24908
24878
24812
24677
24587
24554
24509
24472
24407
24356
24344
24290
24280
24238
24138
24054
23994
23979
23963
23945
23805
23782
23771
23752
23733
23705
23655
23636
23600
23557
23409
23394
23364
23360
23339
23338
23324
23310
23308
23278
23250
23226
23225
23214
23155
23052
23037
23019
23017
22965
22956
22929
22786
22684
22651
22622
22609
22408
22347
22307
22286
22284
22255
22233
22112
21909
21863
21839
21788
21556
21477
21475
21402
21399
21389
21368
21325
21301
21296
21256
21222
21213
21211
21195
21148
21142
21094
20993
20862
20700
20699
20538
20489
20441
20423
20405
20370
20290
20281
20138
20113
20104
20012
20008
20008
19954
19930
19928
19919
19917
19898
19882
19870
19802
19768
19751
19739
19729
19727
19649
19644
19642
19545
19527
19454
19453
19417
19414
19384
19347
19312
19293
19268
19226
18975
18931
18794
18757
18739
18726
18716
18683
18652
18642
18619
18580
18437
18138
18138
18063
18052
18048
18001
17949
17829
17800
17746
17726
17682
17676
17674
17618
17591
17576
17565
17565
17562
17559
17521
17494
17400
17300
17290
17251
17230
17163
17084
17055
17005
16912
16869
16861
16785
16716
16712
16669
16648
16553
16544
16504
16494
16446
16407
16404
16387
16374
16358
16192
16186
16180
16126
16121
16117
16081
15989
15889
15854
15743
15631
15521
15517
15459
15440
15423
15408
15250
15203
15176
15086
14891
14873
14770
14694
14636
14617
14558
14533
14442
14395
14392
14290
14259
14222
14219
14203
14159
14130
14092
14074
14056
14048
14033
13997
13994
13966
13927
13890
13850
13835
13833
13743
13728
13674
13625
13512
13469
13453
13409
13214
13181
13163
13040
12914
12866
12857
12851
12792
12786
12743
12738
12727
12694
12639
12624
12609
12425
12389
12245
12137
12083
11957
11937
11930
11925
11911
11898
11798
11702
11702
11477
11428
11258
11213
11198
11136
11002
10943
10897
10878
10787
10745
10593
10589
10569
10531
10474
10420
10408
10325
10307
10237
10234
10207
10188
10154
10140
10117
10093
10047
10042
10018
10015
10003
9823
9762
9726
9722
9626
9611
9563
9521
9494
9460
9385
9371
9288
9259
9128
9095
8839
8801
8519
8467
8428
8425
8381
8379
8316
8251
8124
8111
8086
7978
7976
7912
7877
7847
7832
7817
7762
7726
7715
7640
7612
7460
7443
7440
7373
7308
7281
7238
7218
7122
7115
7038
6806
6765
6574
6573
6523
6471
6444
6432
6408
6390
6388
6318
6257
6228
6188
6187
6053
6037
5971
5930
5851
5845
5758
5724
5696
5679
5600
5599
5519
5479
5477
5337
5334
5269
5099
5085
4997
4748
4733
4706
4706
4685
4682
4651
4613
4612
4530
4507
4459
4452
4366
4320
4311
4235
4176
4109
4074
3955
3915
3807
3806
3789
3785
3646
3612
3549
3452
3436
3422
3393
3328
3251
3247
3105
3007
2910
2904
2877
2860
2827
2744
2739
2725
2724
2659
2595
2528
2494
2452
2385
2349
2335
2322
2261
2194
2161
2122
2105
2093
2084
1914
1880
1870
1842
1832
1782
1762
1716
1537
1488
1483
1477
1386
1332
1321
1311
1275
1267
1110
1033
991
985
879
868
824
659
574
468
386
348
327
305
290
268
207
183
155
145
115
56
