99950
99894
99744
99572
99569
99450
99408
99238
99172
99154
99139
99089
99044
98999
98900
98882
98830
98818
98790
98736
98608
98577
98530
98496
98433
98321
98308
98234
98208
98203
98144
98143
98069
97944
97886
97744
97736
97622
97574
97569
97524
97411
97330
97328
97320
97206
97122
97011
96934
96901
96832
96758
96726
96695
96674
96664
96548
96489
96427
96400
96336
96246
96206
96194
96127
95878
95835
95816
95802
95795
95700
95630
95607
95583
95533
95335
95257
95240
95220
95179
94864
94824
94647
94593
94565
94557
94531
94527
94523
94464
94462
94398
94382
94300
94280
94201
94178
94087
94033
93957
93946
93934
93924
93814
93735
93666
93610
93588
93562
93554
93427
93291
93287
93231
93225
93065
93018
92976
92913
92868
92859
92816
92743
92688
92681
92638
92592
92447
92438
92425
92376
92364
92360
92360
92303
92268
92199
92159
92149
92101
91923
91903
91851
91819
91807
91664
91574
91557
91469
91408
91159
91134
91130
91126
91067
91029
91028
91019
90956
90905
90760
90739
90652
90510
90281
90270
90241
90190
90039
89860
89701
89698
89607
89577
89575
89572
89528
89464
89378
89339
89292
89269
89256
89113
89107
89031
88865
88816
88816
88794
88701
88557
88420
88397
88380
88352
88314
88307
88167
88091
88081
88075
88073
88035
88027
87926
87921
87906
87770
87761
87749
87681
87648
87611
87590
87481
87454
87437
87214
87205
87148
87137
87127
87069
87062
87041
86967
86838
86832
86805
86805
86775
86673
86670
86537
86510
86479
86473
86345
86234
86202
86074
85988
85833
85680
85634
85617
85551
85543
85331
85275
85254
85209
85188
85188
85147
85099
85092
84982
84944
84924
84907
84786
84596
84548
84477
84163
84007
84002
83983
83979
83976
83907
83797
83733
83729
83689
83580
83560
83547
83531
83511
83455
83257
83244
83155
83149
83096
83085
83059
83054
83035
82937
82910
82903
82819
82790
82733
82661
82575
82557
82548
82538
82498
82479
82478
82473
82414
82399
82372
82309
82252
82145
82129
82101
82008
82003
81886
81831
81827
81790
81723
81689
81651
81594
81583
81510
81509
81410
81355
81354
81343
81334
81327
81283
81231
81163
81104
81073
81057
81045
80986
80954
80947
80861
80709
80675
80671
80633
80621
80609
80585
80537
80464
80455
80440
80435
80389
80251
80238
80206
80195
80147
80141
80120
80096
80050
79989
79940
79869
79864
79843
79814
79766
79759
79633
79631
79609
79588
79571
79506
79494
79462
79461
79441
79426
79293
79284
79271
79268
79247
79160
79010
78993
78921
78901
78832
78826
78732
78663
78592
78571
78564
78546
78545
78509
78501
78497
78426
78231
78182
78108
78060
78041
78033
77987
77908
77901
77870
77771
77751
77744
77680
77572
77536
77518
77509
77386
77264
77263
77243
77241
77220
77196
77080
77072
77011
76953
76870
76841
76760
76746
76677
76657
76648
76635
76600
76584
76533
76492
76467
76429
76380
76327
76276
76264
76260
76232
76218
76155
76101
76088
76082
75949
75902
75879
75846
75838
75826
75747
75728
75690
75673
75666
75579
75564
75481
75470
75240
75100
74843
74755
74724
74615
74553
74550
74512
74511
74484
74371
74305
74265
74092
74075
74059
74035
73969
73936
73900
73898
73880
73840
73794
73751
73636
73609
73466
73440
73353
73306
73302
73201
73192
73187
73168
73155
73151
73140
73139
73039
73003
72949
72812
72810
72798
72785
72773
72765
72740
72726
72652
72624
72618
72598
72553
72535
72496
72484
72468
72437
72388
72331
72293
72257
72191
72176
72170
72141
72117
71992
71981
71941
71901
71871
71870
71819
71707
71702
71700
71601
71578
71554
71474
71363
71300
71122
71002
70736
70696
70636
70578
70571
70547
70518
70506
70444
70437
70433
70402
70381
70348
70108
70050
70050
70041
70035
69925
69769
69745
69727
69724
69712
69670
69574
69565
69534
69519
69490
69455
69452
69416
69412
69341
69330
69248
69203
69161
69071
69054
69043
69003
68994
68982
68778
68763
68755
68706
68620
68550
68506
68395
68390
68327
68260
68176
68176
68131
68086
68044
68019
67957
67949
67948
67948
67771
67746
67672
67652
67613
67603
67586
67553
67551
67546
67528
67508
67489
67276
67098
67035
66965
66948
66868
66815
66598
66583
66565
66564
66503
66467
66367
66284
66241
66182
66140
66123
66018
66017
65736
65585
65504
65402
65393
65391
65324
65213
65114
65070
65033
64984
64916
64852
64850
64769
64673
64643
64630
64625
64603
64519
64474
64461
64385
64372
64323
64133
64075
64037
64032
63993
63968
63967
63910
63832
63820
63733
63600
63551
63473
63281
63246
63222
63210
63199
63103
62929
62886
62848
62827
62796
62788
62699
62669
62624
62609
62580
62476
62296
62144
61954
61940
61929
61928
61924
61921
61920
61894
61891
61729
61686
61647
61631
61622
61599
61584
61567
61525
61521
61483
61474
61241
61220
61195
61110
61000
60995
60977
60926
60859
60831
60741
60686
60652
60618
60593
60544
60491
60475
60222
60221
60206
60194
60192
60186
60147
60119
60052
59958
59874
59864
59861
59779
59758
59706
59692
59487
59449
59434
59403
59260
59226
59169
59138
58960
58954
58927
58781
58717
58596
58557
58545
58496
58462
58395
58370
58315
58294
58173
57931
57911
57910
57907
57867
57815
57802
57800
57745
57659
57637
57634
57540
57509
57363
57362
57338
57300
57298
57259
57245
57222
57216
57187
57110
57069
57043
57012
56973
56931
56917
56906
56891
56887
56874
56868
56843
56822
56802
56790
56751
56741
56724
56705
56701
56575
56546
56542
56502
56490
56474
56337
56291
56260
56207
56190
56150
56119
56054
56008
56001
55979
55954
55933
55932
55908
55904
55856
55737
55636
55600
55559
55523
55450
55446
55332
55321
55315
55233
55232
55138
55040
55033
55020
54902
54902
54869
54832
54817
54805
54770
54704
54653
54546
54532
54475
54453
54391
54308
54278
54268
54266
54230
54138
54120
54096
54095
53787
53684
53665
53654
53602
53575
53404
53325
53259
53247
53241
53220
53206
53144
53111
52917
52896
52856
52784
52692
52676
52628
52614
52572
52553
52414
52392
52133
51927
51898
51882
51878
51858
51854
51765
51755
51745
51726
51681
51641
51528
51493
51485
51469
51394
51376
51347
51325
51265
51234
51208
51198
51190
51158
51125
51073
51052
51013
51001
50976
50915
50868
50702
50660
50551
50412
50370
50365
50337
50306
50284
50271
50219
50186
50150
50140
50051
50037
50004
49802
49775
49744
49720
49675
49651
49536
49507
49504
49475
49457
49420
49369
49366
49363
49265
49243
49232
49228
49212
48984
48878
48857
48814
48799
48796
48783
48729
48714
48708
48647
48625
48581
48581
48557
48507
48504
48399
48358
48255
48252
48243
48104
48069
48026
47991
47960
47836
47775
47746
47738
47724
47671
47643
47639
47536
47469
47460
47374
47370
47342
47303
47298
47250
47176
47072
47055
47010
46862
46759
46702
46699
46683
46616
46607
46528
46472
46445
46387
46327
46317
46295
46282
46277
46240
46222
46214
46206
46149
46137
46096
45957
45835
45814
45813
45745
45672
45618
45611
45607
45601
45557
45472
45410
45363
45331
45327
45267
45217
45105
45094
45083
44988
44952
44925
44886
44872
44815
44771
44752
44696
44605
44536
44406
44389
44378
44354
44308
44231
44164
44128
44099
43989
43961
43951
43905
43826
43784
43691
43684
43626
43578
43474
43419
43387
43313
43245
43063
43053
42985
42980
42931
42855
42839
42838
42816
42801
42746
42743
42713
42689
42636
42627
42549
42490
42446
42432
42370
42363
42310
42135
41968
41953
41947
41933
41825
41801
41759
41717
41616
41607
41599
41474
41371
41203
41199
41163
41124
41048
40916
40849
40814
40764
40742
40700
40615
40455
40438
40389
40371
40297
40290
40290
40279
40224
40165
40104
40095
40061
40053
40037
39979
39893
39888
39787
39751
39732
39711
39676
39615
39573
39565
39565
39495
39470
39424
39418
39297
39132
39080
39019
38991
38777
38755
38728
38622
38495
38492
38483
38441
38410
38348
38271
38242
38217
38213
38203
38185
38158
38096
38077
38039
38025
38009
37944
37890
37734
37527
37522
37446
37428
37418
37387
37387
37381
37327
37168
37144
37018
37016
36827
36788
36714
36690
36540
36498
36492
36396
36393
36303
36257
36254
36244
36216
36063
35908
35866
35796
35794
35770
35736
35732
35704
35652
35571
35446
35342
35268
35223
35108
35053
35049
34996
34974
34921
34916
34835
34804
34765
34745
34696
34620
34567
34520
34467
34463
34382
34262
34139
34111
34089
34087
34036
33983
33788
33770
33717
33705
33689
33668
33659
33643
33634
33627
33512
33474
33430
33418
33380
33329
33253
33222
33217
33128
33056
33051
32862
32844
32834
32789
32734
32726
32697
32655
32648
32632
32612
32582
32524
32511
32434
32428
32384
32378
32364
32359
32355
32326
32285
32282
32137
32093
32057
31902
31807
31781
31776
31768
31739
31592
31570
31501
31499
31444
31257
31223
31174
31110
31036
31031
30993
30980
30848
30778
30739
30686
30624
30607
30551
30538
30509
30417
30386
30376
30349
30270
30123
30097
29916
29906
29900
29876
29874
29812
29795
29756
29741
29740
29716
29658
29658
29591
29522
29514
29502
29461
29385
29372
29369
29311
29251
29243
29208
29162
29148
29048
29041
29015
28957
28943
28866
28750
28738
28523
28504
28484
28463
28443
28403
28375
28365
28234
28223
28178
28077
27886
27875
27865
27837
27834
27795
27789
27755
27753
27722
27703
27626
27578
27564
27558
27516
27437
27434
27423
27371
27365
27363
27317
27161
27132
27082
27021
26990
26939
26899
26850
26824
26822
26805
26800
26749
26741
26734
26634
26633
26571
26497
26491
26490
26470
26304
26254
26251
26236
26230
26148
26142
26019
26000
25959
25948
25916
25902
25842
25694
25687
25674
25643
25612
25597
25550
25523
25457
25428
25349
25238
25202
25164
25104
25048
24957
24820
24818
24798
24783
24749
24639
24636
24572
24538
24433
24387
24384
24301
24290
24248
24197
24022
23960
23892
23837
23622
23550
23549
23502
23228
23154
23130
23040
23020
23018
22992
22886
22858
22715
22658
22639
22630
22499
22492
22453
22394
22226
22171
22024
21999
21910
21852
21813
21592
21543
21505
21303
21282
21271
21095
21063
21045
20818
20765
20637
20634
20614
20570
20540
20464
20428
20422
20409
20371
20366
20353
20267
20173
20050
20003
19856
19806
19759
19755
19709
19672
19646
19633
19596
19573
19407
19367
19226
19155
19045
18936
18930
18894
18890
18877
18868
18532
18477
18454
18399
18396
18387
18370
18368
18348
18348
18343
18343
18280
18272
18269
18224
18193
18127
17985
17956
17951
17929
17914
17911
17896
17877
17725
17710
17678
17606
17507
17469
17467
17363
17274
17091
17090
17049
16922
16741
16700
16582
16576
16568
16558
16549
16456
16351
16298
16279
16122
16110
16033
16005
15973
15838
15814
15758
15637
15545
15487
15486
15484
15472
15452
15450
15371
15353
15305
15271
15191
15107
15046
14973
14964
14957
14802
14796
14790
14786
14767
14724
14633
14625
14621
14580
14504
14495
14441
14440
14355
14354
14331
14283
14268
14185
14183
14101
14019
13959
13890
13852
13840
13819
13767
13708
13675
13634
13581
13533
13486
13445
13350
13339
13245
13238
13208
13138
13085
12991
12945
12919
12897
12847
12772
12647
12515
12410
12306
12265
12230
12142
12045
11925
11871
11850
11835
11787
11647
11586
11564
11439
11424
11411
11349
11339
11117
11111
11098
11038
11033
10934
10882
10876
10799
10784
10766
10714
10619
10569
10516
10401
10397
10327
10248
10187
10179
10159
10157
10154
10152
10119
10058
10049
10020
10020
10007
9992
9920
9783
9701
9638
9331
9178
9092
9051
9043
8979
8904
8862
8859
8845
8804
8775
8770
8726
8703
8699
8683
8629
8549
8432
8356
8256
8245
8210
8196
7993
7988
7897
7894
7809
7804
7794
7698
7672
7653
7500
7435
7366
7273
7265
7233
7227
7131
7116
7006
6961
6959
6943
6941
6775
6727
6648
6625
6607
6554
6533
6530
6524
6504
6474
6449
6255
6217
6147
6078
6033
5945
5918
5913
5869
5824
5820
5757
5720
5681
5668
5628
5627
5609
5550
5506
5420
5379
5359
5335
5275
5265
5260
5214
5198
5164
5029
4926
4902
4882
4858
4803
4762
4734
4613
4590
4547
4518
4518
4508
4415
4386
4364
4358
4356
4255
4219
4186
4124
4109
3932
3897
3866
3855
3838
3811
3756
3745
3713
3685
3639
3616
3615
3503
3431
3366
3319
3245
3226
3208
3199
3120
2952
2906
2906
2904
2834
2735
2718
2693
2661
2640
2623
2596
2529
2507
2452
2422
2360
2204
2109
1992
1945
1865
1865
1801
1776
1754
1746
1665
1583
1554
1429
1273
1264
1232
1225
1050
1046
1029
1012
968
855
791
724
723
678
602
575
469
389
313
298
273
273
245
245
177
154
124
119
101
