99909
99787
99779
99768
99764
99729
99701
99654
99541
99511
99509
99458
99413
99411
99396
99370
99343
99167
99053
99031
99024
98998
98882
98880
98845
98810
98748
98719
98605
98544
98506
98501
98492
98440
98428
98365
98336
98300
98254
98241
98160
98155
98153
98124
98116
98114
98109
98048
98003
97928
97890
97666
97662
97537
97413
97219
97199
97182
97161
96981
96774
96741
96703
96697
96591
96589
96521
96518
96511
96457
96290
96266
96250
96227
96174
96157
96045
96005
95932
95821
95820
95813
95811
95783
95779
95779
95763
95599
95526
95483
95310
95286
95173
95159
95138
95077
94997
94813
94761
94715
94627
94559
94545
94430
94399
94376
94334
94297
94238
94203
94157
94153
94140
94140
94136
94129
94098
94073
94062
94019
93786
93640
93560
93556
93542
93498
93470
93430
93387
93370
93319
93292
93252
93095
93066
93050
92980
92979
92864
92802
92764
92756
92738
92688
92668
92613
92583
92570
92569
92490
92481
92419
92354
92293
92281
92272
92244
92211
92205
92187
92008
91935
91928
91908
91890
91796
91668
91611
91582
91526
91519
91496
91413
91271
91233
91128
91117
91017
90947
90895
90880
90848
90847
90790
90764
90761
90699
90674
90656
90628
90610
90514
90499
90480
90448
90410
90380
90334
90279
90145
90076
90045
90022
90019
89942
89884
89839
89813
89776
89704
89692
89688
89625
89603
89531
89498
89485
89418
89312
89285
89267
89247
89204
89180
89138
89115
89024
88898
88796
88777
88750
88728
88582
88568
88542
88537
88509
88498
88497
88454
88441
88417
88322
88312
88306
88254
88223
88214
88163
88151
88075
88068
88011
87894
87792
87785
87732
87703
87542
87481
87473
87392
87383
87380
87367
87308
87286
87282
87230
87192
87127
87115
87071
87025
86976
86964
86907
86905
86868
86831
86808
86798
86789
86769
86631
86581
86472
86379
86267
86226
86183
86117
86040
85994
85908
85891
85875
85871
85803
85793
85685
85679
85498
85471
85445
85268
85267
85179
85147
85128
85108
84957
84918
84871
84814
84793
84715
84641
84637
84580
84464
84452
84235
84092
84068
84029
84003
83911
83902
83845
83807
83794
83708
83650
83625
83591
83576
83510
83436
83323
83303
83296
83253
83244
83233
83196
83032
83021
82993
82919
82876
82770
82606
82572
82479
82441
82374
82264
82054
81984
81884
81874
81829
81821
81750
81719
81713
81707
81644
81558
81532
81514
81510
81381
81241
81236
81179
81173
81161
81131
81081
81036
80971
80870
80826
80651
80571
80564
80559
80552
80536
80465
80398
80365
80338
80263
80037
79983
79845
79837
79733
79675
79656
79642
79586
79540
79537
79520
79511
79431
79391
79281
79243
79099
78949
78827
78813
78792
78768
78765
78714
78682
78637
78576
78572
78561
78437
78428
78380
78358
78292
78291
78227
78201
78128
77915
77912
77853
77838
77813
77675
77571
77519
77503
77449
77414
77399
77360
77292
77269
77252
77227
77197
77094
77035
76949
76854
76842
76836
76805
76778
76766
76620
76380
76362
76352
76295
76284
76269
76258
76236
76209
76196
76145
76116
76094
76061
76052
75935
75929
75905
75843
75834
75781
75423
75414
75406
75389
75380
75302
75288
75261
75233
74895
74848
74769
74761
74520
74507
74480
74441
74368
74310
74196
74153
74144
74119
74056
74006
73913
73888
73859
73853
73846
73843
73720
73677
73584
73453
73425
73367
73333
73255
73253
73083
72975
72958
72914
72902
72786
72707
72694
72674
72520
72427
72422
72395
72313
72296
72186
72144
72094
71918
71864
71720
71571
71483
71374
71373
71368
71308
71262
71229
71213
71193
71143
71127
71116
71038
70946
70942
70917
70833
70822
70741
70694
70645
70578
70566
70515
70419
70376
70371
70341
70326
70314
70274
70254
70223
70209
70166
69943
69795
69778
69722
69711
69711
69664
69659
69626
69550
69495
69377
69312
69190
69177
69136
68976
68914
68862
68847
68846
68829
68820
68816
68682
68618
68616
68591
68587
68465
68437
68400
68344
68267
68244
68133
68093
68084
68063
68038
67976
67932
67927
67844
67843
67779
67761
67741
67687
67686
67628
67626
67543
67464
67451
67427
67424
67196
67143
67124
67078
67061
67010
67001
66944
66943
66917
66906
66867
66835
66826
66825
66778
66705
66618
66561
66520
66504
66494
66471
66423
66361
66346
66321
66275
66255
66208
66172
66156
66137
66081
66066
66029
66015
66002
65984
65983
65778
65772
65717
65671
65582
65572
65566
65556
65481
65460
65361
65343
65309
65279
65278
65137
65118
64995
64801
64784
64776
64745
64561
64521
64472
64446
64410
64392
64378
64343
64140
64124
64076
63978
63913
63822
63790
63767
63729
63707
63639
63630
63555
63550
63530
63418
63408
63372
63197
63188
63134
63118
63094
63033
63031
62887
62851
62792
62767
62766
62713
62711
62694
62676
62636
62614
62582
62481
62456
62343
62267
62221
62033
62031
61968
61912
61885
61844
61785
61675
61541
61432
61346
61333
61286
61231
61230
61197
61110
61106
61067
61030
61019
61012
61007
60985
60887
60879
60872
60780
60753
60749
60681
60634
60514
60494
60458
60421
60307
60282
60176
60151
60121
60076
59968
59949
59921
59916
59885
59845
59737
59731
59724
59701
59639
59516
59493
59489
59486
59400
59353
59338
59230
59191
59169
59161
59136
59023
58990
58862
58821
58805
58747
58702
58698
58695
58639
58585
58510
58500
58475
58378
58239
58222
58151
58116
58089
58053
57966
57872
57805
57782
57760
57724
57508
57500
57488
57458
57422
57407
57221
57104
57011
56925
56873
56791
56708
56695
56689
56645
56641
56631
56629
56579
56525
56519
56463
56410
56339
56263
56262
56191
56045
55936
55919
55790
55781
55761
55755
55720
55716
55657
55626
55582
55441
55368
55322
55318
55216
55165
55108
55074
54979
54619
54612
54574
54526
54514
54461
54438
54400
54400
54349
54300
54274
54237
54215
54089
54037
54010
53941
53907
53870
53802
53792
53784
53694
53672
53637
53391
53314
53284
53249
53245
53225
53167
53111
53058
53008
52922
52885
52856
52823
52823
52769
52653
52606
52564
52539
52505
52495
52481
52473
52469
52403
52373
52354
52333
52326
52237
52210
52144
52134
52116
52022
51906
51901
51885
51835
51831
51782
51748
51649
51612
51582
51563
51468
51464
51429
51355
51284
51201
51187
51173
51138
51116
51028
50987
50855
50847
50819
50791
50726
50687
50666
50646
50607
50603
50600
50577
50566
50543
50503
50403
50356
50356
50334
50202
50154
50045
50042
50027
50005
49951
49906
49809
49807
49797
49754
49619
49601
49517
49479
49459
49394
49351
49318
49043
49022
48914
48912
48839
48779
48722
48688
48672
48637
48617
48460
48437
48362
48302
48235
48129
48107
48061
48060
48047
47946
47939
47933
47841
47773
47662
47631
47426
47420
47415
47348
47346
47242
47228
47129
47112
47109
47084
47045
47007
46896
46850
46786
46768
46757
46705
46696
46689
46599
46560
46507
46506
46369
46303
46264
46235
46159
46138
46133
46118
46071
46048
46036
45967
45850
45748
45681
45518
45490
45476
45226
45193
45072
45010
45010
44992
44975
44970
44967
44957
44913
44869
44813
44773
44759
44741
44720
44709
44634
44618
44599
44550
44530
44504
44488
44406
44378
44210
44170
44168
44150
44055
44052
43959
43952
43947
43941
43939
43758
43736
43722
43712
43703
43642
43635
43608
43580
43537
43523
43476
43395
43354
43350
43348
43227
43226
43223
43123
43087
43072
43026
43005
42737
42719
42651
42622
42609
42544
42536
42519
42496
42387
42384
42372
42312
42109
42088
42077
41998
41970
41958
41777
41762
41760
41698
41688
41636
41620
41620
41608
41583
41570
41556
41482
41425
41407
41333
41208
41197
41194
41184
41132
41115
41088
41081
41040
40958
40701
40677
40581
40513
40487
40487
40456
40413
40116
40105
40077
40032
40005
39992
39955
39867
39744
39567
39541
39531
39344
39285
39267
39264
39230
39214
39204
39151
39110
39101
39014
38974
38903
38843
38688
38648
38618
38605
38597
38579
38498
38450
38366
38338
38300
38240
38174
38157
38126
38114
38029
38015
37998
37918
37888
37869
37865
37864
37856
37818
37802
37800
37688
37680
37646
37579
37573
37532
37374
37318
37310
37200
37164
37137
36898
36849
36745
36725
36695
36676
36659
36655
36642
36523
36383
36349
36314
36312
36311
36267
36226
36225
36224
36213
36194
36128
36113
36081
36016
35959
35949
35932
35925
35883
35678
35667
35640
35627
35612
35573
35548
35523
35502
35425
35406
35378
35358
35352
35168
35154
35142
35142
34997
34970
34966
34958
34914
34859
34828
34733
34689
34687
34682
34497
34338
34337
34270
34269
34247
34237
34230
34173
34145
34044
33997
33905
33871
33863
33772
33714
33671
33632
33522
33408
33209
33198
33174
33170
33095
33063
33037
33010
32984
32969
32852
32697
32657
32651
32544
32541
32382
32378
32347
32296
32117
31975
31921
31860
31779
31749
31668
31575
31534
31524
31518
31514
31370
31338
31286
31161
31143
31134
31127
31118
31069
31004
30996
30862
30799
30770
30750
30737
30718
30642
30619
30518
30477
30459
30446
30344
30220
30215
30168
30143
30018
29907
29765
29737
29679
29662
29612
29463
29409
29395
29383
29373
29337
29192
29104
29065
28938
28936
28865
28843
28831
28793
28634
28555
28534
28530
28503
28455
28348
28343
28270
28255
28211
28197
28190
28126
28101
28045
27996
27969
27942
27920
27776
27755
27734
27667
27624
27463
27447
27413
27210
27102
27041
26938
26840
26759
26728
26676
26520
26400
26396
26393
26363
26308
26277
26150
26142
25986
25957
25911
25844
25776
25741
25719
25563
25535
25527
25490
25468
25411
25310
25297
25213
25158
25156
25152
25151
25135
25079
25009
24982
24699
24615
24614
24512
24499
24491
24419
24403
24363
24281
24249
24246
24192
24174
24110
24063
24023
23864
23850
23723
23616
23532
23486
23461
23445
23422
23401
23339
23235
23136
23105
23076
23062
23060
23052
23027
22951
22935
22927
22816
22731
22711
22695
22423
22411
22293
22245
22103
22031
22031
21905
21903
21899
21851
21810
21727
21690
21665
21638
21581
21580
21562
21516
21427
21376
21292
21286
21213
21199
21088
21053
21026
20999
20876
20868
20864
20627
20575
20572
20504
20482
20431
20288
20279
20201
20181
20161
20143
20127
20101
20069
20068
20036
19972
19959
19827
19787
19775
19773
19757
19735
19656
19623
19603
19574
19495
19479
19444
19432
19402
19374
19351
19201
19139
19093
19073
19015
18979
18906
18850
18782
18763
18733
18724
18640
18598
18473
18251
18190
18190
18133
18068
18046
18033
17949
17893
17839
17795
17782
17775
17695
17676
17672
17642
17615
17350
17347
17317
17271
17269
17210
17112
17057
17037
16940
16916
16910
16879
16835
16827
16803
16741
16697
16665
16636
16580
16520
16454
16437
16396
16376
16357
16286
16260
16236
16217
16168
16115
16114
16094
15991
15988
15940
15916
15902
15890
15830
15805
15721
15683
15680
15529
15460
15422
15358
15342
15293
15288
15245
15217
15164
15108
15096
15042
14972
14749
14741
14660
14632
14487
14443
14427
14397
14284
14284
14259
14133
14050
13972
13924
13917
13833
13809
13785
13668
13664
13643
13605
13586
13557
13553
13463
13425
13281
13185
13177
13125
13063
13052
13024
13005
12890
12861
12858
12842
12749
12744
12725
12688
12615
12573
12541
12450
12420
12395
12385
12318
12305
12285
12056
12049
12006
11984
11909
11900
11861
11828
11805
11792
11783
11760
11634
11592
11552
11484
11401
11356
11189
11180
11167
11128
11109
11092
10963
10841
10701
10529
10509
10478
10461
10459
10407
10086
10085
9951
9926
9916
9886
9880
9838
9792
9773
9667
9646
9633
9602
9595
9564
9465
9448
9440
9386
9341
9330
9316
9286
9173
9020
9013
8996
8966
8960
8943
8903
8899
8865
8756
8690
8685
8627
8617
8590
8581
8540
8538
8530
8492
8486
8403
8317
8291
8207
8200
8157
8139
8109
7970
7911
7889
7880
7853
7832
7816
7725
7668
7597
7424
7346
7323
7246
7239
7198
7192
7168
7148
6982
6886
6725
6673
6443
6436
6384
6315
6271
6270
6269
6215
6180
6166
6137
6119
6082
6019
5999
5993
5984
5974
5951
5928
5874
5865
5760
5756
5641
5634
5549
5415
5303
5234
5204
5196
5136
5063
5055
5048
5007
4958
4952
4896
4867
4808
4775
4773
4760
4744
4727
4692
4668
4634
4432
4424
4413
4335
4237
4130
4110
4107
4076
3929
3925
3872
3854
3801
3790
3738
3737
3677
3646
3638
3556
3547
3466
3338
3276
3268
3239
3224
3215
3162
3013
2997
2938
2881
2864
2824
2818
2791
2742
2684
2508
2286
2242
2238
2193
2166
2071
2058
1862
1724
1714
1709
1697
1598
1541
1446
1337
1302
1296
1254
1239
1231
1132
911
850
849
795
781
778
722
703
596
537
491
451
360
341
183
178
165
145
132
63
