99978
99954
99938
99925
99904
99881
99875
99838
99769
99744
99666
99628
99596
99582
99511
99502
99444
99375
99335
99279
99276
99263
99235
99206
99129
99092
99073
99069
98936
98897
98787
98774
98742
98639
98522
98490
98423
98400
98398
98279
98264
98246
98224
98200
98193
98193
98177
98120
98073
98063
98015
97925
97925
97889
97806
97595
97556
97522
97515
97471
97426
97410
97385
97376
97312
97302
97248
97239
97226
97224
97222
97213
97188
97154
97146
97123
97082
97064
96975
96949
96938
96908
96906
96897
96886
96800
96718
96698
96634
96610
96598
96494
96401
96382
96316
96315
96292
96178
96149
95967
95937
95926
95912
95891
95866
95857
95771
95752
95710
95673
95656
95636
95479
95242
95201
95191
94892
94872
94806
94778
94689
94530
94511
94503
94471
94459
94346
94243
94210
94195
94186
94116
94111
94105
94065
93908
93814
93814
93807
93801
93761
93524
93414
93251
93182
93168
93127
93103
93099
93050
93026
92843
92824
92817
92786
92779
92748
92734
92564
92495
92406
92311
92275
92255
92220
92220
92118
92113
92084
92043
91917
91863
91806
91724
91711
91706
91684
91662
91514
91476
91464
91426
91319
91259
91229
91224
91161
91125
91045
90934
90906
90843
90790
90673
90637
90573
90547
90498
90484
90408
90362
90252
90162
90157
90130
90082
90069
90014
90006
89995
89974
89903
89769
89717
89645
89626
89604
89483
89432
89349
89328
89314
89257
89242
89219
89200
89012
89000
88890
88848
88825
88728
88639
88549
88529
88525
88487
88443
88370
88308
88257
88245
88228
88183
88080
88053
88032
88020
87966
87880
87856
87847
87826
87776
87700
87627
87611
87514
87366
87333
87268
86880
86751
86699
86694
86613
86558
86511
86405
86388
86346
86334
86238
86215
86137
86134
86121
86117
86017
86011
85977
85897
85891
85842
85835
85814
85811
85800
85771
85673
85662
85517
85462
85441
85248
85246
85216
85128
85102
85089
85072
85054
85052
85021
84931
84876
84811
84776
84758
84718
84692
84651
84603
84550
84484
84449
84413
84406
84340
84289
84256
84255
84172
84126
84111
84069
84051
84043
83921
83920
83891
83849
83630
83598
83562
83431
83429
83429
83365
83361
83283
83245
83145
83031
83000
82878
82832
82735
82676
82606
82549
82443
82408
82238
82231
82155
82114
82070
82060
82059
82019
81979
81974
81971
81835
81828
81723
81654
81562
81547
81525
81428
81221
81216
81189
81083
80970
80960
80897
80896
80882
80860
80816
80706
80686
80624
80569
80562
80501
80477
80458
80427
80381
80333
80243
80238
80184
80087
80059
80054
80043
80024
80019
80011
80001
79962
79942
79923
79898
79682
79657
79615
79521
79520
79490
79424
79367
79328
79262
79255
79237
79228
79087
79081
79069
79023
78948
78897
78807
78796
78782
78757
78753
78747
78704
78592
78532
78528
78494
78393
78295
78251
78243
78152
78126
78083
77894
77861
77832
77810
77783
77697
77516
77486
77465
77439
77415
77373
77361
77325
77186
77150
77072
77066
77054
77016
76932
76757
76745
76725
76694
76687
76666
76659
76657
76653
76562
76458
76389
76358
76283
76214
75993
75973
75969
75893
75863
75859
75779
75775
75765
75746
75697
75679
75560
75514
75446
75425
75417
75409
75367
75358
75336
75305
75278
75227
75170
75164
75118
75083
74989
74896
74880
74743
74700
74699
74644
74588
74485
74443
74393
74319
74301
74300
74285
74201
74079
74034
73995
73948
73916
73797
73724
73714
73662
73618
73582
73565
73564
73526
73399
73389
73260
73199
73070
73049
73025
72934
72821
72755
72660
72653
72640
72594
72566
72531
72385
72174
72159
72038
72004
71995
71928
71923
71849
71834
71775
71772
71759
71715
71627
71595
71550
71515
71501
71487
71448
71405
71392
71362
71340
71260
71228
71152
71147
71145
71110
71100
71040
70835
70819
70762
70761
70742
70710
70675
70632
70597
70542
70479
70470
70461
70461
70446
70413
70408
70199
70181
70053
70043
70029
70021
70017
69924
69916
69915
69779
69735
69715
69688
69681
69655
69654
69617
69413
69409
69407
69332
69295
69254
69136
69111
69088
69057
69013
68994
68914
68912
68782
68686
68612
68603
68476
68453
68389
68388
68329
68293
68195
68183
68168
68161
68095
68043
68000
67888
67723
67713
67652
67630
67611
67564
67532
67517
67503
67443
67403
67388
67355
67316
67286
67260
67250
67207
67138
67131
67088
67023
66963
66915
66891
66811
66781
66606
66419
66319
66313
66279
66263
66231
66212
66148
66137
66091
65951
65888
65878
65818
65797
65776
65752
65738
65694
65693
65632
65491
65455
65399
65397
65357
65259
65237
65230
65224
65158
65150
65017
64908
64827
64755
64662
64625
64613
64609
64589
64575
64503
64467
64421
64410
64305
64275
64245
64148
64111
64080
64055
64017
63961
63816
63655
63647
63623
63608
63527
63512
63512
63474
63454
63341
63310
63290
63267
63248
63176
63134
63070
63014
62925
62857
62813
62802
62689
62687
62654
62621
62600
62590
62536
62478
62445
62427
62423
62412
62403
62230
62195
62154
62016
61975
61939
61811
61758
61752
61738
61640
61595
61462
61370
61354
61344
61290
61190
61190
61161
61058
61051
60971
60968
60911
60825
60812
60738
60693
60517
60418
60281
60278
60271
60249
60214
60175
60092
60080
60056
60040
59973
59957
59947
59918
59905
59868
59852
59709
59688
59627
59597
59587
59554
59486
59473
59464
59457
59377
59358
59327
59075
58956
58943
58899
58820
58770
58705
58671
58627
58600
58495
58431
58408
58395
58395
58380
58356
58276
58226
58189
58117
57991
57809
57782
57764
57723
57712
57703
57393
57350
57245
57223
57208
57149
57140
57090
57080
57053
57004
56952
56906
56884
56848
56841
56839
56829
56726
56711
56637
56590
56483
56453
56380
56331
56318
56255
56228
56222
56164
56056
56056
56041
55901
55887
55865
55856
55849
55812
55809
55757
55686
55554
55550
55520
55501
55469
55396
55335
55249
55249
55247
55180
55171
55150
55094
55076
55040
55040
55010
54924
54882
54824
54814
54797
54768
54723
54703
54660
54652
54566
54541
54485
54459
54398
54371
54330
54177
54175
54148
54083
54078
54047
54022
53948
53754
53698
53669
53637
53481
53450
53405
53405
53328
53244
53139
53132
53054
53023
53004
52996
52967
52932
52917
52834
52827
52750
52734
52673
52629
52622
52606
52561
52535
52465
52441
52393
52390
52214
52198
52189
52182
52125
51987
51968
51817
51657
51649
51618
51613
51598
51542
51506
51488
51482
51478
51405
51398
51375
51372
51354
51297
51273
51237
51212
51166
51133
51127
51123
51078
51025
51013
50971
50923
50903
50864
50862
50839
50826
50712
50701
50654
50636
50546
50507
50494
50476
50279
50262
50212
50158
49975
49794
49706
49676
49638
49478
49461
49420
49392
49346
49346
49292
49199
49162
49146
49110
49107
49103
49028
48896
48895
48891
48805
48803
48742
48730
48728
48424
48408
48404
48199
48167
48135
48133
48058
48016
47998
47996
47931
47921
47894
47748
47732
47686
47676
47667
47380
47353
47227
47198
47189
47111
47067
47032
46898
46833
46780
46754
46714
46677
46617
46561
46489
46474
46406
46355
46330
46313
46197
46175
46121
46082
46035
45992
45988
45836
45791
45790
45704
45616
45561
45541
45527
45449
45391
45384
45275
45156
45142
45137
45018
44970
44959
44921
44840
44734
44691
44666
44637
44629
44622
44574
44570
44533
44477
44441
44434
44418
44276
44180
44087
44083
44067
43823
43802
43776
43745
43718
43663
43600
43562
43428
43417
43267
43205
43149
43104
43101
43101
42937
42827
42710
42703
42682
42630
42593
42573
42526
42508
42484
42366
42332
42277
42212
42173
42061
42022
42008
41962
41893
41883
41878
41874
41818
41755
41734
41701
41667
41645
41543
41505
41461
41271
41269
41063
41042
40932
40925
40881
40805
40688
40647
40456
40437
40371
40353
40293
40281
40252
40248
40230
40224
40171
40163
40108
40009
39981
39870
39867
39818
39811
39806
39789
39778
39771
39719
39535
39438
39401
39292
39277
39267
39238
39187
39117
39097
39091
39060
39048
39035
39015
38977
38928
38877
38834
38818
38661
38623
38615
38542
38418
38341
38250
38242
38240
38228
38220
38131
38035
38035
37970
37873
37853
37831
37792
37765
37742
37585
37584
37577
37490
37253
37186
37093
37081
37059
36971
36959
36958
36955
36845
36827
36600
36517
36489
36455
36426
36365
36295
36272
36217
36212
36119
36109
36078
36040
36036
36016
35975
35957
35941
35871
35837
35820
35708
35680
35671
35660
35656
35615
35606
35606
35528
35453
35433
35389
35352
35316
35304
35273
35222
35190
35052
35017
35013
35012
35002
34884
34869
34862
34823
34753
34749
34684
34640
34624
34597
34582
34555
34498
34436
34344
34295
34294
34291
34189
34177
34158
34100
33976
33797
33715
33672
33615
33615
33579
33566
33556
33492
33492
33476
33464
33422
33395
33366
33365
33348
33271
33219
33134
33108
33056
33000
32971
32949
32939
32934
32872
32838
32808
32802
32728
32715
32655
32600
32547
32527
32512
32417
32344
32326
32301
32231
32180
32141
32083
32022
31956
31899
31871
31820
31815
31809
31742
31607
31518
31416
31371
31332
31281
31280
31218
31079
31049
31008
30960
30914
30838
30804
30776
30584
30518
30360
30333
30311
30244
30219
30186
30176
30162
30097
30048
30001
29996
29990
29971
29915
29898
29830
29813
29659
29646
29497
29387
29386
29230
29134
29118
29106
29035
29035
28938
28916
28758
28717
28604
28569
28529
28466
28460
28459
28385
28360
28331
28329
28247
28216
28153
28141
28092
28080
28005
27922
27888
27796
27778
27700
27688
27579
27473
27325
27271
27269
27229
27228
27203
27202
27197
27091
26919
26845
26803
26761
26687
26657
26646
26627
26615
26606
26584
26517
26447
26433
26391
26268
26090
26047
25949
25886
25871
25849
25773
25769
25696
25686
25662
25589
25562
25530
25482
25454
25446
25358
25300
25285
25280
25169
25156
24974
24866
24838
24789
24754
24722
24705
24679
24678
24628
24574
24510
24414
24408
24365
24342
24339
24190
24161
24145
24018
23956
23814
23712
23650
23642
23577
23511
23454
23428
23385
23357
23349
23205
23132
23052
22985
22965
22863
22839
22812
22793
22730
22667
22542
22481
22476
22402
22350
22345
22261
22242
22101
22099
22061
21974
21969
21895
21868
21850
21841
21827
21793
21771
21738
21728
21705
21697
21655
21541
21470
21422
21418
21347
21338
21321
21259
21258
21133
21112
21092
21055
21040
21016
21016
21015
20928
20927
20727
20649
20648
20619
20558
20553
20543
20501
20481
20293
20267
20225
20160
20146
20144
19996
19968
19959
19875
19874
19872
19858
19738
19694
19673
19622
19534
19399
19330
19287
19187
19071
19054
18997
18996
18857
18835
18794
18768
18614
18606
18556
18524
18443
18371
18305
18165
18148
18077
17778
17751
17696
17594
17578
17398
17369
17271
17257
17251
17246
17242
17212
17204
17149
17145
17032
17020
17009
16982
16978
16939
16929
16831
16826
16790
16759
16676
16589
16566
16469
16436
16412
16367
16274
16183
16094
16061
15979
15954
15874
15592
15528
15483
15370
15332
15315
15297
15230
15105
15054
15047
15038
14947
14945
14744
14726
14679
14623
14514
14470
14468
14403
14400
14397
14381
14162
14109
13858
13819
13781
13780
13706
13673
13587
13494
13493
13466
13424
13420
13343
13320
13291
13286
13256
13147
13144
13117
13069
13009
13006
12956
12952
12740
12634
12610
12599
12519
12399
12321
12229
12108
12104
12010
11970
11939
11931
11789
11700
11537
11517
11516
11498
11497
11462
11451
11421
11370
11270
11145
11145
11071
10893
10820
10777
10731
10692
10504
10481
10473
10472
10442
10404
10395
10378
10352
10276
10215
10119
10114
9947
9901
9884
9857
9758
9683
9682
9661
9499
9476
9468
9338
9322
9262
9237
8980
8948
8876
8865
8735
8665
8646
8600
8554
8551
8544
8515
8468
8445
8423
8402
8400
8354
8322
8301
8214
8190
8064
8039
7997
7970
7904
7903
7867
7756
7674
7559
7504
7401
7373
7326
7286
7258
7168
7044
6975
6954
6900
6827
6822
6791
6773
6739
6688
6622
6548
6542
6444
6431
6405
6350
6327
6284
6207
6138
6111
6059
6056
5933
5871
5821
5732
5706
5674
5662
5628
5601
5541
5502
5344
5342
5318
5250
5159
5117
5082
5065
5022
4985
4899
4887
4812
4742
4663
4633
4621
4560
4527
4492
4491
4452
4389
4379
4272
4270
4250
4141
3997
3990
3946
3799
3764
3709
3675
3660
3504
3433
3373
3364
3279
3272
3232
3207
3151
3055
3010
2928
2723
2586
2548
2491
2449
2435
2410
2352
2342
2275
2129
2103
2090
2047
1997
1911
1892
1878
1849
1825
1691
1674
1671
1667
1550
1498
1493
1418
1395
1318
1307
1253
966
931
767
764
738
624
571
570
536
482
362
353
344
336
280
278
144
115
95
90
