99912
99910
99788
99778
99593
99585
99562
99534
99522
99451
99376
99375
99279
99117
99059
99050
98883
98852
98838
98817
98744
98737
98734
98728
98701
98581
98536
98533
98483
98444
98395
98384
98382
98380
98292
98288
98194
98156
98104
98102
98088
98083
98037
97994
97913
97860
97738
97730
97729
97697
97663
97616
97557
97551
97530
97501
97486
97401
97382
97344
97331
97292
97273
97249
97227
97121
97069
97063
96961
96870
96836
96830
96816
96717
96677
96667
96666
96515
96499
96443
96397
96326
96323
96314
96277
96204
96167
96152
96103
96095
96093
96084
96067
96043
95787
95752
95741
95709
95600
95558
95551
95547
95511
95506
95499
95480
95434
95366
95327
95319
95206
95183
95113
95089
95066
95047
94988
94972
94935
94918
94893
94718
94668
94570
94536
94501
94366
94355
94287
94204
94197
94179
94102
94052
94005
93867
93867
93841
93805
93780
93771
93680
93661
93659
93652
93629
93624
93606
93548
93506
93434
93430
93421
93366
93293
93291
93239
93128
93077
93040
93011
92947
92937
92924
92781
92771
92740
92681
92644
92620
92580
92580
92565
92553
92351
92346
92205
92142
91911
91703
91663
91622
91606
91595
91545
91531
91528
91528
91499
91435
91351
91347
91286
91256
91226
91192
91175
91089
91087
91064
91020
91019
90987
90980
90758
90644
90493
90488
90436
90429
90330
90296
90221
90204
90181
90168
90066
90034
89901
89888
89817
89739
89736
89727
89711
89584
89581
89472
89466
89385
89380
89360
89347
89325
89322
89283
89195
89157
89129
89087
89073
89056
89025
88986
88860
88859
88809
88797
88793
88788
88686
88654
88570
88439
88289
88278
88252
88216
88182
88122
88062
88051
88028
88021
87985
87871
87845
87695
87553
87502
87485
87430
87420
87409
87380
87319
87278
87265
87188
87099
87026
86927
86899
86847
86752
86717
86658
86649
86604
86573
86570
86568
86502
86471
86440
86367
86216
86186
86085
86077
86013
85867
85861
85836
85756
85747
85726
85568
85489
85333
85263
85258
85223
85201
85175
85174
85147
85099
85092
84908
84907
84888
84887
84807
84770
84692
84660
84634
84539
84532
84443
84159
84123
84089
84022
84007
83999
83844
83807
83801
83772
83754
83727
83650
83646
83617
83611
83606
83534
83395
83350
83319
83300
83285
83225
83088
83074
83020
82989
82947
82861
82859
82853
82852
82826
82795
82766
82714
82709
82708
82681
82657
82651
82507
82449
82367
82334
82309
82269
82256
82180
82137
82051
82020
81964
81957
81948
81928
81847
81794
81735
81534
81513
81418
81195
81149
81141
81106
81027
80961
80913
80902
80855
80830
80803
80709
80701
80397
80370
80345
80279
80267
80266
80207
80191
80139
80117
80076
80069
80005
79815
79768
79676
79664
79620
79555
79521
79410
79317
79250
79218
79109
78985
78938
78905
78904
78846
78712
78653
78652
78641
78640
78589
78556
78535
78482
78459
78370
78326
78314
78293
78142
78139
78091
78090
78071
78060
78004
77887
77779
77777
77689
77642
77604
77602
77566
77550
77418
77281
77263
77220
77070
77046
77043
76974
76920
76819
76789
76736
76722
76680
76671
76600
76599
76597
76576
76506
76427
76396
76382
76379
76347
76340
76313
76258
76234
76075
75999
75781
75766
75765
75599
75599
75556
75536
75499
75477
75395
75310
75284
75222
75216
75185
75169
75127
75118
75037
75003
74959
74956
74934
74903
74847
74826
74647
74630
74600
74545
74526
74472
74435
74336
74213
74210
74171
74149
74123
74096
74005
73999
73962
73945
73940
73893
73840
73781
73619
73605
73552
73449
73415
73403
73129
73118
73078
73064
73039
73037
72806
72771
72476
72452
72447
72387
72366
72336
72332
72250
72173
72126
72111
72099
72051
72012
72005
71996
71976
71956
71928
71926
71814
71754
71733
71729
71720
71687
71660
71647
71540
71489
71468
71405
71236
71230
71124
71110
71096
71077
71066
71053
71020
70953
70933
70879
70808
70802
70774
70700
70670
70647
70618
70550
70441
70430
70414
70401
70376
70311
70281
70259
70258
70241
70155
70131
70029
70019
69977
69917
69848
69751
69741
69655
69599
69555
69538
69533
69505
69486
69470
69470
69377
69373
69240
69149
69029
68937
68852
68846
68797
68773
68752
68688
68676
68649
68563
68552
68499
68484
68481
68465
68381
68357
68347
68321
68273
68258
68228
68178
68172
68087
67995
67965
67924
67910
67848
67806
67736
67588
67444
67358
67355
67338
67215
67152
67128
67107
67099
67038
66998
66996
66976
66905
66896
66832
66764
66742
66739
66677
66652
66643
66531
66520
66489
66402
66363
66342
66216
66155
66026
65954
65894
65848
65797
65791
65733
65691
65645
65573
65500
65394
65320
65298
65272
65266
65248
65238
65201
65161
65157
65141
64916
64904
64885
64850
64849
64843
64833
64824
64686
64629
64539
64533
64514
64484
64461
64265
64209
64127
64029
63951
63919
63854
63810
63795
63768
63744
63645
63639
63601
63512
63448
63441
63426
63248
63228
63171
63130
63043
62992
62978
62966
62951
62888
62679
62621
62532
62532
62196
62187
62014
61911
61886
61854
61852
61830
61659
61651
61643
61619
61577
61546
61456
61250
61207
61126
61112
61067
61024
60884
60878
60871
60868
60856
60801
60742
60718
60682
60642
60614
60547
60526
60517
60413
60382
60353
60209
60195
60164
60072
60004
59999
59986
59974
59958
59860
59858
59833
59833
59817
59760
59635
59631
59603
59601
59512
59494
59455
59448
59391
59131
59110
59013
58983
58963
58888
58858
58841
58839
58821
58777
58755
58750
58715
58651
58633
58574
58544
58483
58414
58345
58227
58193
58052
57993
57973
57921
57916
57870
57868
57778
57745
57737
57612
57601
57502
57500
57454
57338
57259
57235
57158
57142
57105
57049
57034
56999
56897
56890
56882
56877
56855
56795
56717
56618
56570
56564
56516
56498
56482
56433
56373
56333
56159
56100
56017
55969
55968
55948
55837
55824
55800
55794
55723
55653
55550
55544
55454
55318
55313
55282
55230
55222
55069
54902
54872
54722
54700
54584
54576
54560
54520
54460
54460
54434
54369
54239
54234
54225
54209
54171
54098
54032
53968
53937
53907
53889
53872
53848
53845
53826
53787
53733
53707
53683
53625
53555
53487
53432
53357
53303
53255
53204
53152
53107
53099
53020
52947
52893
52845
52826
52734
52646
52618
52521
52465
52450
52403
52302
52224
52203
52182
52152
52041
51980
51968
51699
51570
51553
51504
51403
51375
51335
51333
51329
51325
51294
51239
51194
51009
50998
50994
50991
50949
50743
50740
50704
50685
50642
50495
50448
50395
50349
50240
50189
50068
50038
49939
49939
49913
49868
49762
49696
49685
49648
49619
49580
49464
49359
49268
49267
49215
49184
49173
48966
48911
48854
48808
48757
48629
48577
48473
48318
48237
48196
48077
48064
48043
48042
48005
47967
47918
47903
47890
47888
47855
47852
47695
47501
47489
47472
47454
47435
47427
47398
47367
47242
47107
47061
47057
47008
46971
46911
46880
46857
46796
46578
46546
46543
46540
46528
46434
46354
46098
46010
45955
45917
45916
45896
45862
45771
45715
45646
45574
45548
45538
45517
45295
45222
45141
44938
44937
44926
44853
44741
44717
44716
44635
44581
44486
44468
44449
44369
44330
44209
44171
44115
44099
44066
43933
43910
43673
43653
43644
43631
43601
43578
43575
43566
43552
43472
43457
43434
43281
43277
43226
43224
42933
42917
42846
42836
42831
42718
42711
42638
42622
42555
42529
42503
42430
42213
42182
42157
42133
42087
41984
41956
41936
41894
41819
41794
41760
41757
41623
41535
41475
41445
41440
41219
41155
41131
41083
41060
41015
41001
40994
40962
40941
40885
40869
40787
40766
40695
40688
40667
40662
40631
40587
40509
40361
40342
40275
40208
40202
40193
40136
40132
40004
39982
39965
39926
39846
39840
39792
39772
39749
39654
39641
39608
39488
39484
39449
39435
39407
39403
39324
39275
39253
39154
39148
39125
38946
38939
38752
38748
38677
38668
38660
38649
38646
38619
38573
38487
38485
38441
38438
38399
38196
38074
38052
38006
37921
37854
37825
37764
37731
37566
37479
37316
37259
37222
37221
37207
37155
37118
37088
36903
36641
36637
36578
36530
36355
36342
36339
36296
36277
36228
36196
36110
36087
36087
36074
36009
35969
35940
35887
35863
35863
35726
35713
35601
35594
35542
35494
35425
35342
35270
35265
35242
35223
35201
35186
35090
35044
34961
34854
34853
34772
34741
34733
34663
34647
34627
34613
34584
34497
34475
34468
34412
34392
34388
34325
34288
34263
34194
34183
34063
34013
33925
33922
33636
33595
33514
33499
33425
33397
33395
33392
33368
33243
33192
33092
33046
33034
32976
32976
32964
32882
32753
32619
32484
32462
32459
32456
32434
32390
32339
32338
32333
32292
32026
32001
31996
31981
31761
31735
31706
31614
31568
31440
31402
31370
31366
31362
31287
31231
31096
31090
31000
30967
30901
30850
30772
30770
30766
30754
30743
30638
30585
30574
30420
30401
30306
30247
30233
30155
30129
30120
30083
30053
30016
30009
29982
29933
29919
29918
29852
29748
29513
29491
29390
29201
29199
29152
28943
28918
28908
28792
28763
28356
28346
28312
28308
28171
28169
28168
28126
28072
27960
27954
27917
27904
27899
27842
27804
27738
27719
27713
27653
27622
27618
27586
27584
27525
27476
27458
27309
27290
27183
27172
27087
27076
27018
27006
26943
26824
26799
26682
26601
26564
26551
26485
26326
26295
26275
26275
26249
26243
26160
26102
26087
26079
26062
26059
25998
25982
25862
25819
25788
25722
25549
25440
25408
25390
25385
25317
25273
25257
25155
25094
25063
25013
25003
24965
24886
24820
24765
24740
24737
24708
24549
24473
24465
24464
24376
24343
24342
24334
24071
24062
24048
24043
24042
24013
23987
23943
23918
23907
23885
23775
23723
23688
23686
23668
23578
23295
23091
23078
23044
22998
22969
22962
22939
22909
22873
22833
22788
22756
22733
22657
22613
22609
22484
22478
22473
22456
22368
22311
22309
22280
22251
22219
22209
22100
22077
22027
21875
21810
21670
21657
21654
21629
21588
21575
21566
21541
21499
21478
21461
21407
21353
21314
21297
21286
21271
21207
21176
21162
21121
21072
21057
20817
20751
20571
20496
20417
20393
20353
20301
20274
20273
20252
20221
20148
20057
20029
20019
20005
19943
19800
19793
19698
19611
19580
19577
19570
19553
19519
19496
19446
19403
19250
19235
19222
19142
19035
19009
18928
18856
18771
18699
18653
18614
18599
18575
18569
18558
18554
18535
18453
18428
18355
18323
18301
18284
18272
18155
18008
17936
17899
17893
17870
17843
17713
17654
17610
17509
17495
17494
17452
17447
17403
17377
17360
17359
17321
17306
17298
17259
17142
17041
17029
16923
16845
16836
16748
16644
16524
16495
16493
16470
16451
16447
16436
16435
16423
16359
16330
16319
16318
16303
16290
16190
16189
16154
16134
16113
16045
15969
15904
15886
15869
15847
15821
15813
15787
15737
15731
15720
15720
15607
15463
15416
15387
15301
15295
15258
15235
15182
15064
15053
15033
15031
14745
14716
14683
14554
14470
14466
14360
14357
14352
14345
14335
14323
14269
14244
14201
14161
14105
14080
14022
14011
13986
13958
13933
13913
13873
13863
13756
13699
13628
13517
13470
13438
13422
13416
13406
13371
13307
13250
13184
13031
13008
13005
12957
12880
12850
12772
12720
12659
12587
12433
12379
12376
12303
12259
12227
12189
12086
12029
12003
12000
11939
11930
11928
11913
11908
11846
11831
11813
11805
11761
11633
11465
11281
11276
11226
11053
11046
11025
10970
10958
10697
10537
10501
10467
10463
10413
10327
10325
10276
10179
10158
10081
9992
9932
9811
9775
9764
9752
9644
9623
9598
9547
9534
9530
9471
9394
9374
9319
9293
9231
9132
8978
8875
8862
8844
8797
8763
8725
8695
8653
8629
8626
8613
8589
8571
8515
8438
8435
8416
8358
8335
8285
8141
8140
8062
8006
7999
7982
7949
7895
7841
7836
7790
7661
7584
7580
7570
7515
7416
7374
7327
7286
7235
7228
7225
7215
7163
7159
7113
6988
6966
6831
6737
6733
6725
6715
6634
6584
6528
6446
6408
6373
6358
6351
6345
6329
6245
6227
6212
6106
5950
5911
5886
5851
5844
5838
5830
5777
5761
5728
5579
5548
5492
5426
5353
5303
5220
5197
5146
5070
4946
4868
4843
4837
4783
4701
4590
4584
4493
4463
4444
4341
4335
4323
4213
4184
4104
4066
3919
3855
3853
3767
3726
3648
3632
3624
3371
3313
3281
3279
3225
3161
3012
2970
2942
2884
2868
2819
2699
2669
2605
2592
2462
2181
2169
2164
2016
1981
1945
1910
1885
1858
1752
1661
1645
1579
1534
1527
1463
1394
1342
1337
1145
1131
986
921
808
799
781
770
743
721
717
700
676
607
602
567
534
485
429
399
362
342
335
318
304
300
278
223
213
184
142
125
59
54
19
9
