99953
99926
99898
99896
99723
99696
99653
99649
99571
99545
99527
99514
99497
99495
99383
99381
99354
99352
99317
99299
99269
99230
99221
99211
99190
99071
99036
98959
98894
98838
98823
98719
98673
98669
98664
98613
98535
98531
98442
98433
98359
98321
98308
98211
98132
98067
98006
97950
97719
97698
97616
97613
97413
97345
97319
97311
97263
97180
97177
97142
97039
96935
96914
96881
96682
96664
96601
96580
96502
96484
96341
96312
96248
96211
96116
96064
96012
95968
95926
95892
95837
95823
95545
95490
95429
95378
95284
95168
95057
95047
94941
94889
94880
94863
94842
94774
94666
94633
94583
94568
94426
94418
94367
94326
94285
94277
94211
94201
94174
94065
93977
93898
93898
93759
93694
93619
93476
93278
93272
93252
93223
93207
93193
93152
93087
93069
93053
93029
93028
93001
92974
92930
92911
92866
92845
92840
92747
92746
92729
92692
92665
92548
92342
92233
92127
92122
92040
92036
92000
92000
91978
91949
91870
91861
91787
91677
91656
91644
91638
91637
91609
91582
91569
91544
91455
91444
91403
91396
91394
91383
91377
91332
91314
91183
91157
91025
91018
90942
90914
90831
90780
90776
90760
90749
90738
90611
90604
90508
90463
90370
90363
90318
90286
90223
90203
90167
90146
90113
90094
90063
90018
89972
89951
89925
89912
89832
89797
89765
89700
89487
89428
89414
89358
89300
89259
89255
89123
89108
89103
89012
88901
88871
88862
88754
88740
88700
88694
88667
88666
88637
88601
88574
88514
88513
88419
88362
88314
88298
88289
88269
88206
88206
88178
88147
88111
88092
88082
88062
88041
87980
87947
87937
87858
87856
87856
87791
87778
87727
87665
87544
87508
87472
87341
87305
87253
87214
87182
87171
87092
87079
87047
87040
87010
86862
86735
86678
86528
86484
86467
86463
86427
86347
86343
86325
86281
86210
86195
86189
86178
86169
86155
86060
86060
86058
85874
85826
85658
85608
85607
85579
85545
85539
85424
85409
85357
85312
85309
85172
85142
85078
85038
85021
84844
84815
84808
84754
84716
84614
84577
84545
84514
84512
84506
84467
84459
84317
84297
84260
84258
84241
84202
84178
84155
84070
84042
84038
84022
83881
83868
83514
83442
83365
83228
83202
83179
83157
83033
82939
82866
82779
82706
82694
82602
82538
82531
82453
82366
82357
82287
82261
82207
82193
82123
82069
81978
81928
81838
81823
81806
81787
81731
81707
81645
81565
81509
81496
81480
81465
81424
81378
81358
81313
81177
81174
81156
81141
81126
81106
81075
81046
81022
80993
80968
80894
80861
80804
80795
80763
80743
80738
80707
80690
80600
80565
80540
80488
80479
80453
80452
80355
80299
80250
80025
80002
79942
79782
79744
79604
79596
79529
79478
79410
79304
79250
79228
79204
79196
79181
79001
78985
78911
78908
78892
78849
78764
78763
78690
78612
78446
78408
78400
78390
78312
78297
78292
78279
78211
78109
78096
78004
77974
77952
77905
77899
77791
77784
77755
77723
77632
77539
77533
77464
77398
77388
77384
77310
77293
77283
77231
77171
77126
77125
77101
77049
77042
76983
76951
76945
76887
76862
76728
76627
76605
76600
76579
76428
76398
76332
76173
76024
75972
75844
75815
75737
75673
75639
75625
75611
75584
75570
75523
75471
75416
75412
75404
75397
75333
75318
75295
75146
75116
75065
75055
74971
74885
74855
74825
74820
74819
74792
74766
74763
74626
74456
74421
74420
74396
74367
74366
74253
74193
74144
74093
74046
74043
74028
73915
73906
73869
73768
73759
73730
73578
73535
73484
73479
73464
73456
73445
73434
73345
73300
73295
73276
73259
73253
73092
72878
72836
72830
72813
72725
72691
72677
72641
72617
72593
72470
72469
72451
72445
72379
72320
72270
72253
72208
72193
72161
72096
72074
72007
71978
71969
71961
71960
71903
71839
71814
71786
71771
71765
71715
71600
71592
71589
71492
71485
71442
71267
71175
71136
71125
71050
70999
70995
70966
70925
70899
70891
70881
70868
70759
70695
70572
70529
70500
70371
70363
70341
70314
70309
70284
70253
70197
70039
70031
70028
69986
69909
69838
69717
69667
69553
69507
69422
69367
69290
69183
69177
69136
69124
69094
69069
69062
69043
69032
69011
69000
68993
68860
68817
68704
68633
68541
68453
68421
68412
68381
68359
68342
68303
68303
68280
68275
68258
68245
68244
68232
68231
68194
68091
68075
68017
67979
67830
67783
67676
67669
67668
67546
67529
67405
67335
67291
67259
67236
67208
67171
67071
66925
66837
66808
66692
66604
66552
66551
66517
66496
66471
66420
66363
66321
66248
66228
66220
66180
66163
66049
66029
65984
65982
65938
65860
65754
65744
65684
65632
65600
65518
65401
65354
65231
65130
65093
65080
65069
65004
64720
64670
64654
64540
64439
64414
64393
64378
64213
64189
64184
64119
64076
63904
63859
63847
63754
63593
63496
63480
63290
63224
63128
63111
63109
63083
62953
62746
62705
62645
62616
62579
62543
62526
62446
62433
62431
62404
62385
62338
62217
62212
62175
62003
61985
61980
61944
61926
61923
61870
61856
61785
61755
61724
61723
61714
61681
61404
61347
61282
61258
61202
61171
61170
61158
61132
61080
61068
60957
60956
60956
60869
60738
60730
60725
60725
60690
60686
60677
60637
60633
60606
60571
60565
60476
60466
60449
60443
60390
60369
60357
60150
60140
60043
59993
59981
59956
59946
59837
59837
59661
59629
59506
59506
59497
59472
59437
59432
59337
59259
59245
59152
59048
59018
58969
58919
58864
58841
58837
58787
58784
58664
58602
58493
58474
58444
58382
58292
58212
58193
58142
58135
58101
58048
57834
57834
57716
57653
57619
57615
57499
57483
57441
57401
57361
57356
57315
57311
57219
57218
56947
56930
56906
56883
56838
56836
56832
56824
56818
56803
56777
56733
56719
56703
56682
56618
56514
56452
56427
56390
56389
56373
56302
56203
56130
56122
55976
55880
55855
55852
55828
55811
55648
55617
55537
55509
55401
55282
55206
55188
55181
55119
55118
55018
54997
54931
54857
54797
54772
54771
54720
54683
54626
54603
54601
54552
54448
54374
54344
54342
54305
54252
54087
54061
54042
54010
53901
53849
53848
53813
53675
53646
53624
53517
53451
53396
53188
53103
53063
53005
52951
52913
52881
52877
52756
52648
52507
52484
52465
52446
52304
52224
52208
52202
52198
52197
52187
52037
52035
52026
52006
51993
51882
51766
51646
51637
51618
51599
51572
51508
51403
51377
51285
51196
51191
51147
51061
51058
51056
51039
50998
50991
50935
50666
50614
50576
50555
50540
50532
50383
50370
50294
50285
50278
50200
50194
50159
50033
50007
50004
49968
49830
49825
49787
49779
49645
49615
49528
49383
49350
49315
49296
49266
49186
49119
49033
48959
48891
48854
48828
48761
48754
48602
48588
48563
48539
48514
48490
48385
48358
48322
48306
48303
48258
48183
48128
48123
48110
48107
48079
47973
47920
47844
47818
47790
47691
47672
47641
47640
47563
47557
47539
47536
47448
47431
47408
47362
47339
47337
47289
47225
47084
47009
46899
46878
46878
46874
46863
46833
46807
46770
46755
46685
46670
46638
46593
46587
46554
46446
46416
46332
46327
46248
46228
46012
45816
45773
45772
45720
45715
45668
45653
45649
45642
45638
45595
45594
45536
45474
45474
45416
45411
45406
45365
45335
45282
44993
44973
44806
44785
44671
44641
44621
44610
44565
44408
44382
44376
44373
44361
44340
44326
44304
44289
44271
44134
44122
44085
44035
43990
43959
43903
43891
43838
43646
43561
43552
43529
43527
43526
43512
43503
43469
43454
43438
43326
43224
43166
43148
43122
43115
43071
42920
42841
42808
42708
42667
42614
42576
42538
42391
42312
42223
42206
42150
42052
42025
42009
41997
41953
41897
41891
41846
41800
41776
41719
41683
41675
41599
41538
41502
41470
41314
41103
40990
40951
40946
40866
40816
40716
40679
40643
40518
40516
40506
40483
40467
40462
40344
40324
40312
40216
40182
40118
40059
39953
39907
39906
39756
39585
39583
39571
39561
39533
39504
39415
39332
39320
39291
39264
39145
39074
39071
39057
39052
38990
38938
38886
38800
38792
38709
38373
38371
38346
38300
38281
38188
38165
38138
38111
38096
37953
37939
37936
37924
37877
37870
37752
37742
37707
37678
37648
37640
37635
37606
37547
37473
37437
37369
37230
37227
37222
37220
37180
37151
37102
37032
36988
36983
36968
36785
36780
36732
36598
36495
36362
36305
36294
36177
36076
35978
35876
35826
35787
35786
35782
35781
35731
35726
35668
35653
35598
35578
35417
35415
35392
35390
35335
35327
35255
35234
35098
35051
35034
35000
34990
34986
34888
34866
34799
34755
34728
34718
34663
34652
34640
34616
34609
34456
34454
34417
34342
34337
34228
34180
34104
34050
34045
34040
34027
33887
33842
33818
33781
33736
33722
33711
33704
33652
33633
33586
33570
33391
33265
33026
32986
32916
32739
32689
32593
32534
32505
32500
32487
32484
32461
32452
32439
32411
32371
32352
32348
32298
32276
32253
32238
32234
32214
32199
32157
32043
31936
31847
31812
31810
31748
31728
31712
31627
31586
31559
31488
31465
31455
31424
30994
30991
30887
30883
30881
30822
30699
30633
30589
30582
30540
30505
30497
30380
30272
30161
30083
30080
30037
29802
29801
29773
29768
29722
29713
29663
29625
29615
29601
29587
29542
29523
29409
29396
29364
29354
29351
29348
29335
29307
29301
29291
29289
29270
29251
29182
29176
29149
29068
29036
29029
28967
28690
28543
28412
28396
28370
28210
28150
28146
28095
28091
28081
28036
28020
27911
27909
27846
27622
27607
27590
27527
27508
27454
27357
27356
27292
27273
27200
27134
27031
26967
26924
26802
26799
26762
26713
26704
26702
26685
26675
26565
26534
26529
26522
26504
26485
26330
26293
26268
26141
26123
26090
26088
26083
26012
26007
26005
26004
25989
25958
25785
25762
25604
25576
25544
25520
25476
25468
25445
25352
25350
25346
25264
25248
25218
25181
25055
25008
25000
24950
24925
24858
24836
24799
24790
24782
24721
24717
24709
24600
24582
24548
24490
24454
24451
24398
24313
24260
24231
24184
24151
24139
24067
24021
23981
23844
23735
23518
23479
23452
23439
23338
23311
23275
23197
23134
23084
23034
23017
22991
22893
22861
22850
22774
22692
22673
22591
22587
22525
22487
22430
22387
22129
22122
22033
22025
22010
21965
21939
21918
21863
21815
21699
21626
21605
21571
21432
21430
21295
21155
21127
21038
21037
20962
20958
20955
20942
20874
20786
20742
20735
20712
20692
20667
20634
20623
20589
20555
20544
20485
20453
20342
20243
20227
20129
20113
20088
19980
19979
19979
19953
19892
19846
19758
19735
19552
19545
19542
19403
19402
19371
19186
19076
19075
18898
18833
18814
18679
18641
18584
18567
18404
18388
18225
18171
18025
18013
17934
17860
17827
17754
17721
17709
17707
17558
17490
17478
17443
17433
17407
17407
17391
17315
17286
17243
17167
17121
16962
16951
16926
16915
16861
16843
16715
16695
16544
16496
16469
16466
16428
16427
16391
16354
16294
16203
16202
16192
16178
16157
16125
16112
16089
16079
16003
15990
15917
15910
15902
15891
15853
15608
15481
15469
15451
15425
15418
15316
15232
15142
15080
15079
15071
15025
14962
14960
14814
14800
14773
14747
14742
14703
14657
14642
14581
14477
14442
14421
14316
14277
14214
14134
14133
14045
14016
13998
13949
13943
13932
13848
13813
13790
13784
13772
13709
13701
13612
13454
13428
13406
13308
13293
13276
13245
13164
13146
13098
13080
13033
12956
12793
12734
12683
12676
12674
12667
12650
12650
12644
12584
12522
12486
12446
12318
12279
12201
12185
12175
12093
12065
12017
11930
11895
11728
11697
11693
11689
11649
11613
11575
11571
11498
11495
11495
11393
11202
11020
10946
10823
10715
10687
10675
10655
10601
10591
10527
10489
10483
10374
10323
10320
10319
10314
10172
10169
10068
9922
9910
9872
9739
9620
9531
9416
9362
9334
9327
9269
9036
8910
8817
8762
8747
8717
8456
8186
8181
8126
8046
7950
7935
7934
7907
7809
7752
7681
7516
7464
7460
7391
7390
7385
7333
7278
7277
7221
7200
7155
7060
7057
7014
6811
6787
6778
6743
6690
6648
6572
6456
6362
6175
6172
6096
6075
6038
5940
5937
5863
5846
5837
5729
5557
5506
5468
5249
5184
5155
5044
5021
5012
4998
4982
4955
4872
4835
4819
4815
4754
4665
4631
4599
4596
4576
4534
4485
4392
4371
4352
4335
4329
4268
4226
4154
4075
3948
3861
3833
3740
3703
3662
3628
3605
3514
3441
3262
3248
3223
3166
3165
3135
3007
2996
2779
2758
2757
2731
2722
2637
2584
2558
2517
2461
2428
2415
2409
2407
2297
2283
2277
2177
2165
2126
2122
2046
1912
1902
1901
1899
1824
1655
1599
1420
1366
1326
1325
1298
1263
1259
1231
1221
1120
1119
1054
1048
1040
1031
1009
828
716
707
647
606
537
483
387
361
345
289
127
