99969
99964
99859
99847
99781
99737
99728
99664
99392
99387
99378
99363
99358
99335
99293
99252
99157
99154
99151
99104
99075
99068
98986
98906
98864
98849
98840
98829
98776
98724
98680
98635
98623
98620
98514
98433
98404
98185
98104
98087
98064
98029
98024
97963
97947
97885
97793
97772
97699
97697
97569
97552
97551
97504
97408
97388
97376
97332
97226
97204
97159
97087
96881
96875
96761
96743
96700
96679
96616
96375
96370
96255
96144
96106
96022
95861
95816
95672
95660
95529
95509
95502
95495
95485
95461
95378
95352
95242
95226
95174
95039
95035
95005
94983
94981
94958
94909
94875
94865
94859
94658
94653
94567
94501
94456
94347
94339
94212
94209
94207
94038
93983
93974
93810
93745
93699
93647
93647
93520
93515
93510
93472
93380
93285
93282
93278
93263
93231
93188
93177
93135
93016
92901
92849
92825
92812
92785
92760
92747
92703
92672
92486
92446
92364
92083
92020
91988
91920
91897
91834
91805
91762
91682
91606
91595
91581
91558
91551
91544
91499
91441
91416
91334
91319
91211
91127
91067
91033
90888
90885
90879
90778
90711
90696
90696
90691
90654
90615
90584
90515
90478
90470
90411
90217
90126
90117
90112
90081
90080
90065
90042
90009
89941
89900
89875
89855
89806
89690
89628
89479
89434
89432
89422
89402
89342
89339
89324
89320
89316
89271
89166
89060
89044
89040
88981
88973
88924
88920
88908
88830
88773
88761
88755
88670
88667
88655
88564
88541
88526
88454
88434
88336
88292
88233
88225
88189
88161
88123
88116
88092
88053
88041
87961
87924
87915
87715
87687
87665
87649
87533
87508
87474
87436
87335
87265
87136
87093
87064
87044
87038
87007
86991
86949
86833
86569
86518
86493
86481
86384
86252
86229
85929
85881
85816
85771
85771
85763
85743
85728
85671
85661
85614
85514
85420
85417
85394
85384
85357
85255
85154
85100
85044
84995
84909
84880
84841
84828
84780
84761
84721
84669
84641
84609
84600
84597
84573
84532
84531
84403
84330
84289
84252
84160
84118
84064
84017
83936
83816
83696
83676
83629
83588
83531
83469
83433
83418
83351
83306
83202
82959
82938
82921
82906
82901
82897
82870
82807
82738
82722
82696
82614
82549
82543
82529
82524
82470
82299
82269
81955
81945
81927
81873
81862
81811
81803
81779
81703
81695
81694
81654
81653
81595
81555
81548
81440
81424
81235
81118
81109
81094
81071
81056
81052
81030
80962
80812
80785
80770
80762
80735
80729
80701
80633
80558
80466
80460
80457
80351
80341
80313
80242
80138
80077
80057
80051
80051
79892
79885
79849
79845
79842
79811
79795
79623
79462
79434
79434
79283
79260
79253
79171
79145
79068
78991
78850
78836
78791
78724
78698
78659
78635
78627
78608
78595
78570
78484
78473
78467
78385
78345
78307
78278
78247
78224
78221
78094
77837
77788
77621
77582
77573
77493
77460
77416
77405
77380
77307
77280
77217
77163
77148
77096
77017
76977
76886
76876
76806
76759
76757
76646
76530
76471
76340
76295
76266
76241
76212
76173
76162
76127
76077
76054
76009
75987
75971
75893
75820
75819
75809
75774
75729
75609
75586
75585
75484
75469
75442
75436
75429
75420
75382
75265
75226
75206
75103
75057
74979
74969
74950
74839
74746
74648
74622
74612
74596
74556
74535
74502
74413
74409
74386
74373
74362
74329
74266
74158
74136
74079
73996
73925
73902
73875
73821
73770
73743
73738
73644
73604
73520
73433
73389
73366
73366
73339
73334
73316
73182
73142
73133
73092
73032
73021
73004
72998
72965
72874
72858
72744
72730
72676
72667
72654
72615
72559
72557
72429
72371
72332
72308
72301
72289
72280
72177
72102
72086
72044
72008
71944
71850
71822
71737
71697
71531
71506
71498
71433
71390
71378
71365
71300
71244
71133
71087
71053
71033
71012
70913
70899
70831
70761
70681
70669
70624
70454
70439
70164
70146
70109
70035
69893
69659
69651
69636
69600
69584
69514
69474
69293
69279
69199
69198
69160
69010
68907
68866
68835
68833
68766
68741
68686
68681
68679
68633
68596
68544
68541
68537
68534
68448
68379
68343
68309
68010
67990
67970
67848
67845
67844
67783
67766
67745
67715
67668
67664
67474
67274
67248
67225
67202
67029
66953
66755
66717
66559
66556
66543
66465
66457
66427
66357
66351
66305
66168
66162
66149
66059
65973
65963
65958
65927
65777
65708
65665
65622
65575
65559
65554
65510
65483
65398
65237
65184
65144
65105
65093
65090
65043
65003
64980
64979
64972
64911
64841
64776
64739
64720
64709
64660
64525
64500
64474
64397
64302
64293
64264
64262
64232
64163
64039
64031
64029
63962
63922
63860
63859
63857
63775
63726
63663
63632
63606
63601
63549
63476
63453
63434
63371
63358
63286
63246
63232
63091
62898
62873
62854
62743
62719
62709
62690
62664
62608
62591
62586
62572
62568
62525
62445
62376
62375
62360
62288
62245
62218
62191
62184
62096
62073
62057
62027
62005
61994
61955
61945
61910
61881
61859
61760
61675
61600
61560
61550
61531
61511
61494
61318
61300
61246
61201
61122
61115
61045
61022
61015
60953
60906
60867
60848
60819
60721
60704
60688
60606
60494
60484
60387
60380
60378
60153
60120
60043
60005
59993
59972
59947
59943
59895
59882
59869
59844
59812
59808
59760
59752
59750
59680
59599
59598
59554
59553
59522
59481
59481
59447
59408
59351
59303
59302
59228
59195
59099
58962
58941
58939
58923
58923
58846
58817
58767
58754
58750
58580
58564
58429
58384
58312
58202
58188
58182
58137
58099
58064
57918
57916
57875
57823
57686
57633
57529
57522
57497
57460
57380
57364
57352
57317
57186
57134
57036
56951
56935
56904
56833
56832
56812
56810
56798
56756
56743
56702
56699
56688
56674
56642
56573
56516
56393
56389
56367
56279
56251
56189
56170
56147
56128
55960
55954
55921
55895
55816
55761
55710
55685
55649
55574
55501
55493
55473
55436
55396
55304
55171
55141
55138
55134
55127
55067
55040
55038
54964
54913
54906
54854
54752
54740
54704
54676
54600
54524
54478
54384
54363
54338
54324
54306
54273
54199
54197
54129
53968
53881
53853
53822
53766
53727
53708
53616
53539
53529
53472
53372
53360
53192
53086
53019
52975
52910
52851
52847
52843
52809
52658
52513
52496
52362
52346
52291
52279
52212
52173
52148
52108
52079
52056
51995
51993
51980
51768
51745
51693
51670
51606
51554
51494
51487
51297
51203
51129
51125
51049
50945
50938
50896
50857
50840
50678
50675
50599
50457
50447
50371
50354
50312
50198
50155
50126
50111
50111
50072
50030
49997
49977
49971
49951
49914
49763
49694
49661
49657
49645
49592
49512
49500
49446
49414
49380
49318
49260
49201
49185
49133
49101
49046
48797
48684
48683
48661
48581
48566
48430
48422
48412
48326
48247
48192
47852
47827
47814
47801
47660
47620
47580
47535
47449
47439
47416
47408
47352
47253
47209
47159
47139
47079
47053
47033
47002
46986
46929
46920
46834
46826
46822
46809
46792
46761
46721
46716
46708
46661
46629
46624
46524
46509
46462
46343
46298
46296
46288
46269
46250
46100
46024
45949
45894
45753
45615
45610
45586
45567
45561
45503
45483
45412
45381
45090
45054
45053
45051
45020
45003
44978
44978
44943
44882
44779
44741
44705
44669
44661
44640
44543
44528
44517
44511
44494
44482
44421
44363
44171
44135
44075
44050
43969
43917
43901
43896
43895
43880
43840
43780
43750
43728
43698
43676
43605
43600
43586
43554
43546
43511
43483
43432
43262
43172
43160
43099
43059
42909
42864
42842
42695
42576
42521
42504
42453
42446
42334
42323
42318
42300
42290
42263
42262
42215
42151
42094
42074
42066
42059
42058
41970
41951
41950
41924
41915
41905
41895
41878
41878
41835
41811
41808
41747
41679
41663
41622
41605
41526
41519
41431
41400
41290
41287
41190
41148
41139
41114
41104
41063
40982
40890
40847
40777
40688
40670
40628
40577
40569
40543
40513
40510
40476
40450
40361
40347
40296
40276
40224
40123
40101
40076
40026
39872
39770
39762
39738
39726
39594
39569
39545
39511
39490
39414
39347
39290
39197
39173
39150
39132
39126
39110
39102
39072
39040
39008
38991
38987
38981
38879
38860
38805
38760
38702
38653
38603
38563
38559
38511
38447
38442
38426
38388
38378
38366
38332
38282
38257
38236
38116
37956
37954
37679
37655
37606
37571
37445
37322
37232
37176
37124
37063
37063
37004
37002
36972
36876
36734
36710
36628
36616
36529
36498
36495
36424
36401
36401
36392
36348
36318
36300
36293
36178
36172
36123
36116
36007
35921
35876
35810
35720
35705
35634
35568
35539
35518
35449
35445
35288
35279
35229
35225
35180
35158
35148
35064
34990
34945
34881
34845
34823
34644
34574
34559
34517
34467
34448
34434
34352
34270
34269
34264
34263
34185
34126
34050
34040
34039
34028
33999
33959
33743
33742
33732
33631
33626
33609
33590
33491
33475
33469
33469
33439
33416
33376
33270
33266
33224
33167
33122
33097
32852
32526
32495
32494
32438
32382
32344
32193
32189
32183
32065
32037
32034
32027
31932
31921
31909
31888
31862
31861
31794
31734
31723
31697
31661
31647
31632
31586
31512
31492
31421
31349
31164
31121
31063
31024
30974
30901
30761
30721
30660
30650
30639
30605
30479
30457
30437
30409
30358
30315
30308
30279
30210
30163
30154
30084
30066
30066
30062
29929
29878
29869
29856
29812
29792
29756
29752
29524
29480
29452
29438
29437
29435
29420
29330
29298
29275
29275
29262
29217
29141
29138
29115
29064
29020
29013
28981
28871
28802
28743
28719
28667
28626
28612
28607
28507
28462
28458
28407
28226
28050
28020
28015
27913
27873
27744
27687
27684
27619
27490
27346
27282
27246
27235
27232
27173
27131
27047
27045
27033
27012
26980
26930
26895
26826
26810
26776
26739
26684
26560
26555
26536
26523
26521
26482
26465
26376
26361
26344
26264
26219
26112
26097
26069
26000
25989
25934
25871
25800
25785
25709
25684
25646
25641
25567
25562
25527
25470
25459
25425
25346
25335
25304
25180
25148
25128
25061
25051
25011
24984
24931
24905
24869
24827
24820
24687
24675
24617
24470
24424
24417
24413
24340
24319
24301
24288
24285
24267
24223
24184
24161
24100
24038
24033
23995
23955
23931
23882
23821
23779
23777
23487
23482
23427
23353
23348
23205
23146
23109
23062
23009
22870
22854
22783
22710
22690
22332
22258
22235
22213
22187
22183
22134
22105
22101
22005
22004
21993
21921
21771
21678
21674
21653
21603
21598
21569
21405
21398
21297
21241
21207
21199
21112
21111
21037
21018
20966
20933
20529
20404
20381
20289
20195
19906
19905
19811
19765
19696
19658
19611
19570
19461
19441
19417
19403
19234
19204
19105
19088
19006
18949
18852
18801
18778
18770
18659
18650
18621
18596
18582
18470
18383
18304
18257
18253
18245
18207
18180
18123
18121
18037
18035
17994
17993
17973
17946
17881
17631
17513
17363
17353
17350
17224
17209
17172
17005
16972
16828
16787
16785
16729
16713
16696
16632
16590
16515
16460
16446
16437
16435
16355
16353
16347
16274
16271
16215
16198
16129
16110
16091
16085
15933
15908
15769
15638
15521
15468
15460
15438
15398
15336
15326
15323
15277
15276
15225
15216
15116
15070
15020
14898
14879
14837
14796
14750
14717
14714
14653
14488
14483
14429
14250
14211
14007
13990
13948
13794
13700
13697
13599
13586
13582
13486
13483
13480
13399
13367
13354
13260
13163
13160
13087
13059
12905
12858
12660
12481
12471
12424
12418
12179
12096
11905
11843
11829
11734
11662
11604
11592
11573
11538
11537
11516
11505
11492
11453
11379
11375
11328
11287
11255
11253
11185
11148
11028
11004
10973
10972
10964
10900
10867
10840
10782
10727
10706
10649
10586
10571
10509
10284
10208
10190
10148
10117
10101
10054
9941
9896
9888
9871
9857
9716
9584
9476
9399
9200
9197
9174
9167
9131
9096
9074
9052
9043
8967
8923
8863
8853
8821
8799
8712
8630
8603
8543
8542
8427
8363
8334
8297
8283
8128
8073
8045
8004
7991
7971
7886
7840
7833
7808
7668
7429
7393
7385
7246
7237
7228
7217
7174
7064
7052
6957
6861
6811
6747
6717
6581
6581
6519
6480
6463
6332
6180
6142
6068
6050
6037
6008
5984
5972
5970
5946
5934
5890
5811
5808
5785
5776
5717
5686
5611
5569
5345
5230
5174
5173
5162
4990
4971
4964
4956
4951
4942
4892
4882
4815
4811
4789
4749
4731
4700
4597
4589
4584
4538
4530
4524
4513
4489
4380
4342
4261
4221
4191
4179
4084
4071
4020
4005
3982
3975
3934
3914
3822
3816
3754
3739
3726
3697
3656
3618
3542
3355
3130
2892
2768
2761
2740
2729
2705
2704
2670
2594
2423
2332
2326
2290
2185
2117
2100
1961
1860
1779
1745
1712
1602
1596
1580
1255
1220
1146
1139
1132
1123
1056
1044
1003
867
836
739
638
627
570
509
502
475
418
352
128
52
37
