99951
99872
99766
99718
99612
99548
99537
99501
99417
99412
99400
99362
99360
99333
99308
99295
99242
99217
99164
99139
99086
99084
99049
99048
99001
98933
98851
98787
98784
98765
98711
98710
98651
98542
98512
98509
98505
98439
98327
98206
98160
98078
97905
97896
97874
97863
97831
97823
97818
97805
97758
97664
97630
97625
97616
97597
97594
97501
97494
97401
97283
97144
97116
97100
97084
97049
97048
96979
96969
96967
96912
96882
96819
96802
96777
96731
96704
96666
96620
96606
96579
96550
96515
96303
96224
96138
96041
96037
96037
95993
95989
95964
95778
95773
95697
95623
95610
95603
95599
95583
95571
95555
95545
95500
95462
95456
95384
95349
95317
95295
95258
95190
95180
95097
95056
95032
94978
94975
94961
94922
94918
94908
94758
94712
94640
94470
94455
94453
94416
94370
94173
94172
94103
94084
94080
94047
94024
93987
93970
93951
93948
93919
93917
93863
93763
93760
93728
93690
93553
93543
93525
93506
93496
93453
93261
93227
93208
93189
93141
93129
93124
93114
93068
93055
92924
92848
92597
92594
92509
92483
92412
92258
92181
92087
92062
91982
91966
91941
91842
91758
91753
91577
91536
91521
91374
91345
91328
91287
91279
91211
91173
91172
91160
91076
91055
91046
91042
90936
90931
90906
90888
90852
90629
90624
90614
90603
90465
90417
90397
90194
89950
89909
89820
89782
89749
89745
89697
89646
89646
89630
89622
89616
89587
89549
89514
89483
89448
89428
89424
89339
89314
89258
89100
89023
89009
89000
88969
88963
88937
88855
88848
88831
88797
88658
88639
88618
88600
88531
88284
88242
88176
88176
88176
88097
88037
88035
87873
87860
87841
87835
87707
87692
87589
87589
87547
87512
87497
87403
87316
87217
87192
87162
87125
87062
86955
86896
86896
86872
86864
86846
86837
86750
86678
86640
86627
86574
86569
86510
86444
86431
86399
86306
86302
86225
86127
86070
86066
86041
85932
85892
85891
85866
85847
85809
85791
85736
85732
85685
85581
85568
85530
85409
85407
85331
85218
85176
85154
85138
85129
85083
85080
85072
85067
85041
84915
84885
84875
84840
84802
84697
84642
84638
84621
84619
84535
84482
84460
84396
84367
84351
84295
84267
84229
84176
84067
83980
83976
83945
83900
83854
83640
83575
83554
83548
83455
83393
83342
83331
83276
83208
83113
82989
82906
82843
82733
82725
82714
82702
82696
82650
82644
82615
82527
82517
82386
82380
82361
82356
82337
82284
82279
82009
82001
82001
81893
81868
81774
81771
81698
81610
81549
81496
81495
81390
81377
81351
81240
81224
81198
81186
80946
80847
80833
80763
80541
80477
80473
80418
80357
80341
80312
80226
80216
80192
80162
80120
80108
80085
80009
79993
79984
79969
79898
79879
79856
79791
79702
79695
79684
79659
79605
79568
79559
79526
79521
79482
79421
79348
79314
79258
79158
79154
79124
79008
78910
78881
78845
78834
78725
78638
78633
78615
78523
78522
78522
78490
78466
78397
78396
78324
78296
78245
78240
78195
78132
78027
77973
77901
77867
77830
77566
77525
77420
77407
77231
77181
77164
77151
77024
76996
76920
76892
76887
76857
76753
76670
76657
76546
76522
76518
76487
76451
76419
76389
76320
76290
76249
76246
76212
76190
76170
76167
76142
76134
76116
76034
76007
75995
75788
75775
75772
75757
75729
75677
75662
75515
75512
75173
75111
75103
74997
74976
74968
74909
74849
74765
74738
74724
74635
74613
74610
74558
74527
74497
74447
74409
74394
74354
74310
74267
74253
74228
74213
74181
74147
74132
74121
74068
73986
73813
73695
73658
73653
73573
73545
73431
73422
73362
73354
73257
73206
73198
73139
73111
73065
73008
72964
72859
72765
72742
72711
72697
72578
72466
72393
72285
72222
72203
72189
72136
72009
71989
71930
71861
71856
71832
71811
71685
71586
71423
71377
71349
71327
71246
71194
71163
71136
71128
71103
71025
71008
70988
70778
70774
70693
70675
70643
70602
70585
70518
70364
70343
70266
70210
70131
70126
70090
70040
70003
69962
69933
69892
69846
69845
69835
69815
69807
69742
69561
69477
69430
69402
69375
69368
69293
69291
69257
69200
69177
69166
69150
69143
69100
69048
68934
68905
68902
68901
68873
68814
68771
68640
68501
68468
68461
68387
68380
68352
68293
68279
68268
68153
68045
68042
68002
67848
67824
67758
67616
67543
67518
67493
67391
67254
67225
67166
67077
66970
66927
66907
66793
66640
66589
66548
66539
66430
66371
66303
66246
66236
66235
66171
66160
66113
66103
66065
66034
66030
66018
65998
65989
65969
65878
65792
65630
65628
65604
65600
65584
65154
65131
65112
65063
64978
64963
64942
64935
64884
64840
64826
64806
64789
64785
64774
64752
64720
64614
64497
64432
64336
64238
64124
64078
63936
63910
63909
63906
63824
63823
63789
63787
63756
63659
63657
63525
63517
63458
63437
63425
63377
63361
63318
63284
63234
63148
63041
62869
62822
62821
62746
62662
62598
62588
62583
62554
62478
62458
62406
62401
62395
62363
62341
62336
62300
62148
62087
62082
61967
61810
61684
61599
61562
61514
61475
61309
61308
61244
61213
61159
61135
61117
61018
60931
60922
60833
60830
60816
60781
60715
60711
60701
60672
60642
60636
60621
60585
60559
60500
60449
60420
60378
60376
60367
60279
60097
59956
59923
59908
59844
59706
59675
59633
59616
59588
59531
59354
59339
59334
59280
59205
59153
59051
59044
58983
58892
58880
58860
58577
58512
58457
58424
58371
58367
58344
58340
58313
58312
58277
58263
58191
58162
58155
58083
58047
58012
57985
57905
57874
57700
57689
57624
57604
57498
57476
57431
57367
57240
57197
57125
56973
56910
56903
56737
56726
56616
56596
56538
56509
56469
56386
56373
56352
56067
56024
55959
55934
55823
55774
55718
55712
55687
55667
55656
55640
55625
55616
55547
55545
55455
55389
55371
55309
55268
55252
55240
55228
55180
55156
55076
55003
54930
54790
54757
54617
54616
54594
54581
54577
54512
54413
54396
54308
54274
54270
54240
54207
54075
53962
53933
53925
53925
53895
53863
53861
53843
53813
53776
53726
53661
53651
53604
53577
53518
53495
53365
53363
53358
53344
53275
53268
53238
53168
53138
53135
53085
53074
53067
52910
52755
52741
52666
52649
52525
52411
52406
52359
52350
52335
52301
52252
52190
52174
52137
52135
52103
52012
51866
51851
51788
51693
51598
51597
51581
51528
51526
51516
51501
51333
51325
51305
51292
51223
51212
51183
51172
51139
51134
51106
51007
50984
50967
50871
50836
50827
50802
50714
50709
50565
50542
50541
50539
50471
50425
50274
50253
50198
50130
50114
50092
50070
50051
50050
49930
49830
49804
49707
49660
49645
49617
49597
49551
49428
49297
49149
49115
49101
49011
49005
49001
48971
48968
48959
48952
48882
48801
48775
48734
48691
48623
48600
48549
48469
48447
48406
48383
48179
48142
48065
48033
47928
47903
47705
47672
47571
47553
47546
47530
47501
47453
47375
47350
47323
47272
47253
47189
47139
47072
47063
47039
47024
46949
46921
46875
46871
46791
46732
46704
46663
46530
46514
46488
46469
46467
46441
46431
46408
46405
46366
46354
46284
46101
46098
46092
46062
45918
45911
45870
45823
45806
45793
45779
45761
45728
45718
45654
45605
45534
45445
45405
45313
45313
45308
45247
45236
45148
45139
45100
45099
45056
44948
44930
44863
44841
44811
44805
44798
44761
44711
44704
44681
44668
44461
44456
44442
44365
44347
44336
44331
44247
44191
44072
43992
43983
43970
43907
43813
43799
43741
43591
43474
43463
43374
43270
43212
43201
43125
43087
43085
43053
42999
42923
42871
42843
42789
42738
42685
42614
42564
42525
42509
42502
42484
42470
42434
42434
42412
42341
42276
42270
42259
42239
42226
42117
42107
41939
41927
41831
41717
41708
41666
41613
41563
41535
41533
41531
41528
41522
41494
41467
41463
41460
41454
41234
41178
40952
40952
40936
40815
40812
40749
40740
40722
40710
40691
40652
40513
40468
40465
40453
40381
40348
40220
40206
40165
40141
40122
40051
40013
39996
39995
39953
39931
39929
39827
39824
39817
39801
39744
39711
39608
39598
39446
39360
39287
39253
39133
39126
39123
39060
39037
39024
39019
38960
38902
38854
38776
38740
38724
38673
38608
38471
38444
38424
38391
38292
38291
38273
38115
37915
37847
37800
37783
37652
37606
37599
37573
37559
37432
37304
37300
37280
37279
37179
37178
37004
36729
36727
36694
36688
36617
36550
36532
36401
36374
36336
36242
36240
36225
36219
36206
36193
36180
36112
36068
35956
35920
35897
35778
35680
35658
35635
35554
35540
35537
35533
35445
35347
35306
35303
35287
35257
35242
35225
35160
35133
35084
35082
34995
34947
34939
34874
34826
34823
34819
34737
34725
34644
34609
34595
34576
34572
34547
34542
34537
34483
34449
34325
34307
34268
34192
34077
34052
34014
33998
33786
33658
33653
33626
33575
33424
33418
33398
33091
33062
32952
32947
32932
32905
32898
32826
32782
32717
32667
32492
32445
32424
32385
32375
32230
32180
32014
32006
31941
31926
31880
31851
31809
31726
31706
31678
31673
31649
31557
31475
31355
31337
31307
31288
31264
31249
31206
31025
30962
30843
30827
30819
30789
30592
30580
30551
30485
30468
30460
30453
30446
30375
30266
30265
30255
30241
30217
30197
30193
30007
30005
29939
29865
29857
29814
29803
29799
29771
29747
29702
29642
29602
29600
29562
29560
29514
29412
29346
29315
29261
29213
29200
29179
29126
29065
29027
29015
29003
28974
28971
28951
28707
28521
28465
28459
28288
28215
28168
28157
28141
28132
28111
27980
27934
27931
27834
27767
27742
27705
27691
27690
27680
27620
27551
27542
27432
27349
27312
27306
27295
27129
27125
27088
27065
27038
27019
27010
26961
26911
26875
26676
26529
26524
26498
26492
26464
26464
26462
26455
26434
26367
26363
26361
26295
26219
26162
26161
26121
25941
25854
25849
25781
25750
25652
25644
25621
25613
25478
25473
25223
25202
25020
24881
24797
24784
24783
24664
24597
24511
24462
24429
24425
24370
24340
24319
24180
24054
24014
23972
23911
23900
23822
23733
23678
23598
23550
23525
23515
23505
23499
23413
23327
23326
23210
22868
22766
22690
22599
22578
22533
22485
22456
22446
22419
22405
22397
22390
22271
22263
22199
22189
22176
22161
22154
22136
21946
21938
21907
21906
21830
21755
21726
21693
21639
21613
21464
21430
21415
21343
21316
21306
21259
21167
21166
21054
21049
21019
21010
20919
20879
20798
20760
20680
20623
20612
20507
20487
20424
20376
20339
20318
20298
20236
20111
20088
20023
19949
19944
19920
19851
19727
19722
19569
19564
19563
19535
19520
19450
19359
19325
19281
19203
19169
19139
19123
19063
19057
18974
18951
18877
18748
18748
18573
18515
18467
18447
18341
18315
18296
18266
18160
18153
18134
18051
18002
17976
17966
17865
17832
17824
17813
17676
17631
17530
17486
17435
17406
17376
17341
17317
17300
17295
17264
17259
17245
17228
17105
17019
16975
16975
16966
16958
16876
16872
16729
16715
16508
16468
16463
16330
16293
16214
16180
16148
16130
16118
16103
16017
15955
15886
15818
15811
15778
15756
15737
15719
15622
15502
15500
15271
15182
15076
14946
14887
14882
14840
14774
14684
14602
14579
14571
14466
14419
14413
14354
14294
14198
14188
14001
13963
13879
13874
13664
13661
13608
13530
13474
13373
13371
13352
13350
13323
13166
13071
13030
12975
12821
12764
12710
12613
12579
12577
12514
12437
12341
12332
12244
12163
12151
12017
11937
11872
11811
11736
11730
11674
11662
11569
11546
11545
11494
11477
11462
11355
11297
11266
11258
11129
11104
11099
11081
11038
11007
10922
10879
10795
10787
10756
10727
10642
10634
10613
10559
10508
10476
10466
10327
10172
10125
10111
10014
9978
9971
9937
9787
9730
9721
9671
9540
9445
9343
9311
8998
8910
8789
8725
8723
8710
8699
8628
8599
8533
8504
8374
8366
8353
8341
8334
8228
7995
7956
7898
7867
7856
7808
7793
7786
7760
7686
7652
7609
7598
7526
7518
7511
7473
7432
7410
7372
7358
7322
7239
7188
7153
7136
6981
6979
6939
6934
6919
6918
6754
6685
6644
6610
6600
6283
6097
6075
6069
6037
6027
6000
5885
5883
5861
5853
5757
5532
5532
5250
5237
5163
4944
4877
4821
4789
4755
4686
4561
4561
4532
4515
4411
4404
4376
4334
4333
4316
4259
4099
4027
3967
3956
3895
3854
3791
3755
3742
3718
3576
3576
3554
3530
3454
3300
3298
3183
3129
3111
3003
2916
2902
2890
2887
2869
2844
2798
2756
2754
2741
2725
2662
2612
2574
2455
2443
2415
2375
2355
2318
2299
2257
2131
2092
2062
2053
2052
2027
1896
1877
1835
1825
1785
1761
1704
1622
1598
1430
1427
1413
1371
1305
1305
1066
973
936
812
757
692
646
645
623
542
448
408
405
389
352
327
315
313
166
124
49
46
