99969
99843
99818
99785
99743
99627
99621
99611
99606
99601
99579
99567
99478
99401
99277
99274
99184
99081
98976
98842
98840
98761
98675
98669
98554
98545
98516
98468
98440
98437
98421
98354
98330
98191
98182
98173
98143
98139
98085
98069
97970
97841
97828
97771
97671
97558
97548
97512
97495
97436
97409
97369
97349
97324
97285
97160
97111
97107
97023
97005
96895
96742
96683
96572
96538
96516
96465
96432
96213
96190
96154
96135
96129
96085
96079
95974
95849
95799
95687
95487
95474
95439
95388
95386
95342
95228
95184
95164
95080
95056
95023
95005
94987
94981
94958
94882
94872
94863
94837
94782
94734
94729
94663
94659
94621
94537
94386
94326
94309
94254
94126
94084
93954
93832
93826
93790
93733
93718
93706
93700
93597
93578
93539
93484
93420
93383
93303
93233
93209
93152
93118
93048
93017
92981
92924
92896
92784
92781
92643
92524
92419
92246
92202
92116
92047
92008
91994
91900
91897
91895
91888
91867
91828
91824
91793
91781
91713
91698
91694
91669
91596
91550
91431
91226
91087
91076
91053
90860
90779
90758
90683
90662
90572
90569
90550
90480
90450
90419
90418
90403
90360
90313
90290
90269
90266
90198
90086
90079
90066
90013
89957
89944
89939
89826
89771
89759
89738
89598
89561
89555
89546
89501
89483
89461
89380
89312
89309
89289
89254
89168
89158
89118
89014
88986
88837
88826
88756
88749
88713
88700
88673
88557
88544
88503
88494
88471
88402
88389
88348
88305
88291
88266
88265
88246
88243
88216
88191
88140
88113
88067
88056
87896
87825
87791
87790
87788
87700
87631
87625
87623
87605
87538
87517
87439
87434
87426
87410
87343
87266
87265
87263
87143
87140
87122
87106
86909
86891
86872
86763
86741
86717
86588
86565
86558
86358
86340
86339
86307
86265
86217
86207
86139
86087
85953
85927
85906
85805
85803
85783
85754
85671
85633
85609
85608
85434
85430
85313
85180
85048
84974
84935
84922
84893
84874
84802
84789
84721
84669
84637
84569
84526
84460
84416
84384
84375
84372
84352
84323
84296
84219
84159
84105
84068
83981
83972
83947
83923
83913
83871
83849
83829
83828
83820
83801
83800
83750
83736
83733
83669
83628
83615
83538
83466
83431
83314
83280
83251
83231
83215
83184
83140
83086
83005
82892
82786
82743
82658
82601
82516
82492
82485
82483
82466
82464
82453
82363
82271
82258
82239
82179
82153
82088
82053
81949
81857
81818
81693
81503
81460
81449
81440
81368
81330
81310
81306
81218
81194
81083
80991
80981
80870
80868
80797
80773
80721
80534
80523
80415
80393
80345
80263
80240
80206
80176
79912
79826
79800
79636
79618
79546
79479
79374
79351
79312
79206
79133
79081
79044
78934
78774
78742
78553
78473
78460
78452
78446
78378
78330
78245
78242
78125
78121
77987
77968
77964
77914
77912
77849
77832
77828
77699
77695
77675
77622
77555
77547
77283
77275
77272
77247
77215
77188
77164
77162
77161
77129
77100
77058
77037
76984
76917
76914
76840
76799
76788
76788
76743
76684
76580
76567
76531
76452
76297
76275
76194
76187
76101
76021
76019
76015
75961
75897
75885
75852
75756
75630
75587
75565
75540
75519
75466
75421
75355
75268
75241
75152
75117
75042
75041
74952
74949
74902
74809
74787
74677
74591
74583
74569
74553
74543
74514
74487
74477
74288
74262
74255
74254
74211
74124
74117
74110
74109
74077
74007
74006
73927
73851
73838
73836
73801
73768
73756
73612
73536
73512
73487
73463
73382
73381
73356
73213
73172
73155
73092
72986
72954
72908
72885
72818
72790
72788
72764
72715
72639
72616
72583
72577
72471
72348
72266
72199
72097
71992
71948
71706
71596
71503
71412
71399
71366
71351
71345
71137
70986
70985
70951
70635
70612
70546
70352
70337
70324
70264
70255
70209
70164
70152
70065
70056
70009
69953
69901
69870
69822
69811
69807
69767
69750
69715
69706
69669
69656
69626
69590
69556
69537
69523
69458
69210
69196
69133
68997
68978
68973
68915
68819
68794
68775
68755
68754
68646
68607
68498
68483
68367
68323
68203
68116
67991
67969
67887
67867
67846
67838
67762
67669
67631
67569
67551
67435
67433
67381
67362
67320
67318
67189
67128
67095
67024
66998
66939
66907
66896
66874
66868
66812
66768
66733
66707
66702
66699
66594
66553
66502
66430
66426
66378
66127
66055
65998
65945
65919
65883
65868
65860
65815
65803
65749
65730
65693
65571
65535
65506
65390
65384
65293
65270
65251
65241
65218
65103
65078
65054
65019
65010
64706
64684
64640
64629
64583
64523
64519
64480
64479
64462
64457
64455
64376
64274
64172
64137
64089
64085
64051
63957
63912
63884
63714
63710
63616
63614
63587
63559
63513
63430
63419
63409
63389
63369
63306
63290
63276
63227
63208
63101
63097
63079
63064
63062
62990
62881
62834
62824
62784
62771
62691
62690
62648
62557
62455
62454
62443
62410
62328
62310
62268
62155
62151
62129
62093
62043
62004
61992
61986
61983
61971
61922
61917
61880
61878
61876
61812
61778
61756
61741
61700
61692
61582
61528
61528
61491
61479
61414
61378
61322
61314
61298
61272
61265
61159
61159
61124
61116
61099
61088
61082
61026
61017
60983
60978
60973
60945
60858
60781
60756
60732
60666
60654
60631
60630
60611
60575
60502
60492
60439
60224
60158
60096
60069
59992
59889
59727
59718
59707
59657
59643
59641
59618
59551
59447
59370
59244
59189
59097
59075
59057
58950
58778
58776
58708
58641
58633
58620
58601
58545
58486
58459
58385
58376
58284
58240
58216
58076
57984
57918
57917
57911
57901
57828
57784
57735
57712
57527
57517
57505
57406
57360
57343
57248
57246
57115
57109
57086
57078
56932
56854
56804
56764
56745
56651
56550
56456
56455
56430
56399
56350
56343
56258
56156
56151
56127
56119
56037
56002
55973
55970
55958
55931
55888
55833
55795
55787
55782
55687
55648
55610
55595
55510
55482
55406
55369
55338
55255
55243
55242
55234
55219
55174
55120
55110
55101
55047
55003
54971
54953
54952
54840
54788
54781
54780
54756
54649
54615
54612
54398
54349
54324
54254
54241
54212
54187
54173
54163
54137
54061
54028
53833
53749
53735
53699
53596
53540
53525
53499
53465
53405
53403
53321
53124
53035
52950
52913
52888
52873
52856
52821
52755
52746
52701
52677
52582
52576
52575
52573
52543
52482
52394
52386
52344
52291
52137
52010
51926
51858
51841
51748
51693
51515
51462
51417
51415
51382
51341
51298
51252
51112
51087
51068
50954
50846
50818
50568
50540
50353
50239
50224
50179
50165
50122
50064
50046
49981
49887
49814
49738
49713
49700
49507
49407
49276
49243
49180
49158
49155
49114
49047
49022
49012
48933
48930
48923
48795
48786
48719
48701
48689
48586
48497
48429
48312
48304
48302
48297
48279
48228
48225
48183
48176
48169
47928
47884
47682
47641
47601
47588
47581
47579
47563
47454
47378
47323
47249
47229
47213
47160
47118
47076
47063
47026
47008
46925
46857
46837
46676
46644
46641
46578
46543
46543
46496
46454
46446
46412
46381
46370
46348
46313
46313
46306
46262
46176
46139
46060
46055
46013
45841
45817
45729
45706
45678
45624
45569
45452
45436
45403
45385
45383
45379
45271
45262
45231
45176
45102
45067
45064
45063
45056
44995
44988
44907
44903
44881
44874
44840
44799
44764
44686
44671
44670
44635
44626
44606
44571
44507
44478
44451
44406
44389
44374
44374
44368
44297
44202
44134
44103
44084
43996
43920
43889
43843
43782
43701
43695
43641
43586
43526
43518
43497
43468
43466
43437
43309
43252
43222
43221
43187
43180
43173
43109
43100
42940
42924
42866
42762
42612
42548
42520
42400
42285
42254
42178
42144
41943
41897
41889
41864
41814
41799
41766
41705
41674
41629
41445
41395
41176
41153
41153
41139
41006
40959
40876
40831
40800
40771
40647
40647
40620
40612
40580
40565
40502
40457
40452
40432
40333
40243
40230
40227
40205
40190
40190
40182
40152
40129
40045
40028
39993
39966
39804
39799
39774
39751
39732
39637
39631
39614
39604
39579
39391
39382
39367
39333
39313
39250
39161
39135
39134
39123
39068
38978
38876
38713
38708
38611
38546
38537
38511
38400
38376
38372
38362
38227
38133
38058
38028
37949
37933
37920
37910
37867
37859
37809
37704
37678
37678
37674
37674
37566
37360
37310
37177
37157
37119
37006
36967
36933
36932
36860
36828
36821
36710
36669
36602
36525
36469
36313
36222
36207
36138
36108
36087
36076
36075
36060
35973
35954
35837
35801
35691
35618
35471
35457
35438
35425
35375
35271
35253
35242
35142
35092
35030
34959
34891
34885
34780
34771
34742
34739
34684
34679
34527
34507
34454
34403
34371
34309
34308
34272
34254
34229
34219
34198
34110
34086
34044
34015
33924
33904
33901
33877
33842
33831
33815
33742
33713
33678
33651
33598
33427
33329
33184
33107
32987
32974
32955
32954
32784
32779
32730
32705
32576
32519
32426
32331
32261
32239
32229
32163
32133
32113
32009
31945
31935
31905
31875
31871
31856
31775
31735
31689
31688
31647
31592
31555
31468
31375
31342
31296
31283
31215
31184
31151
31075
31075
31007
30967
30937
30931
30913
30888
30816
30795
30759
30732
30675
30554
30393
30234
30233
30170
30005
29969
29968
29964
29963
29854
29853
29846
29827
29825
29810
29774
29744
29744
29703
29584
29566
29563
29457
29398
29353
29062
29022
28952
28904
28862
28851
28841
28756
28738
28734
28603
28446
28437
28436
28408
28388
28350
28350
28342
28338
28325
28324
28214
28214
28100
28062
28006
27978
27915
27882
27834
27794
27727
27707
27647
27629
27602
27596
27580
27492
27391
27333
27222
27221
27195
27171
27093
27093
27062
27030
26995
26963
26926
26914
26875
26857
26784
26778
26732
26723
26697
26652
26637
26632
26540
26422
26418
26404
26401
26368
26356
26310
26306
26302
26270
26190
26140
26135
26084
26066
25935
25898
25884
25852
25849
25722
25598
25596
25558
25460
25454
25429
25356
25353
25295
25295
25275
25272
25267
25224
25169
25038
25012
24929
24849
24803
24799
24792
24768
24611
24601
24591
24543
24474
24407
24395
24344
24304
24271
24228
24211
24199
24198
24142
24129
24078
24071
24046
24041
24006
23915
23867
23856
23840
23801
23798
23739
23692
23602
23589
23576
23520
23472
23460
23399
23203
23140
23138
23094
23077
23032
22971
22892
22884
22844
22768
22704
22646
22618
22562
22548
22510
22463
22423
22362
22096
21913
21907
21883
21881
21853
21840
21812
21726
21723
21676
21617
21567
21428
21270
21235
21176
21159
20976
20916
20838
20788
20546
20509
20493
20491
20410
20408
20263
20253
20238
20214
20170
20130
19638
19596
19595
19579
19530
19415
19322
19296
19269
19265
19148
19138
18944
18912
18868
18747
18723
18694
18646
18554
18541
18540
18496
18370
18293
18262
18229
18163
18064
17983
17923
17893
17879
17788
17705
17590
17574
17475
17445
17356
17284
17271
17259
17242
17186
16902
16875
16753
16601
16559
16524
16498
16327
16282
16133
15741
15685
15678
15546
15467
15425
15180
15158
15140
15027
15009
14927
14888
14738
14735
14703
14567
14481
14478
14457
14392
14314
14249
14198
14050
14017
14012
13995
13964
13937
13912
13899
13844
13811
13749
13636
13541
13532
13478
13434
13367
13358
13191
13183
13177
13014
13009
12943
12936
12912
12907
12886
12863
12842
12778
12703
12698
12680
12677
12578
12564
12500
12306
12187
12168
12106
12020
11991
11972
11964
11959
11949
11892
11864
11851
11847
11815
11745
11707
11666
11650
11630
11621
11610
11525
11516
11488
11462
11399
11314
11302
11295
11242
11208
11121
11041
10997
10915
10706
10700
10690
10534
10512
10324
10324
10269
10204
10153
10148
10146
9989
9983
9968
9956
9880
9840
9830
9796
9770
9765
9643
9527
9510
9467
9422
9401
9367
9363
9340
9301
9257
9247
9214
9212
9178
9099
8976
8958
8956
8870
8849
8844
8786
8766
8755
8751
8706
8642
8594
8545
8532
8496
8462
8365
8151
8121
8086
7931
7927
7772
7748
7667
7631
7567
7522
7504
7498
7465
7401
7352
7147
7122
7069
6936
6926
6924
6866
6861
6838
6757
6633
6606
6441
6424
6419
6391
6357
6293
6240
6167
6110
6071
6041
5995
5973
5959
5950
5900
5792
5754
5751
5722
5717
5628
5542
5529
5500
5482
5405
5313
5295
5290
5262
5251
5217
5172
5093
5025
5008
4974
4871
4824
4808
4781
4775
4750
4686
4654
4591
4580
4483
4443
4434
4392
4243
4177
4049
4035
4027
3929
3928
3921
3493
3487
3386
3367
3105
3071
3032
3018
2944
2917
2914
2902
2736
2606
2602
2539
2529
2524
2391
2385
2355
2257
2224
2216
2185
2168
2162
2156
2085
2016
2015
1992
1952
1876
1816
1810
1759
1734
1640
1615
1602
1526
1369
1345
1234
1144
1140
976
804
775
711
644
463
314
257
237
233
219
179
120
43
40
31
