99968
99960
99953
99887
99885
99592
99444
99397
99368
99275
99139
99059
99039
98970
98942
98896
98867
98780
98740
98621
98508
98452
98322
98313
98243
98215
98168
98123
98063
97970
97942
97824
97800
97728
97722
97708
97695
97613
97605
97230
97216
97192
97161
97144
97115
97065
97059
97010
97004
96989
96973
96933
96867
96860
96767
96755
96750
96745
96728
96700
96583
96457
96437
96249
96219
96215
96040
96037
96005
95910
95899
95826
95824
95815
95782
95780
95764
95719
95686
95661
95557
95544
95462
95408
95277
95138
95012
95006
95001
94987
94961
94918
94862
94825
94780
94778
94735
94714
94666
94570
94448
94371
94355
94328
94327
94308
94240
94223
94211
94169
94085
94059
94036
94010
93981
93971
93909
93907
93746
93746
93688
93644
93602
93578
93558
93541
93540
93534
93470
93415
93379
93322
93304
93159
93145
93042
93024
92965
92942
92924
92844
92806
92792
92710
92705
92578
92525
92512
92499
92479
92424
92381
92359
92356
92317
92301
92231
92163
92071
92039
91998
91902
91894
91874
91850
91846
91808
91785
91735
91732
91550
91541
91457
91433
91396
91236
91029
91020
91010
90979
90831
90731
90607
90510
90472
90408
90184
90159
90126
90082
89964
89829
89787
89775
89765
89760
89749
89732
89727
89671
89571
89491
89460
89394
89354
89289
89213
89120
89085
89036
89036
88937
88863
88715
88672
88517
88484
88388
88355
88307
88295
88262
88215
88137
88061
87816
87808
87723
87697
87325
87299
87222
87188
87154
87112
87102
87075
87050
86990
86945
86919
86882
86875
86861
86777
86612
86557
86508
86497
86428
86359
86182
86109
86084
86080
86059
86010
85966
85920
85893
85856
85848
85797
85792
85690
85668
85638
85506
85494
85444
85436
85344
85329
85260
85239
85217
85109
85075
85011
84977
84859
84793
84720
84713
84621
84559
84519
84499
84404
84342
84283
84270
84236
84213
84123
84043
84039
84008
83880
83666
83515
83319
83266
83177
83091
82958
82916
82899
82860
82737
82657
82657
82642
82616
82557
82517
82328
82313
82305
82305
82272
82255
82231
82199
82184
82124
82081
82034
82022
81901
81758
81754
81752
81717
81694
81612
81473
81436
81359
81287
81278
81163
81131
81123
81083
81081
81020
81008
80890
80870
80737
80721
80648
80615
80543
80527
80508
80432
80427
80309
80309
80257
80235
80232
80231
80208
80204
80145
80141
80021
80006
80000
79991
79872
79866
79863
79843
79786
79774
79769
79666
79658
79613
79587
79503
79489
79468
79463
79407
79372
79350
79349
79304
79287
79239
79211
79192
79175
78906
78763
78752
78654
78510
78470
78406
78405
78371
78366
78361
78359
78304
78009
77940
77906
77893
77871
77870
77642
77587
77574
77458
77402
77397
77354
77350
77242
77179
77135
77101
77004
76950
76902
76877
76864
76764
76721
76523
76458
76400
76392
76361
76353
76195
76057
76040
75994
75970
75920
75902
75792
75749
75749
75644
75515
75499
75385
75374
75289
75269
75234
75220
75210
75186
75133
75123
74970
74954
74807
74789
74761
74761
74736
74636
74555
74551
74533
74522
74503
74501
74431
74409
74400
74386
74305
74303
74260
74252
74246
74200
74188
74155
74147
74091
74088
74053
73931
73802
73622
73538
73467
73450
73435
73317
73308
73291
73271
73258
73200
73164
72874
72742
72695
72593
72584
72563
72523
72475
72457
72431
72418
72355
72346
72338
72259
72160
72148
72100
72007
71999
71995
71970
71957
71936
71893
71888
71881
71821
71797
71716
71715
71703
71638
71635
71599
71524
71508
71505
71445
71417
71410
71404
71352
71342
71299
71278
71103
71063
71000
70901
70822
70821
70798
70765
70754
70720
70710
70705
70692
70676
70670
70585
70569
70516
70452
70424
70392
70349
70343
70340
70326
70218
70207
70192
70172
70139
70069
69934
69882
69856
69830
69758
69757
69749
69667
69641
69574
69527
69483
69477
69427
69387
69276
69263
69237
69231
69180
69161
69159
69139
69123
69091
69080
69045
68989
68967
68935
68887
68835
68741
68692
68450
68332
68272
68246
68171
68052
68049
67993
67991
67978
67934
67927
67913
67867
67866
67861
67852
67744
67694
67692
67604
67465
67382
67378
67319
67272
67260
67043
66742
66687
66526
66503
66462
66361
66127
66099
65993
65828
65787
65724
65709
65633
65616
65569
65556
65546
65446
65304
65224
65222
65166
65073
65060
65043
65020
65015
64900
64896
64833
64806
64795
64795
64726
64629
64402
64367
64340
64338
64322
64290
64204
64187
64118
63999
63913
63871
63822
63794
63755
63697
63567
63516
63466
63422
63414
63405
63314
63304
63187
63185
63168
63157
63129
63097
63063
63022
62934
62906
62880
62812
62803
62757
62658
62628
62561
62515
62343
62286
62164
62120
62101
62021
61979
61948
61923
61902
61729
61652
61617
61591
61535
61438
61339
61279
61274
61262
61065
60929
60858
60709
60675
60649
60645
60516
60480
60473
60449
60446
60438
60316
60188
60104
59966
59958
59932
59807
59761
59730
59725
59705
59654
59639
59580
59569
59493
59407
59382
59322
59317
59296
59195
59157
59098
59070
59020
58869
58867
58856
58835
58777
58768
58714
58577
58535
58510
58496
58437
58391
58347
58321
58249
58208
58196
58193
58095
58063
58062
58029
57945
57736
57651
57612
57532
57528
57475
57456
57450
57436
57416
57404
57332
57265
57219
57146
57130
57073
56934
56892
56700
56611
56488
56446
56304
56289
56234
56212
56139
56034
56022
55979
55957
55811
55755
55663
55574
55545
55535
55425
55354
55343
55294
55273
55254
55217
55143
55069
55063
54908
54868
54867
54816
54761
54729
54699
54617
54557
54466
54412
54407
54321
54289
54216
54213
54195
54172
54155
54136
54124
54123
54103
53857
53853
53844
53765
53746
53745
53725
53566
53426
53369
53238
53230
53227
53210
53187
53094
53056
53055
52995
52975
52949
52905
52874
52867
52860
52795
52746
52724
52616
52610
52473
52473
52445
52387
52312
52287
52271
52200
52173
52145
52137
52080
52024
52013
51967
51929
51891
51872
51776
51766
51765
51730
51697
51650
51636
51498
51486
51475
51452
51410
51379
51325
51269
51171
51160
51142
51117
50990
50935
50900
50893
50867
50823
50770
50695
50694
50692
50640
50632
50609
50522
50459
50455
50446
50442
50436
50326
50312
50229
50214
50198
50177
50162
50157
50125
50052
50001
49988
49983
49886
49754
49678
49677
49672
49631
49588
49583
49536
49474
49392
49385
49248
49234
49153
49140
49099
49000
48905
48828
48684
48571
48564
48478
48423
48356
48324
48303
48299
48220
48065
47982
47931
47827
47797
47770
47754
47607
47601
47492
47413
47401
47212
47212
47139
47116
47075
47036
47021
47012
46902
46890
46790
46789
46746
46672
46609
46590
46588
46556
46488
46464
46439
46423
46369
46305
46270
46228
46207
46047
45995
45924
45900
45855
45794
45782
45778
45747
45696
45623
45617
45597
45464
45435
45329
45325
45298
45220
45096
44970
44870
44864
44815
44807
44622
44526
44499
44483
44342
44336
44284
44139
44049
43979
43973
43926
43856
43774
43715
43679
43577
43563
43482
43406
43382
43350
43350
43315
43307
43273
43217
43113
43054
43044
43003
42911
42904
42829
42742
42699
42662
42629
42599
42593
42573
42563
42541
42520
42505
42478
42470
42425
42399
42280
42235
42201
42177
42083
41948
41946
41915
41902
41870
41597
41575
41571
41519
41423
41378
41347
41292
41267
41255
41206
41180
41172
41154
41138
41040
41015
40985
40985
40974
40963
40955
40901
40738
40717
40685
40504
40468
40424
40335
40300
40296
40183
40119
40075
40059
39998
39982
39955
39950
39739
39717
39574
39555
39467
39442
39328
39326
39310
39243
39224
39210
39040
39027
39010
38976
38950
38947
38920
38919
38909
38877
38817
38796
38680
38656
38617
38587
38527
38509
38469
38469
38455
38416
38413
38343
38263
38221
38192
38178
38146
38040
37998
37965
37893
37870
37866
37754
37669
37654
37593
37579
37475
37455
37427
37413
37340
37303
37178
37155
37012
36928
36925
36918
36882
36777
36775
36757
36677
36644
36450
36276
36265
36241
36131
36078
36041
35783
35769
35579
35534
35525
35516
35477
35412
35288
35179
35170
34997
34945
34836
34836
34743
34678
34649
34551
34539
34488
34472
34426
34421
34310
34283
34189
34176
34151
34146
34144
34132
34101
34069
34051
34021
34020
34018
33860
33848
33785
33741
33612
33607
33555
33555
33470
33275
33268
33266
33209
33045
32993
32984
32968
32860
32787
32787
32640
32574
32449
32389
32380
32360
32337
32269
32251
32190
32141
32113
32072
32062
31962
31855
31831
31817
31654
31624
31613
31612
31606
31596
31585
31554
31537
31526
31465
31356
31347
31328
31283
31228
31166
31073
31016
31010
30916
30911
30866
30844
30797
30779
30621
30578
30409
30342
30326
30302
30296
30288
30276
30246
30117
30059
29937
29822
29796
29785
29766
29721
29695
29604
29546
29526
29454
29402
29398
29334
29324
29197
29042
29003
28993
28966
28923
28913
28895
28830
28792
28687
28633
28633
28535
28494
28485
28485
28485
28461
28454
28379
28223
28134
28124
28092
28078
28018
27878
27852
27848
27837
27815
27810
27798
27731
27705
27675
27588
27398
27282
27279
27242
27224
27202
27199
27186
27134
27078
27077
27040
27029
26991
26964
26921
26902
26896
26859
26851
26806
26798
26650
26519
26466
26430
26419
26408
26307
26252
26223
26178
26148
26015
26011
25930
25909
25895
25750
25665
25588
25568
25501
25470
25443
25439
25389
25336
25297
25231
25200
25192
25160
24990
24988
24923
24794
24789
24770
24736
24713
24494
24473
24467
24458
24447
24352
24278
24209
24206
24176
24093
23988
23930
23793
23713
23709
23683
23645
23616
23601
23443
23370
23293
23246
23167
23162
23143
23114
23046
23015
23003
22968
22946
22925
22901
22858
22854
22758
22711
22687
22686
22679
22625
22578
22560
22340
22304
22211
22091
22083
22017
21971
21940
21938
21922
21892
21799
21728
21682
21633
21621
21619
21607
21515
21488
21463
21409
21385
21358
21357
21285
21272
21195
21132
21105
20975
20913
20887
20880
20808
20798
20640
20610
20567
20547
20487
20460
20435
20386
20220
20207
20194
20167
20151
20057
19990
19987
19931
19839
19828
19779
19742
19735
19716
19708
19647
19630
19593
19408
19394
19220
19218
19137
19047
19036
19031
19010
18914
18899
18805
18621
18487
18472
18437
18436
18388
18331
18294
18275
18213
18160
18140
18105
18054
18038
18018
17966
17900
17838
17817
17787
17670
17659
17589
17585
17468
17371
17345
17326
17302
17051
17047
17040
17022
16998
16958
16929
16810
16803
16694
16637
16616
16601
16535
16519
16365
16331
16328
16277
16263
16245
16235
16200
16169
16140
15987
15983
15908
15813
15764
15747
15738
15656
15598
15560
15536
15486
15451
15361
15342
15331
15272
15084
14969
14958
14878
14874
14842
14789
14743
14727
14658
14642
14639
14639
14579
14547
14404
14393
14375
14271
14193
14150
14074
14070
14052
13972
13960
13909
13856
13848
13828
13753
13743
13637
13610
13589
13544
13531
13519
13511
13491
13430
13404
13318
13289
13233
13113
13075
12966
12948
12948
12927
12835
12828
12826
12760
12717
12607
12606
12579
12564
12555
12552
12509
12424
12418
12388
12385
12295
12282
12110
12037
12020
12014
11981
11940
11933
11908
11894
11870
11775
11720
11528
11467
11466
11453
11358
11316
11283
11262
11255
11216
11216
11157
11151
11149
11147
11114
11099
11018
10964
10934
10933
10854
10817
10791
10695
10539
10431
10374
10362
10356
10328
10320
10263
10255
10207
10105
10057
10009
9958
9892
9812
9751
9723
9692
9590
9446
9446
9429
9423
9411
9406
9346
9234
9205
9081
9078
8953
8883
8861
8839
8752
8715
8673
8574
8543
8536
8496
8471
8436
8383
8341
8271
8254
8213
8169
8132
8041
8011
7972
7812
7789
7618
7614
7593
7589
7558
7549
7545
7535
7510
7502
7453
7394
7348
7303
7205
7187
7184
7173
7075
6962
6960
6946
6909
6845
6753
6715
6654
6613
6498
6421
6419
6398
6390
6307
6302
6200
6183
6157
6151
6140
5969
5932
5921
5915
5896
5810
5789
5698
5676
5661
5657
5559
5520
5357
5307
5287
5263
5225
5202
5033
5016
4978
4970
4916
4858
4837
4831
4830
4793
4786
4693
4613
4575
4510
4414
4396
4370
4227
4181
4176
4111
4077
4003
4000
3957
3909
3836
3787
3753
3743
3726
3678
3581
3557
3498
3439
3339
3336
3203
3149
3130
3124
3117
3065
3009
2989
2972
2949
2841
2775
2720
2718
2712
2660
2559
2556
2543
2509
2406
2316
2280
2186
2151
2059
2041
1937
1874
1841
1837
1813
1672
1640
1633
1577
1572
1560
1453
1434
1335
1310
1241
1224
1216
1141
1070
1005
963
919
838
710
680
647
612
607
590
566
481
424
424
410
359
294
267
258
229
189
189
138
77
