99978
99925
99866
99837
99805
99630
99618
99587
99558
99493
99411
99383
99380
99359
99309
99272
99155
99154
99131
99082
99066
99065
98954
98948
98919
98808
98805
98795
98768
98703
98681
98558
98446
98428
98412
98383
98374
98271
98159
98105
98092
98070
98050
98040
98015
97988
97941
97884
97834
97808
97800
97732
97636
97470
97312
97227
97219
97193
97190
97190
97077
97048
97025
96889
96849
96764
96760
96731
96675
96648
96569
96562
96524
96506
96467
96455
96433
96431
96360
96286
96174
96054
96010
95983
95913
95851
95838
95810
95750
95732
95722
95532
95525
95437
95423
95326
95287
95246
95197
95109
95088
95019
94987
94980
94950
94948
94892
94774
94751
94725
94621
94574
94505
94405
94394
94325
94303
94225
94167
94061
94038
93989
93987
93976
93873
93852
93757
93734
93671
93625
93554
93472
93441
93406
93396
93359
93328
93322
93313
93261
93252
93209
93200
93188
93128
93098
93050
93027
92998
92977
92824
92796
92726
92692
92625
92622
92611
92558
92550
92518
92441
92418
92387
92338
92322
92277
92180
92158
92131
92062
92052
92051
92039
91967
91967
91809
91765
91698
91698
91689
91677
91610
91602
91554
91509
91509
91458
91453
91443
91426
91373
91356
91206
91142
91139
91127
91103
90966
90876
90832
90808
90739
90679
90656
90640
90630
90626
90594
90526
90472
90442
90434
90405
90404
90336
90294
90262
90211
90047
90041
90018
90013
89959
89908
89844
89675
89650
89616
89587
89554
89393
89366
89295
89186
89144
89124
89074
89052
88930
88871
88850
88838
88741
88728
88721
88716
88699
88668
88636
88602
88549
88518
88505
88498
88481
88358
88273
88227
88205
88190
88137
88061
87878
87869
87855
87837
87715
87697
87672
87662
87602
87574
87527
87486
87409
87306
87289
87280
87247
87152
87127
87124
87107
87088
87041
86991
86957
86925
86852
86816
86760
86686
86651
86495
86416
86372
86333
86193
86169
86084
86040
86026
85855
85794
85782
85756
85742
85708
85673
85622
85596
85565
85560
85460
85455
85415
85387
85363
85330
85324
85256
85213
85098
85071
84946
84883
84864
84788
84764
84736
84631
84526
84513
84468
84433
84379
84350
84278
84253
84241
84201
84097
84050
84014
83953
83918
83917
83817
83773
83742
83720
83706
83697
83667
83644
83617
83582
83494
83454
83447
83438
83432
83428
83288
83156
83056
82980
82921
82737
82661
82599
82559
82499
82413
82402
82330
82321
82315
82288
82048
81924
81894
81824
81817
81813
81812
81734
81732
81706
81634
81585
81541
81536
81499
81491
81487
81475
81452
81451
81399
81395
81294
81144
81061
81009
81002
80915
80912
80861
80733
80729
80665
80617
80555
80520
80492
80409
80407
80363
80272
80260
80222
80182
80179
80153
80149
80115
80103
80049
79959
79941
79793
79782
79744
79608
79589
79574
79560
79496
79434
79338
79308
79143
79032
78941
78878
78779
78711
78648
78557
78473
78444
78400
78399
78388
78349
78303
78262
78256
78149
78140
78136
78124
78067
77992
77881
77843
77837
77770
77696
77689
77552
77467
77440
77436
77357
77334
77314
77292
77252
77250
77015
76917
76804
76796
76751
76731
76637
76637
76457
76384
76374
76350
76239
76232
76204
76166
76134
76105
76048
76036
75890
75824
75823
75803
75770
75705
75692
75678
75664
75588
75559
75536
75520
75492
75331
75326
75233
75205
75170
75155
75116
75112
75076
75060
75011
75009
74918
74874
74852
74844
74802
74651
74443
74415
74358
74275
74263
74248
74243
74229
74123
74084
74067
74034
74029
74014
74014
73930
73896
73855
73828
73746
73708
73688
73610
73582
73557
73497
73493
73484
73427
73410
73328
73244
73228
73225
73110
73105
73000
72962
72955
72938
72911
72908
72897
72866
72796
72794
72756
72714
72703
72697
72626
72553
72495
72460
72417
72376
72315
72250
72097
72095
72093
72000
71936
71906
71788
71785
71779
71733
71721
71691
71637
71609
71604
71472
71368
71200
71168
71139
71026
71008
70991
70937
70895
70890
70888
70862
70771
70729
70725
70710
70684
70676
70671
70655
70653
70607
70469
70463
70462
70460
70456
70415
70366
70357
70344
70330
70298
70257
70184
70161
70158
70124
70027
70003
69999
69998
69895
69827
69794
69693
69680
69599
69598
69582
69518
69491
69470
69457
69443
69396
69395
69316
69307
69187
69141
69081
69064
68869
68766
68591
68545
68534
68415
68405
68314
68266
68265
68164
68155
68032
68024
68010
68003
67993
67974
67965
67946
67898
67842
67800
67650
67647
67641
67617
67588
67548
67539
67530
67520
67513
67490
67472
67390
67288
67214
67156
67104
66999
66920
66815
66803
66711
66697
66686
66674
66634
66594
66329
66294
66261
66208
66131
66071
66050
66037
65997
65974
65865
65852
65813
65775
65714
65713
65616
65400
65391
65382
65361
65356
65280
65272
64992
64905
64886
64801
64721
64685
64627
64606
64580
64483
64355
64260
64248
64116
63988
63988
63967
63930
63854
63818
63732
63627
63600
63503
63458
63371
63360
63349
63342
63310
63286
63285
63280
63258
63211
63103
63040
63006
62987
62956
62884
62738
62735
62669
62636
62537
62529
62527
62481
62464
62457
62436
62368
62358
62206
62044
62033
62021
62019
62013
61961
61819
61764
61727
61600
61576
61533
61352
61239
61208
61121
61118
61097
61053
60861
60835
60772
60770
60747
60726
60721
60619
60492
60445
60388
60272
60231
60185
60145
60071
60068
60014
59847
59808
59662
59621
59584
59457
59446
59372
59347
59329
59169
59095
58996
58929
58923
58906
58866
58815
58806
58797
58780
58756
58726
58717
58651
58618
58589
58583
58441
58425
58391
58295
58289
58259
58134
58066
58032
58021
57994
57825
57761
57723
57710
57671
57643
57637
57523
57284
57266
57224
57170
57098
57063
57017
57007
56994
56989
56954
56935
56898
56831
56757
56742
56734
56613
56577
56567
56472
56446
56432
56346
56330
56328
56289
56288
56224
56170
56008
56003
56002
55957
55908
55653
55570
55544
55532
55454
55412
55379
55339
55336
55325
55196
55106
55055
55045
55020
54940
54852
54837
54781
54670
54637
54524
54520
54478
54436
54399
54382
54342
54281
54125
54066
53992
53874
53830
53770
53748
53614
53610
53450
53291
53074
52964
52909
52883
52849
52797
52754
52651
52417
52409
52395
52379
52314
52306
52290
52097
52052
52018
52007
52001
51903
51889
51653
51618
51557
51543
51532
51519
51496
51495
51489
51455
51441
51425
51354
51337
51323
51263
51161
51144
51105
51099
51066
51057
51028
51018
51015
50887
50798
50723
50703
50624
50623
50590
50547
50507
50507
50410
50394
50325
50309
50252
50224
50170
50163
50105
49983
49952
49891
49881
49878
49740
49713
49709
49654
49625
49596
49547
49456
49352
49344
49251
49144
49124
49086
48897
48890
48876
48872
48868
48720
48664
48622
48570
48539
48525
48508
48499
48435
48385
48342
48272
48253
48208
48189
48184
48147
48120
48086
48054
48007
47975
47928
47922
47824
47780
47734
47583
47572
47547
47360
47336
47233
47232
47219
47204
47192
47013
47010
46961
46942
46939
46769
46765
46695
46675
46571
46545
46540
46355
46339
46205
46149
46060
45968
45807
45790
45753
45734
45577
45532
45493
45471
45448
45447
45419
45405
45397
45293
45281
45196
45116
45085
45074
45016
44985
44942
44926
44854
44789
44770
44764
44764
44747
44718
44715
44705
44690
44689
44636
44564
44452
44450
44448
44397
44330
44200
44186
43966
43957
43926
43868
43836
43797
43793
43549
43437
43304
43272
43152
43130
43031
43006
42987
42966
42938
42834
42818
42780
42703
42591
42534
42525
42433
42376
42149
42137
42093
42092
42046
42008
41922
41903
41877
41870
41827
41740
41637
41619
41618
41542
41470
41451
41348
41211
41157
41146
41102
41013
40979
40931
40911
40910
40867
40708
40664
40633
40621
40557
40516
40513
40413
40352
40347
40261
40236
40185
40179
40168
40100
40072
40006
39894
39846
39768
39699
39620
39532
39478
39445
39445
39410
39409
39391
39344
39309
39202
39169
39162
39117
39113
39070
39023
38923
38898
38780
38775
38737
38644
38592
38545
38472
38398
38387
38119
38065
38034
38012
37947
37914
37912
37889
37729
37682
37672
37603
37602
37530
37519
37504
37423
37379
37275
37244
37214
37199
37161
37134
37060
37034
36810
36772
36765
36735
36711
36690
36658
36647
36561
36419
36334
36311
36305
36271
36212
36188
36187
36089
36020
36010
35972
35854
35845
35811
35604
35604
35554
35491
35481
35440
35341
35286
35261
35219
35212
35166
35030
35016
34979
34962
34876
34834
34774
34742
34724
34636
34629
34563
34545
34539
34481
34350
34284
34222
34194
34157
34097
33968
33938
33878
33823
33667
33667
33598
33572
33447
33285
33249
33149
33097
32879
32839
32835
32823
32813
32790
32533
32407
32396
32395
32373
32365
32346
32344
32318
32288
32262
32084
32079
32068
31915
31855
31846
31814
31744
31691
31644
31596
31556
31468
31444
31306
31282
31281
31161
31110
31040
30865
30854
30733
30722
30643
30614
30601
30549
30531
30404
30314
30297
30268
30210
30172
30167
30165
30093
30061
30034
30020
30019
29899
29820
29666
29579
29559
29481
29319
29312
29311
29247
29157
29121
29022
28980
28966
28935
28927
28917
28782
28702
28672
28642
28276
28273
28272
28268
28212
28113
28077
28064
28060
27986
27755
27675
27585
27543
27418
27348
27152
27092
27048
26985
26805
26687
26633
26530
26507
26486
26467
26467
26447
26426
26352
26337
26282
26254
26203
26151
26058
25979
25975
25768
25666
25564
25549
25537
25527
25511
25503
25491
25351
25310
25219
25143
25001
24963
24923
24914
24809
24701
24694
24674
24647
24471
24456
24338
24321
24220
24122
24023
23959
23892
23823
23800
23796
23768
23719
23716
23651
23563
23495
23462
23458
23446
23356
23268
23217
23150
23132
23111
23083
23077
23065
22993
22989
22813
22812
22791
22753
22719
22715
22636
22564
22550
22549
22524
22460
22438
22304
22273
22243
22233
22211
22093
22064
21955
21933
21932
21902
21886
21837
21835
21763
21719
21686
21683
21650
21644
21618
21558
21536
21459
21355
21266
21262
21256
21221
21163
21135
21130
21067
21055
21000
20985
20961
20823
20794
20763
20738
20626
20589
20568
20562
20531
20491
20380
20343
20332
20221
20113
20079
20053
19998
19978
19897
19868
19847
19842
19838
19819
19791
19752
19735
19665
19643
19625
19565
19393
19292
19130
19083
19078
19012
18959
18949
18805
18773
18739
18609
18590
18536
18531
18328
18294
18262
18260
18220
17981
17980
17895
17790
17688
17504
17477
17430
17420
17366
17286
17269
17136
17080
17068
17036
17034
16981
16844
16768
16705
16699
16691
16625
16441
16364
16291
16137
16097
16067
16053
16026
15992
15968
15908
15903
15858
15807
15698
15693
15674
15652
15639
15637
15627
15591
15549
15455
15447
15425
15418
15385
15342
15340
15312
15297
15294
15258
14865
14809
14757
14736
14609
14555
14554
14388
14213
14193
14176
14082
14077
14053
14028
13941
13857
13777
13765
13614
13556
13497
13468
13466
13454
13434
13233
13214
13156
13146
13124
13095
13039
12976
12939
12876
12841
12806
12781
12758
12756
12746
12739
12735
12735
12698
12638
12591
12457
12345
12331
12307
12291
12224
12073
12048
12042
12040
12032
12006
11982
11973
11791
11708
11658
11642
11626
11593
11535
11514
11438
11409
11373
11358
11353
11343
11299
11261
11260
11237
11140
11116
11112
11092
11024
11013
10723
10642
10626
10571
10537
10379
10366
10267
10253
10199
10143
10105
10067
10022
10016
10000
9950
9924
9922
9876
9864
9844
9830
9787
9765
9731
9650
9605
9587
9570
9516
9496
9485
9473
9457
9399
9351
9269
9150
9133
9081
8890
8793
8663
8640
8639
8585
8563
8563
8550
8462
8425
8384
8373
8366
8336
8236
8169
8148
8068
7902
7886
7841
7837
7833
7830
7744
7726
7722
7646
7597
7528
7511
7411
7396
7345
7341
7336
7278
7277
7217
7126
7086
7048
7014
6907
6825
6808
6694
6684
6645
6627
6557
6513
6421
6373
6362
6303
6266
6184
6169
6115
6088
6001
5928
5928
5877
5850
5801
5741
5704
5645
5582
5560
5454
5424
5380
5360
5266
5195
5087
4972
4882
4880
4853
4736
4727
4724
4724
4705
4689
4599
4574
4519
4478
4436
4399
4392
4310
4261
4259
4253
4194
4100
4025
3903
3889
3883
3848
3835
3790
3758
3754
3742
3721
3706
3698
3579
3515
3479
3452
3370
3093
3052
3028
2964
2953
2893
2865
2857
2831
2718
2689
2670
2614
2591
2586
2579
2574
2472
2419
2355
2354
2351
2317
2197
2186
2137
2103
2098
1982
1945
1941
1899
1873
1855
1768
1765
1698
1691
1691
1654
1517
1452
1419
1354
1263
1239
1213
1123
1104
1070
1038
998
973
917
849
820
801
754
694
611
552
457
440
406
398
197
163
126
103
65
