99992
99986
99965
99821
99748
99639
99585
99413
99368
99297
99244
99151
99150
99060
98939
98906
98829
98826
98793
98768
98751
98715
98702
98669
98665
98598
98453
98425
98375
98369
98145
98065
98051
98025
97796
97732
97658
97549
97541
97511
97483
97303
97301
97224
97160
97101
97051
96882
96879
96854
96844
96822
96771
96752
96717
96693
96627
96564
96549
96503
96392
96373
96228
96208
96135
96051
96050
96025
96024
96016
95981
95913
95675
95544
95515
95423
95370
95337
95192
95153
95150
95138
94983
94971
94948
94878
94846
94833
94748
94648
94549
94458
94358
94355
94294
94290
94183
94102
94095
94007
93985
93966
93945
93929
93825
93710
93660
93650
93522
93466
93446
93417
93399
93396
93349
93292
93261
93238
93207
93178
93174
93051
93049
93047
93000
92877
92850
92814
92712
92666
92598
92593
92570
92520
92495
92495
92486
92381
92378
92268
92230
92111
91978
91890
91854
91806
91794
91769
91759
91738
91698
91694
91693
91655
91624
91616
91602
91516
91384
91358
91339
91272
91249
91229
91228
91164
91163
91159
91131
91040
90997
90909
90810
90804
90672
90608
90456
90360
90359
90091
90085
90018
90000
89953
89944
89903
89891
89883
89838
89833
89743
89479
89433
89415
89373
89355
89225
89147
89112
89102
89071
89012
88963
88951
88898
88839
88831
88777
88771
88752
88697
88494
88449
88366
88347
88299
88288
88148
88085
88084
88037
87971
87949
87906
87851
87847
87833
87825
87732
87726
87578
87572
87532
87515
87510
87490
87483
87426
87367
87324
87116
87071
87017
86967
86924
86921
86892
86851
86829
86718
86687
86640
86492
86366
86343
86317
86286
86209
86193
86164
86152
86123
85986
85881
85876
85874
85716
85699
85626
85602
85524
85509
85502
85493
85447
85427
85412
85309
85277
85274
85243
85131
85075
85043
85035
84978
84975
84969
84960
84945
84921
84904
84861
84813
84601
84506
84478
84466
84464
84420
84393
84384
84370
84364
84354
84312
84278
84258
84198
83981
83966
83879
83753
83741
83725
83665
83631
83601
83568
83550
83421
83369
83326
83196
83075
82916
82900
82881
82817
82779
82748
82684
82569
82461
82387
82325
82321
82301
82260
82257
82235
82094
82088
82071
82068
82036
82029
81979
81972
81942
81927
81886
81827
81768
81746
81704
81702
81647
81583
81570
81541
81503
81376
81349
81235
81188
81117
81114
81096
81075
81070
80966
80932
80811
80790
80780
80760
80716
80679
80595
80594
80477
80430
80356
80325
80278
80263
80158
80075
80031
80029
79852
79843
79736
79680
79621
79586
79541
79521
79505
79499
79442
79341
79313
79306
79271
79150
79148
78909
78845
78781
78709
78689
78658
78479
78466
78430
78403
78363
78287
78209
78106
78042
78009
77997
77979
77898
77740
77715
77675
77642
77622
77586
77570
77489
77472
77455
77420
77410
77382
77381
77324
77286
77237
77229
77162
77142
77128
77083
76980
76956
76912
76912
76898
76786
76749
76747
76616
76546
76517
76445
76430
76392
76327
76284
76253
76091
76078
76069
76059
75985
75943
75920
75883
75797
75719
75669
75659
75616
75613
75586
75520
75514
75499
75452
75436
75345
75240
75234
75179
75178
75139
74983
74913
74880
74775
74709
74621
74606
74603
74578
74491
74490
74432
74424
74411
74346
74343
74330
74105
74103
74021
73856
73774
73773
73733
73724
73682
73581
73559
73515
73468
73444
73438
73428
73409
73316
73313
73281
73232
73004
72835
72835
72728
72537
72402
72387
72347
72279
72173
72155
72152
72136
72091
72073
72050
71957
71951
71910
71895
71889
71808
71801
71782
71775
71739
71630
71596
71564
71521
71515
71474
71424
71335
71135
71071
71044
70997
70908
70826
70718
70668
70659
70567
70522
70414
70387
70350
70262
70228
70207
70165
70069
70036
70005
69984
69889
69843
69843
69778
69719
69677
69667
69565
69530
69447
69441
69400
69280
69211
69210
69137
69132
69118
69073
69011
68933
68812
68785
68757
68754
68705
68673
68621
68577
68552
68518
68515
68485
68383
68360
68326
68293
68267
68214
68156
68156
68126
67959
67929
67859
67835
67686
67678
67651
67615
67583
67570
67384
67368
67345
67133
67106
67097
67074
67058
66850
66840
66823
66810
66789
66779
66775
66628
66609
66499
66498
66405
66330
66249
66242
66206
66152
66135
66033
66018
65956
65934
65926
65921
65801
65801
65712
65623
65558
65481
65447
65434
65305
65281
65248
65248
65176
65127
65109
65086
65050
64999
64973
64944
64927
64839
64831
64522
64520
64505
64502
64495
64400
64394
64348
64311
64233
64160
64119
64024
63895
63879
63734
63722
63681
63591
63589
63554
63378
63344
63341
63250
62997
62917
62903
62890
62882
62858
62821
62819
62780
62774
62637
62531
62530
62491
62481
62432
62399
62382
62309
62275
62266
62228
62094
62055
62053
61979
61936
61926
61737
61561
61516
61511
61506
61483
61457
61436
61408
61374
61365
61360
61356
61137
61122
61117
61060
61009
60962
60943
60865
60845
60818
60786
60771
60741
60633
60564
60533
60476
60135
60122
60113
60069
60046
59979
59942
59932
59830
59825
59820
59810
59797
59772
59770
59768
59730
59717
59688
59628
59521
59422
59416
59364
59297
59159
59156
59152
59119
59117
59107
58890
58874
58866
58847
58808
58805
58754
58714
58680
58615
58605
58507
58394
58274
58253
58238
58174
58055
58032
57981
57960
57797
57702
57648
57603
57597
57591
57488
57483
57462
57423
57408
57404
57316
57261
57252
57116
57077
56981
56787
56678
56626
56477
56463
56375
56332
56298
56089
56078
56053
55952
55806
55801
55736
55727
55727
55725
55724
55723
55696
55658
55627
55625
55571
55549
55537
55404
55281
55192
55189
55174
55093
55069
55030
55009
54963
54934
54891
54839
54771
54769
54707
54693
54651
54636
54593
54563
54466
54422
54363
54358
54275
54256
54251
54223
54210
54126
54121
54111
54081
54008
53981
53940
53917
53903
53852
53843
53659
53602
53598
53557
53538
53466
53362
53346
53337
53328
53314
53280
53170
53020
52926
52915
52861
52841
52824
52785
52637
52472
52460
52157
52147
52141
52117
52021
51878
51840
51698
51644
51621
51584
51558
51542
51534
51486
51472
51286
51260
51217
51198
51164
51027
50990
50954
50886
50874
50864
50835
50812
50806
50760
50747
50740
50675
50641
50636
50602
50590
50481
50287
50227
50162
50155
50151
50137
49921
49849
49844
49773
49740
49652
49622
49600
49579
49556
49485
49464
49420
49363
49342
49291
49280
49220
49217
49213
49105
49096
49071
48971
48930
48881
48833
48785
48772
48732
48730
48695
48626
48584
48538
48465
48385
48161
48157
48146
48140
48060
48008
48002
47996
47990
47958
47945
47886
47872
47866
47784
47771
47758
47692
47645
47637
47620
47602
47511
47465
47459
47395
47353
46994
46941
46899
46889
46805
46730
46712
46698
46549
46507
46505
46504
46419
46391
46361
46273
46273
46272
46216
46046
45969
45901
45783
45775
45728
45699
45354
45326
45311
45285
45195
45168
45148
45108
45099
45099
45051
45011
44958
44940
44934
44906
44900
44873
44851
44832
44822
44772
44749
44729
44611
44600
44578
44509
44358
44338
44198
44184
44150
44145
44110
44075
44059
44034
43937
43902
43875
43834
43738
43598
43515
43500
43336
43313
43295
43215
42909
42818
42781
42494
42475
42320
42301
42281
42235
42190
42171
42071
42047
41986
41981
41968
41895
41795
41783
41768
41725
41710
41699
41634
41563
41556
41503
41332
41199
41185
41164
41146
41075
41061
41037
41010
41004
40991
40877
40842
40759
40708
40700
40698
40618
40613
40591
40538
40488
40486
40423
40355
40323
40288
40080
40019
39994
39971
39939
39812
39807
39794
39788
39775
39749
39744
39736
39629
39625
39576
39557
39541
39454
39451
39388
39320
39309
39232
39176
39104
39018
39015
38991
38920
38903
38855
38745
38736
38660
38620
38536
38529
38528
38514
38502
38492
38478
38415
38388
38303
38299
38295
38253
38203
38059
38016
37980
37866
37819
37771
37771
37693
37656
37560
37526
37236
37193
37185
37128
37005
36999
36965
36916
36832
36824
36681
36622
36575
36523
36477
36426
36418
36326
36233
36227
36227
36218
36198
36190
36159
36102
36053
36007
35932
35927
35891
35783
35778
35777
35771
35770
35736
35681
35660
35644
35632
35584
35559
35511
35492
35488
35452
35410
35344
35272
35220
35196
35071
35022
35019
34991
34926
34914
34873
34871
34737
34647
34593
34581
34493
34473
34397
34379
34353
34307
34294
34278
34258
34250
34199
34147
34069
33978
33969
33950
33936
33911
33899
33857
33784
33754
33708
33574
33567
33553
33518
33497
33496
33443
33438
33375
33332
33323
33237
33174
33068
33020
32992
32944
32841
32792
32785
32702
32654
32604
32575
32558
32437
32433
32430
32417
32398
32347
32326
32255
32142
32120
31991
31982
31890
31867
31843
31828
31738
31625
31594
31585
31575
31571
31557
31507
31503
31491
31468
31462
31452
31445
31392
31387
31328
31239
31204
31153
30961
30898
30825
30786
30741
30703
30689
30666
30576
30566
30553
30528
30403
30391
30359
30275
30226
30204
30185
30155
30087
30079
30018
30017
29997
29920
29907
29895
29872
29783
29721
29702
29679
29655
29550
29529
29472
29467
29434
29305
29257
29256
29248
29212
29192
29192
29127
29063
29054
29023
28958
28931
28916
28876
28817
28776
28725
28635
28527
28481
28480
28466
28456
28443
28432
28425
28408
28235
28206
28139
28056
28008
27998
27988
27910
27737
27673
27642
27534
27520
27472
27366
27365
27339
27319
27312
27299
27258
27248
27188
27143
27076
27047
26920
26858
26779
26689
26646
26635
26615
26605
26596
26555
26505
26477
26464
26439
26278
26272
26260
26215
26210
26198
26178
26158
26142
26132
26127
26009
26007
25992
25932
25914
25894
25856
25854
25843
25663
25643
25506
25480
25401
25280
25268
25190
25142
25088
25040
25023
24999
24940
24933
24914
24797
24764
24751
24730
24708
24650
24576
24480
24438
24409
24344
24316
24270
24205
24131
24094
24044
23995
23973
23824
23803
23676
23330
23303
23278
23180
23135
23099
22995
22894
22881
22783
22702
22700
22619
22604
22554
22416
22412
22362
22163
22079
22071
22048
21925
21898
21875
21845
21832
21608
21526
21490
21481
21384
21296
21235
21160
21080
21073
21070
21037
21033
21032
20989
20940
20874
20860
20851
20794
20749
20637
20592
20476
20468
20334
20325
20322
20237
20146
20144
20128
20090
20040
20029
19958
19898
19857
19791
19753
19731
19679
19661
19658
19614
19585
19565
19495
19443
19412
19409
19364
19183
19147
19092
19083
19056
19051
19012
18891
18845
18817
18810
18756
18646
18641
18327
18325
18235
18173
18109
18107
18083
18048
17882
17853
17848
17826
17711
17705
17685
17645
17637
17480
17453
17319
17297
17269
17093
17024
16974
16949
16873
16615
16590
16468
16464
16458
16388
16380
16370
16353
16348
16339
16250
16229
16161
16109
16078
15988
15985
15772
15708
15504
15489
15427
15411
15390
15288
15282
15191
15083
15080
15062
15033
14974
14930
14885
14847
14834
14764
14754
14676
14567
14538
14508
14456
14428
14344
14302
14262
14136
14103
13899
13888
13883
13725
13700
13676
13514
13426
13375
13370
13369
13349
13327
13323
13266
13259
13222
13196
13148
13136
13065
13045
13034
13007
13005
12940
12922
12862
12785
12612
12593
12572
12475
12427
12400
12384
12298
12044
12030
12018
11953
11946
11841
11753
11713
11709
11653
11498
11376
11373
11368
11294
11174
11149
11129
11116
11058
11027
11021
10985
10983
10969
10924
10876
10859
10842
10773
10765
10724
10710
10682
10664
10611
10610
10606
10532
10451
10366
10193
10187
10185
10177
10152
10068
9961
9959
9897
9882
9832
9709
9642
9592
9553
9486
9484
9451
9395
9287
9181
9156
9075
9023
8769
8731
8729
8615
8587
8586
8577
8538
8193
8024
7997
7949
7900
7896
7843
7745
7659
7614
7584
7556
7544
7468
7390
7248
7143
7020
7002
6995
6885
6812
6805
6793
6748
6670
6648
6642
6615
6613
6595
6522
6481
6453
6427
6389
6297
6284
6170
6055
6003
5985
5984
5971
5950
5910
5896
5877
5846
5821
5800
5645
5572
5567
5462
5403
5375
5289
5239
5131
5126
5112
4989
4983
4939
4923
4808
4763
4747
4735
4592
4546
4498
4423
4394
4392
4351
4314
4305
4258
4239
4211
4129
4021
4012
4005
3974
3840
3778
3672
3530
3517
3489
3476
3443
3413
3411
3373
3331
3104
3026
2959
2883
2877
2868
2800
2799
2662
2648
2600
2532
2504
2455
2397
2396
2327
2321
2186
2168
2154
2095
2090
2045
2000
1973
1942
1791
1788
1758
1544
1514
1509
1379
1356
1334
1296
1292
1279
1274
1266
1253
1227
1222
1199
1129
1014
856
824
797
767
753
714
712
702
639
626
589
456
359
332
319
277
139
130
116
107
98
49
42
25
