99949
99925
99922
99767
99742
99675
99542
99525
99456
99396
99255
99194
99191
99180
99139
99124
98928
98924
98917
98847
98794
98740
98736
98723
98683
98628
98615
98615
98576
98536
98518
98511
98486
98458
98413
98330
98242
98191
98176
98100
98026
97960
97954
97947
97894
97891
97863
97825
97813
97779
97661
97629
97366
97341
97323
97234
97212
97157
97141
97106
97082
97048
97032
96931
96881
96828
96815
96803
96790
96780
96566
96547
96524
96484
96436
96436
96337
96279
96238
96223
96088
95716
95706
95655
95622
95597
95574
95565
95557
95556
95543
95534
95497
95445
95424
95408
95385
95372
95368
95342
95338
95290
95253
95198
95175
95064
95034
95025
95024
95015
94868
94786
94771
94690
94672
94600
94555
94549
94503
94438
94427
94355
94326
94306
94290
94209
94156
94147
94096
94088
94087
94005
93909
93862
93811
93749
93653
93647
93471
93470
93399
93346
93332
93232
93222
92854
92836
92822
92803
92775
92761
92683
92652
92649
92642
92515
92453
92292
92276
92230
92188
92153
92102
92095
91741
91737
91714
91684
91657
91627
91624
91595
91533
91488
91477
91471
91464
91399
91373
91181
91178
91135
91081
91011
91007
90997
90918
90873
90745
90713
90688
90685
90645
90620
90591
90530
90479
90441
90379
90356
90353
90321
90281
90225
90221
90209
90171
90129
90090
90065
90047
90004
89967
89950
89949
89898
89823
89809
89784
89763
89656
89652
89575
89508
89485
89430
89398
89340
89331
89310
89269
89179
89140
89130
89123
88830
88811
88743
88731
88725
88670
88637
88620
88611
88583
88581
88520
88497
88485
88276
88129
88067
88059
88024
87925
87894
87881
87864
87773
87647
87626
87580
87558
87549
87487
87332
87102
87082
87079
87069
87063
86933
86916
86907
86879
86866
86605
86358
86295
86216
86125
86103
86090
85982
85934
85931
85918
85909
85877
85713
85639
85617
85501
85424
85286
85263
85221
85179
85173
85149
85107
85089
85074
84960
84954
84852
84836
84831
84790
84748
84629
84600
84557
84544
84544
84504
84459
84415
84352
84333
84302
84299
84212
84177
84086
84042
84022
84014
83969
83963
83959
83959
83938
83936
83881
83849
83843
83802
83726
83674
83633
83590
83562
83526
83221
83186
83054
83004
82931
82876
82807
82648
82617
82416
82412
82318
82318
82272
82236
82180
82164
82155
82125
82093
82078
82060
82036
81946
81920
81846
81764
81704
81592
81561
81556
81514
81476
81424
81400
81395
81385
81362
81315
81269
81149
81144
81134
81112
81059
80978
80963
80950
80775
80739
80690
80660
80658
80592
80560
80515
80477
80441
80435
80425
80415
80395
80276
80274
80235
80231
80173
80170
80146
80111
80047
80031
79992
79983
79982
79974
79912
79879
79861
79850
79802
79736
79724
79658
79608
79607
79596
79572
79567
79526
79485
79443
79428
79393
79374
79312
79303
79264
79256
79192
79087
79005
78998
78940
78920
78902
78888
78877
78690
78626
78626
78578
78510
78494
78460
78432
78404
78363
78335
78060
78045
78027
77981
77961
77776
77759
77678
77670
77633
77615
77594
77556
77488
77383
77252
77237
77208
77176
77142
77081
77075
77055
77000
76992
76989
76867
76707
76673
76594
76588
76510
76424
76406
76310
76275
76242
76225
76179
76143
76106
76105
76103
76088
76049
75977
75975
75970
75890
75880
75870
75838
75770
75768
75753
75679
75618
75606
75544
75542
75302
75295
75250
75187
75122
75075
75069
75068
75037
75019
74889
74882
74672
74520
74486
74478
74472
74308
74302
74219
74181
74152
74141
74136
74129
74091
74066
74061
74048
73941
73816
73741
73659
73606
73528
73397
73389
73317
73287
73209
73186
73100
73043
72973
72971
72924
72908
72670
72654
72648
72571
72556
72531
72466
72419
72393
72370
72344
72220
72209
72155
72130
72119
71968
71934
71851
71844
71810
71782
71762
71635
71460
71428
71357
71255
71020
70881
70594
70544
70537
70530
70511
70460
70452
70447
70355
70324
70227
70182
70169
70120
70034
69915
69871
69864
69767
69759
69702
69699
69615
69612
69552
69464
69365
69336
69287
69270
69243
69238
69139
68870
68866
68789
68748
68694
68684
68637
68632
68580
68539
68490
68482
68328
68312
68273
68268
68229
68214
68158
68146
68131
68009
67974
67970
67921
67916
67915
67892
67864
67854
67842
67682
67577
67549
67541
67536
67495
67468
67363
67354
67351
67331
67265
67223
67078
67068
67014
66975
66939
66780
66755
66722
66703
66677
66671
66661
66649
66626
66540
66513
66457
66443
66443
66435
66398
66389
66386
66241
66229
66227
66110
66083
66026
65972
65904
65899
65820
65800
65770
65711
65698
65694
65643
65637
65633
65609
65474
65439
65300
65282
65178
65074
65001
64987
64917
64904
64874
64732
64694
64597
64573
64542
64479
64405
64398
64319
64314
64256
64253
64248
64211
64202
64188
64170
64050
63899
63878
63876
63822
63799
63739
63736
63701
63690
63653
63618
63556
63544
63518
63485
63450
63442
63344
63201
62989
62880
62879
62802
62790
62753
62695
62536
62442
62414
62314
62293
62271
62190
62186
62179
62176
62119
62090
62067
62011
61961
61958
61923
61904
61895
61863
61840
61734
61714
61705
61653
61640
61623
61569
61534
61515
61500
61454
61430
61419
61415
61363
61356
61309
61235
61140
61126
61121
61091
61072
61011
60903
60821
60804
60683
60576
60570
60500
60436
60414
60409
60380
60356
60309
60175
60168
60041
59963
59959
59951
59899
59863
59811
59738
59729
59724
59718
59654
59653
59652
59649
59489
59428
59414
59375
59355
59355
59339
59243
59192
59101
59062
58995
58955
58919
58824
58821
58657
58651
58581
58547
58508
58355
58353
58316
58157
58124
58101
58091
57873
57737
57714
57648
57633
57629
57583
57426
57398
57220
57202
57157
57145
57005
56989
56971
56833
56787
56754
56737
56693
56671
56661
56582
56573
56520
56397
56390
56318
56253
56250
56198
56043
56031
55890
55874
55852
55810
55781
55677
55654
55645
55564
55485
55457
55331
55295
55220
55164
55037
55034
54994
54909
54909
54878
54387
54359
54306
54261
54157
54149
54097
54094
54036
53971
53958
53906
53834
53770
53759
53731
53622
53598
53479
53396
53314
53225
53207
53144
53118
53086
53058
53056
52958
52948
52944
52938
52936
52844
52792
52775
52773
52626
52607
52600
52545
52540
52443
52333
52265
52224
52202
52129
52129
52042
52017
52014
51973
51958
51917
51913
51899
51894
51872
51851
51849
51790
51740
51628
51598
51585
51562
51412
51205
51159
51091
51010
50956
50855
50631
50579
50537
50536
50480
50395
50303
50160
50105
50067
49968
49902
49896
49875
49839
49804
49803
49659
49594
49587
49388
49257
49253
49210
49065
49056
49009
48977
48868
48852
48844
48839
48791
48776
48700
48633
48618
48566
48541
48535
48508
48471
48439
48327
48242
48085
48000
47945
47921
47843
47801
47751
47618
47598
47547
47348
47255
47247
47223
47210
47161
47062
47054
47043
47040
47003
46994
46869
46781
46764
46763
46710
46688
46646
46578
46387
46383
46378
46365
46342
46320
46313
46285
46258
46243
46163
46098
45997
45995
45977
45805
45736
45711
45566
45547
45471
45390
45374
45249
45219
45163
45142
45104
45063
45020
45016
44953
44872
44836
44811
44776
44758
44647
44623
44578
44494
44390
44384
44296
44230
44213
44114
43996
43979
43957
43956
43845
43806
43794
43787
43661
43598
43557
43525
43511
43507
43501
43463
43309
43240
43231
43217
43205
43186
43065
43059
43004
42994
42983
42970
42867
42756
42751
42738
42696
42660
42644
42464
42423
42394
42391
42337
42296
42295
42291
42259
42168
42131
42125
42090
41894
41776
41739
41719
41705
41680
41679
41623
41591
41524
41520
41514
41509
41488
41445
41354
41255
41240
41217
41215
41212
41097
40972
40966
40936
40864
40717
40701
40684
40642
40637
40601
40540
40469
40433
40432
40370
40204
40153
40140
40128
40114
40095
40086
40066
40024
39963
39928
39920
39916
39914
39844
39733
39676
39532
39530
39466
39413
39287
39257
39159
39158
39133
38950
38848
38766
38693
38609
38459
38181
38116
38113
38074
37926
37873
37686
37676
37675
37672
37655
37616
37559
37373
37321
37189
36975
36911
36863
36834
36802
36769
36766
36737
36726
36617
36578
36574
36371
36325
36321
36275
36237
36161
36006
35997
35981
35945
35895
35871
35854
35767
35731
35638
35589
35537
35478
35466
35390
35293
35272
35200
35187
35134
35118
34998
34986
34951
34844
34837
34723
34713
34663
34290
34236
34201
34180
34145
34070
34031
33971
33957
33899
33836
33817
33762
33729
33613
33533
33487
33479
33478
33475
33465
33425
33352
33313
33310
33266
33234
33180
33053
32962
32896
32815
32774
32643
32640
32545
32508
32443
32429
32417
32405
32331
32189
32124
32021
31924
31919
31899
31734
31680
31621
31605
31600
31576
31421
31411
31338
31203
31147
31084
31061
31008
30830
30751
30677
30628
30583
30536
30457
30348
30344
30265
30180
30037
29872
29858
29785
29776
29771
29764
29757
29678
29616
29587
29559
29455
29425
29420
29401
29313
29251
29218
29085
29030
28967
28952
28945
28935
28852
28849
28844
28816
28746
28722
28681
28676
28650
28532
28455
28431
28094
28050
27950
27930
27889
27840
27558
27507
27433
27398
27392
27328
27314
27301
27281
27248
27203
27138
27001
26980
26949
26826
26810
26803
26711
26705
26634
26627
26522
26482
26249
26243
26200
26098
26095
26094
26068
26042
26031
25950
25909
25898
25883
25835
25821
25796
25604
25587
25527
25523
25522
25442
25382
25370
25353
25353
25321
25275
25263
25144
25126
25068
25017
25016
25009
24841
24816
24778
24701
24691
24609
24582
24553
24504
24445
24400
24317
24252
24139
24122
24078
24058
24027
23963
23954
23943
23939
23927
23905
23853
23589
23584
23566
23487
23483
23476
23465
23434
23370
23337
23268
23165
23143
23135
23115
23055
23020
22939
22903
22899
22821
22732
22725
22660
22631
22559
22550
22519
22462
22439
22351
22314
22294
22279
22236
22211
22104
22098
22071
21986
21960
21911
21851
21736
21705
21649
21635
21489
21385
21285
21149
21044
20981
20945
20914
20893
20853
20835
20779
20754
20748
20741
20624
20613
20539
20526
20375
20341
20322
20302
20288
20287
20191
20178
20088
20002
19894
19767
19762
19732
19723
19673
19507
19500
19386
19348
19343
19339
19329
19275
19251
19235
19234
19209
19149
19147
19127
19087
18972
18957
18827
18752
18685
18512
18499
18151
18058
18047
18032
18013
17988
17982
17928
17921
17920
17898
17870
17811
17636
17609
17598
17577
17520
17496
17462
17461
17422
17421
17400
17269
17240
17139
17114
17076
17042
16998
16993
16835
16808
16783
16773
16621
16608
16593
16535
16521
16481
16473
16359
16347
16330
16286
16243
16235
16186
16125
16122
16062
16038
16026
16010
15953
15845
15785
15767
15728
15688
15676
15671
15580
15516
15460
15445
15442
15377
15330
15306
15298
15187
15166
15132
15110
15108
15082
15068
15023
14883
14878
14791
14763
14727
14632
14624
14595
14587
14466
14411
14398
14386
14374
14314
14191
14077
14063
14038
13953
13952
13803
13784
13658
13628
13423
13422
13373
13331
13279
13246
13246
13139
13090
12964
12952
12767
12726
12634
12571
12563
12501
12463
12453
12418
12410
12318
12314
12225
12080
12004
11999
11932
11916
11827
11733
11676
11577
11565
11556
11514
11451
11425
11395
11372
11348
11324
11174
11167
11102
10971
10948
10902
10798
10688
10674
10669
10661
10608
10598
10583
10520
10476
10474
10450
10443
10410
10406
10385
10334
10270
10212
10177
9984
9897
9891
9833
9822
9716
9695
9693
9641
9561
9527
9407
9369
9327
9302
9281
9235
9149
9142
9125
9118
9102
9097
9079
9048
9029
8947
8808
8808
8807
8724
8701
8657
8654
8598
8394
8364
8244
8210
8210
8184
8127
8035
7982
7973
7964
7909
7777
7664
7607
7585
7448
7433
7395
7370
7347
7316
7297
7224
7141
7132
7123
7051
7031
6941
6940
6932
6835
6819
6819
6809
6807
6803
6649
6613
6535
6393
6381
6329
6281
6281
6251
6121
6038
5913
5830
5798
5760
5759
5757
5720
5704
5659
5628
5624
5597
5516
5438
5425
5294
5100
4992
4984
4958
4837
4828
4823
4814
4767
4731
4720
4683
4641
4534
4499
4385
4359
4351
4338
4336
4269
4206
4184
4126
4023
3965
3888
3869
3857
3844
3833
3767
3615
3602
3513
3511
3478
3455
3451
3400
3369
3327
3312
3305
3250
3241
3240
3111
3083
2987
2967
2962
2947
2899
2862
2842
2820
2805
2791
2783
2772
2677
2461
2443
2316
2312
2249
2220
2209
1990
1941
1811
1795
1682
1674
1610
1602
1562
1536
1516
1498
1443
1396
1379
1135
1094
1082
1080
1051
1028
958
900
887
879
681
663
659
578
558
496
467
420
401
387
363
342
320
251
176
149
142
130
119
