99920
99831
99822
99689
99663
99657
99630
99593
99532
99507
99460
99347
99340
99332
99186
99074
99069
99041
98983
98964
98896
98817
98589
98572
98528
98497
98476
98418
98412
98404
98357
98281
98229
98215
98208
98139
98051
97997
97979
97978
97930
97790
97690
97637
97621
97611
97600
97541
97426
97416
97360
97291
97271
97136
97112
96986
96948
96876
96842
96785
96784
96782
96670
96651
96606
96590
96574
96560
96549
96542
96524
96499
96469
96461
96280
96256
96217
96188
95962
95928
95878
95841
95781
95741
95716
95709
95699
95649
95613
95564
95550
95513
95505
95488
95450
95413
95353
95309
95135
95120
95070
95052
94904
94881
94758
94748
94607
94587
94583
94464
94382
94358
94356
94342
94326
94302
94284
94277
94257
94254
94240
94192
94144
94095
94044
93915
93911
93804
93601
93509
93374
93296
93294
93210
93169
93143
93137
93114
93075
93048
92991
92915
92873
92802
92800
92767
92674
92674
92638
92606
92516
92308
92270
92242
92118
92106
92071
92004
91876
91808
91695
91636
91617
91617
91615
91578
91573
91542
91460
91420
91255
91188
91067
91001
90935
90869
90868
90704
90703
90645
90640
90600
90574
90572
90470
90441
90440
90374
90351
90244
90197
90194
90152
90137
90038
89932
89925
89916
89893
89714
89670
89658
89611
89545
89511
89415
89376
89368
89364
89360
89276
89268
89245
89201
89176
89107
89082
89019
88973
88953
88883
88838
88718
88711
88567
88554
88529
88513
88362
88355
88353
88239
88237
88227
88186
88176
88069
88066
88054
87970
87911
87863
87839
87744
87687
87614
87578
87561
87518
87510
87505
87476
87473
87448
87400
87293
87142
87127
87106
86852
86791
86750
86717
86657
86623
86592
86574
86485
86475
86418
86346
86258
86138
86121
86053
86046
85749
85584
85538
85401
85384
85329
85327
85178
85153
85132
85119
85103
85078
85072
85015
84983
84946
84937
84877
84821
84814
84811
84756
84750
84681
84662
84651
84494
84406
84366
84280
84251
84240
84186
84139
84124
83976
83943
83895
83892
83883
83856
83772
83728
83711
83556
83531
83511
83483
83396
83384
83384
83348
83332
83211
83176
83027
83018
83014
82957
82921
82889
82876
82717
82609
82526
82508
82369
82342
82285
82235
82178
82157
82120
82008
81936
81923
81874
81856
81781
81738
81733
81711
81635
81567
81524
81524
81517
81467
81437
81398
81298
81239
81135
81103
81076
81072
81048
81010
80958
80907
80844
80821
80779
80746
80665
80549
80481
80470
80413
80286
80253
80207
80163
80152
80112
80012
80002
79905
79884
79870
79857
79787
79712
79694
79642
79628
79521
79516
79325
79289
79254
79083
78986
78968
78931
78909
78843
78829
78822
78615
78570
78557
78523
78445
78369
78351
78264
78192
78187
78128
78122
78120
78115
78099
78074
78053
78018
78002
77944
77918
77792
77727
77643
77592
77532
77506
77466
77392
77365
77297
77296
77104
76982
76955
76932
76886
76883
76767
76757
76693
76682
76673
76630
76556
76545
76493
76471
76469
76458
76420
76413
76394
76388
76383
76356
76354
76352
76176
76166
76033
75975
75946
75945
75929
75925
75892
75829
75808
75800
75771
75769
75723
75684
75639
75628
75502
75479
75418
75395
75380
75330
75222
75206
75162
75134
75118
75081
75037
75001
74999
74862
74846
74825
74823
74807
74801
74780
74699
74646
74590
74538
74490
74476
74474
74441
74438
74381
74347
74321
74300
74289
74183
74133
74121
74106
74053
74030
74007
73880
73812
73696
73691
73621
73561
73546
73469
73467
73439
73292
73160
73058
72997
72994
72937
72904
72881
72878
72851
72806
72788
72778
72767
72740
72651
72629
72435
72416
72412
72386
72355
72300
72266
72254
72239
72174
72133
72053
71823
71818
71807
71612
71477
71404
71373
71312
71256
71230
71195
71178
71149
71120
71057
70886
70886
70877
70669
70536
70535
70520
70509
70507
70329
70290
70276
70273
70201
70181
70166
70160
70114
70038
69966
69950
69891
69843
69727
69650
69638
69631
69595
69586
69542
69531
69521
69482
69377
69138
69076
69058
68995
68990
68884
68854
68764
68677
68629
68565
68457
68455
68413
68402
68329
68306
68269
68255
68249
68244
68223
68211
68199
68134
68082
68082
68075
68034
68002
67981
67933
67933
67888
67796
67709
67701
67660
67641
67563
67561
67534
67391
67325
67324
67301
67258
67200
66917
66916
66879
66863
66858
66851
66793
66753
66707
66601
66527
66425
66419
66418
66370
66342
66314
66221
66163
66130
66109
66030
65975
65949
65933
65905
65804
65792
65729
65706
65694
65690
65595
65586
65562
65516
65369
65329
65221
65196
65195
65187
65089
65086
65067
65018
64946
64915
64866
64814
64759
64724
64692
64609
64596
64522
64322
64257
64242
64225
64144
64124
64089
64015
63956
63931
63911
63779
63705
63704
63658
63629
63626
63600
63572
63571
63550
63547
63539
63506
63488
63481
63425
63369
63363
63317
63302
63294
63293
63266
63262
63260
63155
63088
63074
63039
63012
62942
62924
62866
62773
62668
62628
62530
62488
62469
62469
62454
62445
62375
62302
62283
62152
62146
62099
62065
61845
61737
61731
61730
61654
61626
61616
61490
61445
61315
61238
61214
61067
61064
60932
60926
60903
60859
60840
60791
60730
60636
60625
60346
60346
60307
60306
60244
60238
60116
60113
60111
60040
59947
59844
59828
59601
59543
59472
59469
59468
59468
59466
59393
59115
59033
59014
59006
58993
58965
58901
58763
58733
58692
58674
58624
58514
58440
58425
58374
58364
58350
58343
58307
58108
58070
58064
57957
57895
57849
57842
57838
57820
57759
57739
57697
57686
57642
57563
57425
57363
57359
57358
57343
57320
57306
57237
57184
57154
57122
57093
57042
56981
56977
56954
56879
56843
56826
56798
56770
56745
56738
56716
56705
56696
56678
56661
56623
56571
56526
56336
56297
56295
56265
56253
56212
56143
56108
56105
56078
56062
56042
55981
55949
55873
55581
55496
55428
55397
55387
55358
55317
55307
55242
55157
55131
55125
55121
55098
55057
55003
54969
54955
54951
54918
54698
54689
54657
54654
54600
54574
54513
54507
54443
54301
54276
54263
54219
54206
54084
54082
54057
54022
53839
53802
53745
53744
53657
53602
53599
53598
53526
53522
53519
53477
53410
53369
53316
53283
53215
53152
53077
53071
52950
52911
52868
52695
52658
52639
52620
52613
52562
52520
52486
52462
52248
52223
52212
52174
52091
51931
51876
51820
51819
51806
51792
51787
51763
51709
51672
51663
51621
51609
51577
51555
51538
51531
51365
51299
51270
51179
51098
51024
50988
50964
50955
50916
50837
50765
50743
50648
50577
50485
50362
50306
50290
50231
50223
50100
50054
50038
50006
49984
49814
49779
49755
49732
49731
49692
49662
49636
49492
49398
49391
49307
49208
49184
49135
49112
49085
49075
49052
48967
48890
48803
48732
48725
48615
48563
48541
48533
48472
48440
48319
48312
48247
48220
48126
48123
47998
47932
47844
47794
47673
47651
47650
47620
47496
47463
47457
47451
47447
47439
47404
47400
47390
47351
47326
47267
47211
47133
47002
46966
46953
46930
46900
46842
46805
46678
46605
46605
46596
46549
46368
46358
46352
46291
46282
46281
46229
46152
46136
46005
45859
45802
45761
45722
45691
45609
45584
45577
45559
45528
45468
45452
45445
45394
45392
45378
45359
45356
45249
45247
45233
45215
45207
45175
45156
45136
45128
45114
45001
44902
44872
44698
44691
44682
44606
44574
44532
44470
44438
44431
44304
44275
44259
44251
44096
43836
43835
43780
43715
43707
43591
43505
43489
43411
43360
43344
43332
43326
43322
43086
43083
43052
42909
42874
42862
42844
42800
42672
42638
42622
42600
42559
42555
42551
42531
42524
42500
42476
42467
42411
42259
42232
42163
42107
41931
41881
41880
41864
41826
41824
41775
41713
41679
41662
41652
41646
41642
41447
41441
41348
41287
41118
41091
41052
41051
41035
40975
40974
40856
40817
40809
40738
40733
40669
40666
40664
40579
40579
40575
40570
40566
40537
40524
40503
40491
40456
40411
40393
40315
40273
40258
40077
40056
39990
39990
39809
39699
39654
39652
39642
39586
39584
39570
39539
39517
39498
39494
39351
39265
39226
39149
39016
39013
38952
38936
38885
38829
38761
38665
38629
38611
38593
38576
38514
38508
38462
38448
38428
38347
38296
38247
38157
38130
38083
38060
37966
37878
37739
37724
37633
37603
37580
37554
37530
37522
37514
37496
37444
37309
37249
37193
37146
37059
37055
36912
36888
36856
36833
36743
36725
36685
36680
36646
36575
36574
36561
36484
36483
36454
36409
36285
36284
36268
36224
36129
36065
35936
35927
35902
35572
35532
35456
35394
35324
35239
35202
35153
35081
35070
35066
35060
34805
34778
34732
34663
34575
34573
34571
34570
34524
34492
34465
34353
34345
34312
34207
34182
34010
34003
33958
33958
33923
33916
33913
33895
33894
33851
33833
33828
33781
33695
33658
33606
33465
33456
33415
33403
33357
33274
33229
33172
33120
33059
33051
32935
32906
32894
32892
32861
32830
32829
32766
32748
32598
32434
32377
32361
32342
32330
32277
32159
32105
32088
31936
31852
31791
31749
31745
31725
31725
31721
31711
31666
31666
31640
31633
31495
31382
31012
30941
30867
30854
30794
30777
30754
30574
30565
30512
30445
30417
30415
30327
30307
30298
30095
30091
30064
30058
30052
29959
29917
29785
29774
29475
29429
29331
29269
29195
29192
29158
29083
28970
28945
28908
28867
28858
28821
28792
28791
28779
28774
28727
28626
28593
28576
28562
28520
28470
28456
28427
28386
28357
28349
28340
28261
28244
28118
28097
27792
27774
27717
27609
27525
27406
27391
27302
27297
27287
27211
27179
27165
27130
27069
27005
26984
26958
26915
26886
26831
26779
26773
26759
26705
26525
26505
26501
26493
26453
26436
26429
26362
26251
26234
26180
26157
26155
26108
26104
26103
26087
25944
25928
25927
25888
25879
25861
25800
25777
25570
25550
25519
25516
25488
25479
25439
25432
25412
25405
25381
25376
25308
25295
25286
25270
25035
25021
24977
24948
24918
24784
24687
24674
24618
24553
24532
24515
24508
24422
24397
24397
24237
24184
24092
24006
23993
23991
23964
23926
23739
23734
23710
23612
23518
23508
23505
23379
23324
23294
23263
23257
23121
22905
22903
22787
22778
22771
22566
22545
22523
22420
22339
22262
22232
22076
22042
22018
22004
21957
21929
21781
21753
21570
21525
21515
21437
21387
21244
21243
21059
20889
20851
20846
20811
20803
20792
20787
20641
20615
20605
20550
20540
20490
20418
20418
20323
20318
20270
20149
20089
20029
20016
19924
19798
19794
19648
19606
19536
19489
19371
19271
19264
19081
19051
18863
18746
18686
18608
18576
18540
18344
18076
18031
18003
17989
17906
17896
17867
17836
17781
17760
17658
17638
17622
17549
17434
17422
17394
17269
17170
17123
17042
16996
16820
16806
16698
16615
16609
16593
16540
16386
16347
16144
16138
16106
16092
16056
16039
15991
15952
15937
15897
15883
15841
15767
15737
15689
15565
15487
15479
15472
15411
15377
15309
15306
15248
15219
15164
15101
15096
15022
14950
14919
14886
14830
14743
14730
14719
14634
14610
14520
14507
14493
14453
14392
14316
14279
14191
14149
14141
14115
14028
13998
13744
13730
13624
13580
13562
13539
13474
13456
13454
13422
13341
13325
13319
13313
13251
13249
13176
13111
13092
13058
12913
12879
12798
12771
12758
12695
12675
12656
12631
12580
12442
12366
12168
12101
12079
12002
11899
11894
11849
11800
11761
11717
11706
11632
11563
11497
11425
11392
11194
11192
11168
11032
10936
10925
10841
10769
10747
10736
10585
10571
10429
10404
10274
10259
10183
10119
10000
9951
9900
9828
9805
9781
9732
9685
9678
9661
9535
9482
9473
9390
9380
9334
9295
9254
9215
9068
9051
8953
8880
8864
8846
8687
8672
8639
8435
8382
8351
8287
8280
8268
8237
8186
8156
8125
8121
8078
8062
8027
7994
7975
7962
7929
7908
7906
7796
7759
7606
7476
7472
7366
7320
7271
7251
7193
7069
6967
6913
6910
6846
6757
6748
6709
6692
6614
6499
6388
6374
6347
6335
6293
6286
6218
6199
6198
6184
6103
6090
6084
6057
6057
6050
5928
5866
5825
5807
5714
5607
5515
5482
5354
5280
5276
5256
5235
5210
5203
5175
5166
5157
5149
5118
5102
5079
5068
5035
4992
4961
4944
4867
4840
4839
4823
4800
4788
4758
4755
4704
4654
4565
4464
4419
4292
4212
4177
4144
4079
4001
3919
3919
3698
3573
3485
3478
3470
3345
3341
3317
3283
3267
3198
3036
3009
2998
2960
2894
2871
2705
2679
2601
2507
2494
2449
2401
2358
2322
2302
2281
2228
2159
2054
1896
1887
1797
1765
1763
1739
1645
1516
1419
1305
1252
1246
1126
1085
1084
1075
1029
997
981
913
881
871
868
861
816
745
597
557
538
504
462
455
451
283
207
149
145
70
