99995
99966
99932
99879
99801
99768
99745
99736
99732
99705
99677
99595
99467
99456
99435
99427
99409
99406
99389
99355
99289
99265
99262
99171
99066
99022
98986
98761
98761
98724
98653
98605
98550
98514
98481
98301
98272
98193
98066
98018
97916
97872
97792
97765
97749
97741
97722
97710
97635
97613
97571
97448
97446
97417
97286
97286
97285
97273
97230
97131
97093
97090
97089
96990
96958
96940
96918
96656
96544
96509
96501
96474
96421
96329
96326
96284
96255
96233
96199
96182
96128
96103
96081
96050
96046
95904
95874
95833
95816
95790
95734
95711
95650
95590
95565
95560
95424
95403
95401
95332
95323
95280
95269
95228
95128
95067
95043
94918
94872
94867
94856
94831
94775
94682
94645
94597
94570
94536
94457
94417
94387
94358
94308
94159
94146
94067
94061
94047
94041
94029
94027
93959
93788
93756
93688
93688
93652
93401
93364
93332
93332
93250
93238
93223
93053
92966
92940
92918
92897
92836
92779
92703
92673
92655
92623
92543
92515
92460
92390
92333
92305
92167
92154
92141
92121
92082
91999
91993
91966
91937
91915
91722
91677
91662
91548
91497
91493
91480
91436
91405
91245
91233
91119
91085
91069
90919
90742
90703
90675
90642
90566
90524
90221
90194
90192
90136
90116
90067
89998
89882
89830
89772
89709
89666
89589
89548
89388
89319
89216
89202
89097
89021
88962
88893
88834
88821
88815
88778
88694
88662
88612
88599
88503
88456
88390
88333
88263
88231
88173
88090
88050
87987
87963
87948
87935
87814
87789
87682
87651
87608
87597
87594
87567
87547
87416
87411
87394
87312
87217
87080
87070
87053
87027
86999
86953
86884
86840
86784
86774
86680
86578
86535
86521
86385
86368
86363
86166
86094
86093
86060
86033
85922
85914
85776
85714
85660
85642
85486
85476
85471
85335
85329
85178
85161
85026
84700
84696
84538
84510
84498
84441
84371
84257
84186
84162
84061
83957
83957
83905
83884
83873
83788
83768
83762
83762
83701
83669
83468
83343
83334
83319
83261
83232
83103
83087
83035
82979
82947
82938
82882
82847
82813
82786
82782
82714
82694
82677
82631
82591
82588
82585
82556
82495
82477
82347
82309
82242
82200
82171
82162
82162
82089
82082
82004
81946
81867
81859
81843
81786
81770
81747
81651
81509
81501
81494
81463
81382
81342
81250
81163
81149
81107
81099
81058
81045
81034
81015
80977
80976
80948
80925
80900
80848
80813
80770
80676
80649
80512
80505
80500
80421
80377
80258
80218
80190
80135
80123
80087
80046
79976
79924
79919
79861
79839
79833
79802
79728
79681
79671
79651
79623
79600
79595
79534
79436
79371
79253
79200
79180
79159
79152
79096
79061
78955
78947
78911
78775
78687
78625
78600
78451
78428
78370
78355
78351
78333
78184
78131
78087
77965
77917
77846
77790
77776
77776
77736
77691
77469
77439
77405
77384
77354
77286
77283
77255
77220
77218
77199
77194
77186
77151
77106
77037
76887
76853
76849
76711
76696
76629
76602
76581
76520
76504
76504
76440
76427
76409
76356
76334
76182
76164
76121
76070
76046
75940
75935
75839
75786
75702
75602
75575
75557
75551
75542
75519
75508
75437
75436
75416
75400
75356
75335
75172
75163
75161
75156
75153
75074
75039
75004
74995
74987
74976
74955
74915
74913
74911
74890
74868
74853
74840
74757
74721
74709
74708
74679
74678
74676
74513
74494
74471
74414
74217
74216
74182
73917
73846
73746
73709
73676
73665
73641
73641
73585
73543
73471
73344
73316
73278
73217
73134
73122
73007
72896
72790
72689
72603
72547
72462
72457
72384
72379
72351
72318
72313
72171
72168
72158
72148
72055
72030
71983
71916
71850
71765
71637
71631
71624
71623
71617
71616
71587
71545
71502
71478
71460
71454
71429
71367
71251
71222
71173
71150
71078
71067
71049
71021
70926
70852
70703
70591
70566
70510
70411
70389
70175
70169
69971
69923
69864
69836
69834
69803
69784
69578
69562
69511
69484
69450
69431
69425
69405
69353
69342
69341
69185
69172
69147
69120
69074
69067
69023
68854
68847
68811
68811
68714
68711
68672
68648
68638
68584
68573
68571
68553
68473
68444
68294
68236
68187
68069
67968
67801
67713
67674
67543
67541
67449
67416
67371
67330
67288
67269
67080
67078
67023
67018
67011
66956
66889
66888
66781
66713
66693
66660
66617
66580
66569
66533
66530
66520
66492
66473
66453
66427
66412
66398
66362
66360
66350
66235
66155
66138
66134
66072
66056
66013
65918
65888
65880
65777
65725
65713
65706
65627
65558
65529
65517
65339
65279
65257
65244
65171
65160
65157
65089
65053
65020
64943
64858
64794
64714
64697
64693
64693
64692
64636
64584
64495
64451
64405
64331
64320
64291
64252
64225
64221
64139
64055
64036
63972
63933
63918
63883
63846
63787
63731
63729
63714
63686
63641
63605
63583
63564
63559
63544
63517
63514
63495
63437
63408
63296
63287
63194
63146
63076
63066
62952
62881
62814
62794
62733
62672
62565
62562
62507
62475
62386
62213
62179
62133
62075
62041
61833
61753
61737
61645
61529
61410
61393
61334
61275
61267
61259
61255
61211
61161
61135
61104
61093
61025
60987
60966
60935
60883
60871
60756
60712
60681
60595
60385
60380
60379
60350
60314
60260
60183
60130
60119
60071
60018
60001
59938
59855
59828
59802
59770
59577
59551
59535
59463
59429
59409
59387
59325
59305
59253
59252
59247
59132
59091
59046
58855
58587
58586
58539
58524
58440
58417
58377
58377
58327
58320
58252
58235
58227
58120
58093
58093
58089
58012
57851
57849
57762
57683
57655
57616
57602
57521
57495
57453
57440
57247
57238
57224
57204
57147
57098
57063
57021
56933
56931
56927
56736
56691
56676
56654
56636
56614
56603
56560
56499
56480
56311
56168
56113
56102
56099
56028
55961
55942
55917
55886
55847
55844
55739
55734
55672
55643
55630
55571
55551
55400
55378
55372
55360
54962
54943
54933
54917
54909
54892
54877
54804
54744
54743
54690
54675
54603
54533
54525
54509
54451
54408
54170
54101
53938
53836
53827
53820
53671
53655
53653
53610
53579
53528
53517
53454
53447
53432
53393
53377
53356
53256
53249
53123
52976
52972
52943
52829
52776
52621
52579
52497
52487
52487
52435
52279
52267
52136
52074
51928
51862
51811
51735
51717
51706
51626
51611
51599
51544
51463
51453
51410
51407
51311
51300
51281
51252
51239
51231
51173
51169
51031
50960
50796
50794
50770
50763
50623
50619
50565
50494
50489
50450
50436
50294
50266
50234
50230
50180
50133
50114
49958
49946
49901
49890
49863
49851
49845
49811
49685
49541
49460
49405
49385
49362
49326
49311
49297
49250
49211
49183
49037
48918
48850
48845
48795
48787
48734
48727
48669
48661
48646
48605
48548
48544
48537
48463
48443
48438
48433
48414
48399
48349
48172
48169
48157
48133
48070
48022
48009
47985
47984
47983
47955
47949
47864
47852
47838
47752
47679
47664
47626
47595
47542
47378
47374
47234
47206
47132
46996
46966
46919
46831
46824
46814
46805
46687
46599
46560
46528
46456
46455
46445
46375
46322
46248
46097
45920
45884
45850
45778
45750
45591
45541
45491
45467
45450
45270
45210
45158
45133
45108
45035
44898
44837
44827
44699
44635
44616
44531
44509
44371
44048
43913
43688
43665
43656
43602
43595
43594
43513
43373
43362
43313
43292
43281
43270
43261
43255
43208
43194
43110
43081
42959
42772
42770
42726
42716
42680
42656
42639
42588
42540
42534
42515
42499
42476
42450
42448
42425
42364
42343
42288
42284
42272
42188
42164
42106
42083
42072
42054
41970
41733
41726
41686
41633
41617
41566
41521
41490
41457
41372
41341
41145
41097
41092
41000
40918
40835
40759
40727
40618
40597
40516
40496
40430
40391
40358
40194
40159
40097
40088
39933
39883
39739
39562
39416
39408
39403
39398
39202
39159
39068
39027
38994
38968
38770
38764
38715
38711
38637
38585
38511
38409
38386
38296
38164
38054
38037
37895
37834
37786
37763
37754
37742
37710
37701
37677
37668
37661
37644
37587
37583
37556
37523
37475
37415
37411
37346
37226
37224
37171
36983
36930
36925
36859
36833
36826
36771
36693
36668
36643
36575
36549
36549
36521
36512
36488
36479
36458
36441
36398
36393
36375
36367
36356
36261
36240
36142
36023
35971
35960
35866
35851
35760
35743
35721
35598
35554
35512
35502
35446
35322
35301
35265
35104
35095
35012
35008
34994
34988
34976
34920
34886
34882
34863
34844
34807
34756
34749
34694
34639
34611
34541
34415
34409
34406
34403
34376
34268
34249
34184
34110
34072
33957
33889
33881
33820
33698
33674
33671
33664
33602
33511
33465
33419
33342
33323
33268
33261
33259
33177
33176
33141
33110
33087
33050
32982
32876
32875
32870
32834
32827
32777
32769
32721
32671
32612
32588
32561
32504
32489
32404
32332
32257
32244
32205
32189
32174
32053
32033
32016
31937
31937
31849
31815
31800
31789
31778
31777
31775
31748
31551
31543
31396
31356
31292
31259
31258
31236
31154
31109
31047
31009
30971
30915
30914
30909
30805
30770
30763
30740
30722
30539
30513
30478
30444
30438
30387
30365
30338
30317
30223
30102
30100
30049
30033
30015
29979
29868
29832
29822
29764
29712
29607
29408
29389
29335
29276
29176
29133
29109
29092
29073
28970
28962
28890
28857
28818
28813
28765
28732
28622
28564
28547
28517
28431
28414
28391
28354
28330
28294
28021
27640
27592
27553
27553
27526
27514
27476
27456
27427
27350
27298
27142
27050
26992
26978
26902
26864
26820
26806
26706
26614
26591
26586
26541
26468
26404
26307
26193
26173
26143
26096
26072
26043
26042
25985
25785
25764
25680
25679
25643
25591
25543
25518
25512
25511
25461
25442
25406
25340
25202
25150
25133
25084
25021
24973
24924
24920
24901
24822
24747
24710
24617
24492
24420
24418
24403
24402
24401
24376
24344
24344
24315
24298
24164
24067
24054
24023
23951
23872
23768
23760
23492
23423
23384
23371
23293
23237
23219
23212
23175
23166
23139
23125
23108
23095
23031
22986
22854
22853
22843
22790
22743
22500
22490
22450
22425
22412
22349
22346
22175
22155
22094
22003
21995
21826
21757
21689
21567
21540
21535
21502
21466
21396
21349
21347
21345
21333
21261
21205
21162
21132
21104
21055
21049
20992
20990
20928
20902
20873
20836
20809
20802
20673
20627
20627
20612
20592
20553
20417
20380
20373
20357
20326
20133
20117
19960
19939
19931
19928
19868
19856
19791
19766
19726
19721
19573
19553
19495
19468
19427
19427
19291
19216
19173
19076
18912
18769
18678
18513
18466
18466
18363
18286
18212
18205
18180
18137
18115
18040
18035
17990
17963
17914
17908
17871
17787
17761
17720
17676
17643
17633
17618
17600
17568
17566
17543
17424
17364
17345
17272
17229
17209
17199
16931
16923
16918
16886
16686
16677
16589
16585
16544
16435
16431
16419
16321
16306
16154
16014
15994
15987
15958
15889
15877
15875
15838
15830
15762
15716
15672
15655
15640
15413
15307
15215
15193
15183
15146
15090
15079
14906
14905
14883
14880
14867
14772
14574
14425
14414
14346
14326
14212
14200
14169
14122
14050
13899
13887
13808
13802
13738
13720
13686
13582
13577
13526
13525
13447
13421
13414
13397
13378
13253
13248
13219
13172
13168
13156
13149
13133
12946
12932
12913
12883
12878
12822
12774
12708
12707
12686
12684
12506
12499
12329
12304
12229
12164
12123
12107
12041
11993
11833
11728
11709
11615
11549
11539
11463
11431
11412
11342
11325
11149
11102
11098
11088
11048
10990
10963
10789
10731
10727
10564
10548
10540
10535
10452
10423
10421
10414
10269
10244
10214
10117
10089
10041
9935
9932
9914
9910
9884
9839
9835
9636
9581
9558
9542
9456
9333
9269
9193
9168
9095
9072
9041
8933
8902
8780
8747
8721
8680
8669
8513
8450
8439
8438
8433
8405
8404
8384
8358
8316
8313
8249
8232
8195
8182
8177
7958
7958
7953
7952
7950
7897
7815
7742
7706
7679
7628
7626
7577
7547
7471
7407
7405
7400
7368
7362
7322
7309
7293
7265
7223
7214
7203
7133
7117
7069
7055
7040
6904
6898
6739
6519
6518
6380
6374
6372
6263
6243
6239
6185
6138
6049
6013
6003
6002
5992
5982
5964
5804
5735
5638
5635
5619
5605
5522
5502
5448
5439
5358
5352
5199
5187
5174
4828
4765
4737
4696
4680
4615
4482
4279
4259
4196
4167
4091
4056
4012
4011
3978
3958
3930
3909
3895
3895
3865
3762
3601
3523
3451
3435
3375
3344
3218
3211
3211
3160
2977
2935
2909
2891
2886
2857
2814
2800
2741
2691
2689
2659
2575
2544
2418
2417
2319
2303
2229
2216
2138
2138
2071
2060
2027
2008
2001
1775
1766
1727
1636
1620
1600
1548
1546
1515
1509
1501
1439
1433
1330
1276
1214
1202
1200
1173
1164
1119
1083
996
973
941
854
843
798
782
773
752
709
590
567
432
320
272
252
141
127
