99991
99979
99900
99897
99813
99777
99757
99693
99690
99656
99607
99602
99602
99587
99446
99405
99392
99188
99098
98945
98857
98829
98811
98802
98743
98728
98708
98698
98698
98677
98607
98604
98581
98567
98486
98465
98460
98450
98439
98439
98416
98368
98329
98268
98257
98154
98145
98084
98066
98063
98045
98037
98008
97998
97970
97821
97735
97654
97626
97591
97548
97519
97510
97367
97295
97258
97161
97159
97146
97127
97058
96968
96932
96889
96833
96805
96798
96779
96722
96694
96649
96566
96531
96471
96455
96396
96377
96263
96231
96222
96083
96046
96025
96004
95915
95900
95878
95870
95837
95764
95683
95663
95595
95575
95507
95423
95420
95299
95275
95100
95087
95085
95051
94973
94963
94867
94688
94651
94648
94619
94608
94526
94433
94426
94390
94363
94319
94180
93973
93947
93874
93811
93801
93764
93666
93647
93644
93594
93592
93559
93265
93178
93120
93054
92989
92936
92922
92917
92814
92764
92721
92718
92707
92674
92597
92592
92589
92561
92531
92530
92508
92458
92326
92208
92203
92165
92148
92108
92083
92069
92056
92040
92015
92010
91980
91969
91954
91911
91848
91817
91810
91793
91780
91690
91658
91635
91610
91516
91494
91493
91486
91464
91430
91429
91351
91314
91272
91255
91166
91136
90989
90975
90959
90900
90753
90698
90668
90656
90655
90629
90626
90588
90522
90465
90422
90420
90379
90284
90241
90213
90212
90205
90203
90180
90142
90075
90019
89959
89924
89907
89887
89878
89875
89855
89788
89779
89756
89695
89690
89578
89531
89479
89476
89473
89465
89426
89422
89367
89361
89349
89220
89145
88997
88953
88852
88784
88695
88630
88597
88585
88561
88520
88440
88424
88359
88282
88163
88059
87926
87819
87673
87652
87623
87616
87605
87537
87514
87498
87472
87410
87403
87326
87321
87287
87285
87255
87154
87147
87138
87097
86995
86895
86858
86857
86856
86834
86828
86809
86755
86727
86707
86693
86451
86398
86309
86270
86173
86107
86095
86075
86073
86058
86043
85911
85889
85871
85826
85781
85745
85642
85622
85539
85455
85311
85299
85275
85269
85251
85176
85051
84976
84967
84926
84797
84767
84751
84716
84712
84711
84615
84586
84522
84466
84414
84143
83972
83930
83850
83796
83743
83640
83632
83579
83542
83495
83490
83446
83419
83311
83274
83223
83130
83100
82980
82965
82885
82827
82799
82709
82672
82597
82586
82582
82547
82506
82486
82476
82386
82313
82254
82251
82228
82224
82165
82158
82076
81944
81937
81899
81884
81838
81777
81761
81654
81632
81582
81300
81291
81242
81235
81233
81207
81194
81180
81120
81093
81074
81021
80953
80942
80918
80821
80750
80586
80575
80560
80483
80476
80428
80425
80413
80407
80378
80369
80354
80350
80247
80180
80071
80044
80039
80026
79963
79950
79926
79915
79860
79846
79840
79803
79803
79766
79749
79747
79727
79724
79374
79340
79316
79237
79178
79121
79063
79041
78870
78836
78788
78645
78639
78565
78535
78492
78447
78195
78155
78150
78140
78093
78004
78003
77991
77976
77953
77912
77894
77881
77832
77758
77689
77606
77589
77449
77386
77333
77292
77125
76932
76748
76687
76549
76464
76419
76364
76361
76290
76284
76281
76269
76185
76166
76148
75901
75859
75561
75552
75531
75489
75469
75415
75339
75335
75315
75232
75226
75201
75191
75063
75054
74940
74921
74891
74817
74816
74778
74771
74691
74676
74657
74653
74626
74525
74429
74428
74374
74351
74297
74290
74219
74109
74067
74063
74013
73963
73899
73863
73670
73657
73624
73610
73596
73478
73444
73392
73365
73343
73259
73078
73032
72936
72830
72780
72773
72760
72750
72686
72549
72447
72160
72114
72049
72008
71998
71909
71876
71867
71828
71811
71623
71567
71563
71346
71345
71314
71313
71261
71145
71044
71005
70992
70971
70966
70807
70796
70752
70668
70549
70495
70493
70461
70432
70424
70322
70290
70232
70226
70127
70121
70094
70070
70069
70054
70025
69962
69822
69811
69704
69683
69644
69631
69604
69540
69516
69463
69362
69243
69131
69070
69034
69003
68952
68896
68830
68730
68660
68600
68485
68452
68440
68426
68349
68345
68322
68259
68119
68074
68071
68028
67855
67817
67809
67766
67704
67679
67560
67560
67482
67482
67481
67422
67382
67368
67353
67299
67232
67212
67208
67170
67115
66951
66950
66925
66913
66865
66767
66653
66649
66483
66423
66301
66289
66265
66234
66216
66198
66162
66159
66118
66080
66046
65990
65970
65786
65720
65695
65656
65652
65622
65582
65540
65427
65388
65315
65309
65299
65288
65215
65148
65111
65084
65053
64817
64799
64727
64709
64697
64602
64529
64511
64490
64306
64159
64155
64145
64089
64086
64079
64063
64004
63956
63892
63873
63867
63804
63733
63719
63701
63664
63639
63523
63323
63307
63183
63106
63103
63100
62880
62808
62774
62567
62520
62497
62480
62395
62328
62284
62271
62268
62243
62169
62086
62072
62046
61896
61769
61758
61641
61574
61556
61443
61334
61249
61117
61070
61060
61040
61028
61020
60967
60941
60938
60860
60821
60798
60773
60767
60623
60597
60541
60521
60519
60504
60504
60418
60395
60385
60328
60295
60294
60076
60025
59966
59946
59929
59893
59826
59822
59786
59755
59744
59730
59574
59552
59380
59332
59259
59181
59164
59099
59065
59063
59033
59023
58797
58725
58722
58699
58615
58533
58510
58492
58395
58352
58310
58298
58238
58193
58179
58170
58104
57996
57993
57964
57952
57942
57933
57807
57801
57792
57699
57696
57610
57579
57578
57474
57405
57325
57120
57102
57088
57084
57044
57017
56979
56969
56928
56879
56860
56795
56759
56676
56635
56605
56570
56555
56409
56379
56370
56330
56252
56162
56148
56131
55831
55746
55611
55553
55543
55536
55517
55471
55416
55383
55345
55329
55228
55224
55204
55157
55142
55039
54788
54751
54694
54662
54632
54611
54609
54523
54494
54476
54412
54405
54399
54387
54341
54337
54332
54287
54262
54201
54191
54149
54143
54121
54076
54005
53958
53888
53854
53852
53742
53714
53657
53650
53623
53591
53560
53539
53537
53483
53429
53413
53360
53355
53338
53336
53217
53214
53150
53000
52909
52872
52871
52853
52703
52628
52606
52591
52571
52550
52547
52532
52518
52506
52454
52447
52440
52413
52288
52280
52261
52257
52249
52186
52114
52075
52067
52000
51839
51829
51828
51731
51718
51717
51715
51554
51427
51382
51379
51316
51314
51190
51184
51157
51005
50975
50924
50899
50828
50698
50698
50575
50486
50462
50362
50279
50239
50169
50154
50147
50112
50104
50087
49763
49753
49715
49604
49524
49460
49457
49452
49415
49337
49011
49009
49003
48834
48793
48765
48605
48456
48420
48373
48313
48303
48303
48246
48227
48178
48170
48167
48153
48060
48056
47991
47988
47981
47972
47964
47942
47940
47909
47883
47723
47701
47684
47629
47620
47615
47606
47594
47556
47445
47375
47340
47310
47297
47187
47179
47081
47076
47057
47039
46901
46880
46868
46840
46826
46738
46630
46592
46551
46544
46531
46480
46457
46449
46433
46428
46399
46352
46272
46267
46221
46206
46189
45986
45957
45674
45640
45602
45488
45484
45441
45324
45319
45294
45288
45266
45130
45102
44971
44935
44867
44825
44796
44773
44771
44720
44694
44607
44420
44348
44324
44238
44057
44043
44031
44030
44015
43982
43946
43857
43825
43770
43633
43624
43620
43576
43411
43406
43400
43393
43321
43317
43273
43239
43196
43161
43161
43131
43114
43093
43052
43030
43028
43016
42808
42647
42636
42457
42365
42345
42276
42219
42218
42150
42141
42138
42076
41975
41967
41913
41912
41769
41768
41751
41745
41681
41675
41650
41613
41593
41570
41553
41514
41505
41410
41273
41226
41214
41190
41179
41073
40977
40963
40871
40772
40726
40695
40633
40527
40450
40381
40194
40145
40141
40107
40105
40012
39983
39921
39795
39715
39552
39523
39422
39299
39287
39273
39271
39187
39171
39162
39150
39095
39042
39009
39007
38849
38787
38780
38750
38744
38663
38554
38543
38529
38410
38325
38309
38246
38175
38087
38060
37992
37743
37716
37679
37672
37607
37536
37396
37394
37381
37334
37261
37206
37138
36906
36849
36847
36817
36808
36736
36734
36717
36711
36665
36640
36629
36474
36421
36326
36313
36313
36308
36246
36065
36049
36023
35971
35929
35873
35850
35826
35796
35593
35557
35479
35477
35335
35301
35225
35197
35170
35092
35072
34911
34905
34828
34797
34756
34695
34674
34661
34622
34595
34527
34504
34442
34327
34310
34212
34187
34100
33995
33967
33953
33917
33878
33781
33754
33721
33632
33624
33514
33430
33422
33359
33338
33289
33223
33113
33066
32991
32966
32957
32907
32888
32805
32762
32683
32603
32586
32581
32530
32502
32468
32452
32450
32355
32276
32222
32218
32157
32073
32060
32059
32016
31855
31823
31704
31581
31580
31365
31293
31251
31155
31127
31114
30983
30970
30905
30801
30783
30663
30616
30600
30505
30462
30462
30421
30334
30237
30183
30129
30028
29994
29872
29861
29812
29745
29707
29652
29533
29507
29393
29377
29328
29303
29293
29106
29083
29055
28971
28957
28911
28906
28904
28847
28791
28759
28676
28602
28541
28424
28392
28300
28209
28156
28122
28095
27959
27947
27946
27885
27775
27772
27716
27693
27632
27581
27537
27510
27423
27418
27371
27324
27306
27249
27169
27164
27064
26944
26937
26929
26895
26891
26826
26818
26793
26711
26711
26706
26665
26612
26496
26382
26380
26352
26138
26078
26009
25935
25730
25668
25634
25544
25544
25519
25413
25407
25406
25370
25310
25295
25286
25276
25254
25239
25145
25073
25055
25032
24968
24908
24845
24821
24796
24742
24740
24690
24674
24660
24599
24465
24456
24436
24433
24404
24359
24351
24189
24035
24008
24001
23989
23952
23952
23812
23791
23753
23750
23648
23640
23570
23494
23491
23491
23362
23320
23243
23221
23221
23190
23180
23163
23161
23136
23132
23062
22868
22799
22743
22709
22703
22671
22670
22614
22564
22434
22354
22312
22150
22146
22136
22131
22106
22096
22091
22040
22020
22009
22005
21983
21849
21842
21794
21573
21490
21433
21359
21345
21332
21265
21255
21217
21209
21186
21167
21141
21125
21106
21045
21023
20982
20941
20935
20934
20922
20921
20861
20851
20776
20760
20740
20731
20638
20592
20562
20525
20474
20441
20421
20338
20331
20256
20217
20176
20115
20057
20056
20054
20044
19995
19867
19829
19790
19649
19649
19586
19571
19504
19487
19470
19466
19461
19457
19307
19278
19254
19243
19209
19138
19092
19081
19052
19050
19001
18970
18925
18899
18896
18818
18804
18800
18729
18712
18683
18671
18661
18569
18536
18529
18426
18420
18306
18239
18149
18117
18113
18006
17950
17937
17883
17862
17846
17810
17781
17707
17704
17675
17568
17498
17377
17369
17367
17355
17330
17289
17286
17249
17191
17189
17057
17023
16951
16829
16810
16802
16602
16546
16457
16432
16413
16361
16339
16308
16247
16126
16066
15915
15842
15747
15731
15604
15535
15525
15501
15491
15471
15424
15411
15303
15302
15268
15248
15202
15106
15090
15030
14944
14838
14810
14808
14766
14753
14695
14650
14632
14628
14620
14609
14559
14550
14297
14065
14060
14006
14002
14002
13938
13936
13875
13838
13797
13632
13529
13328
13310
13288
13243
13133
13102
13081
13075
13057
12877
12833
12811
12778
12767
12730
12652
12650
12592
12588
12564
12519
12382
12359
12349
12325
12213
12208
12206
12194
12156
11873
11710
11686
11681
11401
11359
11355
11156
11121
11107
11032
10833
10814
10701
10637
10614
10599
10542
10519
10496
10491
10408
10380
10290
10289
10244
10110
10074
10021
10018
9983
9968
9966
9945
9855
9834
9824
9824
9818
9803
9666
9645
9567
9566
9494
9442
9437
9429
9399
9317
9286
9286
9262
9106
9047
9047
8990
8969
8933
8823
8715
8713
8672
8573
8532
8466
8414
8381
8277
8263
8209
8125
8091
8068
8035
8001
7857
7837
7817
7812
7669
7646
7617
7559
7521
7495
7406
7244
7215
7193
7110
7102
7059
6972
6929
6912
6815
6815
6769
6676
6636
6614
6561
6514
6444
6425
6393
6363
6339
6272
6253
6188
6185
6135
6135
6037
6003
5994
5714
5701
5618
5583
5562
5548
5509
5371
5342
5333
5329
5310
5220
5177
5155
5141
5126
5120
5006
4976
4940
4882
4855
4709
4670
4667
4658
4565
4561
4378
4296
4160
4119
4117
4111
4064
4025
4020
4013
3950
3940
3876
3870
3805
3673
3666
3627
3585
3557
3469
3446
3437
3324
3220
3206
3115
2936
2910
2889
2824
2821
2793
2755
2720
2632
2622
2598
2516
2442
2346
2345
2316
2254
2198
2151
2045
2012
1986
1937
1855
1721
1672
1671
1623
1540
1472
1393
1350
1323
1276
1217
1180
1080
1006
936
846
823
817
765
735
668
656
554
526
520
472
325
305
186
135
125
111
9
