99901
99783
99783
99725
99607
99582
99532
99492
99441
99281
99152
98983
98969
98968
98967
98901
98892
98868
98813
98745
98695
98654
98639
98623
98585
98582
98562
98523
98487
98456
98397
98383
98359
98312
98246
98236
98221
98167
98148
98100
98047
98011
97973
97886
97849
97838
97792
97746
97719
97555
97551
97514
97486
97434
97382
97333
97305
97295
97226
97178
97160
96962
96947
96907
96868
96857
96811
96765
96727
96670
96624
96560
96551
96511
96499
96476
96440
96255
96251
96184
96183
96179
96103
96014
95974
95952
95937
95909
95898
95898
95862
95846
95727
95680
95655
95640
95551
95542
95541
95488
95479
95475
95345
95335
95262
95172
95137
95036
95002
94981
94965
94786
94772
94757
94743
94738
94736
94721
94681
94632
94615
94564
94519
94485
94472
94428
94416
94414
94405
94377
94361
94351
94266
94209
94152
94085
94043
93907
93688
93663
93599
93583
93559
93504
93467
93356
93346
93206
93183
93165
93056
93048
93032
92904
92878
92770
92748
92745
92643
92592
92574
92572
92538
92483
92481
92451
92443
92376
92358
92305
92223
92215
92208
92192
92153
92090
92078
91982
91965
91887
91790
91717
91667
91651
91575
91525
91467
91463
91411
91346
91290
91165
91138
91008
90943
90939
90886
90865
90735
90689
90685
90641
90604
90555
90529
90524
90488
90447
90378
90327
90326
90211
90207
90191
90178
90078
90060
90022
90014
89968
89954
89927
89924
89900
89875
89836
89782
89779
89697
89515
89376
89278
89248
89227
89196
89168
89162
89158
89115
88975
88934
88839
88819
88754
88744
88675
88655
88548
88516
88480
88474
88402
88334
88288
88282
88192
88186
88138
88127
88110
87893
87847
87844
87844
87748
87744
87703
87690
87579
87519
87436
87330
87326
87177
87082
87078
86968
86923
86905
86893
86888
86881
86819
86792
86746
86730
86728
86716
86613
86605
86600
86596
86528
86475
86460
86425
86322
86180
86163
86115
86069
86000
85969
85816
85805
85787
85754
85650
85644
85626
85597
85594
85571
85472
85403
85350
85246
85223
85150
85117
85060
84983
84975
84931
84908
84903
84850
84817
84797
84795
84755
84740
84696
84690
84687
84670
84376
84281
84163
84126
84084
84015
84001
83874
83693
83666
83559
83396
83386
83379
83347
83345
83339
83281
83268
83236
83178
83156
83105
82978
82969
82916
82911
82840
82836
82787
82727
82685
82654
82654
82462
82383
82357
82352
82319
82286
82129
82125
82028
81997
81927
81817
81790
81614
81612
81543
81514
81508
81503
81423
81368
81353
81352
81266
81230
81226
81185
81044
80881
80842
80797
80748
80720
80651
80648
80619
80544
80541
80508
80494
80262
80244
80243
80149
80140
80035
79984
79958
79929
79902
79889
79814
79804
79578
79399
79344
79059
79020
79005
78903
78890
78874
78819
78818
78786
78665
78610
78605
78531
78462
78360
78281
78228
78164
78157
78144
78081
78044
77874
77873
77835
77721
77663
77638
77614
77452
77282
77277
77266
77215
77211
77075
76899
76877
76877
76611
76562
76551
76497
76459
76435
76394
76390
76339
76260
76168
76148
76106
75923
75889
75792
75724
75718
75708
75559
75543
75456
75453
75414
75382
75375
75324
75068
75005
74887
74835
74816
74789
74759
74723
74680
74660
74612
74468
74456
74445
74370
74333
74144
74050
73992
73977
73928
73839
73781
73764
73741
73672
73577
73491
73440
73433
73426
73357
73356
73343
73340
73246
73124
73113
73084
73037
72981
72962
72960
72839
72838
72786
72737
72654
72620
72606
72575
72543
72528
72430
72391
72357
72348
72238
72236
72179
72148
72141
72121
72111
72097
72051
72041
72007
71902
71883
71800
71638
71602
71581
71456
71455
71408
71365
71307
71241
71189
71162
71140
71020
71003
70984
70917
70911
70823
70730
70688
70648
70608
70552
70544
70502
70483
70468
70440
70433
70405
70377
70340
70266
70264
70255
70248
70056
69955
69954
69884
69860
69847
69816
69809
69750
69695
69651
69647
69596
69508
69445
69364
68979
68889
68855
68853
68805
68792
68702
68586
68561
68479
68443
68411
68313
68209
68203
68115
68083
68066
67994
67954
67829
67761
67707
67615
67498
67343
67260
67209
67156
67147
67142
67140
67060
67007
66877
66861
66803
66764
66754
66744
66729
66725
66683
66506
66495
66437
66398
66305
66284
66178
66111
66108
66076
66070
66016
65948
65947
65828
65713
65635
65561
65500
65454
65404
65384
65383
65375
65347
65317
65200
65181
65161
65115
65097
65016
64981
64950
64880
64854
64852
64793
64670
64636
64427
64354
64342
64198
64135
64044
64006
63931
63913
63893
63875
63843
63797
63674
63657
63515
63505
63446
63420
63411
63380
63374
63343
63333
63332
63269
63257
63244
63224
63163
62958
62907
62879
62860
62860
62859
62802
62801
62778
62757
62750
62734
62667
62632
62632
62578
62466
62423
62380
62287
62235
62179
62065
62041
61989
61920
61909
61829
61628
61615
61611
61610
61610
61583
61508
61418
61356
61301
61256
61245
61222
61203
61157
61152
61107
61019
60977
60964
60959
60938
60930
60921
60660
60636
60480
60476
60445
60332
60322
60304
60303
60291
60277
60228
60153
60152
60143
60130
60124
59919
59881
59811
59770
59661
59614
59568
59550
59486
59386
59263
59173
59168
59045
59045
59034
58974
58837
58760
58744
58659
58584
58551
58529
58474
58464
58429
58367
58319
58225
58196
58133
57942
57712
57563
57530
57527
57527
57503
57446
57435
57424
57275
57223
57214
57200
57151
57139
56944
56933
56875
56852
56850
56833
56692
56673
56403
56400
56382
56347
56321
56321
56279
56274
56259
56257
56228
56216
56186
56178
56039
55999
55899
55819
55601
55600
55543
55496
55495
55433
55384
55384
55350
55344
55262
55217
55084
55065
54990
54910
54843
54809
54806
54793
54763
54677
54617
54557
54502
54405
54358
54343
54266
54224
54134
53904
53886
53885
53875
53861
53861
53854
53842
53804
53778
53736
53719
53670
53661
53524
53422
53337
53335
53262
53169
53051
53006
52990
52989
52986
52940
52900
52738
52710
52640
52639
52549
52514
52468
52373
52326
52322
52217
52043
51982
51948
51896
51741
51675
51659
51637
51599
51594
51588
51509
51507
51441
51338
51259
51179
51124
51100
51081
50970
50929
50862
50802
50714
50706
50667
50655
50602
50457
50448
50402
50211
50209
50187
50156
50146
50141
50108
50106
50101
49984
49881
49854
49819
49761
49749
49688
49682
49573
49572
49550
49533
49514
49510
49436
49394
49391
49150
49146
49145
49096
48986
48942
48937
48752
48670
48634
48604
48513
48508
48455
48454
48326
48316
48309
48269
48243
48234
48220
48217
48199
48172
48114
48068
48004
48002
47980
47933
47913
47840
47794
47787
47776
47775
47759
47745
47700
47674
47662
47628
47600
47543
47490
47447
47269
47234
47217
47169
47152
47128
47033
46917
46864
46825
46820
46804
46784
46766
46765
46756
46725
46710
46651
46430
46394
46386
46380
46369
46341
46325
46255
46217
46172
46112
46103
46030
45994
45977
45920
45900
45844
45824
45681
45538
45511
45402
45384
45291
45272
45249
45094
45049
44959
44946
44927
44925
44872
44850
44808
44769
44713
44639
44595
44527
44461
44432
44425
44352
44327
44325
44281
44267
44257
44222
44174
43947
43939
43916
43860
43859
43796
43777
43728
43622
43615
43515
43441
43393
43371
43371
43362
43342
43326
43290
43181
43145
43119
43003
42988
42868
42773
42760
42745
42644
42608
42569
42560
42526
42490
42437
42398
42279
42249
42222
42209
42191
42105
41759
41702
41647
41621
41604
41591
41574
41560
41555
41553
41551
41528
41502
41412
41333
41326
41296
41241
41150
41123
41100
41092
40939
40887
40805
40766
40743
40673
40669
40639
40606
40589
40557
40502
40485
40443
40406
40397
40343
40312
40308
40266
40203
40027
40026
40016
39995
39975
39961
39938
39883
39872
39720
39682
39625
39615
39611
39577
39544
39511
39506
39373
39048
39033
38910
38846
38649
38647
38606
38550
38536
38531
38505
38284
38266
38201
38186
38054
37944
37936
37931
37924
37886
37881
37877
37864
37807
37772
37751
37722
37708
37580
37567
37512
37423
37409
37277
37126
37065
37018
37012
36934
36913
36866
36830
36739
36734
36683
36665
36603
36595
36567
36562
36529
36507
36474
36419
36411
36313
36145
36125
36120
36064
35971
35862
35765
35736
35717
35686
35683
35652
35652
35614
35529
35357
35298
35263
35042
34875
34867
34847
34807
34795
34764
34618
34616
34613
34583
34502
34493
34472
34462
34416
34402
34387
34380
34342
34340
34288
34278
34082
34078
34055
33946
33944
33821
33656
33583
33504
33495
33459
33399
33291
33258
33255
33235
33230
33184
33153
33073
33022
33007
32974
32920
32914
32871
32863
32817
32812
32718
32713
32710
32659
32645
32422
32409
32408
32389
32388
32386
32259
32244
32233
32212
32053
32025
31983
31924
31924
31901
31895
31876
31806
31763
31754
31584
31562
31540
31533
31371
31327
31241
31234
31193
31166
31164
31153
31137
31054
31003
31000
30998
30987
30971
30955
30916
30906
30684
30654
30639
30542
30486
30340
30291
30190
30173
30125
30113
30107
30015
29843
29815
29812
29797
29776
29714
29683
29681
29672
29443
29373
29340
29337
29273
29179
29169
29158
29090
29079
29068
29067
28879
28786
28743
28703
28650
28488
28462
28439
28382
28322
28226
28201
28039
27925
27896
27847
27833
27547
27539
27492
27424
27324
27305
27275
27212
27105
27097
27092
27026
27020
27018
27002
26935
26894
26873
26810
26803
26732
26720
26633
26629
26589
26579
26525
26515
26444
26422
26386
26349
26248
26191
26153
26110
26054
26014
25973
25967
25952
25935
25809
25799
25795
25789
25696
25666
25648
25635
25632
25548
25521
25508
25504
25485
25453
25435
25397
25386
25230
25215
25108
25058
24999
24965
24937
24854
24794
24681
24649
24636
24605
24605
24539
24522
24504
24498
24443
24386
24304
24283
24214
24212
24209
24208
24203
24183
23984
23786
23755
23714
23649
23641
23630
23581
23477
23408
23402
23367
23320
23255
23249
23151
23125
23026
23008
22970
22927
22830
22775
22760
22716
22670
22654
22653
22585
22571
22532
22390
22385
22375
22337
22315
22280
22164
22114
22104
22020
22004
21878
21845
21815
21798
21722
21721
21486
21440
21423
21416
21384
21298
21239
21168
21065
21052
21041
20976
20899
20860
20756
20733
20685
20521
20490
20473
20417
20261
20233
20083
20075
20058
20038
19984
19872
19831
19677
19503
19500
19471
19464
19425
19417
19409
19386
19380
19317
19274
19237
19182
19136
19001
18937
18847
18840
18827
18743
18707
18706
18703
18638
18620
18600
18557
18534
18461
18449
18397
18374
18305
18273
18232
18152
18132
18074
18022
18017
18001
17876
17781
17778
17557
17525
17525
17504
17491
17474
17468
17466
17464
17442
17258
17233
17220
17161
17137
17131
16959
16949
16935
16875
16864
16848
16846
16841
16695
16666
16646
16554
16480
16421
16410
16355
16336
16320
16274
16254
16220
16210
16146
16135
16073
16068
15987
15980
15911
15812
15778
15725
15665
15646
15628
15617
15583
15510
15470
15421
15337
15288
15271
15262
14956
14946
14937
14778
14764
14747
14614
14550
14544
14491
14487
14429
14416
14413
14333
14332
14277
14267
14246
14115
13971
13903
13856
13764
13737
13642
13599
13570
13471
13439
13435
13424
13291
13243
13221
13206
13147
13128
13124
13076
13024
13010
13010
12927
12916
12911
12796
12775
12759
12709
12590
12587
12535
12521
12417
12397
12374
12349
12320
12298
12279
12186
12010
12003
11991
11986
11938
11928
11822
11773
11606
11526
11518
11511
11434
11232
11229
11104
10993
10967
10941
10938
10896
10895
10893
10861
10798
10737
10708
10675
10588
10478
10466
10385
10363
10312
10305
10301
10237
10235
10184
10168
10085
10067
10055
10006
9930
9698
9506
9470
9440
9434
9365
9362
9302
9274
9267
9256
9173
9061
8926
8863
8786
8728
8690
8679
8676
8658
8586
8434
8362
8341
8306
8192
8112
7932
7917
7850
7806
7806
7713
7542
7534
7493
7463
7406
7329
7238
7163
7138
7105
7081
7040
7009
7002
6903
6894
6817
6741
6695
6685
6481
6470
6457
6245
6231
6087
6086
6071
5964
5921
5886
5857
5847
5785
5774
5765
5708
5706
5687
5625
5563
5558
5508
5376
5312
5259
5154
5106
5016
4989
4941
4925
4913
4907
4906
4875
4847
4834
4695
4675
4661
4482
4376
4242
4085
4046
3956
3877
3819
3729
3717
3698
3665
3662
3661
3647
3638
3637
3570
3533
3353
3312
3301
3295
3112
3012
2989
2849
2786
2780
2745
2657
2634
2602
2577
2560
2516
2507
2498
2472
2436
2386
2215
2204
2203
2177
2057
1973
1952
1849
1827
1754
1738
1578
1561
1423
1390
1325
1118
1035
1026
852
848
801
673
652
634
578
576
551
441
336
318
257
231
228
219
206
185
180
161
58
