99952
99926
99863
99840
99829
99797
99719
99603
99506
99471
99446
99441
99347
99341
99339
99318
99288
99261
99243
99243
99188
99066
98959
98932
98918
98852
98722
98656
98606
98590
98549
98525
98491
98469
98457
98443
98340
98295
98273
98255
98207
98180
98159
97964
97950
97944
97834
97807
97741
97729
97714
97688
97647
97514
97499
97433
97429
97407
97285
97268
97237
97220
97100
97095
97005
97002
96905
96799
96784
96758
96720
96716
96663
96662
96653
96615
96615
96579
96575
96562
96417
96328
96248
96242
96206
96104
96089
96075
96032
95993
95977
95938
95920
95898
95867
95848
95812
95776
95630
95563
95523
95498
95379
95341
95337
95259
95197
95121
94975
94950
94946
94932
94929
94837
94813
94717
94679
94672
94599
94548
94497
94453
94423
94364
94337
94316
94230
94119
94110
94064
94050
93995
93942
93805
93748
93746
93674
93661
93641
93622
93620
93562
93546
93532
93479
93458
93411
93387
93317
93294
93287
93214
93180
93172
93134
93096
93071
93054
93050
92990
92927
92784
92777
92735
92702
92627
92580
92579
92558
92539
92463
92433
92402
92388
92292
92287
92054
91876
91786
91746
91735
91725
91712
91702
91505
91500
91464
91305
91253
91244
91176
91157
91139
91123
91042
91002
90989
90953
90919
90854
90817
90763
90680
90655
90616
90557
90528
90469
90323
90267
90258
90154
90152
90152
90119
90098
90055
90042
90029
89970
89939
89847
89775
89770
89722
89716
89712
89700
89692
89643
89531
89496
89465
89406
89294
89261
89207
89135
89131
89014
89005
88859
88824
88804
88746
88737
88734
88594
88528
88346
88328
88309
88308
88263
88214
88180
88167
88155
88150
88120
88107
88049
88030
87861
87763
87703
87692
87594
87557
87534
87522
87491
87404
87377
87348
87214
87188
87169
87131
87114
87027
86934
86912
86904
86892
86678
86633
86625
86554
86486
86481
86456
86449
86350
86280
86267
86213
86185
86078
86025
85994
85978
85977
85960
85872
85836
85815
85785
85627
85568
85529
85513
85503
85428
85392
85358
85277
85270
85167
85163
84845
84842
84825
84820
84800
84790
84763
84608
84404
84392
84364
84287
84284
84235
84211
84182
84018
83969
83931
83919
83837
83823
83631
83621
83613
83487
83479
83431
83288
83283
83249
83143
83083
83072
83064
83043
83022
82925
82797
82748
82731
82722
82719
82713
82594
82567
82543
82515
82484
82224
82190
82173
82115
82091
82087
81914
81814
81792
81738
81725
81722
81652
81645
81641
81633
81495
81489
81472
81453
81453
81424
81422
81315
81151
80861
80824
80626
80623
80586
80570
80517
80475
80455
80382
80363
80331
80295
80282
80262
80214
80211
80166
80163
80099
79889
79849
79784
79770
79719
79626
79579
79243
79183
79166
79150
79080
79074
79071
79024
79000
78975
78938
78900
78825
78825
78780
78730
78677
78671
78654
78651
78573
78565
78473
78444
78431
78395
78393
78325
78290
78268
78136
78065
78035
77902
77827
77788
77615
77586
77585
77487
77475
77449
77367
77351
77348
77329
77307
77260
77146
77094
76982
76933
76928
76859
76769
76705
76703
76675
76631
76574
76550
76512
76460
76384
76377
76347
76300
76299
76139
76111
76100
76044
75958
75686
75657
75578
75552
75551
75503
75437
75239
75217
75156
75105
74914
74847
74727
74717
74695
74691
74668
74623
74606
74544
74457
74421
74419
74414
74305
74224
74194
74181
74150
74107
74061
74030
73976
73970
73958
73945
73928
73869
73810
73787
73783
73764
73743
73702
73647
73618
73599
73594
73557
73542
73477
73425
73316
73310
73299
73168
73008
72901
72826
72784
72722
72696
72674
72577
72545
72542
72532
72520
72478
72447
72400
72388
72347
72087
72040
72018
71865
71861
71822
71821
71784
71611
71584
71537
71532
71462
71423
71214
71184
71182
71164
71163
70950
70860
70846
70828
70824
70822
70771
70707
70706
70695
70610
70560
70240
70222
69958
69943
69874
69867
69866
69779
69759
69749
69741
69673
69644
69615
69584
69581
69545
69544
69511
69492
69453
69415
69385
69363
69323
69183
69176
69154
69001
68934
68901
68896
68853
68852
68791
68638
68632
68622
68614
68574
68566
68562
68545
68495
68452
68405
68342
68322
68309
68304
68232
68215
68201
68111
68086
68069
68025
67977
67974
67953
67897
67878
67855
67824
67789
67781
67767
67757
67717
67648
67646
67502
67472
67271
67262
67254
67234
67140
67134
67061
67002
66922
66849
66774
66751
66716
66649
66643
66553
66550
66531
66394
66370
66364
66353
66345
66270
66175
66055
66040
66038
66035
65966
65958
65944
65897
65861
65846
65764
65692
65649
65605
65555
65534
65445
65431
65397
65385
65325
65224
65108
65104
65103
65044
64953
64945
64835
64805
64740
64627
64528
64513
64389
64343
64241
64235
64207
64162
64078
64028
64025
64010
63959
63912
63826
63704
63618
63582
63520
63468
63409
63303
63281
63211
63199
63088
63072
63011
62976
62914
62852
62845
62735
62712
62704
62685
62653
62526
62346
62321
62276
62258
62204
62177
62174
62166
62114
62027
62017
61922
61827
61809
61771
61752
61733
61695
61687
61621
61600
61595
61469
61420
61372
61355
61352
61327
61024
60936
60910
60844
60837
60823
60822
60486
60466
60435
60419
60400
60355
60295
60278
60232
60182
60140
60080
60000
59940
59924
59902
59799
59780
59775
59650
59640
59609
59567
59436
59421
59321
59295
59228
59188
59145
59144
59070
59069
59063
59062
58975
58954
58933
58931
58869
58858
58700
58552
58504
58486
58482
58459
58386
58364
58254
58216
58181
58149
57975
57883
57849
57848
57797
57770
57726
57587
57585
57573
57532
57478
57429
57425
57402
57389
57360
57343
57300
57234
57182
57087
57055
57022
56967
56933
56910
56842
56735
56619
56612
56610
56438
56402
56244
56233
56066
55966
55958
55812
55678
55651
55630
55601
55601
55421
55416
55341
55259
55255
55239
55167
55089
54951
54914
54886
54821
54733
54717
54679
54667
54638
54372
54317
54236
54043
54040
53953
53943
53939
53907
53768
53678
53668
53657
53651
53633
53620
53419
53374
53357
53335
53267
53212
53136
53052
53036
53004
52937
52926
52872
52864
52444
52330
52199
52160
52155
52130
51892
51886
51762
51662
51623
51610
51609
51607
51506
51457
51429
51419
51389
51320
51292
51273
51246
51243
51174
51141
50997
50982
50946
50885
50812
50779
50748
50685
50635
50574
50541
50511
50432
50314
50254
50253
50148
50137
50119
49888
49788
49754
49729
49579
49573
49538
49530
49524
49520
49472
49408
49366
49364
49334
49231
49230
49203
49189
49181
49093
49065
48988
48978
48933
48821
48772
48751
48620
48620
48501
48490
48453
48369
48360
48230
48204
48156
47923
47909
47894
47864
47841
47830
47763
47715
47582
47577
47560
47548
47513
47428
47380
47296
47261
47181
47162
47158
47108
47069
46950
46936
46929
46923
46877
46846
46784
46758
46681
46617
46397
46370
46294
46291
46224
46159
46157
45974
45948
45900
45743
45604
45555
45525
45481
45476
45448
45444
45348
45196
45144
45118
45116
45116
44953
44830
44742
44623
44503
44415
44393
44389
44385
44345
44308
44298
44253
44141
44016
43985
43974
43933
43918
43783
43768
43732
43619
43611
43588
43571
43563
43548
43532
43486
43464
43446
43437
43284
43207
43202
43064
42980
42974
42960
42862
42852
42826
42807
42787
42784
42764
42699
42699
42665
42617
42601
42573
42572
42471
42463
42433
42420
42400
42400
42270
42219
42164
42124
42043
42036
42033
41977
41960
41955
41889
41804
41796
41734
41725
41688
41655
41651
41580
41523
41492
41432
41338
41275
41238
41201
41143
41104
41102
41061
41052
40988
40978
40958
40845
40842
40805
40797
40753
40735
40617
40614
40574
40539
40475
40397
40324
40308
40249
40167
40158
40126
40108
40061
39986
39953
39942
39893
39861
39808
39733
39689
39652
39585
39527
39490
39447
39396
39367
39346
39325
39309
39306
39222
39218
39165
39138
39134
39124
39085
39084
39076
39060
39036
38957
38803
38793
38747
38738
38496
38406
38400
38395
38383
38381
38312
38311
38299
38299
38290
38236
38214
38085
37957
37934
37907
37894
37824
37805
37803
37779
37698
37695
37567
37385
37240
37211
37203
37147
37125
37086
37082
36894
36893
36882
36850
36846
36587
36577
36571
36497
36451
36432
36428
36411
36404
36386
36312
36185
36038
35980
35955
35853
35774
35735
35682
35632
35553
35538
35502
35364
35263
35261
35167
35116
35076
35056
35046
34993
34919
34854
34778
34775
34671
34642
34588
34568
34478
34441
34373
34369
34201
34111
34041
34001
33921
33894
33779
33603
33487
33372
33352
33287
33246
33244
33152
33111
33088
33032
33018
32995
32967
32850
32840
32839
32775
32727
32681
32641
32594
32557
32555
32551
32523
32470
32418
32352
32351
32350
32044
32039
32018
32015
31926
31767
31723
31641
31607
31514
31385
31345
31118
31112
31077
30972
30934
30931
30921
30897
30893
30890
30866
30829
30823
30804
30673
30570
30557
30357
30345
30307
30252
30231
30192
30092
30084
30056
29970
29970
29958
29923
29873
29867
29782
29644
29589
29538
29538
29513
29434
29323
29272
29181
29002
29000
28826
28812
28806
28802
28683
28631
28603
28594
28506
28443
28438
28295
28213
28178
28078
28052
27995
27949
27931
27877
27811
27722
27571
27563
27517
27511
27471
27444
27412
27399
27368
27321
27281
27264
27229
27160
27149
27104
27010
26988
26941
26928
26914
26856
26817
26611
26529
26508
26482
26434
26427
26421
26399
26357
26349
26247
26196
26165
26126
25969
25925
25897
25895
25884
25872
25835
25774
25767
25715
25687
25658
25572
25545
25511
25476
25464
25374
25259
25210
25210
25187
25174
25164
25158
25133
24915
24854
24831
24785
24761
24756
24730
24707
24678
24653
24524
24419
24361
24330
24282
24208
24156
24153
24128
24126
24060
24057
23955
23941
23800
23780
23683
23650
23637
23540
23464
23456
23427
23421
23377
23253
23093
23073
23009
22977
22899
22834
22750
22702
22542
22531
22490
22426
22303
22274
22271
22226
22209
22117
22113
21949
21856
21788
21745
21718
21695
21694
21635
21564
21527
21524
21508
21506
21460
21333
21284
21279
21277
21075
20916
20903
20769
20752
20478
20409
20390
20319
20262
20206
20168
20147
20139
19850
19830
19769
19627
19548
19547
19489
19474
19257
19147
19126
19000
18989
18951
18919
18907
18901
18886
18844
18745
18710
18706
18616
18574
18514
18504
18388
18363
18361
18341
18232
18180
18176
18095
18036
17964
17881
17846
17824
17787
17718
17713
17657
17502
17487
17457
17433
17384
17370
17330
17324
17303
17287
17259
17258
17258
17201
17191
17190
17170
17111
17083
16979
16969
16912
16879
16857
16811
16807
16800
16707
16684
16675
16592
16543
16455
16450
16438
16365
16337
16273
16256
16121
16084
16048
16010
16010
15996
15967
15848
15823
15629
15622
15454
15447
15395
15370
15367
15310
15305
15227
15195
15192
15148
15110
15050
14941
14900
14876
14846
14790
14708
14626
14586
14494
14486
14438
14315
14289
14255
14188
14173
14140
14138
14135
14111
13978
13912
13861
13729
13711
13687
13681
13676
13654
13635
13534
13517
13492
13441
13371
13364
13304
13281
13160
13107
13058
13034
13009
12974
12943
12891
12713
12694
12656
12647
12608
12574
12459
12416
12411
12114
12112
12070
12007
11818
11793
11756
11731
11730
11693
11666
11531
11512
11509
11474
11440
11398
11353
11312
11281
11273
11256
11184
11184
11158
11154
11137
11085
11053
11052
11022
11019
10990
10977
10929
10917
10860
10818
10735
10537
10528
10500
10498
10466
10413
10411
10353
10280
10236
10190
10123
10089
10082
10081
9995
9986
9953
9943
9914
9678
9601
9571
9541
9463
9408
9378
9376
9332
9271
9266
9199
8932
8926
8919
8876
8874
8841
8801
8794
8761
8727
8726
8641
8574
8537
8516
8485
8387
8347
8326
8315
8245
8191
8156
8055
8035
7922
7880
7737
7705
7669
7630
7587
7558
7546
7533
7465
7465
7409
7380
7320
7277
7262
7175
7138
7101
7097
7010
6968
6967
6940
6893
6893
6858
6846
6787
6785
6707
6655
6578
6565
6558
6458
6348
6346
6234
6154
6139
5993
5969
5898
5863
5830
5736
5559
5490
5462
5434
5384
5324
5312
5268
5260
5176
5125
4996
4958
4943
4935
4862
4817
4813
4734
4676
4629
4577
4539
4528
4520
4435
4423
4406
4377
4364
4332
4315
4306
4285
4240
4183
4151
4013
4002
3934
3895
3835
3826
3793
3729
3682
3638
3603
3601
3547
3454
3416
3390
3387
3378
3359
3348
3341
3237
2943
2887
2873
2860
2775
2746
2553
2477
2450
2447
2410
2398
2394
2198
2121
2093
2062
2055
1800
1784
1630
1603
1586
1487
1456
1454
1404
1391
1376
1359
1271
1112
1102
1022
925
898
898
884
820
820
688
495
391
204
157
130
120
115
109
82
74
69
18
