100000
99969
99955
99944
99889
99854
99848
99830
99765
99639
99545
99497
99497
99446
99412
99403
99396
99300
99165
99135
99114
99102
99100
98882
98750
98733
98623
98544
98541
98532
98512
98452
98381
98305
98295
98289
98240
98189
98143
98112
97990
97985
97929
97889
97801
97755
97698
97682
97646
97589
97431
97345
97308
97222
97075
96957
96947
96934
96930
96861
96810
96674
96672
96537
96481
96459
96385
96315
96231
96221
96215
96184
96168
96087
96048
95958
95896
95825
95791
95777
95770
95715
95683
95620
95463
95318
95092
95034
94916
94874
94872
94789
94765
94677
94606
94572
94551
94502
94074
94063
94050
94049
93933
93867
93844
93839
93838
93836
93704
93684
93630
93562
93561
93543
93488
93469
93428
93294
93192
93147
93133
93111
93073
93047
92916
92883
92868
92813
92720
92577
92511
92425
92344
92308
92249
92209
92175
92172
92113
92099
92079
92060
91984
91836
91803
91795
91760
91688
91642
91636
91636
91626
91495
91489
91462
91452
91437
91402
91397
91362
91224
91171
91152
91130
91027
90829
90694
90636
90536
90499
90499
90432
90411
90214
90146
90118
90081
90059
90007
89899
89891
89877
89868
89692
89659
89647
89596
89596
89550
89465
89426
89381
89337
89312
89292
89243
89236
89223
89187
89129
89119
89097
89068
89006
88959
88950
88936
88865
88825
88819
88793
88781
88757
88739
88721
88659
88645
88627
88587
88510
88499
88498
88360
88340
88253
88188
88159
88142
88084
88064
88036
88013
87970
87959
87904
87858
87858
87710
87684
87646
87610
87529
87346
87328
87275
87250
87154
87004
86992
86991
86901
86848
86829
86712
86705
86680
86575
86433
86408
86354
86328
86322
86286
86148
86084
86083
86018
85913
85705
85617
85482
85385
85378
85346
85327
85272
85265
85234
85063
85057
85030
85010
84998
84915
84904
84883
84752
84699
84677
84672
84631
84610
84600
84533
84483
84435
84422
84402
84240
84218
84077
84066
84000
83981
83954
83948
83821
83746
83726
83726
83675
83669
83650
83585
83557
83535
83483
83396
83385
83358
83355
83345
83339
83295
83114
83111
82798
82758
82736
82635
82580
82507
82428
82427
82417
82391
82371
82268
82247
82218
82139
82126
82060
82057
81976
81974
81970
81898
81862
81832
81824
81810
81705
81630
81624
81484
81401
81318
81314
81265
81265
81245
81191
81174
81130
81129
81052
81042
80973
80958
80673
80665
80620
80494
80492
80461
80454
80447
80432
80328
80247
80242
80226
80206
80153
80150
80141
80032
80031
80031
80023
80012
79908
79805
79789
79609
79606
79588
79582
79579
79554
79545
79508
79454
79439
79432
79374
79374
79370
79314
79305
79266
79201
79200
79030
79010
79010
79000
78994
78957
78902
78874
78861
78823
78526
78491
78480
78425
78349
78270
78257
78234
78203
78197
78194
78127
78107
78054
78052
78024
78002
77740
77620
77590
77557
77537
77453
77434
77385
77318
77292
77266
77231
77229
77179
77166
77127
77041
76984
76978
76961
76905
76880
76862
76860
76857
76828
76732
76663
76640
76564
76530
76282
76267
76256
76241
76196
76176
76155
76071
76069
76062
76021
75982
75975
75970
75936
75914
75860
75798
75777
75658
75574
75553
75423
75341
75254
75147
75087
75000
74842
74823
74779
74768
74611
74553
74504
74490
74481
74463
74427
74426
74411
74395
74350
74329
74313
74289
74249
74212
74201
74061
74031
74027
73992
73971
73950
73948
73931
73876
73872
73864
73853
73852
73810
73647
73629
73590
73524
73518
73507
73480
73472
73392
73377
73377
73358
73281
73237
73210
73209
73140
73035
72898
72854
72696
72684
72670
72660
72613
72612
72580
72576
72569
72502
72422
72409
72273
72241
72151
72102
71923
71907
71897
71882
71848
71834
71828
71773
71762
71747
71734
71734
71720
71630
71586
71488
71401
71350
71334
71204
71158
71132
71120
71084
71075
71054
71007
70996
70976
70916
70900
70869
70804
70627
70612
70609
70545
70495
70464
70370
70251
70172
70136
70125
70101
70060
70038
70006
69641
69609
69606
69585
69579
69547
69374
69286
69263
69231
69216
69211
69146
69101
69022
69021
68985
68982
68925
68883
68875
68728
68704
68642
68578
68489
68483
68409
68398
68379
68372
68369
68361
68361
68308
68251
68251
68229
68199
68196
68034
68029
68024
68008
67950
67933
67902
67869
67822
67762
67751
67661
67652
67599
67499
67484
67466
67445
67389
67283
67192
67180
67125
67086
67049
66931
66928
66910
66869
66824
66742
66729
66597
66595
66356
66288
66278
66239
66220
66202
66194
66145
66135
66109
66096
66006
65959
65955
65913
65900
65837
65824
65799
65792
65666
65655
65630
65577
65519
65470
65433
65367
65359
65179
65132
65028
64944
64925
64919
64868
64824
64719
64613
64605
64512
64500
64419
64389
64367
64358
64342
64323
64312
64302
64248
64192
64042
63992
63989
63962
63781
63778
63777
63775
63772
63763
63698
63630
63606
63605
63537
63524
63512
63479
63458
63456
63433
63404
63391
63313
63262
63254
63231
63227
63174
63066
63027
62945
62944
62851
62481
62466
62401
62378
62360
62326
62317
62302
62248
62179
62120
62031
61993
61957
61852
61821
61797
61757
61592
61552
61511
61407
61401
61361
61194
61151
61126
61126
61048
61033
60999
60905
60830
60817
60795
60648
60634
60607
60476
60419
60393
60333
60287
60279
60245
60227
60204
60192
60190
60165
60140
60134
60090
60037
60026
60010
59933
59905
59898
59709
59703
59627
59597
59551
59488
59428
59343
59315
59140
59070
59060
59020
58983
58901
58785
58670
58669
58662
58623
58601
58595
58543
58510
58430
58387
58385
58384
58374
58368
58299
58181
58048
57985
57980
57969
57934
57896
57894
57705
57634
57632
57517
57508
57406
57399
57270
57259
57185
56862
56838
56750
56737
56711
56659
56637
56631
56623
56526
56496
56435
56411
56404
56350
56296
56282
56265
56235
56110
56079
56041
56006
55861
55777
55761
55739
55678
55633
55629
55615
55598
55575
55516
55495
55492
55467
55465
55411
55179
55065
55050
54951
54909
54898
54887
54811
54723
54542
54520
54459
54427
54348
54327
54284
54276
54243
54185
54144
54023
53977
53934
53790
53771
53726
53694
53618
53567
53556
53299
53293
53236
53184
53180
53164
53110
52860
52800
52738
52644
52630
52542
52498
52365
52289
52265
52251
52219
52201
52198
51991
51890
51815
51761
51578
51561
51467
51430
51424
51408
51400
51334
51321
51271
51208
51181
51078
50910
50885
50866
50809
50799
50794
50784
50677
50659
50658
50649
50610
50536
50419
50378
50373
50325
50290
50256
50213
50168
50074
50065
50063
50055
50004
50001
49986
49954
49941
49928
49852
49820
49707
49695
49671
49621
49585
49533
49499
49470
49465
49436
49416
49393
49364
49288
49275
49272
49214
49201
49124
49121
48979
48891
48882
48858
48803
48778
48752
48727
48592
48574
48542
48533
48496
48459
48455
48435
48330
48313
48256
48249
48022
47909
47897
47884
47782
47743
47700
47637
47537
47532
47500
47496
47482
47481
47435
47346
47266
47261
47184
47125
47070
47063
46990
46970
46897
46820
46801
46767
46740
46579
46575
46539
46528
46518
46456
46390
46350
46349
46344
46342
46258
46250
46186
46157
46132
46129
46086
46061
46056
46036
46017
45965
45955
45926
45872
45819
45764
45677
45652
45622
45580
45485
45465
45356
45339
45267
45160
44947
44871
44861
44860
44848
44831
44816
44740
44738
44709
44687
44632
44576
44525
44520
44505
44462
44411
44389
44388
44377
44263
44252
44187
44147
44132
44060
43971
43912
43897
43856
43850
43833
43776
43775
43685
43658
43602
43560
43541
43538
43404
43383
43327
43271
43201
43184
43175
43143
43135
43042
42906
42902
42844
42819
42594
42513
42506
42496
42486
42446
42442
42380
42320
42077
41759
41711
41711
41708
41685
41641
41621
41609
41524
41493
41485
41472
41463
41444
41352
41270
41171
41025
41008
40938
40859
40844
40764
40740
40689
40654
40593
40552
40540
40519
40352
40337
40307
40301
40299
40117
40096
39992
39958
39943
39914
39877
39843
39800
39720
39480
39418
39369
39148
38941
38813
38800
38730
38673
38668
38558
38536
38467
38439
38376
38267
38235
38229
38132
38091
38089
38078
38044
38025
38010
37991
37943
37889
37876
37862
37835
37767
37718
37708
37695
37615
37592
37579
37571
37539
37452
37447
37249
37174
37124
37067
37020
36956
36954
36943
36679
36604
36566
36501
36372
36355
36347
36343
36299
36228
36223
36173
36126
35988
35987
35953
35878
35797
35655
35595
35588
35516
35415
35261
35247
35238
35188
35186
35171
35139
35131
35079
35023
34952
34788
34719
34422
34417
34388
34345
34167
34147
34125
34120
33985
33922
33916
33859
33849
33836
33758
33626
33326
33248
33063
33031
32985
32935
32931
32928
32847
32784
32757
32721
32619
32609
32572
32549
32460
32419
32407
32361
32358
32203
32110
32054
32050
32019
31764
31710
31670
31655
31631
31533
31525
31519
31482
31419
31412
31411
31407
31205
31183
31145
31132
31124
31105
30991
30932
30893
30884
30839
30762
30730
30691
30664
30649
30645
30559
30459
30455
30425
30361
30347
30331
30291
30286
30255
30244
30141
30059
30024
29999
29962
29860
29852
29806
29489
29482
29482
29404
29402
29363
29273
29028
28993
28980
28979
28952
28933
28898
28878
28862
28709
28510
28438
28401
28332
28298
28272
28260
28185
28131
28119
28107
28107
28102
28073
28067
28039
28031
27931
27845
27761
27674
27552
27530
27500
27298
27291
27239
27182
27126
27061
27001
26933
26886
26740
26700
26596
26582
26575
26403
26390
26295
26292
26276
26259
26238
26183
26158
26112
26094
26050
26027
25940
25910
25854
25759
25756
25725
25723
25640
25636
25634
25443
25301
25183
25126
25105
25099
25093
25091
25064
25002
24891
24881
24795
24771
24703
24532
24516
24499
24479
24468
24225
24175
24170
24150
23968
23909
23900
23884
23856
23855
23800
23750
23748
23686
23645
23633
23626
23620
23521
23466
23466
23464
23382
23356
23295
23239
23215
23187
23180
22995
22902
22867
22845
22814
22802
22745
22715
22537
22517
22510
22368
22337
22162
22073
22070
21826
21785
21758
21729
21675
21666
21604
21574
21567
21552
21551
21458
21448
21445
21071
21044
21029
21000
20997
20989
20944
20921
20884
20866
20757
20752
20748
20744
20710
20691
20687
20657
20641
20579
20573
20542
20389
20324
20282
20277
20254
20251
20004
19957
19931
19908
19902
19874
19812
19811
19629
19601
19495
19488
19439
19407
19300
19243
19211
19097
19062
19049
19044
19016
18942
18865
18791
18782
18744
18646
18374
18300
18263
18164
18132
18042
18010
17992
17971
17968
17868
17735
17697
17686
17638
17588
17565
17555
17448
17438
17432
17356
17132
16998
16984
16969
16926
16916
16867
16785
16776
16666
16658
16654
16645
16573
16557
16527
16492
16414
16334
16327
16219
16181
16167
16139
16105
16005
15909
15850
15849
15820
15817
15810
15760
15700
15683
15634
15614
15571
15556
15546
15545
15478
15246
15086
14995
14852
14823
14822
14784
14703
14688
14664
14635
14564
14427
14366
14333
14221
14139
14075
14071
14024
13886
13737
13715
13676
13553
13525
13491
13418
13385
13291
13196
13171
13167
13166
13121
13048
13038
12967
12939
12906
12884
12846
12837
12827
12692
12686
12649
12564
12506
12481
12479
12444
12408
12385
12372
12371
12320
12222
12093
12077
12048
12019
11908
11760
11663
11647
11637
11579
11563
11549
11536
11407
11370
11321
11302
11271
11242
11208
11133
11013
10992
10989
10928
10922
10851
10810
10775
10666
10634
10626
10610
10563
10507
10429
10425
10419
10416
10412
10334
10227
10203
10182
10181
10144
10038
10016
9892
9820
9792
9765
9746
9700
9686
9682
9569
9520
9441
9429
9316
9306
9222
9196
9167
9166
9145
9100
9090
8981
8892
8876
8840
8836
8755
8713
8665
8632
8615
8596
8527
8509
8489
8417
8415
8337
8194
8119
8000
7959
7946
7864
7819
7779
7707
7706
7694
7636
7601
7533
7475
7474
7442
7395
7306
7190
7175
7169
7165
7116
7111
7041
7011
6828
6827
6814
6636
6633
6628
6560
6546
6492
6469
6439
6379
6343
6326
6292
6267
6255
6247
6174
6111
6074
6028
6015
6014
6006
5910
5901
5753
5749
5739
5571
5513
5309
5294
5286
5207
4971
4955
4907
4751
4735
4700
4695
4665
4576
4495
4482
4415
4351
4349
4337
4305
4294
4291
4209
4207
4199
4125
4120
4085
4067
4049
3988
3983
3982
3973
3865
3847
3836
3776
3703
3573
3567
3524
3512
3483
3465
3339
3299
3247
3199
3148
3132
3131
3122
3102
3027
3019
2892
2862
2807
2777
2741
2618
2570
2540
2414
2337
2316
2279
2279
2184
2181
2169
2142
2124
2072
2005
1931
1911
1867
1783
1729
1637
1621
1597
1518
1491
1406
1336
1025
908
859
759
487
455
230
213
175
145
128
