99965
99823
99779
99715
99637
99618
99581
99573
99572
99532
99442
99269
99267
99247
99131
99081
99050
99030
99029
99010
98951
98919
98834
98665
98664
98654
98543
98542
98529
98455
98277
98270
98192
98171
98170
97950
97896
97763
97750
97686
97665
97630
97600
97558
97519
97492
97485
97398
97370
97335
97268
97250
96973
96972
96956
96792
96715
96608
96574
96491
96250
96177
96166
96071
96043
95997
95925
95786
95776
95741
95740
95697
95610
95606
95558
95509
95481
95464
95411
95397
95326
95233
95157
95128
95104
94974
94932
94829
94800
94687
94534
94518
94515
94502
94476
94464
94450
94426
94409
94324
94317
94274
94224
94218
94181
94131
94073
93980
93971
93956
93903
93895
93858
93796
93739
93736
93503
93428
93339
93270
93184
93183
93136
93090
92970
92948
92946
92909
92862
92807
92590
92527
92445
92445
92425
92345
92258
92208
92184
92172
92170
92128
92088
91940
91864
91848
91832
91798
91721
91565
91508
91418
91415
91415
91385
91320
91180
91065
91024
90925
90907
90884
90857
90817
90804
90799
90793
90789
90786
90776
90770
90692
90647
90553
90523
90436
90421
90406
90390
90364
90346
90279
90255
90141
90109
90099
90038
90007
89945
89898
89891
89890
89781
89762
89740
89700
89680
89645
89613
89439
89398
89341
89332
89316
89102
89067
89038
89028
89008
88950
88808
88796
88770
88715
88678
88449
88429
88385
88297
88244
88234
88233
88231
88220
88187
88160
88111
87907
87904
87698
87677
87310
87265
87261
87185
87106
87029
86965
86894
86873
86830
86770
86615
86559
86454
86449
86422
86319
86246
86226
86217
86190
86189
86165
86100
86071
86017
85984
85960
85955
85724
85723
85669
85662
85624
85579
85515
85456
85401
85310
85284
85217
85209
85207
85165
85154
85102
85043
85035
85013
84956
84859
84853
84850
84847
84842
84802
84790
84771
84587
84483
84477
84435
84344
84325
84186
84109
84090
83992
83962
83955
83947
83873
83831
83824
83803
83748
83657
83473
83345
83306
83298
83253
83176
83165
83141
83099
83026
82995
82822
82805
82798
82764
82740
82695
82668
82666
82654
82597
82590
82543
82521
82442
82356
82350
82335
82295
82289
82281
82265
82192
82192
82129
82128
82098
82053
81966
81938
81904
81871
81802
81735
81675
81666
81617
81612
81592
81539
81517
81484
81477
81472
81451
81446
81427
81313
81280
81248
81231
81179
81116
81102
81055
80893
80870
80783
80752
80645
80493
80482
80463
80396
80362
80241
80188
80113
80100
79917
79910
79889
79817
79778
79752
79715
79707
79649
79543
79455
79452
79438
79420
79399
79347
79249
79200
79182
79175
79111
79095
79082
79079
79000
78985
78873
78847
78813
78619
78608
78578
78565
78559
78559
78352
78323
78314
78236
78234
78209
78208
78174
78037
78029
77913
77789
77786
77772
77696
77666
77622
77537
77491
77391
77348
77288
77165
77044
76973
76883
76848
76833
76756
76725
76712
76696
76554
76373
76250
76218
76155
76118
76114
76043
76033
75926
75849
75718
75625
75604
75582
75575
75567
75517
75379
75371
75354
75207
75168
75138
75083
75047
74777
74725
74653
74652
74630
74622
74530
74488
74487
74434
74434
74422
74382
74361
74360
74336
74304
74146
74104
74055
74010
73704
73631
73548
73489
73453
73351
73338
73274
73228
73219
73177
73177
73089
73053
73029
72839
72828
72778
72722
72701
72675
72628
72530
72508
72506
72493
72391
72278
72277
72163
72115
72097
72067
72061
71885
71869
71841
71835
71824
71817
71763
71740
71703
71701
71663
71637
71580
71576
71363
71212
71188
71145
71130
71128
70975
70952
70851
70588
70576
70465
70397
70374
70341
70267
70190
70186
70170
70151
70135
70121
70117
70082
70070
70065
70004
69896
69818
69815
69802
69796
69637
69581
69575
69566
69559
69540
69536
69481
69448
69447
69371
69364
69271
69271
69196
69112
68963
68910
68859
68781
68771
68720
68684
68647
68596
68573
68569
68539
68480
68435
68408
68186
68141
68113
68098
68092
68068
67984
67955
67789
67779
67747
67692
67609
67608
67600
67568
67567
67558
67509
67494
67483
67379
67370
67310
67242
67226
67216
67202
67132
66914
66824
66816
66754
66735
66713
66639
66578
66423
66405
66306
66243
66219
66159
66111
66055
66031
65977
65958
65939
65892
65866
65841
65812
65812
65802
65773
65689
65645
65589
65560
65528
65486
65468
65457
65417
65375
65360
65268
65120
65120
65050
64977
64900
64897
64725
64677
64632
64497
64462
64446
64418
64411
64376
64330
64265
64201
64171
64170
64144
64045
63973
63958
63947
63921
63912
63896
63894
63885
63883
63876
63710
63710
63661
63640
63624
63621
63596
63571
63558
63514
63509
63405
63378
63365
63160
63094
63063
63040
62987
62978
62970
62939
62909
62898
62885
62781
62779
62716
62691
62687
62679
62624
62607
62436
62408
62374
62348
62169
62073
62064
62040
61971
61967
61963
61905
61851
61666
61627
61563
61544
61500
61493
61439
61353
61196
61184
61158
61110
61081
61068
61056
61043
61013
61005
61004
60997
60869
60820
60820
60685
60666
60650
60624
60412
60363
60341
60251
60250
60229
60135
60078
60045
60026
59946
59855
59854
59807
59803
59789
59780
59734
59699
59626
59550
59395
59341
59327
59259
59209
59034
58977
58976
58976
58904
58876
58778
58764
58722
58698
58663
58645
58627
58598
58598
58446
58395
58391
58382
58345
58335
58328
58285
58275
58221
58110
58059
57979
57972
57902
57879
57879
57863
57819
57652
57553
57547
57510
57489
57463
57315
57269
57235
57206
57079
57039
57006
56993
56942
56840
56719
56701
56648
56602
56577
56527
56499
56356
56329
56254
56188
56139
56134
56129
56101
56032
56019
56000
55981
55906
55902
55828
55822
55800
55690
55640
55539
55538
55516
55482
55426
55375
55312
55279
55157
55078
54999
54993
54961
54949
54848
54835
54827
54716
54662
54646
54620
54609
54554
54546
54507
54430
54403
54358
54193
54145
54128
54103
54067
54053
53958
53885
53830
53779
53758
53666
53528
53521
53505
53505
53485
53422
53386
53236
53235
53234
53193
53058
53048
53027
53025
52999
52950
52873
52829
52812
52806
52794
52782
52672
52652
52630
52626
52447
52389
52312
52265
52204
52181
52118
52104
52065
51953
51945
51937
51933
51868
51837
51774
51676
51541
51499
51486
51483
51406
51401
51356
51355
51353
51310
51245
51155
51133
51094
51078
51045
50991
50776
50734
50691
50547
50543
50536
50428
50381
50379
50341
50330
50316
50308
50244
50242
50228
50107
50086
50078
50040
50029
50005
49905
49758
49716
49693
49682
49530
49413
49279
49268
49135
49043
48996
48987
48891
48889
48849
48775
48704
48696
48546
48519
48516
48469
48423
48350
48342
48337
48292
48245
48214
48073
47937
47828
47812
47616
47556
47517
47517
47463
47418
47410
47409
47396
47308
47289
47288
47245
47234
47178
47144
47092
47049
47037
47025
47011
47004
46992
46967
46897
46779
46654
46633
46594
46570
46553
46530
46516
46506
46488
46401
46239
46234
46223
46208
46110
45941
45778
45766
45718
45698
45676
45613
45607
45545
45517
45510
45507
45434
45379
45370
45361
45286
45244
45158
45104
44904
44896
44892
44799
44770
44762
44720
44698
44678
44667
44621
44615
44593
44553
44531
44477
44432
44405
44274
44267
44215
44160
44072
44046
44024
43992
43948
43918
43898
43854
43787
43731
43722
43708
43680
43677
43627
43559
43500
43427
43408
43403
43266
43228
43178
43141
42998
42970
42961
42868
42857
42827
42822
42777
42768
42712
42709
42708
42504
42495
42387
42303
42225
42129
42116
42102
42002
42001
41995
41985
41864
41819
41818
41814
41797
41736
41676
41615
41589
41587
41440
41344
41289
41149
41142
41120
41077
40881
40631
40502
40449
40401
40235
40215
40169
40103
40099
40099
40072
39998
39750
39719
39646
39638
39579
39550
39545
39529
39524
39515
39491
39491
39450
39437
39288
39276
39193
39174
39149
39094
39047
38985
38927
38923
38917
38902
38881
38841
38835
38815
38721
38661
38609
38547
38536
38445
38320
38241
38036
37978
37961
37947
37947
37911
37828
37806
37723
37637
37599
37591
37585
37393
37374
37359
37338
37182
37081
37066
37032
37015
36801
36785
36744
36600
36531
36507
36484
36453
36396
36343
36220
36089
36056
36051
36047
35884
35838
35684
35631
35595
35589
35511
35472
35445
35418
35313
35291
35182
35174
35141
35128
35123
35103
34964
34963
34960
34896
34888
34870
34815
34803
34761
34759
34758
34729
34685
34576
34544
34527
34526
34512
34455
34447
34442
34432
34429
34405
34373
34349
34329
34304
34245
34245
34216
34189
34021
33916
33806
33743
33558
33530
33518
33475
33468
33435
33408
33331
33325
33231
33201
33194
33019
32977
32975
32925
32890
32774
32770
32726
32704
32620
32569
32550
32363
32337
32315
32291
32258
32228
32222
32208
32168
32153
32065
32044
32041
32038
32015
32014
31931
31899
31824
31785
31707
31697
31550
31511
31366
31265
31217
31208
31200
31177
31167
31145
31053
30986
30985
30913
30830
30826
30822
30777
30775
30746
30679
30658
30600
30528
30450
30392
30359
30233
30219
30207
30197
30151
30005
29990
29975
29968
29954
29909
29868
29853
29797
29793
29782
29771
29765
29716
29665
29620
29595
29570
29528
29489
29463
29446
29430
29378
29344
29194
29168
29109
29078
29064
29004
28991
28914
28908
28876
28840
28816
28807
28785
28783
28775
28756
28741
28726
28723
28697
28686
28683
28654
28648
28629
28605
28590
28583
28562
28560
28557
28541
28532
28448
28323
28301
28239
28222
28212
28196
28121
28049
27962
27813
27795
27777
27752
27741
27629
27612
27586
27557
27535
27490
27342
27340
27309
27247
27221
27016
27014
26854
26817
26750
26691
26570
26511
26509
26459
26458
26431
26350
26324
26183
26134
26059
25960
25732
25705
25667
25637
25531
25530
25514
25495
25458
25419
25274
25233
25160
25156
25107
25055
24945
24924
24910
24849
24849
24843
24823
24627
24589
24579
24558
24545
24333
24153
24138
24135
24034
24018
23867
23859
23729
23680
23649
23569
23523
23520
23473
23408
23363
23246
23229
23138
23070
23019
23001
22951
22924
22920
22819
22788
22780
22754
22724
22659
22551
22299
22228
22198
22120
22120
22072
22066
21943
21935
21914
21899
21853
21835
21812
21804
21795
21792
21754
21740
21708
21685
21626
21523
21523
21330
21283
21164
21126
21082
21044
21041
21033
21033
21022
21010
20810
20696
20666
20486
20480
20446
20339
20208
20204
20139
20066
20062
20000
19990
19969
19807
19778
19730
19691
19691
19668
19642
19626
19587
19566
19548
19523
19506
19479
19427
19423
19413
19395
19372
19356
19262
19183
19181
19178
19119
19050
18991
18969
18890
18883
18874
18864
18777
18649
18518
18486
18460
18329
18308
18265
18265
18217
18176
18087
18059
18053
18018
17995
17975
17815
17774
17764
17736
17621
17489
17346
17345
17312
17303
17302
17203
17182
17119
17097
17085
17066
17057
17052
17027
17020
16904
16764
16761
16740
16647
16413
16313
16307
16273
16150
16113
16006
15972
15956
15896
15868
15776
15775
15650
15650
15548
15489
15369
15338
15259
15252
15160
15106
15030
15028
14888
14825
14793
14734
14702
14607
14603
14594
14545
14435
14420
14400
14282
14198
14148
14035
13998
13930
13916
13894
13816
13771
13684
13582
13547
13459
13441
13336
13322
13293
13130
13126
13106
13025
12935
12855
12675
12647
12611
12607
12576
12443
12421
12420
12372
12326
12264
12206
12186
12174
12128
12108
12048
12029
12003
11984
11951
11879
11867
11808
11797
11788
11726
11701
11645
11639
11610
11555
11514
11455
11447
11400
11356
11290
11274
11254
11046
10881
10548
10452
10304
10292
10183
10150
10148
10146
10058
10019
9970
9913
9853
9825
9794
9774
9745
9739
9632
9522
9487
9432
9410
9402
9354
9331
9320
8961
8833
8826
8812
8795
8781
8727
8717
8700
8677
8642
8622
8583
8558
8528
8521
8464
8403
8367
8357
8356
8336
8277
8270
8242
8160
8131
8105
8064
7955
7951
7951
7905
7797
7656
7635
7628
7606
7602
7598
7510
7465
7459
7372
7348
7340
7315
7294
7281
7271
7027
6914
6621
6610
6557
6535
6529
6527
6516
6432
6426
6328
6299
6290
6061
6028
5972
5881
5872
5832
5715
5710
5684
5672
5658
5606
5594
5531
5290
5131
5123
5066
5044
5010
5001
4997
4979
4959
4867
4810
4794
4780
4710
4681
4668
4590
4581
4535
4479
4464
4440
4436
4373
4353
4351
4347
4297
4278
3936
3828
3696
3674
3652
3607
3555
3522
3385
3335
3322
3317
3225
3202
3183
3119
3108
3104
3093
3012
2976
2931
2838
2770
2767
2728
2687
2599
2503
2492
2364
2179
2122
2055
1979
1977
1912
1853
1836
1714
1705
1644
1614
1587
1531
1516
1465
1330
1266
1236
1198
871
842
740
407
389
315
242
236
181
120
