99917
99896
99781
99734
99683
99577
99483
99476
99189
99105
99048
98952
98948
98945
98857
98794
98757
98717
98656
98634
98520
98509
98467
98440
98394
98348
98333
98308
98304
98237
98227
98206
98150
98117
97966
97947
97826
97812
97772
97757
97695
97587
97584
97562
97407
97337
97327
97303
97259
97161
97159
97150
97116
97068
96918
96830
96812
96652
96646
96496
96485
96344
96328
96245
96124
95870
95864
95855
95847
95838
95801
95767
95749
95714
95645
95635
95585
95527
95511
95449
95339
95337
95269
95079
94972
94926
94868
94798
94792
94740
94739
94707
94683
94645
94614
94581
94545
94503
94440
94335
94305
94280
94244
94241
94230
93979
93971
93965
93957
93869
93834
93794
93793
93760
93750
93744
93655
93648
93639
93594
93585
93494
93424
93408
93331
93227
93219
93095
93058
93025
92975
92965
92875
92811
92797
92638
92633
92520
92505
92482
92208
92199
92182
92149
92121
92067
91908
91874
91779
91773
91746
91710
91691
91681
91602
91525
91435
91301
91285
91185
91175
91142
91125
91057
91050
90940
90910
90909
90814
90782
90760
90746
90714
90699
90654
90638
90497
90488
90331
90327
90224
90188
90123
90069
90015
90008
89972
89967
89957
89844
89742
89735
89719
89692
89663
89595
89591
89573
89522
89512
89501
89475
89424
89360
89359
89298
89297
89190
89184
89180
89175
89080
89079
89040
89018
89009
88930
88870
88851
88830
88792
88754
88751
88741
88702
88624
88600
88580
88560
88544
88466
88358
88297
88271
88263
88201
88190
88165
88115
88061
87995
87990
87961
87925
87895
87889
87877
87802
87777
87764
87754
87720
87659
87635
87614
87563
87522
87484
87481
87467
87421
87415
87244
87201
87167
87134
87035
87018
86925
86879
86847
86822
86760
86733
86611
86593
86543
86488
86488
86463
86460
86378
86303
86302
86292
86252
86212
86187
86117
86096
86093
86092
86048
85957
85939
85880
85839
85548
85504
85476
85440
85432
85347
85275
85263
85260
85232
85209
85200
85129
85061
85048
84981
84928
84610
84569
84500
84417
84334
84317
84126
84114
84036
83942
83933
83867
83850
83753
83716
83674
83610
83532
83530
83510
83442
83383
83360
83321
83249
83167
83113
83059
82948
82862
82845
82814
82762
82743
82580
82557
82432
82427
82418
82399
82271
82261
82050
82025
82019
81923
81872
81871
81870
81857
81832
81766
81581
81456
81377
81364
81201
81190
81117
81112
81085
81059
81015
80934
80902
80889
80878
80831
80760
80580
80573
80530
80488
80354
80313
80270
80257
80051
79822
79718
79685
79685
79657
79617
79592
79587
79585
79560
79209
78947
78851
78814
78761
78749
78716
78675
78674
78593
78579
78575
78507
78425
78388
78331
78318
78266
78225
78192
78149
77959
77944
77921
77792
77766
77738
77711
77655
77636
77542
77539
77447
77439
77357
77269
77253
77126
77070
77031
76897
76893
76889
76759
76733
76566
76495
76484
76334
76320
76318
76246
76233
76231
76219
75985
75978
75974
75972
75937
75880
75766
75538
75534
75495
75445
75380
75327
75177
75143
75140
75119
75108
75088
75015
75010
75008
75007
75004
74975
74768
74752
74731
74698
74584
74439
74427
74427
74416
74393
74305
74164
74150
74078
74015
73937
73919
73878
73847
73818
73762
73747
73678
73578
73530
73216
73186
73066
73027
73019
72926
72573
72543
72420
72326
72170
72155
72112
72073
72042
72013
71961
71903
71848
71845
71822
71817
71807
71769
71647
71595
71594
71554
71508
71452
71429
71428
71351
71320
71260
71230
71225
71196
70983
70924
70917
70886
70884
70883
70814
70781
70779
70767
70661
70651
70610
70508
70499
70457
70457
70451
70316
70298
70230
70181
70142
70129
70020
69994
69932
69918
69856
69851
69846
69843
69771
69461
69441
69178
69171
69144
69124
69121
68889
68807
68794
68718
68704
68679
68666
68610
68575
68212
68208
68200
68199
67958
67951
67941
67924
67924
67792
67776
67684
67616
67563
67559
67516
67503
67475
67425
67289
67274
67261
67159
67065
67024
66830
66795
66784
66774
66733
66685
66629
66595
66523
66456
66452
66388
66384
66348
66347
66337
66286
66272
66196
66164
66105
66049
66001
65963
65785
65765
65726
65599
65591
65571
65488
65349
65344
65311
65298
65173
65057
64993
64963
64874
64844
64805
64792
64727
64715
64687
64592
64587
64512
64509
64492
64252
64245
64209
64208
64199
64166
64049
63980
63947
63873
63867
63851
63802
63677
63673
63651
63607
63577
63351
63324
63310
63300
63287
63269
63267
63249
63177
63161
63141
63129
63112
63095
63066
63028
63009
62933
62842
62770
62732
62723
62681
62641
62585
62514
62467
62463
62323
62193
62153
62133
62023
62010
61939
61924
61889
61871
61865
61852
61839
61748
61738
61670
61475
61429
61376
61330
61297
61088
61019
60885
60828
60715
60698
60694
60693
60661
60639
60572
60467
60393
60388
60351
60327
60325
60270
60254
60232
60202
60197
60177
60162
60153
60117
60076
60075
60032
59921
59919
59880
59876
59838
59790
59676
59612
59604
59599
59555
59547
59492
59435
59373
59344
59299
59173
59067
59042
58985
58957
58927
58922
58889
58799
58778
58707
58663
58634
58587
58570
58553
58513
58415
58390
58335
58280
58276
58270
58260
58171
58150
58147
58120
58116
58044
57970
57861
57833
57831
57811
57694
57656
57499
57461
57452
57452
57399
57326
57322
57295
57269
57139
57126
57124
57062
57049
57030
56918
56899
56829
56804
56743
56666
56626
56604
56528
56524
56428
56391
56368
56341
56311
56179
56132
56094
56031
55981
55960
55842
55755
55724
55700
55687
55666
55641
55614
55582
55544
55495
55492
55438
55389
55377
55369
55327
55272
55261
55259
55162
55135
55110
54998
54875
54833
54821
54775
54770
54761
54581
54562
54553
54551
54486
54442
54368
54197
54147
54131
54112
54090
54064
54017
53958
53930
53882
53880
53855
53714
53675
53611
53603
53549
53470
53382
53337
53260
53121
53088
53085
53035
53012
52974
52970
52961
52958
52916
52869
52833
52731
52708
52670
52617
52609
52553
52530
52486
52456
52410
52362
52193
52159
52121
52075
52011
52001
51952
51943
51912
51904
51869
51796
51791
51767
51700
51576
51491
51438
51421
51274
51235
51170
51169
51096
51055
50911
50740
50608
50608
50600
50414
50353
50319
50294
50269
50253
50123
50098
50067
50036
50015
49972
49968
49963
49963
49923
49869
49840
49796
49705
49596
49583
49573
49567
49565
49446
49402
49387
49152
49107
49101
49072
49040
49039
49026
48840
48743
48725
48724
48647
48534
48485
48464
48283
48202
48148
48147
48137
48133
48132
48057
47939
47927
47847
47847
47825
47821
47780
47772
47734
47729
47647
47616
47613
47612
47605
47567
47549
47413
47389
47203
47143
47100
47011
46969
46950
46929
46695
46686
46642
46598
46505
46396
46387
46320
46295
46262
46255
46150
46133
45996
45978
45947
45914
45897
45808
45779
45778
45674
45666
45547
45523
45473
45420
45403
45373
45369
45350
45172
45167
45057
45040
45027
44958
44947
44936
44852
44793
44723
44673
44593
44550
44517
44331
44331
44320
44285
44282
44255
44230
44176
44012
43887
43527
43522
43482
43476
43451
43425
43395
43380
43375
43358
43326
43259
43117
43111
43106
43051
42897
42887
42831
42726
42719
42689
42677
42655
42373
42197
42169
42072
42044
41921
41902
41897
41869
41804
41760
41738
41726
41673
41645
41513
41505
41402
41389
41374
41364
41315
41215
41052
41043
40997
40994
40966
40955
40931
40910
40892
40890
40654
40511
40447
40443
40395
40377
40310
40248
40221
40214
40175
40154
40075
39969
39955
39780
39572
39542
39510
39413
39367
39343
39318
39234
39212
39118
39105
39049
39022
38958
38935
38913
38902
38824
38664
38399
38150
37978
37971
37971
37943
37918
37912
37907
37765
37754
37705
37650
37573
37544
37536
37445
37433
37330
37305
37236
37206
37177
37122
37100
37076
37038
36906
36894
36857
36822
36730
36636
36513
36452
36439
36365
36350
36316
36308
36304
36215
36182
36080
36021
35978
35914
35901
35897
35885
35870
35831
35806
35767
35723
35719
35637
35540
35421
35407
35389
35326
35265
35228
35224
35206
35028
35023
35011
34997
34969
34957
34954
34911
34860
34822
34814
34811
34678
34658
34586
34521
34500
34412
34135
34113
33950
33898
33866
33794
33720
33662
33661
33642
33586
33548
33543
33447
33445
33417
33369
33360
33270
33252
33218
33214
33190
33167
33109
33032
33029
33002
33002
32985
32983
32983
32798
32678
32603
32586
32514
32508
32458
32442
32439
32385
32377
32372
32286
32189
32187
32167
32130
32117
32109
32066
32060
32027
32021
32009
31956
31925
31819
31817
31756
31721
31622
31545
31540
31517
31516
31510
31470
31431
31384
31363
31265
31202
31114
30990
30988
30971
30905
30872
30868
30778
30672
30643
30604
30512
30466
30447
30357
30307
30263
30256
30224
30121
30033
29998
29989
29982
29903
29844
29809
29697
29678
29646
29616
29519
29418
29401
29353
29344
29338
29325
29319
29173
29143
29141
29129
29114
29099
29007
28968
28873
28870
28867
28857
28774
28739
28693
28640
28634
28604
28592
28508
28436
28416
28400
28376
28374
28326
28308
28222
28219
28168
28148
28081
28019
28011
27888
27817
27796
27736
27730
27679
27656
27586
27578
27527
27488
27398
27342
27337
27310
27149
27079
27067
27022
27018
27007
26992
26982
26977
26957
26847
26795
26692
26661
26635
26545
26457
26454
26449
26399
26263
26259
26171
26144
26100
26092
26025
25923
25838
25799
25748
25704
25663
25658
25486
25434
25424
25410
25377
25343
25281
25258
25245
25187
25180
25143
25088
25086
25043
25020
25010
24952
24938
24867
24815
24707
24698
24633
24543
24517
24454
24426
24272
24229
24193
24180
24076
24039
23837
23714
23690
23451
23386
23353
23306
23298
23294
23263
23209
23129
23125
23117
23105
23087
22997
22937
22918
22889
22867
22784
22767
22731
22545
22505
22444
22442
22411
22165
22146
22093
22070
22045
22019
21984
21983
21887
21843
21782
21762
21703
21667
21490
21437
21434
21416
21336
21328
21266
21169
21154
21140
21057
20909
20831
20637
20584
20543
20402
20396
20209
20187
20160
20060
20031
19927
19861
19809
19733
19699
19670
19606
19601
19599
19524
19499
19452
19408
19352
19351
19316
19169
19083
19040
19013
18980
18975
18963
18918
18904
18901
18831
18730
18707
18672
18605
18586
18501
18470
18437
18398
18389
18362
18358
18353
18340
18290
18268
18261
18193
18181
18126
18118
18091
17976
17922
17832
17806
17796
17788
17780
17737
17711
17675
17626
17608
17545
17491
17480
17450
17437
17396
17365
17328
17327
17194
17173
17145
17134
17074
17073
17069
16908
16891
16861
16831
16768
16749
16744
16664
16660
16609
16607
16469
16366
16306
16292
16221
16188
16187
16169
16158
16119
16099
16083
15924
15780
15755
15745
15661
15658
15586
15496
15477
15464
15325
15269
15160
15099
15003
14983
14971
14839
14808
14788
14762
14756
14749
14740
14641
14572
14507
14423
14401
14347
14270
14268
14215
14205
14131
14122
14067
14001
13990
13961
13874
13860
13833
13829
13656
13645
13608
13559
13506
13474
13455
13405
13402
13207
13149
13131
13099
13068
12943
12858
12858
12840
12787
12692
12675
12642
12560
12532
12515
12375
12344
12304
12285
12285
12272
12267
12210
12137
12135
12132
11907
11903
11888
11809
11793
11664
11660
11660
11578
11530
11389
11381
11344
11338
11254
11219
11218
11162
11126
11107
11057
11025
11018
10975
10927
10913
10900
10823
10814
10701
10685
10666
10624
10491
10457
10431
10411
10410
10395
10335
10282
10277
10178
10157
10138
10122
10105
10095
10077
9759
9744
9719
9670
9666
9637
9608
9515
9489
9486
9474
9443
9431
9415
9402
9395
9388
9092
9055
9036
9026
8997
8942
8803
8713
8688
8397
8380
8355
8352
8343
8334
8315
8248
8203
8103
8071
8005
7979
7940
7931
7836
7771
7763
7712
7577
7515
7448
7418
7391
7215
7195
7177
7039
7005
6955
6896
6861
6847
6829
6808
6794
6793
6792
6727
6650
6576
6540
6529
6516
6343
6245
6203
6174
6170
6167
6138
6058
6005
5973
5961
5940
5853
5678
5676
5650
5631
5583
5516
5399
5389
5306
5266
5250
5217
5190
5147
4905
4898
4758
4615
4581
4510
4469
4460
4397
4393
4338
4324
4276
4146
4125
4090
4088
4081
4068
4055
4043
3961
3935
3923
3916
3910
3889
3808
3792
3778
3744
3723
3679
3667
3623
3571
3548
3420
3417
3356
3328
3276
3243
3176
3164
3134
3133
3131
3062
3022
3019
3008
2837
2766
2698
2539
2519
2518
2494
2477
2372
2182
2091
2068
1825
1810
1809
1754
1726
1707
1699
1612
1468
1428
1391
1327
1117
1097
1085
1085
1059
901
893
890
888
820
724
637
618
596
581
568
460
444
437
367
294
141
115
63
48
6
