99970
99957
99900
99856
99850
99752
99713
99685
99668
99626
99580
99554
99550
99513
99512
99488
99469
99457
99432
99354
99343
99284
99264
99084
99045
98926
98859
98820
98817
98788
98606
98567
98404
98400
98372
98353
98334
98331
98294
98172
98146
98137
98101
98086
98057
98053
98021
98007
97968
97962
97930
97795
97779
97512
97482
97450
97311
97130
97083
96949
96918
96911
96725
96717
96595
96563
96509
96468
96419
96351
96256
96238
96229
96219
95978
95919
95917
95813
95768
95628
95595
95583
95530
95460
95342
95244
95177
95166
95100
95056
95021
94951
94922
94834
94815
94757
94754
94746
94585
94561
94552
94518
94451
94337
94305
94161
94085
94046
94037
93977
93854
93786
93768
93747
93713
93625
93617
93616
93523
93467
93436
93400
93390
93389
93387
93367
93363
93347
93343
93227
93225
93140
93126
92909
92859
92772
92705
92646
92605
92576
92563
92527
92517
92517
92475
92397
92328
92323
92301
92273
92241
92225
92186
92164
92148
92145
92096
92024
91979
91927
91920
91861
91820
91790
91728
91701
91669
91664
91636
91624
91608
91581
91496
91485
91419
91307
91304
91257
91223
91156
91127
91046
90992
90991
90978
90895
90697
90592
90550
90511
90452
90451
90350
90324
90294
90067
90033
90031
90003
89996
89922
89863
89794
89778
89732
89656
89632
89606
89436
89422
89373
89282
89147
89134
89038
89001
88909
88850
88846
88665
88653
88618
88504
88399
88319
88255
88161
88133
88045
87979
87958
87883
87869
87848
87802
87755
87749
87695
87651
87626
87487
87481
87428
87374
87279
87174
87110
87062
86946
86926
86854
86847
86667
86657
86606
86568
86484
86459
86418
86402
86401
86374
86347
86320
86307
86218
86205
86153
85925
85884
85872
85848
85821
85819
85805
85727
85717
85694
85685
85572
85515
85486
85465
85449
85449
85411
85313
85309
85286
85245
85224
85172
85105
85001
84985
84925
84869
84857
84810
84730
84721
84633
84619
84616
84583
84440
84414
84413
84353
84344
84335
84307
84283
84212
84201
84198
84122
84114
83976
83972
83924
83861
83838
83705
83698
83667
83665
83654
83654
83637
83594
83541
83430
83382
83322
83281
83262
83235
83191
83138
83092
83088
83051
83011
82956
82838
82783
82715
82687
82658
82610
82554
82508
82418
82388
82386
82321
82252
82215
82203
82177
82136
82075
82024
82010
81977
81966
81963
81874
81868
81818
81809
81539
81538
81535
81492
81455
81453
81397
81379
81364
81354
81318
81292
81238
81090
81084
81068
80918
80708
80666
80666
80648
80628
80480
80447
80433
80431
80178
80072
80040
80019
80010
79960
79921
79835
79826
79820
79777
79773
79764
79701
79663
79644
79563
79293
79284
79121
78997
78996
78954
78902
78857
78834
78802
78707
78685
78627
78625
78567
78537
78474
78454
78453
78439
78346
78336
78322
78302
78202
78198
78030
77821
77821
77705
77651
77614
77569
77553
77531
77434
77418
77376
77359
77300
77263
77207
77117
77082
76986
76876
76827
76728
76433
76431
76429
76323
76302
76285
76265
76110
76093
75962
75895
75865
75850
75790
75737
75718
75652
75644
75587
75579
75564
75503
75492
75435
75341
75331
75191
75164
75129
75075
75040
75035
75028
75011
74989
74963
74895
74894
74885
74813
74805
74763
74718
74700
74510
74498
74417
74408
74286
74278
74226
74149
74143
74079
74028
74002
73951
73920
73911
73859
73802
73742
73701
73650
73640
73505
73462
73424
73411
73399
73371
73358
73349
73345
73304
73276
73274
73174
73122
73009
72902
72702
72694
72617
72598
72564
72546
72488
72402
72306
72304
72279
72255
72132
72058
72030
72024
72006
71987
71986
71853
71801
71686
71577
71334
71210
71198
71175
71150
71134
71118
71104
71077
71075
71034
70902
70868
70859
70793
70790
70762
70754
70717
70544
70525
70489
70474
70303
70268
70150
70145
70113
70101
70062
70031
69964
69952
69950
69948
69840
69759
69697
69680
69638
69454
69399
69367
69279
69277
69244
69239
69193
69089
69066
68859
68804
68672
68660
68654
68639
68517
68489
68459
68411
68288
68262
68255
68205
68117
68096
68021
68013
67921
67887
67674
67626
67545
67483
67447
67422
67361
67290
67277
67263
67201
67177
66922
66870
66835
66740
66733
66656
66592
66503
66483
66447
66340
66210
66178
66098
66058
66051
66004
66003
65817
65791
65768
65765
65630
65598
65543
65514
65499
65462
65426
65414
65387
65353
65336
65291
65197
65194
65191
65172
65108
65070
64938
64863
64811
64686
64451
64386
64378
64366
64324
64317
64208
64188
64107
64023
64015
64010
63901
63819
63803
63772
63717
63689
63660
63550
63547
63544
63537
63519
63476
63403
63337
63249
63233
63201
63187
63081
63057
63033
62963
62944
62844
62795
62764
62757
62713
62688
62626
62619
62612
62508
62506
62503
62494
62447
62325
62214
62089
62024
61978
61948
61926
61923
61885
61808
61780
61746
61495
61493
61489
61472
61434
61404
61392
61378
61240
61221
61033
60980
60965
60918
60850
60850
60837
60740
60725
60709
60653
60652
60446
60275
60212
60166
60036
59950
59941
59937
59862
59730
59706
59670
59534
59526
59462
59411
59316
59230
59187
59182
59148
59042
59011
58984
58980
58956
58911
58907
58906
58905
58863
58831
58772
58766
58723
58705
58670
58668
58611
58544
58400
58391
58370
58369
58319
58227
58140
58075
58042
57989
57956
57954
57879
57772
57761
57669
57642
57559
57507
57340
57326
57259
57143
56994
56908
56879
56678
56568
56507
56454
56442
56428
56376
56354
56153
56106
55997
55997
55968
55954
55930
55904
55850
55773
55709
55681
55650
55623
55578
55576
55535
55474
55442
55425
55424
55349
55340
55283
55243
55142
55132
55058
55042
54965
54937
54916
54872
54839
54833
54732
54708
54624
54572
54570
54393
54388
54383
54364
54363
54323
54310
54297
54292
54162
54102
54009
53995
53985
53914
53910
53891
53836
53793
53780
53656
53630
53566
53542
53532
53391
53339
53287
53239
53180
53146
53110
53039
52975
52969
52921
52892
52738
52722
52676
52612
52567
52556
52481
52477
52418
52410
52373
52349
52337
52297
52253
52224
52195
52140
52135
52092
52038
51997
51843
51837
51830
51801
51763
51710
51686
51516
51503
51429
51377
51370
51338
51317
51262
51258
51249
51125
50964
50894
50855
50777
50708
50682
50649
50600
50573
50461
50432
50326
50290
50279
50255
50234
50170
50011
49966
49942
49880
49799
49688
49666
49562
49476
49474
49424
49343
49335
49102
48877
48781
48683
48663
48654
48618
48615
48605
48594
48586
48580
48567
48511
48506
48264
48206
48088
48070
48039
48034
48028
47978
47908
47782
47775
47651
47648
47503
47502
47477
47430
47426
47374
47353
47309
47299
47287
47278
47265
47209
47195
47193
47119
47106
47066
47045
46983
46981
46902
46838
46801
46798
46785
46699
46670
46608
46576
46568
46559
46474
46435
46371
46319
46188
46187
46173
46066
46062
46046
46022
45997
45885
45592
45530
45514
45513
45512
45500
45409
45390
45308
45251
45249
45246
45233
45153
45076
45042
44951
44925
44911
44865
44726
44605
44591
44505
44478
44434
44433
44429
44405
44335
44327
44325
44293
44284
44266
44115
44039
44010
43996
43884
43838
43767
43593
43543
43486
43460
43455
43405
43330
43160
43125
42957
42933
42901
42822
42820
42803
42707
42658
42643
42559
42507
42466
42466
42445
42426
42406
42361
42334
42229
42194
42108
42064
42020
41889
41606
41587
41508
41506
41470
41392
41289
41258
41210
41167
41135
41082
41049
41041
41040
41005
40986
40961
40871
40798
40774
40681
40608
40608
40579
40549
40535
40480
40446
40413
40243
40242
40212
40155
40112
40111
39932
39802
39751
39744
39698
39645
39635
39613
39566
39462
39407
39173
39064
38916
38873
38830
38797
38794
38767
38716
38684
38666
38645
38523
38489
38480
38438
38425
38382
38340
38339
38240
38232
38104
38004
37948
37919
37870
37774
37731
37704
37606
37604
37535
37523
37505
37456
37419
37320
37147
37007
37005
36973
36846
36840
36788
36753
36734
36712
36488
36408
36395
36204
36122
36079
36072
36065
36032
36003
35906
35891
35877
35858
35826
35816
35799
35797
35754
35643
35535
35467
35442
35375
35366
35352
35286
35232
35143
34998
34961
34916
34903
34887
34873
34835
34830
34787
34709
34682
34493
34475
34427
34397
34368
34278
34239
34219
34219
34211
34192
34179
34127
34046
34006
34005
33975
33879
33855
33842
33784
33747
33721
33674
33642
33512
33378
33347
33318
33313
33293
33273
33252
33225
33220
33191
33148
33138
33071
32937
32796
32786
32681
32621
32303
32231
32019
31946
31917
31888
31862
31817
31810
31773
31669
31599
31577
31483
31442
31382
31381
31333
31307
31220
31098
31073
31008
30984
30908
30840
30819
30769
30734
30671
30447
30445
30443
30431
30431
30302
30248
30232
30172
30099
30052
30042
30019
29916
29908
29816
29814
29808
29802
29691
29602
29593
29522
29514
29409
29403
29270
29268
29162
29112
29069
29033
28977
28975
28913
28910
28902
28853
28835
28835
28778
28739
28701
28653
28642
28632
28584
28558
28519
28497
28381
28283
28257
28252
28206
28151
28144
28137
28079
28053
27948
27942
27904
27786
27785
27730
27659
27588
27458
27431
27301
27203
27164
27091
26956
26803
26761
26628
26587
26586
26561
26322
26316
26292
26274
26211
26175
26160
26140
26116
26092
26065
25991
25920
25876
25875
25795
25716
25700
25678
25677
25610
25549
25539
25459
25424
25349
25293
25242
25195
25189
25077
25035
25012
24919
24884
24729
24724
24662
24618
24352
24302
24245
24231
24230
24212
24145
23995
23925
23892
23873
23739
23665
23571
23557
23531
23510
23455
23411
23355
23335
23321
23297
23191
23157
23126
23061
23059
23058
23008
22958
22944
22921
22852
22815
22748
22744
22709
22679
22600
22592
22323
22307
22299
22172
22163
22118
22099
22095
22027
21970
21936
21914
21856
21822
21822
21744
21699
21666
21587
21491
21460
21426
21374
21302
21229
21196
21192
21172
21154
21046
20962
20939
20915
20909
20900
20894
20884
20874
20796
20788
20781
20732
20694
20667
20585
20539
20509
20500
20471
20432
20346
20240
20124
20087
20086
20050
20022
19985
19981
19932
19858
19820
19784
19679
19672
19629
19604
19550
19508
19500
19494
19447
19392
19389
19373
19305
19243
19182
19118
19053
19041
18932
18865
18771
18580
18476
18459
18405
18291
18248
18217
18205
18130
18127
18111
18091
18083
17993
17928
17909
17856
17757
17739
17627
17594
17559
17536
17527
17507
17374
17370
17353
17237
17210
17199
17056
17050
17046
17034
17027
17025
16968
16960
16957
16940
16924
16911
16907
16819
16741
16733
16720
16698
16616
16575
16512
16408
16402
16377
16358
16323
16243
16223
16147
16092
16059
15973
15811
15757
15740
15712
15701
15701
15614
15556
15551
15549
15449
15447
15443
15402
15329
15254
15177
15153
15152
15057
15040
14948
14852
14821
14753
14712
14643
14613
14596
14581
14572
14571
14500
14435
14408
14341
14332
14291
14263
14262
14220
14182
14089
14061
14060
13969
13958
13955
13939
13931
13864
13848
13806
13795
13717
13712
13696
13664
13570
13562
13471
13429
13418
13231
13207
13152
13106
13106
13081
13069
13050
13042
13009
13006
12962
12909
12855
12836
12506
12488
12432
12276
12263
12262
12239
12213
12128
12102
12054
11998
11966
11910
11889
11888
11882
11867
11866
11849
11819
11745
11663
11604
11584
11571
11486
11459
11424
11388
11386
11250
11145
11090
11069
10870
10852
10665
10575
10544
10498
10456
10314
10295
10258
10249
10239
10093
10084
9985
9959
9954
9937
9829
9819
9785
9640
9564
9519
9486
9441
9408
9320
9284
9283
9276
9150
9121
9107
9094
9038
9006
8993
8912
8898
8894
8862
8804
8788
8727
8704
8688
8685
8635
8566
8550
8549
8519
8503
8450
8438
8415
8401
8366
8284
8257
8224
8010
7989
7988
7931
7896
7799
7767
7754
7737
7651
7644
7608
7603
7601
7597
7511
7470
7398
7343
7312
7303
7285
7189
7115
7097
7057
7047
7029
6968
6968
6957
6942
6915
6899
6863
6825
6744
6744
6736
6704
6698
6650
6612
6607
6519
6454
6440
6404
6327
6315
6303
6185
6142
6102
6052
6050
5962
5910
5908
5892
5686
5678
5639
5441
5417
5382
5377
5350
5341
5326
5303
5274
5249
5149
5123
5035
5018
4984
4949
4926
4874
4865
4811
4778
4721
4711
4700
4583
4460
4455
4304
4290
4259
4064
4015
3956
3946
3923
3881
3864
3851
3786
3457
3457
3455
3453
3385
3317
3274
3122
2840
2776
2749
2649
2551
2506
2473
2400
2336
2314
2256
2204
2168
1998
1930
1926
1814
1794
1598
1443
1418
1297
1286
1284
1002
995
945
918
868
864
849
848
829
817
807
679
657
521
509
457
441
384
322
309
246
236
213
199
106
83
74
34
