99924
99917
99912
99900
99771
99761
99758
99649
99612
99514
99358
99347
99279
99272
99266
99252
99236
99126
99071
99056
99001
98954
98947
98881
98879
98870
98832
98814
98767
98677
98648
98630
98627
98618
98613
98584
98534
98434
98403
98391
98301
98254
98241
97918
97886
97835
97780
97580
97499
97462
97328
97296
97184
97115
97095
96940
96914
96905
96793
96637
96588
96496
96496
96444
96406
96405
96323
96263
96253
96126
96121
96000
95943
95928
95861
95840
95823
95780
95673
95597
95561
95552
95518
95436
95427
95342
95322
95308
95298
95120
95117
94986
94931
94906
94901
94900
94875
94846
94824
94632
94625
94603
94566
94547
94501
94398
94384
94291
94206
94045
93963
93896
93891
93886
93859
93837
93815
93799
93797
93763
93742
93639
93605
93573
93456
93394
93390
93232
93195
93177
93080
93068
93056
93034
92887
92836
92775
92765
92742
92673
92655
92596
92520
92462
92388
92385
92375
92368
92334
92329
92297
92246
92227
92202
92155
91994
91966
91962
91957
91920
91889
91866
91793
91764
91758
91515
91470
91402
91376
91347
91214
91084
91030
91020
90984
90930
90855
90838
90809
90799
90751
90741
90661
90544
90473
90425
90400
90374
90284
90279
90245
90137
90131
90079
90061
90038
90008
89848
89838
89799
89794
89739
89633
89568
89523
89521
89495
89389
89329
89299
89251
89238
89237
89227
89210
89173
89139
89102
88940
88792
88764
88675
88674
88616
88592
88571
88557
88329
88315
88295
88234
88223
88189
88147
88128
87979
87945
87887
87815
87602
87511
87470
87414
87410
87401
87387
87327
87312
87187
87089
87042
87021
86944
86831
86771
86739
86689
86580
86530
86349
86290
86234
86214
86168
86147
86139
86118
86083
86032
85995
85882
85879
85802
85795
85645
85571
85561
85553
85482
85469
85457
85446
85445
85434
85417
85388
85387
85343
85339
85338
85326
85307
85273
85273
85259
85248
85219
85097
85071
85015
85008
84945
84921
84724
84724
84681
84634
84574
84447
84391
84389
84359
84284
84278
84264
84208
84171
84105
84101
84079
84074
84052
83867
83762
83730
83720
83706
83541
83539
83509
83505
83491
83418
83360
83333
83282
83259
83223
83217
83102
83009
82989
82845
82830
82737
82715
82711
82707
82498
82404
82337
82320
82308
82276
82154
82081
82068
82064
82044
81904
81892
81886
81816
81780
81720
81688
81681
81650
81614
81445
81427
81396
81299
81293
81291
81284
81228
81196
81119
81038
80904
80861
80780
80747
80735
80599
80578
80442
80441
80424
80383
80358
80282
80273
80267
80194
80059
80057
79946
79923
79854
79841
79775
79703
79593
79463
79438
79375
79274
79213
79142
79039
79004
79002
78983
78916
78903
78886
78875
78765
78714
78610
78603
78515
78493
78478
78435
78418
78329
78306
78240
78141
77911
77804
77771
77632
77627
77587
77584
77574
77550
77532
77453
77445
77434
77429
77418
77399
77344
77234
77227
77213
77180
77140
77132
77131
77066
77023
77000
76919
76802
76569
76435
76416
76362
76293
76254
76189
76149
76083
76080
75884
75787
75761
75712
75660
75652
75580
75518
75518
75473
75459
75422
75403
75393
75291
75289
75268
75265
75233
75229
75156
75085
74948
74922
74867
74591
74535
74492
74436
74403
74368
74243
74158
74107
74058
74052
74036
74026
73997
73895
73891
73888
73831
73806
73747
73690
73514
73478
73407
73402
73396
73326
73268
73159
73101
73091
73081
73056
72969
72963
72842
72823
72787
72670
72614
72580
72527
72471
72446
72412
72240
72201
72137
72093
72037
72023
71980
71937
71795
71782
71677
71668
71627
71624
71584
71541
71513
71427
71356
71288
71258
71257
71173
71050
71034
71034
70998
70896
70771
70738
70702
70628
70590
70545
70459
70456
70294
70274
70212
70203
70201
70187
70179
70150
70134
70084
69970
69923
69917
69863
69853
69843
69809
69793
69787
69749
69738
69722
69674
69640
69605
69543
69513
69511
69486
69444
69353
69282
69224
69157
69142
69088
69031
68889
68745
68710
68681
68657
68638
68624
68605
68590
68571
68497
68464
68460
68428
68413
68329
68296
68294
68265
68241
68176
68077
68051
68019
68011
67962
67958
67737
67658
67629
67625
67479
67467
67464
67376
67367
67205
67184
67123
67107
67059
66937
66918
66862
66846
66834
66818
66728
66715
66705
66632
66599
66545
66537
66501
66475
66453
66421
66393
66302
66230
66184
65971
65912
65819
65796
65791
65789
65740
65689
65670
65639
65630
65628
65623
65605
65594
65473
65453
65377
65340
65228
65226
65168
65125
65111
65015
64900
64839
64793
64777
64763
64759
64634
64580
64546
64537
64536
64500
64436
64406
64393
64386
64313
64284
64215
64184
64179
64068
64033
64018
63947
63933
63876
63819
63801
63779
63755
63719
63687
63656
63575
63479
63477
63437
63366
63335
63334
63285
63284
63261
63238
63220
63058
63044
63019
63017
63006
62974
62926
62914
62790
62777
62774
62773
62690
62685
62643
62637
62620
62617
62612
62534
62526
62524
62499
62483
62445
62444
62435
62415
62408
62143
62127
62119
62091
62024
61930
61830
61799
61750
61744
61740
61679
61621
61618
61576
61570
61564
61560
61535
61518
61514
61507
61216
61201
61190
61162
61002
60961
60946
60936
60908
60896
60839
60738
60735
60710
60693
60661
60597
60439
60438
60393
60325
60316
60292
60211
60115
60076
60003
59927
59735
59701
59667
59652
59630
59597
59478
59459
59445
59356
59325
59305
59283
59282
59224
59204
59164
59132
59105
59006
58958
58868
58798
58793
58648
58563
58531
58369
58319
58314
58288
58278
58190
58069
57981
57957
57914
57824
57774
57431
57398
57393
57392
57321
57239
57198
57139
57061
57022
56865
56837
56832
56810
56796
56730
56710
56686
56616
56580
56574
56253
56229
56157
55980
55929
55872
55804
55759
55723
55512
55469
55457
55402
55391
55275
55191
55152
55121
55081
55034
55030
55008
54970
54811
54779
54758
54713
54608
54597
54593
54566
54559
54492
54440
54421
54374
54364
54308
54246
54114
54098
53915
53873
53860
53827
53779
53753
53712
53658
53641
53641
53488
53440
53431
53355
53313
53306
53266
53156
52992
52917
52869
52822
52784
52737
52727
52721
52687
52685
52512
52385
52333
52252
52220
52199
52171
52141
52053
51985
51983
51962
51871
51844
51806
51717
51600
51542
51535
51526
51455
51383
51371
51177
51141
51036
51000
50987
50965
50849
50839
50766
50429
50356
50270
50244
50199
50151
50122
50075
50018
50016
49951
49933
49901
49882
49642
49634
49623
49622
49546
49300
49294
49251
49225
49201
49199
49197
49175
49160
49132
48968
48918
48872
48805
48719
48677
48670
48670
48594
48594
48575
48539
48450
48411
48351
48235
48112
48065
48050
48030
47990
47940
47934
47920
47898
47864
47693
47595
47497
47466
47378
47320
47312
47241
47241
47215
47164
47144
47137
46934
46902
46895
46875
46862
46796
46752
46720
46699
46676
46666
46658
46612
46611
46562
46549
46507
46480
46464
46351
46324
46240
46213
46208
46200
46180
46173
46111
46058
46048
45936
45922
45910
45895
45821
45753
45693
45683
45640
45612
45604
45581
45522
45374
45339
45221
45190
45176
45146
45052
45028
44923
44923
44870
44790
44768
44712
44673
44614
44606
44550
44497
44469
44263
44250
44216
44031
43992
43983
43969
43961
43760
43751
43730
43715
43692
43654
43592
43537
43457
43218
43173
43123
43097
43017
43007
43006
42963
42954
42914
42900
42882
42845
42763
42625
42602
42581
42572
42561
42513
42380
42303
42224
42083
41987
41913
41909
41898
41898
41784
41657
41598
41583
41582
41557
41540
41498
41367
41316
41305
41204
41124
41056
41054
41020
40910
40869
40851
40809
40808
40699
40675
40593
40542
40529
40474
40452
40430
40409
40341
40328
40321
40299
40278
40185
40099
40070
39992
39898
39752
39740
39651
39526
39494
39475
39456
39421
39394
39378
39315
39294
39171
39160
39139
39133
39123
39065
39030
39004
38987
38950
38937
38904
38885
38861
38858
38849
38687
38675
38661
38566
38546
38524
38509
38488
38480
38465
38420
38378
38342
38231
38107
38103
37980
37962
37909
37897
37889
37813
37779
37673
37639
37632
37543
37257
37205
37176
37169
37087
37027
36995
36964
36932
36903
36846
36819
36809
36661
36642
36505
36486
36453
36425
36420
36352
36322
36320
36248
36212
36181
36057
36021
35939
35834
35571
35538
35454
35421
35373
35279
35253
35184
35173
35172
35105
35053
35027
34992
34962
34956
34955
34844
34793
34704
34685
34564
34563
34539
34534
34455
34395
34358
34318
34233
34177
34167
34090
34060
33982
33966
33873
33856
33853
33726
33703
33598
33587
33522
33518
33511
33507
33504
33469
33460
33409
33400
33376
33324
33299
33208
33169
33139
32979
32968
32963
32686
32644
32625
32514
32319
32312
32291
32290
32052
32028
32008
31954
31954
31943
31885
31814
31783
31770
31722
31661
31655
31592
31566
31548
31512
31499
31480
31453
31433
31309
31280
31277
31246
31220
31213
31103
31093
31091
31004
30724
30682
30676
30512
30478
30394
30357
30266
30210
30160
30016
30011
29957
29834
29831
29826
29818
29813
29796
29794
29719
29709
29597
29588
29558
29506
29467
29390
29356
29326
29248
29051
29048
29012
28918
28910
28821
28631
28562
28514
28504
28502
28458
28455
28368
28336
28328
28252
28184
28037
28001
27977
27913
27887
27785
27705
27663
27604
27567
27562
27486
27466
27442
27196
27165
27150
27121
27011
27002
26944
26835
26821
26819
26798
26743
26653
26644
26635
26392
26345
26330
26274
26260
26259
26251
26163
26160
26100
26076
26036
26036
26020
25957
25731
25727
25712
25665
25649
25616
25564
25467
25445
25432
25371
25342
25339
25294
25268
25253
25221
25186
25147
25097
25052
25025
24986
24865
24824
24711
24672
24662
24642
24584
24577
24456
24365
24352
24285
24281
24242
24239
24155
24095
24089
24065
24054
23978
23976
23955
23941
23895
23844
23833
23781
23727
23710
23680
23677
23648
23604
23489
23466
23338
23281
23233
23153
23115
23070
22973
22965
22927
22924
22895
22856
22839
22804
22717
22687
22635
22606
22602
22531
22530
22517
22495
22467
22405
22346
22334
22312
22217
22172
22125
22121
22102
22097
22090
22084
22017
21990
21970
21889
21863
21809
21768
21711
21686
21607
21595
21542
21537
21525
21494
21487
21460
21458
21442
21433
21418
21271
21269
21235
21158
21091
21075
20886
20836
20827
20805
20762
20739
20727
20693
20668
20657
20590
20494
20452
20406
20272
20263
20204
20046
19931
19911
19854
19800
19788
19756
19710
19596
19570
19532
19478
19365
19299
19261
19237
19232
19205
19168
19110
18865
18843
18806
18755
18743
18734
18694
18635
18596
18529
18523
18485
18478
18340
18259
18181
18110
18087
18057
18047
18017
18000
17904
17848
17803
17796
17738
17687
17656
17654
17644
17643
17516
17515
17499
17452
17431
17408
17304
17167
16959
16821
16804
16803
16769
16737
16691
16688
16564
16515
16472
16380
16335
16276
16267
15770
15650
15626
15527
15492
15489
15417
15414
15414
15249
15207
15184
15165
15156
15043
14878
14871
14827
14748
14702
14615
14609
14597
14439
14437
14435
14421
14419
14392
14359
14300
14265
14241
14225
14131
14121
14090
14080
14039
13981
13964
13952
13865
13848
13846
13746
13565
13481
13442
13435
13386
13290
13173
12859
12858
12797
12711
12705
12704
12639
12614
12611
12598
12593
12564
12549
12483
12421
12350
12303
12259
12215
11977
11972
11904
11886
11821
11668
11639
11563
11553
11504
11483
11381
11333
11276
11265
11256
11254
11248
11228
11161
11152
11133
11010
10937
10919
10871
10859
10704
10667
10601
10346
10318
10234
10045
10009
9993
9984
9965
9923
9808
9740
9738
9590
9588
9444
9418
9402
9384
9381
9364
9338
9243
9235
9143
9034
9022
9001
8762
8761
8741
8727
8675
8650
8575
8455
8451
8398
8388
8359
8327
8169
8149
7950
7923
7846
7798
7702
7692
7676
7658
7573
7495
7458
7452
7411
7408
7321
7282
7272
7181
7093
7009
7001
6951
6941
6935
6866
6753
6741
6731
6722
6630
6609
6595
6487
6482
6452
6394
6362
6343
6187
6180
6079
6065
6023
5987
5862
5684
5676
5676
5614
5591
5589
5573
5545
5545
5524
5448
5410
5342
5341
5340
5300
5274
5254
5231
5214
5102
4958
4722
4529
4506
4502
4489
4425
4208
4157
4029
3977
3968
3930
3830
3790
3781
3749
3719
3717
3697
3688
3674
3667
3666
3582
3402
3368
3330
3319
3298
3271
3098
3062
3058
3054
2953
2907
2775
2710
2647
2595
2224
2178
2139
2131
2097
2007
1919
1881
1857
1855
1849
1834
1779
1715
1705
1640
1564
1530
1500
1489
1453
1430
1426
1383
1363
1333
1301
1094
1083
1070
1007
957
943
925
908
887
872
849
803
783
763
698
627
622
611
542
533
468
403
239
199
180
105
