99917
99899
99873
99846
99678
99656
99585
99565
99520
99510
99498
99320
99260
99258
99236
99186
99133
99014
98982
98930
98884
98663
98609
98589
98584
98582
98548
98526
98525
98481
98384
98309
98259
98156
98145
98032
98011
98009
97935
97916
97903
97723
97710
97559
97541
97522
97513
97491
97374
97364
97362
97346
97277
97268
97250
97219
97208
97183
97072
96992
96944
96882
96766
96720
96616
96610
96580
96573
96556
96535
96484
96447
96388
96337
96270
96267
96213
96191
96185
96179
96161
96142
96126
96102
96090
95926
95897
95875
95870
95793
95784
95781
95745
95708
95658
95649
95615
95433
95414
95396
95353
95324
95324
95260
95220
95200
95160
95147
95113
95040
95028
94965
94924
94910
94883
94636
94625
94516
94496
94393
94368
94331
94238
94127
94095
94044
94010
94007
93993
93911
93901
93886
93791
93598
93586
93582
93543
93537
93519
93438
93375
93359
93297
93295
93282
93265
93169
93129
93114
93096
93083
93078
93043
92957
92893
92871
92845
92709
92673
92645
92642
92613
92591
92559
92494
92465
92433
92197
92155
92121
92121
92093
92084
92005
91951
91887
91875
91861
91859
91857
91827
91759
91725
91722
91601
91527
91473
91434
91360
91303
91297
91278
91251
91222
91129
91031
90986
90973
90962
90962
90887
90800
90795
90559
90489
90473
90473
90429
90344
90274
90223
90155
90105
90092
90035
89971
89861
89820
89797
89781
89710
89603
89499
89428
89360
89360
89333
89285
89203
89153
89121
89104
89016
89014
89009
89003
88957
88931
88917
88670
88557
88399
88333
88328
88313
88301
88253
88248
88233
88181
88117
88094
88039
88012
87973
87951
87865
87732
87680
87615
87614
87611
87424
87410
87396
87375
87354
87353
87333
87316
87211
87191
87174
87161
87133
87129
87063
86932
86930
86899
86874
86811
86761
86753
86636
86626
86603
86566
86443
86443
86407
86385
86354
86352
86248
86223
86165
86163
86156
86118
86071
86070
85997
85953
85936
85617
85612
85591
85574
85561
85557
85500
85445
85445
85431
85429
85412
85387
85349
85315
85239
85199
85138
85131
84963
84920
84803
84801
84753
84705
84642
84595
84569
84522
84400
84303
84287
84090
84087
83940
83870
83844
83762
83695
83690
83667
83536
83536
83459
83394
83323
83307
83286
83176
83095
83082
83078
82908
82856
82833
82806
82795
82723
82716
82653
82595
82576
82492
82475
82428
82366
82353
82322
82310
82291
82205
82185
82126
82065
82053
82007
82005
81983
81957
81762
81757
81729
81576
81572
81507
81452
81275
81252
81247
81127
81123
81084
81077
81014
80859
80809
80780
80702
80623
80571
80551
80482
80434
80379
80372
80365
80357
80351
80266
80217
80106
80098
80029
80020
79969
79956
79944
79943
79890
79883
79865
79863
79845
79816
79812
79802
79647
79644
79643
79594
79554
79543
79520
79319
79265
79184
79179
79145
79078
79076
79072
79043
78989
78952
78879
78833
78785
78736
78729
78682
78679
78571
78570
78512
78458
78447
78430
78393
78334
78280
78232
78196
78113
78108
78104
77974
77927
77878
77874
77859
77773
77769
77689
77676
77582
77509
77480
77452
77418
77341
77334
77285
77258
77098
77038
77017
76837
76826
76807
76776
76768
76697
76690
76658
76609
76582
76425
76395
76275
76156
76152
76123
76059
75965
75964
75948
75909
75904
75868
75836
75646
75442
75394
75384
75268
75253
75217
75207
75091
75050
75033
75013
74939
74882
74707
74705
74703
74680
74610
74536
74516
74515
74343
74269
74258
74202
74191
74188
74132
74111
74051
74028
74012
73996
73968
73906
73884
73843
73778
73766
73699
73629
73615
73571
73491
73479
73449
73372
73272
73257
73193
73184
73151
73032
72973
72947
72861
72858
72784
72713
72676
72640
72628
72431
72430
72292
72235
72193
72148
72142
72138
72031
71978
71950
71811
71759
71698
71671
71620
71589
71533
71511
71467
71457
71281
71217
71157
71142
71133
71117
71075
71055
70943
70837
70677
70676
70642
70610
70608
70596
70590
70542
70411
70363
70213
70190
70175
70123
70109
70103
70052
69949
69930
69897
69818
69816
69767
69735
69703
69628
69591
69564
69482
69470
69440
69376
69153
69041
69024
68913
68893
68885
68853
68846
68832
68802
68756
68706
68694
68497
68428
68401
68365
68361
68118
68072
68039
67983
67946
67910
67885
67884
67849
67820
67597
67397
67315
67269
67217
67076
66879
66802
66721
66685
66667
66595
66591
66582
66554
66551
66531
66463
66445
66399
66383
66317
66282
66182
66163
66144
66128
65995
65883
65870
65846
65750
65729
65624
65564
65563
65516
65508
65501
65411
65255
65209
65148
65110
65083
65052
64948
64851
64771
64751
64726
64657
64625
64608
64597
64567
64548
64508
64492
64475
64429
64428
64413
64357
64266
64173
64167
64151
64145
64049
64030
63956
63852
63770
63764
63716
63680
63656
63620
63617
63571
63557
63529
63512
63484
63474
63442
63437
63368
63318
63307
63251
63172
63138
63122
63102
63098
63066
63055
63021
62984
62963
62935
62909
62869
62866
62806
62771
62766
62752
62730
62728
62707
62658
62654
62625
62590
62577
62532
62452
62389
62282
62151
62134
62058
61980
61910
61888
61855
61841
61832
61712
61630
61600
61564
61357
61242
61217
61185
61139
60985
60969
60937
60923
60870
60822
60398
60305
60290
60244
60228
60160
60134
60121
60105
60086
60011
59974
59889
59827
59819
59819
59801
59786
59746
59738
59720
59702
59525
59488
59412
59339
59283
59245
59231
59211
59142
59127
59088
59077
59067
59053
59027
59024
58967
58920
58907
58887
58836
58799
58779
58729
58726
58680
58676
58570
58536
58442
58371
58071
58060
57940
57914
57838
57801
57790
57682
57637
57496
57398
57370
57276
57202
57087
57058
56980
56925
56911
56892
56886
56885
56882
56749
56675
56479
56462
56427
56391
56367
56280
56273
56269
56140
56140
56066
56049
56034
56027
55851
55778
55704
55637
55630
55558
55502
55478
55445
55401
55391
55383
55330
55203
55102
55092
55035
54962
54947
54909
54884
54878
54873
54847
54833
54796
54772
54467
54378
54376
54332
54323
54304
54271
54249
54248
54238
54210
54199
54186
54082
53964
53940
53791
53790
53763
53699
53659
53608
53439
53305
53296
53247
53246
53243
53193
53100
53072
53057
52753
52740
52729
52632
52564
52526
52520
52507
52506
52357
52346
52341
52313
52208
52069
52054
52023
51889
51846
51766
51687
51637
51634
51602
51581
51564
51363
51284
51280
51272
51239
51007
51006
50999
50928
50906
50873
50760
50751
50749
50729
50688
50637
50569
50352
50310
50261
50246
50005
49992
49955
49951
49911
49824
49817
49806
49805
49794
49785
49785
49772
49693
49669
49554
49451
49410
49394
49252
49168
49115
49024
48985
48913
48900
48877
48856
48829
48719
48663
48641
48388
48347
48286
48269
48265
48229
48171
48156
48101
48080
48079
48042
47980
47946
47910
47880
47873
47743
47703
47664
47562
47539
47532
47509
47494
47474
47401
47392
47364
47360
47328
47277
47154
47150
47085
47053
47033
46962
46882
46807
46735
46577
46528
46497
46458
46437
46261
46234
46203
46060
46025
45983
45954
45919
45834
45771
45726
45677
45676
45580
45534
45450
45411
45390
45182
45173
45151
45078
45044
45025
45007
44919
44909
44865
44863
44821
44803
44800
44795
44643
44631
44630
44570
44566
44509
44505
44500
44495
44478
44424
44351
44240
44182
44111
44044
44022
43987
43973
43961
43954
43914
43902
43893
43888
43845
43810
43789
43787
43777
43726
43726
43667
43652
43584
43561
43545
43439
43356
43323
43280
43203
43140
43095
43070
43037
42997
42950
42923
42906
42850
42836
42821
42812
42779
42765
42734
42722
42651
42647
42492
42484
42478
42471
42401
42380
42334
42294
42252
42242
42215
42193
42164
42126
42119
42107
42093
42086
42058
41985
41980
41871
41870
41847
41820
41788
41639
41621
41593
41576
41563
41437
41400
41391
41356
41283
41279
41267
41117
41068
41000
40910
40847
40786
40786
40724
40702
40675
40660
40544
40509
40508
40421
40404
40383
40268
40253
40229
40214
40206
40010
39993
39893
39875
39872
39834
39810
39800
39784
39710
39607
39482
39356
39355
39332
39323
39261
39156
39150
39074
39045
38965
38858
38626
38617
38614
38604
38582
38481
38427
38397
38392
38372
38150
37967
37944
37880
37862
37833
37828
37760
37708
37544
37531
37385
37382
37327
37324
37290
37249
37179
37133
37122
37095
37095
36921
36840
36749
36707
36597
36562
36534
36487
36479
36451
36410
36406
36372
36365
36320
36166
36147
36086
36033
35818
35813
35752
35736
35730
35652
35612
35534
35455
35434
35379
35367
35343
35291
35247
35233
34994
34931
34875
34809
34764
34655
34615
34602
34528
34440
34149
34083
34073
34016
33913
33743
33703
33662
33638
33636
33609
33511
33470
33296
33288
33287
33242
33213
33154
32959
32937
32921
32602
32482
32455
32426
32356
32343
32297
32229
32198
32194
32168
32114
32095
32006
31994
31910
31854
31807
31725
31649
31524
31489
31480
31478
31393
31363
31344
31283
31234
31170
30947
30908
30737
30588
30571
30454
30408
30392
30362
30327
30178
30162
30137
30067
29993
29940
29900
29805
29746
29712
29684
29551
29530
29509
29509
29305
29302
29297
29269
29182
29162
29122
29081
29067
29061
29004
28971
28861
28857
28788
28783
28737
28696
28680
28640
28604
28570
28531
28516
28514
28481
28322
28308
28264
28165
28132
28099
28085
28084
27999
27972
27954
27922
27866
27863
27848
27836
27803
27795
27789
27789
27747
27717
27504
27451
27433
27353
27336
27335
27241
27200
27170
27081
26983
26925
26915
26892
26886
26863
26819
26786
26753
26711
26705
26673
26622
26583
26573
26564
26535
26481
26356
26344
26338
26313
26198
26154
26141
26116
26070
26009
25893
25886
25839
25790
25789
25776
25639
25587
25567
25499
25467
25409
25313
25266
25253
25224
25167
25095
24946
24912
24895
24885
24839
24815
24787
24600
24515
24506
24493
24358
24243
24210
24167
24050
23995
23931
23912
23843
23841
23788
23768
23736
23666
23662
23648
23619
23534
23520
23438
23432
23382
23317
23285
23251
23192
23022
23002
22994
22984
22960
22958
22936
22929
22921
22865
22704
22703
22681
22601
22590
22575
22548
22531
22529
22270
22210
22117
22068
22032
22017
22012
21977
21915
21899
21772
21702
21662
21622
21620
21538
21525
21510
21494
21472
21429
21371
21306
21210
21206
21079
21054
21044
20887
20838
20810
20793
20695
20661
20650
20557
20539
20345
20295
20242
20223
20140
20010
19945
19827
19804
19691
19636
19615
19603
19376
19344
19334
19303
19225
19204
19190
19164
19142
18834
18722
18706
18474
18446
18414
18405
18350
18350
18294
18283
18260
18210
18191
18169
18165
18114
18078
18030
18029
17951
17939
17905
17890
17836
17827
17790
17787
17713
17652
17545
17472
17398
17312
17199
17185
16770
16770
16764
16748
16729
16699
16696
16652
16648
16584
16584
16538
16511
16466
16461
16385
16367
16359
16336
16310
16293
16243
16080
16074
16070
16036
16011
15914
15848
15811
15738
15737
15706
15700
15639
15612
15569
15564
15541
15321
15312
15230
15215
15181
15124
14976
14900
14851
14808
14797
14690
14679
14676
14582
14559
14504
14495
14485
14460
14452
14442
14349
14320
14313
14285
14274
14237
14229
14137
14111
13935
13762
13657
13528
13475
13381
13343
13159
13140
13110
13100
13095
13015
12995
12976
12954
12898
12838
12830
12820
12755
12748
12550
12549
12461
12447
12420
12413
12309
12291
12148
12080
12055
11911
11860
11797
11786
11583
11546
11513
11451
11442
11331
11324
11303
11229
11182
11125
11099
11070
11068
10991
10970
10894
10835
10800
10784
10762
10737
10731
10718
10673
10652
10611
10555
10534
10411
10382
10377
10340
10338
10238
10161
10148
10104
10018
9959
9939
9783
9782
9599
9586
9556
9527
9473
9450
9402
9311
9133
9018
8805
8761
8669
8619
8613
8601
8504
8450
8252
8244
8229
8159
8156
8112
8084
8014
8002
7995
7972
7850
7823
7771
7729
7706
7669
7545
7541
7361
7329
7307
7216
7134
7113
7078
7074
6900
6838
6836
6746
6727
6725
6705
6672
6585
6533
6510
6483
6269
6262
6217
6155
6026
5914
5851
5758
5744
5674
5639
5519
5513
5477
5239
5213
5203
5122
5110
5065
4985
4793
4775
4685
4685
4681
4654
4609
4458
4404
4365
4303
4246
4174
4169
4161
4145
4058
4043
3933
3920
3908
3736
3686
3530
3497
3461
3418
3298
3213
3209
3119
3114
3081
3015
2967
2932
2769
2749
2678
2657
2629
2570
2537
2504
2472
2382
2348
2297
2283
2254
2205
2102
2002
1920
1865
1837
1793
1777
1769
1743
1645
1626
1545
1380
1359
1357
1327
1323
1306
1304
1193
1159
1033
992
983
926
906
880
862
827
753
714
709
694
643
555
468
460
415
386
364
288
216
146
0
