99996
99941
99920
99837
99828
99688
99676
99503
99456
99270
99200
99157
99130
99059
99058
99039
99020
98999
98997
98852
98813
98807
98760
98744
98687
98681
98587
98586
98545
98540
98473
98427
98379
98225
98192
98122
98092
98016
97991
97951
97873
97862
97858
97853
97806
97796
97793
97777
97700
97609
97584
97506
97314
97301
97296
97265
97222
97183
97064
96984
96903
96849
96845
96748
96696
96669
96651
96649
96620
96570
96521
96515
96461
96455
96384
96313
96301
96254
96197
96180
96178
96085
96075
96020
96002
95912
95807
95755
95745
95730
95723
95644
95637
95633
95607
95464
95371
95297
95283
95281
95269
95169
95139
94953
94953
94945
94859
94849
94832
94831
94804
94728
94697
94660
94597
94592
94497
94492
94412
94391
94389
94335
94272
94114
94091
93967
93916
93826
93812
93801
93769
93740
93542
93534
93499
93477
93446
93352
93253
93220
93213
93151
93117
93106
93013
92978
92953
92903
92749
92650
92569
92397
92332
92298
92247
92233
92134
92084
92054
91960
91940
91877
91831
91767
91738
91732
91731
91640
91549
91510
91510
91419
91257
91072
91045
91016
90863
90784
90746
90739
90667
90663
90653
90609
90606
90595
90579
90576
90525
90509
90477
90291
90269
90246
90234
90212
90196
90195
90097
90024
89919
89919
89772
89672
89670
89635
89596
89521
89388
89355
89288
89264
89191
89156
89144
89139
89051
89034
88962
88821
88813
88755
88659
88465
88425
88377
88362
88298
88271
88258
88211
88110
88106
88106
88080
88040
88012
87976
87918
87903
87865
87754
87747
87707
87690
87681
87636
87603
87523
87493
87480
87220
87216
87173
87165
87163
87110
86980
86980
86951
86854
86846
86822
86732
86716
86696
86612
86416
86325
86288
86276
86273
86271
86140
86132
86071
86042
85997
85987
85892
85838
85797
85796
85713
85573
85527
85515
85514
85440
85426
85423
85392
85382
85329
85275
85271
85187
85129
85124
85037
84942
84909
84891
84885
84826
84816
84762
84720
84688
84619
84616
84582
84495
84493
84461
84395
84339
84305
84295
84280
84214
84212
84114
84093
84038
84036
83999
83992
83952
83937
83934
83863
83795
83759
83711
83617
83600
83594
83593
83550
83508
83488
83421
83390
83370
83361
83265
83241
83130
83119
83073
83024
82994
82994
82978
82882
82827
82774
82769
82738
82722
82615
82614
82604
82588
82586
82496
82485
82437
82340
82293
82128
82113
82075
82074
82069
81957
81926
81834
81771
81674
81673
81486
81485
81466
81427
81288
81137
80959
80913
80882
80853
80731
80600
80537
80510
80498
80481
80446
80410
80346
80303
80254
80249
80155
80133
80121
79953
79915
79910
79891
79790
79783
79782
79742
79677
79572
79537
79439
79415
79404
79281
79278
79270
79256
79224
79221
79183
79052
78951
78674
78665
78579
78439
78417
78368
78337
78331
78302
78281
78251
78236
78223
78168
78165
78120
78092
78007
77956
77956
77932
77916
77903
77758
77715
77711
77660
77551
77496
77454
77409
77356
77330
77279
77240
77168
77076
77044
77029
76808
76786
76724
76715
76643
76629
76602
76596
76547
76524
76417
76414
76307
76253
76172
76057
76017
75985
75953
75908
75769
75718
75685
75673
75592
75583
75502
75484
75449
75343
75315
75267
75212
75176
75163
75153
75083
75069
74994
74980
74963
74825
74754
74650
74605
74526
74336
74330
74304
74297
74294
74172
74126
73996
73948
73926
73922
73913
73902
73849
73793
73782
73752
73694
73646
73620
73585
73581
73540
73436
73407
73399
73341
73336
73326
73325
73325
73272
73241
73207
73186
73171
73168
73164
73158
73113
73094
72991
72952
72857
72843
72823
72741
72679
72562
72550
72455
72417
72405
72345
72344
72198
72171
72167
72162
72097
71871
71779
71718
71653
71572
71553
71544
71458
71445
71430
71392
71223
71221
71221
71202
71167
71138
71129
71113
71080
70890
70787
70780
70771
70741
70694
70674
70654
70607
70552
70497
70491
70459
70339
70334
70329
70219
70206
70157
70156
70129
70090
70084
70042
70036
70010
69980
69862
69788
69754
69743
69726
69717
69699
69615
69594
69519
69499
69461
69372
69364
69332
69316
69246
69234
69144
69135
69104
69094
69047
69037
68985
68978
68919
68820
68817
68767
68759
68748
68746
68741
68741
68724
68721
68712
68707
68673
68638
68634
68565
68547
68230
68224
68213
68158
68126
68070
67975
67974
67948
67917
67895
67886
67818
67781
67779
67760
67706
67666
67656
67616
67435
67431
67330
67323
67262
67258
67231
67212
67202
67039
66989
66941
66733
66694
66686
66658
66648
66509
66482
66424
66418
66402
66354
66280
66252
66247
66240
66218
66147
66084
66048
66047
65993
65965
65907
65881
65831
65778
65702
65574
65521
65365
65306
65161
65145
65127
65120
65112
64880
64650
64579
64543
64443
64408
64397
64308
64251
64182
64108
64102
64090
64004
63893
63877
63779
63752
63724
63700
63639
63633
63621
63556
63500
63492
63484
63441
63437
63427
63290
63265
63120
63043
62996
62979
62971
62920
62886
62845
62728
62703
62576
62395
62370
62358
62345
62322
62258
62249
62171
62160
62156
62086
62041
62020
61995
61878
61822
61601
61553
61537
61481
61458
61429
61289
61191
61010
60832
60810
60722
60708
60701
60698
60597
60541
60421
60227
60191
60111
60084
60057
60013
60002
59915
59910
59868
59856
59851
59714
59637
59595
59557
59520
59443
59386
59314
59240
59234
59218
59191
59170
59137
59105
59076
58957
58840
58766
58719
58689
58671
58651
58640
58603
58446
58265
58214
58100
58026
57974
57808
57808
57749
57623
57582
57553
57546
57442
57409
57405
57402
57401
57400
57382
57274
57271
57070
57063
57017
56969
56920
56904
56899
56896
56893
56840
56748
56744
56720
56503
56473
56470
56470
56433
56401
56376
56131
56128
56107
56072
56067
56049
56007
56004
55832
55760
55709
55707
55697
55685
55629
55518
55509
55494
55474
55367
55345
55342
55330
55330
55320
55138
55082
55044
55041
54969
54934
54933
54922
54916
54854
54810
54802
54688
54679
54677
54676
54656
54518
54456
54445
54378
54356
54202
54104
54002
53977
53961
53794
53664
53563
53533
53479
53358
53279
53277
53256
53240
53236
53219
53159
53112
53008
52994
52963
52934
52909
52860
52835
52744
52740
52693
52690
52626
52583
52576
52570
52569
52524
52455
52418
52340
52307
52298
52288
52245
52150
52092
52070
52017
51982
51979
51971
51961
51883
51872
51865
51835
51835
51759
51753
51725
51722
51721
51679
51675
51664
51579
51496
51387
51382
51371
51352
51167
51156
51130
51089
50966
50922
50885
50812
50806
50792
50690
50685
50653
50650
50626
50540
50497
50460
50446
50416
50261
50209
50187
50165
50164
50127
50127
50054
50029
49909
49900
49868
49788
49691
49618
49616
49601
49566
49529
49507
49446
49314
49250
49159
48999
48993
48937
48926
48832
48813
48737
48576
48559
48534
48527
48499
48438
48428
48360
48360
48338
48275
48157
48038
48010
48006
47928
47820
47809
47685
47681
47562
47527
47497
47459
47290
47248
47223
47202
47168
47144
47132
47074
47049
47029
46984
46933
46885
46801
46715
46689
46684
46661
46644
46640
46629
46565
46536
46433
46426
46425
46384
46325
46303
46128
46079
46053
45984
45904
45837
45833
45626
45604
45460
45399
45399
45319
45264
45196
45134
45109
45048
44916
44893
44857
44749
44741
44686
44666
44652
44626
44624
44606
44579
44577
44536
44529
44517
44514
44438
44320
44231
44126
43949
43948
43895
43821
43724
43720
43639
43376
43260
43226
43201
43177
43158
43122
42884
42776
42747
42720
42665
42605
42511
42511
42250
42221
42217
42212
42148
42133
42131
42043
42000
41978
41889
41888
41752
41726
41719
41716
41540
41431
41292
41263
41155
41095
41062
41030
41026
40970
40941
40898
40732
40715
40683
40651
40466
40423
40413
40293
40289
40245
40192
40113
40111
40013
39950
39906
39901
39887
39865
39858
39835
39747
39738
39691
39681
39619
39618
39589
39572
39502
39414
39343
39239
39209
39132
39093
39087
39076
39018
39011
38980
38938
38902
38798
38725
38686
38672
38617
38617
38604
38524
38393
38389
38307
38285
38218
38139
38121
38117
38066
37976
37883
37846
37832
37782
37774
37740
37706
37587
37519
37518
37498
37417
37412
37371
37363
37260
37257
37247
37240
37224
37151
37063
36981
36924
36920
36710
36643
36578
36526
36521
36409
36329
36329
36328
36281
36236
36225
36135
36045
36001
35996
35837
35768
35665
35645
35644
35549
35521
35494
35462
35410
35338
35234
35167
35123
35119
34983
34982
34890
34857
34593
34592
34574
34490
34481
34472
34388
34374
34285
34166
34154
34150
34131
34083
34026
33981
33859
33823
33797
33776
33693
33568
33504
33470
33431
33264
33233
33226
33222
33210
33190
33183
33078
33037
32937
32912
32907
32836
32812
32740
32711
32536
32515
32486
32434
32433
32388
32335
32326
32325
32100
32080
32068
32026
32004
31986
31983
31971
31873
31702
31656
31595
31565
31510
31478
31468
31448
31441
31436
31435
31426
31364
31328
31314
31184
31034
30986
30948
30886
30832
30794
30717
30669
30589
30571
30570
30528
30379
30366
30305
30286
30271
30226
30109
30046
29968
29960
29782
29769
29762
29744
29740
29697
29578
29524
29514
29488
29481
29271
29248
29218
29181
29179
29160
29093
28815
28750
28721
28709
28704
28694
28681
28632
28619
28611
28547
28539
28438
28437
28323
28300
28062
28043
27970
27961
27763
27749
27710
27692
27654
27550
27484
27323
27305
27245
27162
27139
27123
27121
26976
26917
26889
26868
26841
26834
26663
26598
26558
26532
26524
26470
26443
26433
26406
26384
26378
26323
26305
26278
26258
26157
26119
25976
25966
25884
25870
25825
25776
25755
25717
25683
25616
25613
25602
25542
25485
25271
25237
25190
25160
24911
24898
24823
24763
24723
24665
24656
24548
24533
24238
24188
24155
24128
24040
24027
23917
23821
23780
23704
23690
23613
23479
23450
23371
23321
23311
23297
23257
23192
23182
23163
23142
23117
23051
23006
22943
22915
22903
22894
22880
22846
22746
22642
22561
22522
22514
22265
22206
22176
22103
21948
21901
21818
21774
21767
21713
21708
21700
21632
21505
21468
21382
21292
21249
21170
21148
21114
20930
20874
20858
20820
20783
20730
20714
20691
20690
20667
20619
20616
20603
20513
20480
20471
20428
20355
20350
20327
20227
20211
20192
20183
20098
19975
19929
19884
19848
19827
19765
19752
19735
19649
19500
19491
19490
19477
19314
19262
19163
19131
19115
19108
19080
19076
19019
18994
18977
18976
18751
18744
18596
18561
18552
18503
18422
18396
18345
18313
18284
18265
18203
18043
18033
18027
18002
17916
17838
17829
17818
17793
17787
17775
17736
17684
17682
17605
17598
17523
17391
17324
17274
17242
17192
17139
16945
16942
16924
16827
16795
16789
16763
16694
16681
16652
16512
16495
16409
16362
16341
16284
16238
16209
16181
16109
16091
16088
16051
16022
15939
15882
15820
15768
15758
15741
15713
15638
15580
15545
15513
15484
15456
15351
15329
15325
15234
15148
15082
15067
14901
14816
14801
14788
14606
14585
14558
14549
14423
14354
14339
14332
14265
14236
14222
14191
14189
14114
14063
14060
14058
14056
14041
13931
13930
13900
13810
13715
13682
13674
13655
13427
13401
13284
13260
13252
13177
13127
12940
12933
12925
12911
12891
12747
12717
12695
12690
12685
12677
12616
12571
12408
12271
12265
12222
12185
12164
12082
12019
11994
11945
11917
11875
11811
11796
11659
11657
11584
11488
11477
11445
11415
11401
11364
11338
11322
11314
11254
11252
11245
11244
11185
11169
11116
11112
11078
10995
10898
10897
10889
10880
10876
10861
10819
10743
10673
10640
10636
10603
10507
10456
10453
10319
10315
10289
10183
10107
10061
10040
10003
9995
9953
9944
9887
9870
9848
9800
9760
9742
9696
9669
9420
9394
9358
9325
9316
9296
9245
9197
9156
9026
8994
8786
8702
8655
8649
8626
8579
8574
8446
8405
8374
8317
8257
8226
8114
8103
8090
8012
7975
7954
7907
7897
7873
7800
7789
7774
7694
7622
7369
7263
7212
7189
7098
6958
6949
6860
6833
6765
6631
6627
6625
6591
6547
6510
6476
6339
6267
6240
6232
6169
6122
6079
5980
5953
5828
5817
5771
5669
5619
5488
5475
5426
5322
5190
5137
5123
5083
5055
5044
4907
4858
4736
4710
4709
4705
4654
4549
4434
4426
4398
4356
4355
4324
4235
4206
4139
3981
3927
3910
3791
3784
3768
3746
3722
3673
3586
3510
3319
3293
3284
3183
3182
3105
3103
3077
3043
2863
2826
2669
2585
2580
2539
2507
2490
2402
2400
2384
2232
2204
2190
2145
2031
2008
1934
1919
1873
1855
1834
1645
1641
1600
1458
1377
1360
1317
1298
1182
1157
1155
1149
1107
1072
1066
1014
1001
943
929
821
809
730
664
649
583
541
496
494
493
389
183
181
22
