99976
99952
99941
99938
99814
99789
99717
99702
99698
99636
99575
99510
99490
99458
99437
99409
99388
99360
99336
99333
99310
99271
99257
99248
99197
99169
99162
99066
99060
99009
98863
98851
98731
98714
98613
98551
98542
98515
98340
98177
98168
98155
98077
98042
97997
97941
97914
97912
97869
97742
97515
97377
97350
97281
97279
97272
97241
97218
97151
97150
97070
97066
97031
96968
96954
96880
96648
96561
96542
96538
96458
96338
96279
96159
96148
96145
96120
96075
96048
96043
95983
95973
95962
95888
95736
95692
95656
95610
95452
95429
95413
95361
95206
95204
95182
95151
94987
94972
94896
94854
94841
94726
94704
94674
94609
94499
94360
94269
94224
94221
94107
94067
94047
94043
94027
93957
93886
93825
93754
93709
93707
93645
93615
93549
93523
93483
93457
93431
93412
93368
93294
93177
93164
93034
93023
92841
92754
92657
92642
92628
92594
92524
92508
92415
92365
92359
92315
92273
92273
92108
92060
92006
92000
91939
91933
91926
91851
91846
91804
91728
91690
91674
91665
91643
91590
91551
91426
91425
91324
91252
91152
90921
90898
90799
90772
90737
90705
90514
90446
90390
90389
90372
90314
90280
90192
90026
90026
90005
89927
89897
89882
89880
89625
89576
89574
89506
89503
89490
89454
89281
89189
89171
89162
89113
89077
89076
88966
88875
88861
88825
88739
88704
88699
88675
88660
88614
88476
88474
88464
88374
88350
88310
88268
88159
88144
88117
88047
88019
87933
87814
87739
87687
87607
87592
87591
87579
87437
87308
87304
87258
87241
87163
87111
87053
86948
86939
86924
86912
86893
86888
86872
86757
86754
86744
86742
86653
86643
86619
86523
86470
86383
86346
86336
86271
86222
86106
86072
86071
85956
85944
85881
85849
85842
85827
85806
85737
85678
85658
85367
85367
85360
85352
85284
85168
85110
85099
85059
85052
85021
84814
84812
84702
84678
84470
84424
84383
84326
84264
84142
84118
84095
84006
83976
83852
83830
83823
83808
83793
83718
83685
83647
83636
83602
83600
83594
83566
83550
83538
83520
83486
83481
83376
83322
83315
83276
83261
83252
82954
82949
82939
82907
82903
82897
82890
82553
82542
82486
82485
82467
82437
82420
82379
82318
82316
82160
82141
82109
82009
81809
81770
81636
81631
81609
81476
81445
81414
81397
81275
81265
81214
81183
81167
81105
81101
81060
80990
80961
80957
80901
80843
80834
80788
80754
80666
80659
80486
80465
80368
80316
80219
80181
80167
80144
80129
80093
80009
79996
79969
79932
79899
79866
79851
79731
79714
79684
79643
79540
79389
79303
79299
79092
79061
79040
78895
78853
78733
78727
78665
78615
78544
78401
78246
78243
78184
77996
77973
77884
77775
77659
77622
77445
77389
77356
77319
77305
77204
77173
77100
77078
77064
76950
76924
76910
76906
76871
76859
76824
76744
76730
76703
76649
76622
76622
76557
76540
76459
76401
76361
76293
76285
76273
76269
76247
76237
76122
76070
75988
75983
75979
75965
75955
75951
75944
75907
75820
75818
75793
75787
75752
75752
75743
75731
75682
75617
75602
75562
75533
75405
75327
75318
75188
75117
75113
75094
75085
75021
74981
74819
74784
74724
74658
74649
74647
74575
74553
74528
74508
74451
74431
74302
74274
74262
74233
74226
74124
74034
73982
73925
73921
73919
73907
73904
73887
73887
73797
73746
73618
73498
73465
73452
73395
73378
73264
73226
73179
73096
73030
73026
72944
72848
72831
72751
72718
72712
72659
72576
72553
72426
72376
72375
72341
72340
72254
72187
72008
71990
71927
71875
71856
71821
71820
71772
71769
71709
71417
71413
71335
71321
71298
71287
71244
71221
71076
71042
71017
71017
70947
70916
70909
70906
70724
70635
70557
70493
70430
70410
70409
70360
70312
70311
70275
70263
70260
70237
70224
70210
70203
70145
70105
70079
70014
69914
69836
69797
69774
69767
69739
69738
69660
69573
69508
69472
69402
69353
69333
69327
69299
69271
69256
69225
69159
69020
68934
68852
68739
68737
68717
68676
68673
68636
68444
68438
68406
68364
68321
68315
68274
68238
68168
68133
68103
68089
68016
67943
67929
67879
67878
67875
67851
67839
67792
67605
67587
67404
67396
67372
67358
67337
67330
67285
67271
67253
67200
67030
67008
66978
66936
66932
66917
66887
66862
66849
66803
66751
66555
66461
66376
66357
66330
66262
66241
66226
66222
66182
66090
66030
65977
65933
65877
65856
65856
65849
65847
65833
65833
65832
65782
65711
65614
65609
65597
65559
65527
65476
65368
65325
65300
65137
65120
65065
64912
64862
64771
64657
64619
64427
64374
64352
64331
64309
64249
64185
64128
64090
63981
63953
63942
63780
63769
63745
63685
63630
63531
63462
63451
63431
63419
63385
63358
63357
63329
63265
63185
63170
63135
63117
63110
63095
63093
63065
63060
62975
62958
62930
62889
62867
62849
62833
62754
62741
62700
62595
62579
62561
62559
62446
62399
62344
62284
62206
62202
62199
62188
62183
62081
62047
62038
61977
61958
61944
61748
61682
61604
61572
61572
61557
61541
61540
61493
61454
61384
61365
61356
61315
61189
61157
61007
60948
60799
60770
60764
60744
60723
60635
60591
60455
60434
60399
60332
60304
60303
60301
60215
60150
60140
60132
60111
60073
59904
59869
59838
59790
59780
59773
59746
59731
59692
59679
59624
59578
59555
59490
59469
59374
59234
59225
59153
59139
59126
59121
59089
58944
58928
58917
58743
58718
58686
58656
58615
58548
58526
58396
58382
58343
58322
58182
58157
57994
57835
57691
57687
57645
57548
57475
57452
57425
57223
57194
57097
56994
56895
56881
56871
56864
56803
56787
56769
56758
56729
56726
56719
56675
56470
56468
56443
56419
56370
56284
56282
56220
56216
56204
56200
56045
55989
55858
55833
55830
55747
55682
55636
55614
55493
55456
55413
55383
55368
55350
55316
55220
55144
55113
55025
54921
54874
54802
54777
54743
54693
54684
54576
54532
54513
54411
54410
54407
54386
54322
54261
54177
54151
54122
54070
54068
54062
54028
53825
53762
53753
53510
53406
53402
53391
53363
53357
53334
53302
53242
53107
53102
52926
52882
52707
52693
52669
52630
52625
52447
52355
52295
52285
52266
52204
52141
52091
52088
52040
51982
51913
51778
51714
51630
51560
51543
51496
51490
51398
51395
51154
51090
50887
50880
50855
50776
50746
50745
50687
50627
50543
50532
50502
50438
50413
50392
50345
50333
50103
50096
50095
50012
49952
49940
49847
49833
49828
49827
49760
49744
49725
49631
49607
49452
49443
49427
49396
49303
49288
49276
49235
49220
49216
49209
49203
49177
49174
49087
49059
48990
48977
48969
48966
48709
48645
48600
48578
48479
48387
48368
48342
48274
48248
48084
47989
47910
47891
47889
47855
47816
47805
47749
47711
47698
47645
47637
47626
47581
47410
47346
47223
47105
47084
47059
47015
46806
46737
46567
46446
46310
46283
46282
46044
46020
46006
45989
45971
45913
45869
45864
45676
45610
45601
45523
45500
45399
45384
45381
45365
45296
45274
45200
45162
45161
45132
45091
45059
45024
45021
44984
44982
44980
44822
44792
44787
44766
44757
44727
44643
44537
44501
44471
44388
44331
44298
44279
44228
44175
44063
43963
43963
43961
43910
43869
43868
43779
43736
43573
43414
43329
43310
43305
43227
42932
42846
42713
42617
42412
42403
42403
42337
42273
42206
42205
42167
42124
42088
42018
41932
41906
41869
41867
41789
41771
41647
41612
41585
41571
41484
41462
41451
41447
41442
41340
41270
41246
41113
41111
41088
41080
41044
40984
40965
40836
40792
40785
40754
40739
40672
40536
40535
40502
40452
40337
40225
40200
40191
40168
40075
40056
40045
39986
39782
39739
39548
39513
39510
39346
39311
39300
39207
39109
39093
39039
38942
38918
38888
38817
38712
38657
38627
38627
38624
38619
38598
38586
38551
38492
38455
38373
38318
38317
38271
38135
38125
38067
37815
37692
37571
37568
37546
37474
37448
37448
37445
37369
37287
37149
37006
36994
36963
36932
36889
36817
36797
36728
36682
36632
36608
36547
36389
36353
36322
36310
36300
36294
36293
36240
36236
36182
36140
36128
36094
36075
35801
35800
35768
35616
35609
35540
35506
35479
35419
35379
35232
35109
35108
35056
35040
35038
35016
35002
34897
34893
34873
34831
34801
34780
34757
34743
34632
34613
34590
34583
34573
34501
34490
34461
34413
34356
34225
34206
34203
33941
33899
33792
33765
33694
33622
33589
33536
33519
33475
33407
33352
33332
33299
33295
33204
33139
33137
33112
33085
33058
32996
32895
32871
32846
32661
32566
32556
32549
32538
32490
32480
32405
32374
32298
32273
32206
32140
32122
32099
32054
32019
31828
31788
31756
31708
31650
31626
31544
31384
31325
31292
31267
31236
31196
31192
31184
31161
31147
31135
31111
30947
30854
30810
30799
30668
30655
30581
30572
30570
30527
30506
30380
30328
30319
30302
30235
30180
30146
30114
30103
30075
30051
30029
30010
29998
29940
29929
29901
29894
29845
29828
29488
29462
29453
29363
29341
29302
29210
29113
29040
28956
28867
28846
28723
28677
28658
28600
28550
28522
28402
28370
28364
28342
28327
28319
28307
28293
28277
28198
28070
28045
27967
27951
27935
27926
27926
27913
27905
27754
27706
27685
27647
27635
27578
27574
27559
27496
27434
27395
27333
27310
27234
27169
27137
27125
27123
27063
26990
26971
26872
26796
26607
26597
26581
26580
26523
26479
26459
26422
26370
26306
26252
26215
26141
26118
26101
26096
26075
26071
25965
25949
25935
25845
25838
25760
25710
25656
25453
25366
25330
25328
25289
25257
25195
25104
25058
25029
24976
24918
24882
24822
24777
24769
24688
24677
24666
24588
24511
24508
24508
24475
24472
24468
24461
24405
24370
24330
24309
24291
24286
24239
24185
24156
24033
24023
23915
23891
23878
23865
23833
23831
23749
23597
23586
23577
23573
23499
23357
23230
23211
23178
23134
23121
22839
22768
22726
22391
22362
22304
22293
22178
22160
22153
22106
21972
21971
21944
21933
21834
21804
21801
21763
21744
21725
21636
21623
21614
21565
21547
21487
21368
21162
21155
21142
21129
21113
21112
21110
21064
21054
21020
21011
20973
20889
20853
20829
20768
20762
20727
20695
20660
20619
20607
20570
20555
20548
20521
20519
20512
20488
20406
20392
20357
20349
20329
20271
20270
20254
20210
20144
20082
20065
19965
19898
19861
19784
19718
19658
19650
19588
19562
19554
19487
19462
19407
19383
19345
19262
19247
19246
19214
19214
19060
19033
19015
18902
18880
18821
18821
18685
18662
18640
18628
18625
18483
18437
18429
18131
18068
18051
17968
17928
17914
17900
17830
17684
17567
17566
17558
17531
17525
17483
17433
17379
17351
17347
17334
17289
17264
17230
17215
17202
17132
17113
16990
16925
16883
16822
16775
16751
16533
16519
16433
16430
16429
16427
16362
16287
16281
16268
16268
16128
16122
16119
15971
15968
15958
15790
15741
15713
15692
15624
15544
15447
15362
15290
15257
15251
15247
15247
15233
15035
15004
14900
14885
14858
14851
14844
14822
14808
14807
14606
14491
14476
14468
14430
14356
14255
14172
14159
14085
14069
14037
13966
13869
13827
13820
13764
13711
13635
13610
13552
13527
13496
13487
13430
13427
13418
13417
13358
13351
13251
13248
13201
13188
13120
13046
12811
12796
12795
12785
12734
12725
12706
12684
12681
12677
12667
12455
12444
12419
12351
12332
12282
12279
12229
12199
12160
12104
12103
12063
12053
11999
11880
11865
11827
11739
11727
11632
11619
11618
11617
11505
11453
11404
11326
11247
11246
11227
11193
11139
11135
11130
11057
11045
10953
10828
10796
10794
10711
10677
10674
10587
10572
10545
10411
10307
10287
10278
10241
10230
10204
10202
10086
10076
9945
9943
9887
9828
9764
9732
9601
9515
9429
9417
9347
9332
9282
9166
9139
9131
9086
9084
9034
9026
8823
8773
8756
8751
8665
8658
8506
8430
8357
8299
8234
8228
8172
8165
8150
8112
8098
8034
8025
7978
7910
7887
7829
7675
7637
7584
7510
7463
7442
7419
7278
7265
7250
7172
7162
7153
7140
7021
7016
7012
6992
6990
6977
6926
6915
6876
6772
6769
6643
6559
6435
6434
6352
6305
6275
6185
6134
6064
5864
5765
5764
5696
5650
5644
5592
5548
5517
5484
5484
5456
5348
5332
5296
5256
5254
5207
5187
5185
5179
5007
4996
4944
4912
4856
4839
4838
4759
4742
4730
4582
4525
4440
4440
4411
4405
4358
4349
4341
4242
4228
4221
4204
4175
4066
4061
3905
3872
3831
3751
3673
3620
3606
3605
3558
3493
3415
3222
3201
3198
3092
2992
2897
2829
2785
2631
2615
2579
2527
2482
2455
2444
2432
2421
2348
2342
2259
2232
2205
2186
2137
2037
2029
1966
1954
1933
1922
1917
1908
1700
1690
1598
1573
1569
1521
1514
1503
1482
1468
1462
1426
1423
1369
1133
861
838
736
704
622
551
429
345
51
4
