99927
99891
99882
99851
99808
99693
99521
99508
99487
99415
99399
99306
99243
99234
99225
98986
98952
98921
98909
98862
98818
98761
98759
98739
98550
98543
98530
98491
98485
98476
98454
98431
98406
98389
98341
98294
98229
98191
98086
98086
98061
98056
98049
98015
97962
97887
97875
97865
97614
97577
97574
97543
97431
97323
97310
97294
97265
97246
97227
97211
97166
97139
97070
97052
96976
96972
96966
96941
96936
96868
96817
96746
96714
96692
96642
96372
96351
96336
96328
96288
96029
95872
95849
95772
95765
95728
95610
95610
95589
95586
95581
95560
95465
95429
95353
95177
95026
94990
94933
94291
94289
94246
94224
94144
94058
94026
93998
93943
93790
93706
93694
93674
93666
93656
93644
93625
93540
93513
93418
93405
93388
93354
93298
93297
93153
93116
93107
93085
93047
92908
92900
92840
92794
92760
92678
92658
92651
92614
92607
92499
92475
92309
91955
91901
91794
91678
91678
91614
91473
91389
91307
91231
91221
91217
91215
91209
91128
91078
91063
90935
90923
90915
90914
90896
90850
90837
90803
90752
90628
90584
90564
90560
90534
90532
90497
90494
90483
90463
90451
90367
90320
90249
90232
90212
90167
90138
90094
89997
89995
89979
89870
89849
89844
89582
89548
89502
89421
89262
89159
89154
89045
89033
89027
88912
88838
88817
88752
88738
88703
88666
88666
88616
88547
88540
88390
88366
88110
88082
88033
87911
87857
87790
87762
87733
87681
87557
87545
87539
87463
87367
87209
87156
87102
87033
87008
86963
86939
86844
86802
86795
86752
86705
86699
86657
86638
86612
86584
86522
86522
86412
86402
86391
86324
85966
85921
85803
85795
85720
85652
85642
85640
85600
85578
85542
85493
85481
85444
85385
85361
85321
85308
85291
85244
85074
85053
85033
85001
84994
84959
84943
84934
84924
84918
84900
84847
84819
84795
84793
84784
84733
84606
84563
84526
84285
84158
84094
84087
83975
83953
83949
83924
83878
83839
83830
83818
83642
83631
83613
83533
83516
83438
83254
83254
83220
83164
83121
83115
83042
83006
82978
82960
82953
82929
82791
82724
82673
82658
82591
82537
82511
82480
82460
82411
82387
82361
82272
82270
82260
82244
82224
82212
82205
82109
82050
81953
81949
81794
81780
81645
81612
81504
81420
81401
81338
81262
81151
81035
80807
80799
80706
80562
80550
80504
80488
80466
80444
80435
80431
80421
80405
80368
80362
80311
80308
80284
80262
80232
80189
80132
80044
80041
80030
79969
79884
79721
79717
79678
79631
79485
79484
79437
79380
79375
79279
79248
79070
79070
78934
78927
78792
78761
78725
78718
78681
78673
78656
78544
78534
78469
78428
78373
78356
78351
78149
78144
78030
78014
77966
77918
77842
77806
77746
77625
77563
77539
77370
77237
77221
77208
77187
77162
77152
77072
77055
77036
76999
76957
76703
76640
76611
76548
76514
76345
76269
76247
76237
75983
75900
75896
75869
75816
75773
75668
75666
75665
75621
75614
75400
75388
75367
75230
75212
75064
75030
74991
74946
74809
74795
74795
74776
74702
74650
74610
74608
74588
74551
74519
74450
74385
74290
74281
74240
74218
74207
74165
74159
74028
73957
73863
73855
73855
73781
73771
73769
73703
73617
73606
73577
73557
73533
73506
73493
73432
73424
73396
73358
73336
73208
73128
73069
73061
73040
72982
72872
72843
72619
72611
72476
72406
72397
72358
72348
72321
72305
72240
71951
71837
71814
71779
71766
71740
71736
71598
71474
71425
71371
71365
71341
71338
71319
71215
71056
71054
71042
70964
70900
70897
70822
70794
70789
70765
70742
70639
70546
70531
70511
70508
70407
70255
70224
70114
69975
69921
69849
69801
69783
69768
69707
69689
69667
69656
69599
69587
69578
69554
69527
69511
69508
69408
69348
69260
69240
69210
69196
69160
69130
69090
69073
69067
69066
69046
69002
68982
68952
68951
68918
68860
68849
68629
68600
68456
68419
68403
68255
68244
68243
68162
68159
68110
68088
68013
67872
67828
67784
67629
67549
67494
67462
67447
67332
67307
67259
67195
67149
67142
67100
67081
67036
67034
67029
66954
66953
66927
66673
66651
66512
66509
66502
66463
66373
66275
66141
65982
65970
65928
65924
65819
65786
65691
65662
65633
65622
65520
65458
65457
65399
65382
65354
65292
65268
65088
65043
65042
65022
64915
64854
64839
64794
64713
64671
64624
64578
64561
64546
64479
64270
64246
64241
64238
64058
63965
63915
63845
63696
63691
63629
63572
63378
63207
63204
63203
63198
63178
63160
63079
62911
62872
62858
62771
62686
62682
62620
62543
62532
62526
62485
62458
62435
62305
62246
62165
62162
61973
61865
61851
61819
61797
61792
61776
61712
61598
61593
61443
61434
61356
61344
61255
61213
61146
61115
60862
60812
60793
60784
60745
60669
60639
60610
60445
60371
60303
60287
60235
60167
60077
59968
59912
59887
59886
59867
59839
59645
59629
59625
59585
59533
59308
59077
59010
59009
58995
58960
58943
58844
58842
58830
58706
58683
58683
58647
58641
58636
58617
58595
58377
58374
58348
58299
58225
58222
58202
58202
58150
58036
57927
57926
57856
57823
57814
57766
57761
57688
57686
57680
57665
57593
57571
57502
57461
57367
57329
57327
57101
57094
57053
56862
56854
56759
56757
56752
56725
56575
56551
56546
56503
56447
56360
56342
56308
56174
56144
56129
56100
56098
56088
56050
56022
55983
55965
55964
55827
55815
55790
55784
55699
55680
55592
55582
55486
55461
55460
55404
55388
55375
55243
55183
55155
55126
55036
54996
54874
54836
54737
54651
54573
54570
54567
54558
54545
54507
54489
54480
54419
54388
54375
54363
54353
54305
54261
54204
54143
54126
54108
54107
54094
54085
54040
54026
54014
53940
53846
53816
53801
53783
53769
53743
53519
53448
53432
53244
53207
53189
53120
53068
52891
52866
52840
52811
52747
52705
52685
52650
52615
52578
52524
52489
52489
52486
52400
52388
52368
52361
52318
52281
52258
52217
52139
52137
51953
51881
51846
51771
51726
51710
51700
51541
51512
51473
51267
51231
51215
51209
51183
51182
51113
51063
51032
51022
50963
50901
50891
50852
50796
50763
50546
50541
50493
50464
50426
50337
50320
50232
50213
50161
50037
49995
49942
49876
49799
49776
49773
49730
49687
49673
49658
49550
49516
49500
49445
49429
49289
49254
49127
49083
49047
48994
48907
48800
48750
48747
48669
48591
48560
48547
48503
48497
48475
48428
48263
48089
48088
48059
48058
47998
47886
47871
47842
47750
47743
47646
47631
47560
47549
47539
47480
47463
47433
47322
47302
47247
47214
47010
47003
46894
46839
46738
46663
46614
46342
46314
46255
46236
46183
46127
46113
46106
46084
46053
45957
45930
45914
45909
45840
45737
45630
45611
45561
45550
45530
45499
45476
45468
45441
45440
45384
45341
45113
45099
44990
44985
44954
44940
44929
44905
44898
44884
44880
44830
44809
44769
44735
44679
44653
44594
44551
44533
44529
44524
44351
44351
44329
44195
44153
44138
44069
44042
44019
43963
43962
43947
43905
43881
43862
43788
43707
43684
43640
43614
43491
43488
43454
43418
43417
43341
43281
43253
43171
43132
43120
43069
43014
42967
42800
42744
42734
42700
42637
42635
42442
42390
42384
42318
42312
42171
42148
42133
42082
42050
41950
41894
41836
41805
41797
41735
41718
41685
41667
41650
41580
41505
41412
41405
41405
41357
41305
41296
41191
41068
41014
41009
40886
40862
40786
40749
40657
40635
40631
40624
40565
40515
40473
40425
40330
40311
40304
40244
40208
40074
40035
39953
39924
39923
39907
39898
39879
39837
39828
39704
39609
39584
39568
39564
39531
39511
39375
39347
39275
39125
39054
39046
39035
39027
38942
38942
38907
38905
38834
38828
38811
38770
38742
38731
38586
38577
38539
38482
38429
38367
38265
38229
38200
38189
38144
38131
38109
38106
38033
38005
37971
37866
37803
37691
37666
37634
37577
37538
37489
37464
37384
37341
37273
37271
37243
37237
37148
37114
37106
37097
37060
37054
37040
37026
37003
36876
36765
36711
36689
36677
36667
36632
36487
36447
36439
36369
36363
36362
36290
36284
36254
36202
36116
36086
36080
35983
35969
35948
35920
35918
35854
35805
35764
35710
35475
35365
35352
35302
35289
35287
35272
35263
35165
35108
35025
34987
34936
34932
34910
34878
34874
34807
34790
34770
34687
34596
34514
34481
34476
34377
34374
34311
34296
34295
34130
34115
34101
34059
34026
33908
33832
33825
33804
33780
33729
33720
33676
33644
33622
33530
33469
33464
33447
33411
33395
33387
33384
33355
33287
33264
33259
33249
33173
33083
32947
32945
32898
32852
32767
32724
32686
32658
32648
32593
32579
32575
32484
32415
32298
32215
32202
32139
32109
32089
31854
31837
31831
31807
31788
31788
31686
31655
31648
31640
31579
31540
31467
31434
31422
31395
31281
31199
31162
31153
31127
31126
31120
31107
31097
31038
31006
30947
30945
30892
30866
30862
30837
30818
30735
30725
30601
30581
30554
30551
30459
30447
30390
30343
30129
30127
30075
30070
29972
29942
29924
29900
29868
29849
29786
29773
29696
29628
29619
29612
29542
29531
29451
29448
29430
29419
29380
29298
29231
29190
29153
29148
29142
29136
29034
29002
28966
28886
28845
28781
28764
28735
28733
28698
28687
28685
28677
28647
28623
28587
28546
28509
28483
28334
28230
28091
28068
28058
28028
28024
28009
27952
27942
27925
27876
27846
27745
27657
27620
27597
27582
27504
27410
27366
27343
27342
27298
27255
27245
27202
27125
27096
27082
26961
26846
26817
26805
26788
26736
26699
26660
26649
26587
26551
26536
26524
26481
26435
26423
26354
26324
26257
26161
26117
26109
26084
26028
25958
25931
25848
25806
25733
25632
25599
25480
25375
25356
25354
25310
25263
25254
25243
25216
25212
25175
25148
25075
25060
25057
25013
24912
24670
24594
24586
24496
24461
24404
24243
24168
24145
24139
24134
24114
24083
24071
24056
23775
23763
23752
23731
23707
23697
23674
23657
23636
23501
23489
23421
23400
23379
23354
23331
23310
23255
23244
23242
23231
23195
23189
23135
23037
22966
22906
22801
22750
22673
22633
22584
22460
22432
22339
22316
22155
22101
22057
22045
22025
22011
22005
21944
21903
21902
21885
21762
21699
21623
21617
21608
21497
21436
21381
21200
21092
21058
21019
20968
20884
20879
20855
20838
20825
20817
20814
20766
20696
20466
20455
20404
20391
20351
20341
20303
20242
20216
20132
20016
19964
19889
19870
19779
19770
19736
19477
19381
19376
19311
19287
19267
19265
19229
19147
19074
19056
19046
18994
18823
18812
18769
18768
18739
18737
18732
18654
18647
18610
18598
18498
18490
18421
18397
18365
18312
18279
18265
18230
18182
18122
18115
18102
18084
18074
18041
17987
17934
17855
17844
17767
17767
17730
17714
17649
17643
17569
17568
17562
17532
17464
17459
17401
17130
17059
16980
16924
16916
16854
16791
16759
16749
16748
16712
16706
16696
16648
16591
16561
16546
16288
16282
16145
16143
16133
16102
16044
15892
15842
15808
15768
15736
15721
15678
15613
15586
15526
15358
15342
15288
15155
15086
15061
14876
14851
14833
14746
14742
14720
14673
14664
14654
14569
14548
14548
14498
14367
14351
14321
14263
14198
14123
14045
14044
13988
13850
13836
13594
13588
13583
13496
13412
13396
13394
13356
13294
13254
13236
13191
12999
12957
12938
12863
12845
12826
12759
12755
12751
12727
12714
12707
12672
12640
12557
12503
12425
12369
12253
12063
12028
11986
11973
11922
11920
11899
11884
11871
11856
11813
11798
11767
11718
11679
11610
11573
11543
11534
11523
11409
11370
11339
11222
11179
11155
11142
11057
10820
10669
10489
10486
10437
10427
10419
10378
10260
10251
10237
10237
10214
10178
10017
9916
9872
9857
9839
9806
9745
9734
9693
9676
9621
9570
9564
9504
9493
9433
9361
9327
9296
9258
9249
9163
9114
9104
8992
8970
8953
8919
8811
8754
8728
8623
8610
8597
8569
8551
8472
8455
8447
8439
8365
8352
8341
8267
8252
8243
8206
8195
8149
8084
8074
8018
7965
7940
7894
7879
7867
7820
7738
7737
7719
7615
7510
7488
7474
7320
7313
7119
7079
6898
6856
6790
6714
6676
6672
6633
6586
6565
6540
6503
6406
6238
6219
6129
6064
6058
6024
5995
5986
5971
5950
5938
5929
5918
5831
5823
5810
5800
5777
5764
5756
5739
5649
5354
5342
5334
5242
5196
5134
5120
5046
4895
4741
4703
4691
4637
4598
4584
4492
4414
4373
4354
4220
4213
4180
4154
4122
4037
3918
3891
3849
3811
3800
3790
3757
3699
3690
3581
3291
3283
3270
3262
3222
3203
3052
3039
2953
2906
2897
2732
2709
2693
2633
2599
2527
2502
2422
2399
2319
2253
2243
2238
2217
2198
2178
2071
2023
1912
1880
1662
1640
1604
1591
1571
1565
1558
1542
1513
1407
1152
1080
1040
842
755
680
661
575
503
416
366
146
131
