99996
99895
99877
99865
99781
99704
99674
99648
99495
99492
99423
99403
99381
99336
99310
99308
99210
99184
99153
99124
98932
98926
98838
98697
98633
98605
98587
98532
98517
98498
98457
98402
98209
98188
98148
98142
97886
97879
97867
97820
97655
97651
97634
97586
97569
97525
97319
97158
97145
97114
97082
97004
96939
96861
96838
96824
96803
96756
96744
96742
96639
96584
96553
96549
96495
96399
96278
96158
96089
96029
96019
95999
95833
95818
95781
95759
95708
95553
95495
95485
95361
95331
95316
95263
95244
95240
95147
95136
94953
94866
94808
94766
94739
94711
94627
94614
94612
94593
94532
94520
94499
94494
94484
94452
94412
94391
94282
94256
94241
94221
94207
94096
94057
94014
93922
93892
93820
93772
93729
93575
93552
93497
93439
93439
93422
93387
93267
93265
93236
93217
93206
93177
93058
93022
92903
92815
92800
92750
92730
92726
92643
92478
92459
92427
92427
92391
92352
92263
92227
92149
92117
92111
92061
92053
91944
91931
91710
91537
91400
91335
91321
91185
91128
90981
90911
90762
90746
90732
90726
90693
90689
90545
90515
90453
90453
90416
90386
90352
90307
90303
90154
90135
90066
90049
90032
89996
89874
89750
89690
89678
89661
89634
89626
89596
89559
89542
89505
89466
89404
89308
89201
89178
89143
89123
89023
88989
88973
88958
88887
88882
88875
88870
88863
88787
88743
88642
88596
88595
88397
88392
88369
88306
88249
88243
88173
88147
88098
88067
88046
87997
87987
87973
87949
87908
87872
87834
87802
87772
87771
87721
87645
87610
87604
87547
87535
87511
87480
87391
87384
87363
87347
87320
87289
87232
86964
86904
86836
86731
86730
86712
86638
86635
86620
86597
86595
86594
86578
86554
86348
86320
86293
86287
86279
86202
86080
86072
86005
85975
85898
85850
85830
85792
85711
85665
85618
85594
85584
85575
85534
85518
85476
85467
85453
85416
85393
85074
85072
85037
84930
84877
84867
84865
84670
84617
84597
84563
84519
84498
84486
84417
84341
84333
84319
84311
84247
84201
84058
84039
84018
83969
83934
83916
83833
83783
83720
83684
83643
83549
83506
83442
83439
83433
83403
83192
83185
83184
83065
83047
83033
82992
82986
82965
82899
82746
82550
82527
82527
82299
82284
82108
82065
82045
81898
81820
81816
81795
81785
81765
81633
81553
81439
81410
81258
81252
81045
81010
80995
80925
80807
80752
80695
80676
80655
80618
80603
80508
80452
80445
80358
80277
80222
80210
80178
80151
80127
80027
80025
79938
79938
79889
79781
79781
79631
79589
79584
79396
79386
79332
79329
79326
79254
79148
79125
79122
78890
78836
78790
78598
78564
78521
78500
78496
78452
78414
78397
78354
78332
78332
78162
78089
78002
77996
77993
77880
77866
77851
77769
77670
77459
77416
77413
77405
77359
77264
77034
77021
76952
76851
76809
76776
76709
76706
76688
76635
76584
76554
76478
76461
76443
76431
76374
76342
76213
76205
76172
76164
76147
76121
76062
75974
75949
75893
75884
75761
75693
75692
75562
75462
75390
75386
75343
75241
75225
75166
75112
75093
75064
75056
74995
74919
74866
74855
74755
74724
74677
74621
74474
74458
74398
74385
74366
74351
74341
74299
74150
74105
74097
74084
74008
73899
73871
73857
73701
73682
73631
73515
73512
73510
73475
73448
73311
73254
73243
73186
73168
73077
73031
73008
73007
73003
73002
72742
72645
72632
72595
72481
72450
72427
72399
72385
72224
72202
72151
72136
72096
71951
71895
71892
71890
71809
71752
71744
71663
71637
71584
71573
71541
71409
71226
71146
71099
71020
70853
70746
70722
70549
70455
70435
70321
70264
70136
70110
70044
69915
69866
69847
69729
69722
69717
69610
69605
69488
69434
69384
69319
69282
69279
69215
69179
69038
69033
69030
69023
69010
68980
68953
68921
68911
68880
68830
68807
68681
68598
68391
68344
68232
68139
68123
68122
68117
68087
68081
68065
68013
67994
67993
67981
67934
67925
67913
67724
67664
67659
67594
67579
67386
67364
67281
67275
67207
67086
67062
67040
66926
66900
66741
66738
66632
66366
66363
66338
66209
66033
66017
66011
65961
65948
65850
65775
65759
65722
65702
65665
65532
65522
65395
65390
65386
65379
65270
65254
65247
65139
65139
65114
65025
65005
64973
64972
64961
64948
64921
64848
64846
64844
64831
64699
64693
64646
64576
64541
64461
64436
64433
64302
64285
64076
64018
64008
63989
63958
63942
63874
63796
63744
63615
63541
63308
63265
63176
63160
63132
63087
63037
62970
62952
62935
62919
62908
62885
62848
62789
62715
62667
62661
62613
62601
62570
62563
62445
62334
62278
62192
62123
62015
61979
61971
61957
61893
61855
61704
61687
61667
61657
61581
61578
61558
61505
61493
61441
61434
61384
61335
61305
61255
61253
61242
61211
61144
61092
60975
60967
60940
60923
60816
60785
60784
60755
60640
60632
60576
60439
60405
60371
60367
60115
59976
59905
59789
59765
59745
59741
59722
59555
59513
59461
59427
59406
59372
59323
59254
59206
59098
59088
59056
59046
58972
58932
58910
58844
58625
58607
58530
58475
58466
58421
58389
58295
58226
58211
58072
57904
57880
57843
57818
57802
57745
57745
57722
57692
57602
57590
57586
57547
57545
57543
57536
57424
57406
57397
57304
57144
57081
57013
56962
56923
56881
56836
56821
56785
56777
56762
56745
56648
56534
56320
56264
56254
56159
56141
56117
56098
56083
56056
56037
56035
55975
55966
55908
55840
55794
55758
55703
55697
55647
55644
55609
55555
55444
55421
55223
55205
55187
55153
55148
55140
54943
54867
54829
54661
54631
54560
54525
54521
54507
54395
54383
54318
54172
54045
53983
53975
53974
53969
53897
53888
53819
53735
53657
53641
53624
53623
53600
53536
53529
53423
53420
53396
53373
53287
53245
53220
53160
53129
53076
53073
53071
53025
52948
52940
52824
52814
52725
52700
52638
52610
52555
52523
52396
52392
52331
52321
52166
52120
52067
51964
51889
51887
51885
51856
51842
51831
51776
51733
51721
51714
51612
51514
51503
51461
51374
51212
51111
51106
51022
50977
50900
50746
50666
50651
50621
50516
50508
50445
50414
50358
50246
50213
50192
50180
50157
50132
50094
50070
50023
49948
49908
49883
49882
49776
49758
49701
49656
49565
49562
49517
49512
49461
49411
49394
49371
49334
49333
49313
49241
49230
49212
49188
49130
49115
49094
49022
48984
48957
48897
48860
48769
48730
48730
48708
48641
48554
48293
48247
48173
48113
48108
48041
48027
47992
47927
47922
47917
47916
47874
47719
47702
47694
47662
47662
47475
47406
47204
47159
47134
47086
47070
46999
46980
46963
46736
46673
46638
46594
46508
46481
46469
46409
46380
46313
46227
46170
46150
46124
46042
46037
46014
45967
45918
45890
45813
45788
45760
45725
45705
45688
45653
45645
45605
45592
45523
45489
45476
45376
45360
45246
45245
45230
45177
45123
45115
45114
45096
45078
45019
44974
44960
44932
44916
44878
44876
44876
44813
44773
44721
44711
44651
44640
44603
44574
44450
44449
44285
44154
44152
44142
44109
44086
44076
44072
44064
44059
44055
43973
43953
43925
43899
43820
43802
43792
43786
43646
43608
43604
43603
43556
43529
43525
43511
43490
43440
43411
43269
43244
43244
43218
43214
43189
43038
42916
42904
42903
42819
42793
42780
42697
42656
42636
42618
42576
42475
42458
42424
42386
42373
42372
42321
42114
41998
41962
41928
41925
41863
41857
41787
41753
41740
41669
41623
41581
41560
41382
41369
41367
41321
41295
41224
41221
41216
41101
40884
40877
40830
40821
40744
40512
40432
40413
40393
40348
40302
40292
40171
40133
39923
39909
39832
39810
39705
39685
39678
39589
39559
39537
39500
39500
39359
39323
39308
39290
39286
39176
39098
39071
39003
38954
38897
38875
38847
38790
38592
38534
38489
38455
38446
38437
38430
38400
38346
38335
38307
38287
38232
38195
38150
38148
38125
38122
38115
38111
37942
37929
37884
37726
37712
37575
37525
37513
37491
37435
37404
37391
37344
37339
37324
37304
37293
37291
37231
37211
37198
37188
37184
37157
37014
37010
36974
36955
36949
36910
36899
36879
36815
36791
36726
36714
36674
36668
36575
36536
36535
36487
36427
36402
36388
36370
36276
36252
36151
36132
36091
35943
35924
35858
35819
35694
35648
35515
35418
35372
35368
35353
35223
35183
35178
35054
35038
35025
34840
34740
34730
34728
34646
34590
34587
34581
34576
34572
34555
34496
34476
34446
34422
34411
34394
34370
34345
34171
34166
34164
34163
34121
34114
34041
33971
33898
33894
33825
33814
33772
33771
33753
33679
33620
33605
33604
33556
33512
33447
33422
33407
33180
33101
33030
32887
32828
32743
32731
32657
32602
32568
32554
32528
32519
32501
32480
32427
32421
32418
32409
32377
32355
32345
32321
32290
32287
32128
32115
32112
32111
32072
32026
32023
32021
32020
31967
31933
31768
31736
31556
31527
31480
31449
31436
31345
31336
31322
31254
31254
31210
31159
31155
31135
31103
31073
31056
31052
31042
31012
30948
30883
30869
30843
30831
30804
30782
30765
30734
30703
30674
30674
30573
30517
30515
30414
30345
30267
30177
30121
30068
30048
30005
29996
29934
29905
29886
29677
29669
29647
29594
29560
29550
29529
29519
29465
29458
29432
29415
29365
29298
29063
29043
29020
28971
28969
28944
28938
28926
28908
28898
28877
28710
28673
28625
28475
28445
28442
28303
28290
28279
28103
27944
27859
27847
27688
27664
27571
27458
27393
27348
27255
27144
27142
27087
27034
26933
26897
26853
26803
26792
26763
26712
26642
26620
26589
26502
26448
26434
26424
26398
26389
26308
26292
26264
26241
26203
26152
26137
26117
25890
25848
25840
25642
25618
25604
25576
25515
25504
25503
25436
25392
25318
25293
25229
25224
25224
25202
25168
25154
25142
25140
25049
25001
24970
24924
24749
24717
24663
24662
24641
24619
24604
24571
24418
24374
24341
24325
24309
24273
24238
24182
24085
24063
24031
24013
23974
23939
23833
23819
23759
23715
23689
23678
23507
23458
23445
23424
23368
23310
23281
23271
23246
23173
23127
23076
23071
23063
23027
22982
22938
22928
22827
22785
22776
22747
22618
22599
22525
22498
22496
22439
22426
22283
22267
22220
22101
21916
21871
21868
21830
21828
21723
21696
21675
21662
21624
21589
21556
21518
21481
21436
21336
21211
20984
20864
20830
20801
20771
20749
20711
20614
20443
20426
20405
20260
20214
20190
20130
20061
20050
19948
19934
19887
19868
19866
19858
19820
19775
19538
19495
19482
19381
19316
19307
19267
19240
19230
19075
18991
18875
18865
18817
18778
18713
18710
18664
18557
18501
18489
18480
18420
18404
18399
18082
18000
17966
17894
17886
17830
17829
17824
17751
17702
17632
17596
17467
17457
17412
17237
17234
17189
17154
17137
17112
17060
17044
17000
16994
16902
16839
16756
16735
16704
16669
16631
16623
16568
16523
16513
16282
16228
16055
16010
15935
15897
15841
15830
15811
15786
15780
15733
15512
15481
15253
15208
15205
15004
14925
14896
14849
14845
14703
14684
14683
14589
14511
14442
14389
14382
14317
14317
14278
14277
14270
14191
14159
14078
13987
13934
13888
13774
13732
13683
13634
13573
13442
13427
13081
13042
13017
12999
12943
12903
12876
12764
12748
12721
12705
12704
12684
12667
12653
12633
12535
12474
12461
12417
12389
12190
12181
12172
12152
12101
12095
12067
11970
11969
11852
11704
11703
11661
11615
11590
11559
11430
11422
11410
11390
11313
11214
11145
11126
11076
11009
10993
10977
10899
10891
10831
10745
10722
10687
10478
10422
10421
10328
10297
10295
10264
10243
10233
10144
10115
10024
9910
9907
9711
9583
9576
9528
9501
9491
9443
9413
9258
9214
9211
9201
9147
9145
9145
9101
9095
9076
9044
9033
8972
8925
8891
8839
8834
8799
8788
8780
8667
8615
8598
8591
8579
8575
8500
8464
8395
8300
8285
8281
8277
8227
8215
8213
8119
8073
8026
7881
7880
7873
7856
7837
7803
7766
7753
7619
7493
7448
7445
7415
7355
7275
7245
7091
7058
7043
7036
7033
6966
6856
6837
6739
6738
6738
6732
6709
6536
6506
6485
6471
6436
6318
6196
6185
5973
5941
5784
5770
5725
5715
5693
5683
5616
5567
5563
5347
5310
5309
5305
5274
5173
5124
5113
5073
5035
5014
5002
4976
4914
4874
4714
4555
4527
4225
4182
4171
4128
4106
4083
4005
3955
3870
3846
3820
3759
3757
3624
3594
3533
3528
3472
3389
3203
3150
3037
3008
2943
2940
2907
2853
2820
2701
2631
2627
2589
2584
2567
2531
2417
2406
2396
2376
2335
2292
2241
2224
2223
2194
2173
2164
2121
2086
2072
1921
1903
1886
1795
1754
1647
1606
1577
1494
1491
1453
1352
1320
1300
1291
1247
1244
1236
1148
1139
967
878
871
856
802
790
681
610
550
520
453
417
386
362
324
266
260
225
96
49
23
