99969
99940
99841
99779
99778
99726
99650
99607
99598
99592
99590
99544
99525
99465
99404
99389
99362
99161
99095
99025
98965
98916
98866
98854
98797
98794
98736
98717
98599
98590
98484
98451
98410
98396
98221
98214
98169
98056
98030
98026
97935
97855
97797
97746
97588
97561
97504
97443
97372
97371
97356
97352
97325
97260
97212
97157
97137
97124
97061
97002
96979
96971
96962
96931
96789
96788
96771
96736
96719
96717
96698
96665
96520
96508
96498
96462
96414
96359
96339
96250
96119
95979
95948
95928
95891
95855
95852
95794
95781
95679
95660
95538
95516
95137
95074
95068
95036
94934
94860
94824
94754
94746
94745
94733
94724
94716
94703
94483
94405
94405
94356
94310
94260
94231
94136
94121
93959
93923
93922
93864
93815
93782
93774
93768
93715
93692
93602
93523
93495
93441
93200
93154
92998
92686
92664
92614
92613
92582
92573
92526
92488
92459
92428
92264
92166
92156
92121
92103
92091
92064
92024
91982
91981
91918
91909
91877
91765
91748
91663
91600
91573
91490
91485
91478
91470
91439
91292
91274
91252
91178
91142
91076
90934
90925
90924
90867
90854
90833
90739
90639
90462
90344
90306
90301
90277
90183
90030
90016
90016
89935
89924
89837
89820
89809
89774
89760
89756
89746
89725
89649
89561
89519
89487
89475
89422
89395
89276
89264
89177
89132
89110
89096
89024
88954
88909
88854
88821
88792
88791
88790
88717
88698
88621
88597
88577
88527
88517
88324
88112
88107
88051
88039
88024
87997
87996
87872
87841
87804
87743
87724
87616
87573
87526
87473
87390
87313
87312
87280
87258
87176
87168
87165
87164
87112
87098
87079
87010
86997
86899
86889
86887
86870
86781
86747
86610
86513
86493
86427
86409
86381
86310
86278
86226
86209
86163
85956
85952
85908
85822
85815
85799
85798
85770
85768
85742
85722
85684
85639
85571
85563
85460
85415
85395
85388
85363
85124
85020
85012
84971
84896
84880
84804
84746
84744
84557
84519
84494
84481
84458
84420
84403
84366
84207
84126
84120
84094
83934
83770
83768
83632
83615
83615
83554
83536
83512
83491
83431
83335
83274
83272
83264
83098
83067
83060
82995
82903
82900
82851
82844
82788
82782
82755
82754
82725
82563
82509
82503
82478
82452
82368
82342
82332
82153
82115
82108
82070
82059
81964
81935
81934
81768
81681
81635
81629
81627
81604
81597
81446
81336
81325
81215
81191
81182
81098
81038
81033
80984
80878
80846
80832
80786
80771
80719
80686
80652
80571
80543
80530
80523
80486
80476
80463
80405
80315
80258
80230
80166
80135
80064
80041
79912
79859
79846
79837
79694
79684
79657
79654
79591
79468
79450
79396
79107
78943
78857
78846
78841
78831
78773
78586
78569
78410
78394
78361
78349
78332
78132
78115
78083
78058
77945
77870
77867
77826
77821
77792
77791
77695
77694
77681
77679
77631
77553
77552
77532
77524
77447
77338
77293
77213
77210
77196
77168
77099
77082
77006
76967
76929
76925
76904
76899
76875
76793
76730
76726
76693
76569
76419
76376
76320
76091
76085
76067
75972
75964
75946
75895
75850
75841
75791
75696
75685
75684
75666
75655
75607
75582
75544
75502
75454
75325
75323
75304
75198
75160
75152
75125
75085
75064
75023
75019
75004
74942
74854
74817
74802
74691
74654
74651
74580
74551
74545
74535
74460
74442
74427
74365
74234
74104
74084
74082
73954
73927
73923
73807
73772
73609
73476
73413
73329
73323
73316
73244
73210
73206
73124
73110
73109
73107
73046
73015
72990
72969
72912
72901
72797
72736
72721
72700
72672
72597
72587
72554
72531
72531
72458
72448
72340
72188
72158
72154
72133
72085
72047
71916
71889
71886
71869
71855
71852
71830
71706
71645
71622
71583
71532
71388
71382
71368
71314
71215
71034
70970
70951
70892
70798
70739
70703
70603
70575
70573
70555
70532
70398
70356
70327
70091
70042
70041
70014
70003
69998
69917
69811
69797
69727
69651
69604
69566
69562
69556
69528
69517
69468
69384
69382
69378
69315
69297
69285
69247
69188
69166
69074
68987
68958
68949
68914
68913
68821
68767
68705
68675
68494
68481
68416
68403
68350
68255
68248
68188
68173
68093
68033
68025
68020
67963
67908
67890
67870
67813
67761
67759
67709
67505
67460
67429
67385
67341
67282
67228
67171
67112
67100
66979
66887
66882
66701
66684
66596
66506
66484
66440
66430
66412
66354
66321
66294
66273
66210
66166
66133
66091
66060
66056
66025
65958
65913
65886
65760
65708
65602
65569
65461
65431
65430
65372
65256
65230
65131
65122
65089
65010
64939
64789
64773
64733
64723
64697
64649
64499
64200
64104
64078
63976
63960
63942
63907
63793
63757
63644
63573
63539
63538
63504
63342
63328
63206
63147
63023
63011
62942
62915
62908
62871
62803
62610
62506
62470
62463
62458
62449
62368
62318
62298
62286
62206
62200
62034
61989
61928
61836
61805
61718
61718
61698
61675
61659
61637
61551
61531
61524
61489
61433
61392
61369
61341
61254
61134
61057
61051
61050
61032
60888
60876
60869
60759
60634
60617
60598
60573
60512
60497
60373
60361
60330
60328
60317
60194
60159
60030
60007
59910
59826
59808
59788
59784
59701
59682
59669
59659
59624
59540
59420
59416
59415
59413
59412
59390
59360
59334
59265
59239
59216
59142
59115
58935
58925
58871
58820
58781
58777
58706
58696
58676
58644
58622
58449
58442
58424
58406
58370
58336
58313
58299
58238
58210
58099
58048
57960
57905
57889
57870
57866
57831
57827
57797
57794
57792
57774
57771
57646
57615
57610
57588
57552
57539
57518
57378
57353
57323
57294
57259
57235
57234
57216
56975
56938
56915
56910
56862
56762
56724
56722
56712
56694
56662
56643
56591
56590
56486
56484
56474
56469
56414
56351
56287
56287
56235
56207
55873
55828
55763
55686
55652
55497
55356
55355
55352
55322
55318
55306
55174
55096
55096
55095
55046
54749
54695
54689
54634
54522
54506
54470
54468
54441
54395
54355
54181
54094
54086
53990
53977
53968
53963
53837
53791
53638
53612
53608
53414
53330
53278
53277
53270
53259
53239
53053
53029
52943
52936
52854
52843
52815
52801
52790
52665
52618
52615
52609
52601
52327
52307
52277
52234
52146
52114
52060
51976
51910
51865
51823
51773
51769
51766
51740
51660
51606
51449
51431
51358
51282
51250
51212
51172
51170
51125
51080
51060
51037
50984
50956
50940
50914
50888
50888
50879
50784
50700
50696
50691
50580
50502
50411
50396
50359
50340
50309
50300
50292
50207
50188
50127
50109
50079
50036
50010
49979
49913
49775
49711
49710
49660
49656
49654
49637
49600
49592
49513
49374
49147
49105
49097
48912
48887
48806
48794
48746
48668
48628
48619
48473
48441
48365
48315
48306
48243
48228
48221
48216
48179
48108
48066
48018
47930
47915
47855
47812
47808
47693
47575
47570
47553
47526
47445
47339
47226
47085
47021
46971
46951
46868
46850
46787
46689
46662
46613
46601
46597
46573
46545
46532
46528
46523
46523
46484
46470
46450
46410
46281
46179
46178
46159
46152
46143
46085
46006
45993
45949
45948
45918
45875
45737
45642
45602
45588
45515
45486
45393
45223
45178
45125
45036
44940
44892
44654
44494
44362
44266
44193
44192
44182
44159
44144
44068
44056
44026
43979
43946
43904
43903
43885
43883
43864
43836
43807
43802
43738
43737
43685
43591
43496
43473
43463
43418
43412
43402
43328
43304
43223
43220
43200
43106
43077
43075
43030
43015
43013
43010
42888
42764
42744
42698
42674
42613
42497
42475
42386
42358
42323
42225
42166
42122
41896
41896
41888
41777
41770
41754
41677
41675
41612
41592
41570
41549
41522
41522
41478
41473
41438
41288
41225
41174
41110
41051
40976
40975
40971
40930
40910
40905
40902
40878
40851
40794
40740
40723
40712
40674
40616
40612
40530
40420
40293
40275
40196
40148
40134
40113
40040
40002
39989
39913
39908
39890
39852
39777
39650
39498
39409
39404
39343
39314
39294
39218
39202
39159
39077
39041
38994
38789
38741
38733
38605
38572
38469
38442
38427
38394
38340
38331
38310
38308
38296
38251
38174
38156
38148
38103
38065
38008
37896
37886
37868
37741
37725
37724
37703
37694
37678
37672
37572
37502
37472
37442
37432
37374
37303
37277
37218
37165
37148
37037
37029
37023
36879
36807
36805
36795
36678
36574
36571
36551
36523
36455
36424
36344
36322
36138
36077
35955
35887
35821
35753
35736
35530
35508
35416
35412
35396
35346
35316
35310
35173
35119
35048
35019
35013
34997
34988
34924
34898
34883
34819
34743
34620
34584
34532
34484
34374
34368
34366
34333
34289
34232
34227
34168
34035
33818
33815
33657
33623
33535
33508
33507
33415
33403
33371
33350
33347
33333
33323
33316
33299
33252
33184
33145
33054
32996
32965
32925
32920
32860
32834
32704
32695
32682
32513
32366
32321
32231
32179
32096
32019
31972
31921
31887
31854
31826
31663
31619
31606
31579
31543
31534
31529
31514
31443
31406
31374
31310
31291
31209
31199
31118
31062
31025
31001
31000
30994
30990
30824
30643
30527
30458
30456
30448
30438
30427
30398
30377
30237
30125
30067
30047
30026
30019
29994
29912
29891
29810
29810
29743
29715
29682
29675
29673
29662
29624
29581
29567
29521
29484
29476
29401
29325
29182
29129
29083
28931
28874
28709
28691
28672
28667
28602
28532
28372
28369
28290
28238
28237
28216
28188
28177
28110
28106
28098
28077
28074
28046
28038
28010
27995
27828
27573
27499
27446
27313
27285
27250
27244
27172
27127
26957
26851
26778
26759
26737
26726
26656
26601
26527
26496
26451
26310
26250
26245
26217
26194
26131
26119
26095
26037
26000
25982
25903
25895
25888
25684
25635
25574
25566
25507
25450
25436
25376
25376
25368
25334
25301
25194
25182
25160
25155
25123
25121
25073
25066
25025
25021
24874
24855
24732
24645
24640
24635
24561
24403
24334
24223
24216
24145
24130
24126
24070
24060
23998
23967
23892
23878
23827
23826
23761
23746
23721
23697
23688
23595
23555
23549
23433
23342
23276
23010
22987
22957
22919
22910
22866
22755
22751
22633
22609
22606
22602
22593
22589
22581
22508
22393
22278
22264
22199
22101
21970
21958
21947
21827
21781
21776
21757
21746
21700
21678
21582
21538
21484
21470
21425
21410
21352
21348
21171
21165
21059
21056
21000
20967
20914
20883
20798
20782
20752
20746
20678
20665
20661
20644
20619
20485
20437
20436
20399
20362
20345
20244
20193
20181
20176
20051
19961
19935
19924
19864
19772
19725
19722
19703
19544
19506
19505
19462
19360
19322
19301
19298
19233
19132
19095
18968
18956
18935
18860
18840
18801
18795
18793
18736
18697
18692
18685
18661
18607
18602
18592
18584
18577
18539
18524
18500
18429
18426
18379
18319
18277
18116
18112
18082
18079
18066
17917
17857
17351
17300
17251
17230
17222
17187
17163
17123
17081
17058
17013
16927
16916
16858
16795
16710
16701
16669
16664
16443
16431
16368
16281
16280
16263
16212
16169
16159
16144
16010
15990
15977
15968
15942
15887
15872
15857
15844
15831
15796
15482
15435
15373
15320
15264
15214
15125
15024
14986
14985
14963
14886
14698
14629
14622
14569
14521
14500
14485
14397
14377
14364
14298
14261
14167
14150
14147
14108
14084
14072
14071
13995
13975
13948
13843
13679
13604
13595
13587
13561
13555
13528
13501
13427
13400
13341
13334
13255
13127
13088
13068
13005
12771
12753
12747
12713
12681
12628
12606
12521
12511
12494
12460
12445
12436
12342
12295
12226
12171
12144
12059
12032
11828
11742
11696
11618
11565
11552
11543
11534
11460
11457
11405
11243
11181
11107
11090
11063
11044
10829
10645
10608
10533
10505
10495
10433
10415
10339
10324
10305
10305
10258
10240
10215
10191
10162
9887
9818
9787
9773
9684
9635
9623
9525
9472
9452
9396
9328
9324
9302
9297
9186
9158
9105
9093
9084
9044
9023
9010
8979
8972
8685
8638
8600
8569
8497
8408
8406
8330
8218
8177
8149
8143
7917
7913
7787
7741
7650
7629
7602
7563
7533
7299
7270
7180
7142
7119
7103
6976
6957
6827
6824
6807
6805
6798
6797
6766
6707
6643
6634
6583
6517
6472
6468
6425
6410
6355
6354
6334
6294
6073
6009
5936
5916
5844
5793
5733
5713
5648
5633
5597
5547
5527
5411
5408
5284
5258
5252
5242
5234
5209
5163
5108
5060
5047
4925
4900
4861
4840
4722
4682
4639
4614
4551
4529
4511
4508
4475
4449
4432
4259
4226
4166
4092
3946
3886
3868
3815
3738
3682
3613
3597
3500
3489
3397
3340
3272
3234
3231
3198
3188
3097
3048
3021
2854
2829
2708
2698
2634
2604
2581
2577
2569
2545
2515
2511
2466
2438
2232
2227
2223
2223
2189
2188
2097
2023
1984
1940
1878
1475
1432
1279
1254
1225
1068
1058
991
975
956
825
790
775
766
700
610
454
441
418
382
332
290
200
183
139
98
71
51
