99871
99832
99781
99657
99627
99625
99584
99560
99548
99542
99520
99293
99249
99240
99230
99223
99208
99173
99155
99134
99132
99123
99088
99045
98950
98924
98906
98860
98833
98794
98731
98709
98685
98684
98664
98558
98545
98538
98505
98484
98480
98466
98458
98401
98344
98207
98186
98131
98116
97972
97968
97827
97801
97772
97703
97645
97609
97586
97530
97467
97370
97295
97282
97225
97219
97215
97146
97140
97103
97077
97015
96999
96977
96860
96818
96811
96765
96733
96704
96672
96671
96665
96634
96614
96589
96582
96553
96553
96544
96471
96296
96287
96285
96223
96025
95974
95899
95834
95824
95819
95789
95744
95572
95556
95449
95433
95413
95380
95331
95314
95294
95286
95129
95122
95006
94829
94816
94772
94637
94583
94499
94498
94461
94420
94402
94251
94242
94222
94175
94050
93859
93843
93826
93812
93732
93685
93470
93436
93378
93374
93310
93285
93111
93108
93067
93061
92986
92970
92957
92932
92925
92858
92849
92758
92733
92714
92706
92615
92504
92412
92380
92327
92263
92215
92146
92106
92005
91944
91807
91675
91648
91631
91599
91580
91577
91495
91423
91393
91349
91323
91277
91220
91215
91134
91091
90983
90960
90846
90844
90789
90684
90577
90467
90364
90361
90248
90243
90234
90230
90190
90164
90159
90055
89912
89860
89812
89768
89761
89747
89687
89687
89594
89573
89511
89420
89366
89340
89276
89261
89243
89235
89216
89161
89121
89094
89086
89019
88790
88773
88737
88730
88577
88542
88519
88460
88447
88446
88429
88362
88341
88326
88316
88309
88228
88206
88122
88057
88001
87997
87911
87896
87811
87811
87708
87655
87611
87549
87456
87413
87399
87327
87257
87245
87234
87207
87055
87021
86983
86964
86865
86816
86805
86792
86738
86607
86532
86505
86462
86447
86417
86364
86169
86153
86053
85970
85947
85876
85854
85843
85817
85624
85578
85565
85464
85452
85415
85384
85275
85228
85221
85129
85118
85021
84985
84948
84874
84746
84721
84720
84697
84692
84688
84651
84511
84471
84458
84424
84352
84320
84257
84228
84178
84169
84130
84058
84038
83986
83977
83958
83883
83797
83736
83734
83733
83676
83560
83548
83505
83416
83365
83341
83286
83067
82978
82962
82912
82883
82769
82761
82680
82632
82495
82406
82256
82222
82218
82109
82085
81999
81965
81930
81837
81830
81822
81820
81728
81717
81706
81705
81642
81581
81578
81418
81317
81108
81103
81091
80954
80754
80662
80661
80645
80617
80593
80432
80414
80337
80329
80239
80227
80150
80116
80115
80060
79994
79976
79871
79846
79762
79689
79651
79563
79530
79485
79404
79286
79234
79217
79170
79114
79109
78944
78938
78741
78652
78652
78637
78608
78396
78370
78341
78325
78289
78277
78146
78070
77970
77928
77899
77896
77894
77814
77722
77650
77629
77530
77381
77296
77241
77234
77163
77163
77161
77157
77146
77131
77129
77120
76940
76933
76893
76806
76770
76742
76727
76710
76671
76645
76525
76521
76514
76463
76456
76455
76320
76306
76269
76224
76103
76088
76066
75960
75942
75918
75873
75725
75703
75580
75578
75514
75399
75373
75365
75331
75322
75260
75228
75224
75223
75158
75060
75049
75010
74842
74760
74722
74699
74669
74634
74624
74435
74330
74297
74254
74221
74080
74033
74011
73861
73820
73785
73766
73742
73650
73564
73441
73424
73408
73366
73281
73230
73226
73194
73165
73157
73113
73109
72949
72932
72910
72801
72789
72716
72649
72610
72597
72555
72471
72298
72278
72268
72177
72125
72102
72102
72064
72054
72033
71996
71975
71878
71847
71834
71808
71677
71586
71507
71452
71444
71316
71307
71278
71234
71206
71200
71109
71054
71015
70984
70981
70968
70875
70855
70818
70802
70606
70568
70538
70459
70375
70332
70266
70205
70097
70090
70050
70041
70035
69876
69837
69684
69678
69634
69622
69605
69598
69584
69583
69564
69518
69469
69405
69357
69289
69286
69281
69259
69257
69250
69076
68763
68758
68708
68705
68667
68666
68616
68572
68374
68365
68290
68254
68219
68211
68209
68069
67891
67788
67658
67640
67539
67480
67445
67420
67396
67356
67328
67181
67147
67146
67096
67096
66960
66958
66934
66922
66827
66758
66718
66659
66646
66596
66508
66507
66489
66338
66314
66254
66204
66145
66125
66099
66057
66020
65945
65830
65788
65777
65721
65713
65634
65620
65590
65564
65537
65405
65372
65336
65303
65283
65181
65156
65047
65039
65024
64973
64968
64950
64930
64903
64881
64854
64649
64636
64598
64582
64565
64503
64480
64453
64439
64410
64347
64223
64159
64145
64115
64078
64047
63990
63930
63905
63868
63839
63654
63639
63571
63521
63468
63408
63286
63256
63181
63097
63011
62983
62980
62813
62793
62763
62710
62694
62657
62626
62624
62570
62538
62503
62468
62447
62322
62320
62307
62234
62156
62127
62126
62100
61999
61984
61975
61970
61888
61876
61817
61517
61513
61492
61425
61394
61260
61127
61107
61102
61093
61032
60921
60887
60698
60645
60581
60410
60409
60388
60368
60363
60329
60286
60205
60122
60093
60021
59994
59993
59971
59967
59950
59935
59919
59872
59820
59782
59762
59751
59749
59688
59667
59590
59586
59581
59567
59552
59496
59468
59465
59426
59385
59275
59235
59227
59150
59128
59088
59088
59057
59040
59009
58913
58835
58807
58783
58745
58738
58661
58661
58552
58474
58407
58302
58234
58204
57994
57951
57862
57794
57761
57663
57634
57599
57586
57563
57561
57555
57550
57493
57479
57448
57403
57399
57395
57341
57327
57301
57300
57090
57030
56946
56907
56906
56866
56863
56858
56823
56800
56741
56579
56523
56510
56434
56428
56427
56408
56370
56311
56201
56181
56157
56112
56086
56066
56055
56036
55937
55917
55705
55629
55471
55424
55405
55377
55374
55346
55219
55138
55050
54991
54936
54932
54909
54828
54800
54748
54739
54669
54645
54638
54609
54602
54529
54516
54484
54359
54327
54293
54281
54276
54230
54126
53907
53907
53905
53903
53842
53840
53831
53714
53713
53680
53660
53511
53494
53458
53450
53397
53388
53354
53283
53194
53164
52922
52784
52651
52639
52595
52552
52521
52501
52384
52352
52349
52334
52325
52313
52236
52226
52222
52145
52086
51980
51916
51875
51766
51759
51723
51556
51502
51394
51373
51356
51338
51286
51286
51206
51203
51179
51136
51104
51068
51059
50963
50963
50784
50783
50752
50739
50689
50476
50257
50228
50160
50015
49992
49969
49920
49856
49813
49732
49705
49693
49684
49643
49627
49564
49548
49516
49452
49413
49085
49044
49004
49000
48976
48973
48956
48863
48829
48799
48769
48731
48717
48701
48658
48603
48601
48578
48559
48545
48416
48319
48319
48283
48236
48218
48207
48184
48181
48145
48054
47880
47858
47792
47757
47741
47675
47658
47617
47592
47555
47485
47475
47414
47307
47100
47091
46816
46814
46422
46342
46339
46215
46198
46178
46173
46092
46028
46007
45945
45939
45934
45884
45881
45806
45790
45767
45744
45723
45696
45651
45618
45609
45538
45525
45485
45430
45277
45128
45071
45063
45009
44862
44839
44821
44811
44752
44745
44587
44536
44487
44473
44462
44461
44459
44417
44401
44301
44300
44230
44207
44137
44120
44071
44027
44022
44017
44004
43900
43897
43884
43726
43723
43659
43504
43488
43337
43302
43260
43224
43197
43184
43156
43079
43044
43021
43016
43012
42952
42876
42858
42755
42743
42730
42626
42618
42602
42590
42582
42530
42527
42486
42188
42070
42055
41997
41945
41943
41865
41864
41848
41790
41656
41634
41596
41570
41570
41555
41432
41371
41307
41247
41219
41138
41072
41027
40939
40918
40874
40810
40802
40689
40664
40267
40155
40130
40082
40064
39931
39853
39852
39840
39714
39664
39621
39550
39550
39538
39529
39478
39470
39463
39457
39426
39346
39324
39308
39243
39229
39178
39173
39164
39085
39027
38847
38846
38729
38623
38617
38610
38575
38552
38547
38540
38503
38466
38423
38410
38405
38392
38341
38337
38323
38312
38238
38141
38038
38006
37927
37862
37735
37708
37656
37614
37603
37440
37423
37411
37388
37386
37384
37304
37249
37220
37208
37200
37185
37183
37019
36940
36869
36827
36808
36795
36779
36717
36683
36658
36461
36443
36214
36162
36058
36048
35916
35880
35847
35823
35809
35807
35780
35762
35749
35665
35642
35623
35540
35528
35511
35440
35300
35298
35234
35219
35179
35077
34995
34969
34917
34786
34771
34750
34746
34704
34695
34667
34663
34663
34595
34556
34505
34494
34459
34423
34267
34217
34210
34178
34143
34063
34035
33996
33888
33833
33825
33822
33810
33801
33791
33780
33769
33701
33684
33683
33679
33579
33532
33492
33477
33434
33381
33381
33195
33112
33055
33021
32841
32797
32526
32511
32510
32459
32431
32416
32354
32255
32130
32073
32048
32022
31977
31913
31899
31878
31850
31744
31708
31700
31668
31581
31572
31552
31532
31344
31276
31228
31145
31130
31119
31067
30985
30975
30905
30887
30702
30691
30663
30660
30615
30534
30518
30517
30474
30456
30396
30312
30162
30116
30116
30102
30084
30066
29990
29887
29883
29855
29772
29746
29637
29592
29512
29449
29422
29401
29348
29347
29318
29318
29266
29193
29181
29135
29107
29093
29066
29003
28970
28878
28799
28776
28721
28603
28593
28570
28555
28541
28507
28476
28462
28387
28346
28225
28222
28188
27934
27833
27833
27810
27799
27732
27678
27671
27642
27639
27590
27556
27523
27490
27479
27479
27428
27351
27300
27277
27182
27115
27099
27010
27009
26997
26925
26895
26888
26828
26814
26751
26728
26728
26612
26599
26537
26526
26524
26505
26490
26481
26413
26334
26101
26095
26070
26059
25914
25913
25844
25839
25796
25778
25753
25745
25730
25681
25637
25535
25446
25404
25382
25382
25346
25277
25242
25227
25155
25152
25146
25067
25004
24987
24903
24727
24658
24653
24532
24520
24504
24367
24320
24220
24197
24170
24165
24164
24159
24149
24144
24120
24044
23947
23908
23889
23832
23803
23782
23766
23757
23653
23633
23573
23551
23452
23433
23390
23313
23247
23208
23016
22931
22884
22870
22808
22780
22634
22574
22549
22531
22499
22423
22420
22379
22345
22288
22275
22213
22192
22119
22074
22009
21970
21906
21859
21735
21724
21670
21665
21651
21650
21555
21410
21377
21358
21358
21297
21279
21261
21226
21058
21049
20995
20974
20971
20947
20835
20753
20716
20704
20667
20573
20406
20372
20343
20317
20295
20287
20094
20087
20034
20022
19933
19817
19811
19738
19734
19710
19686
19675
19567
19516
19416
19399
19340
19296
19245
19025
18921
18907
18896
18886
18856
18853
18756
18732
18686
18669
18630
18524
18493
18466
18445
18427
18338
18310
18299
18264
18262
18213
18204
18198
18195
18121
18102
18092
18019
18011
17961
17925
17898
17852
17827
17770
17666
17577
17572
17516
17454
17356
17326
17249
17246
17194
17014
16939
16911
16821
16717
16655
16438
16423
16312
16203
16187
16174
16160
16115
16105
16098
16018
15934
15932
15863
15768
15724
15669
15565
15563
15451
15384
15103
15070
15067
14981
14972
14854
14795
14794
14785
14734
14700
14661
14642
14584
14537
14265
14224
14075
14019
13991
13988
13950
13879
13819
13804
13793
13742
13679
13579
13448
13300
13272
13145
13128
13106
12973
12897
12892
12842
12775
12733
12629
12614
12612
12596
12588
12564
12560
12558
12386
12321
12311
12307
12244
12214
12129
12120
12113
12029
11913
11868
11787
11776
11693
11661
11640
11578
11504
11456
11418
11400
11359
11243
11198
11184
11175
11154
11114
11104
11052
10986
10955
10946
10924
10847
10725
10698
10641
10609
10597
10585
10548
10531
10431
10350
10338
10337
10071
9850
9737
9634
9629
9615
9529
9462
9457
9396
9376
9352
9303
9300
9254
9212
9158
9130
9122
9090
9084
9083
9073
9027
9021
8658
8633
8628
8611
8578
8535
8286
8233
8151
8126
8106
7984
7924
7879
7877
7790
7775
7719
7682
7676
7665
7618
7559
7557
7473
7463
7403
7345
7332
7311
7277
7072
7042
7010
7002
6991
6967
6800
6747
6728
6725
6723
6722
6657
6629
6629
6520
6481
6369
6358
6288
6258
6182
5964
5879
5853
5832
5831
5810
5779
5762
5633
5622
5555
5547
5536
5449
5444
5437
5404
5403
5395
5346
5196
5147
5146
5107
5064
5050
5047
5002
4907
4883
4879
4814
4723
4693
4632
4618
4471
4457
4417
4362
4361
4361
4175
3917
3867
3784
3766
3721
3694
3674
3630
3559
3514
3479
3469
3331
3266
3214
3212
3200
3180
3016
2958
2899
2894
2878
2786
2764
2722
2688
2573
2536
2432
2338
2327
2224
2207
2147
2109
1975
1950
1928
1920
1909
1865
1851
1805
1777
1761
1733
1694
1664
1662
1657
1652
1650
1468
1407
1359
1325
1230
1219
1081
1064
1020
991
940
911
875
848
760
721
558
500
495
466
320
267
188
154
79
20
