99917
99912
99863
99824
99737
99628
99561
99550
99539
99518
99440
99289
99203
99155
98915
98865
98771
98763
98737
98702
98701
98655
98509
98457
98445
98409
98403
98381
98328
98262
98251
98218
98192
98190
98177
98140
98052
98027
97974
97833
97803
97653
97643
97581
97574
97562
97432
97432
97419
97246
97227
97219
97191
97158
97032
97026
96953
96948
96836
96803
96788
96787
96687
96618
96563
96559
96465
96426
96307
96243
96201
96201
96198
96182
96171
96164
96024
95983
95913
95900
95872
95809
95791
95758
95739
95730
95726
95672
95628
95517
95484
95384
95306
95298
95265
95178
95050
94969
94924
94830
94750
94675
94643
94589
94582
94418
94360
94353
94337
94273
94265
94234
94225
94206
94195
94192
94118
94097
94089
94004
93950
93907
93905
93889
93817
93679
93673
93655
93624
93618
93595
93570
93522
93492
93480
93464
93438
93426
93409
93346
93234
93196
93071
93025
92978
92940
92916
92868
92864
92818
92813
92659
92537
92533
92519
92489
92434
92431
92421
92330
92220
92209
92113
92103
91970
91953
91904
91875
91814
91763
91661
91641
91607
91593
91541
91498
91480
91436
91365
91293
91288
91277
91260
91102
91001
90976
90955
90953
90945
90910
90895
90863
90850
90800
90757
90724
90723
90654
90652
90649
90549
90506
90411
90403
90287
90283
90265
90257
90223
90136
90055
89937
89935
89875
89843
89797
89744
89698
89692
89687
89635
89581
89552
89474
89465
89427
89426
89393
89383
89341
89307
89197
89187
89025
89023
89015
89001
88933
88897
88697
88598
88504
88406
88404
88361
88309
88288
88250
88233
88220
88022
88015
88014
88009
87921
87840
87733
87714
87702
87697
87686
87641
87458
87399
87311
87248
87206
87188
87143
87111
87036
87035
87029
87026
87015
87014
86998
86993
86984
86969
86944
86901
86900
86757
86728
86725
86721
86710
86670
86554
86539
86424
86423
86376
86326
86304
86260
86219
86180
86136
86134
86120
86094
86075
86055
85989
85927
85912
85804
85746
85704
85651
85642
85545
85531
85465
85464
85456
85375
85250
85207
85064
85054
84891
84855
84848
84839
84821
84679
84518
84514
84514
84449
84436
84396
84383
84348
84307
84294
84275
84213
84196
84189
84172
84130
84100
84096
84085
84053
84028
84001
83954
83929
83928
83898
83827
83784
83725
83708
83698
83639
83568
83563
83283
83247
83195
83159
83137
83132
83057
82939
82840
82835
82809
82720
82703
82667
82570
82562
82561
82329
82254
82199
82010
81845
81779
81744
81721
81681
81677
81638
81625
81623
81578
81527
81469
81449
81361
81309
81297
81259
81256
81185
81171
81028
80852
80815
80805
80762
80759
80689
80654
80641
80539
80504
80504
80343
80313
80153
80153
80072
80016
79937
79933
79845
79804
79725
79650
79626
79511
79456
79445
79413
79397
79328
79246
79232
79228
79173
79142
79015
78982
78888
78824
78797
78785
78780
78735
78708
78690
78593
78577
78576
78559
78476
78469
78467
78404
78402
78397
78379
78334
78226
78219
78147
78128
78112
78100
78080
78035
77962
77870
77816
77754
77583
77577
77544
77524
77521
77507
77506
77387
77380
77343
77328
77228
77203
77171
77124
77059
77016
76996
76967
76948
76933
76846
76838
76718
76670
76609
76604
76579
76504
76433
76274
76196
76165
76133
76080
76053
75986
75955
75945
75944
75888
75806
75794
75780
75763
75760
75720
75692
75616
75556
75546
75526
75522
75469
75435
75433
75389
75349
75278
75250
75228
75180
75079
74991
74964
74912
74908
74893
74828
74823
74794
74787
74744
74675
74560
74530
74530
74526
74525
74483
74472
74435
74373
74331
74289
74235
74222
74216
74208
74087
73943
73940
73923
73873
73690
73640
73637
73580
73491
73480
73454
73451
73316
73305
73297
73256
73247
73230
73212
73203
73134
72947
72930
72920
72907
72892
72861
72777
72699
72570
72477
72344
72177
72086
72042
71941
71881
71881
71839
71804
71791
71765
71681
71677
71561
71522
71506
71456
71379
71349
71207
71195
71122
71034
71006
70816
70815
70804
70800
70753
70745
70731
70701
70628
70489
70483
70404
70387
70356
70341
70332
70329
70328
70271
70163
70137
70112
70101
70024
69982
69939
69933
69905
69742
69563
69556
69521
69494
69411
69410
69385
69243
69239
69230
69143
69043
69032
68981
68973
68911
68894
68872
68868
68795
68662
68646
68638
68485
68445
68417
68391
68372
68360
68331
68061
68013
68010
67856
67722
67573
67551
67543
67463
67368
67341
67311
67225
67181
67174
67157
67109
67095
67075
67056
66983
66911
66898
66894
66888
66864
66844
66840
66768
66694
66610
66558
66494
66401
66395
66353
66326
66261
66215
66175
66079
66031
65936
65924
65851
65775
65713
65629
65612
65586
65576
65532
65485
65468
65394
65385
65362
65206
64935
64916
64900
64894
64837
64823
64815
64771
64749
64736
64697
64637
64451
64439
64413
64401
64362
64342
64306
64248
64246
64200
64197
64104
64050
64048
63711
63690
63667
63621
63600
63576
63541
63496
63479
63424
63422
63407
63352
63322
63296
63274
63216
63200
63074
63017
62960
62890
62890
62872
62870
62835
62804
62604
62602
62513
62513
62507
62473
62404
62339
62315
62313
62259
62237
62227
62218
62208
62183
62168
62146
62129
62062
62049
62029
61969
61917
61827
61638
61635
61609
61567
61487
61430
61374
61346
61280
61280
61221
61187
61004
61000
60965
60958
60828
60821
60763
60687
60654
60638
60615
60609
60596
60544
60488
60387
60384
60285
60213
60117
60037
59857
59789
59714
59669
59663
59567
59516
59393
59353
59322
59276
59258
59245
59234
59204
59171
59166
59061
59034
59015
58987
58839
58765
58676
58665
58567
58485
58425
58351
58296
58249
58236
58198
58179
58128
57936
57912
57902
57892
57862
57861
57813
57792
57779
57770
57770
57617
57613
57568
57549
57522
57312
57249
57219
57069
57037
57000
56960
56870
56813
56731
56535
56526
56446
56437
56412
56355
56318
56306
56267
56246
56188
56100
56004
55881
55850
55822
55777
55766
55751
55612
55594
55593
55565
55556
55427
55363
55103
55102
55080
55046
55008
55007
54923
54897
54798
54788
54642
54602
54568
54528
54527
54245
54174
54167
54142
54111
54095
54049
54048
53973
53881
53805
53753
53724
53709
53672
53666
53658
53655
53647
53577
53575
53569
53531
53456
53439
53374
53052
53017
52991
52975
52943
52934
52912
52894
52889
52852
52813
52813
52713
52649
52446
52444
52378
52316
52255
52219
52041
52021
52006
51882
51755
51754
51703
51698
51617
51614
51592
51581
51580
51546
51411
51379
51094
51078
51035
50954
50936
50854
50846
50718
50678
50629
50577
50563
50551
50493
50387
50378
50326
50241
50197
50173
50114
50064
50035
49871
49853
49848
49795
49743
49742
49726
49652
49531
49510
49496
49401
49379
49300
49266
49222
49214
49203
49116
49080
49027
48986
48972
48933
48916
48893
48871
48711
48702
48578
48567
48479
48470
48384
48284
48160
48144
48048
48031
47993
47876
47868
47758
47738
47672
47632
47583
47576
47512
47500
47450
47337
47263
47223
47134
47106
47085
47069
47037
46946
46890
46758
46717
46653
46528
46458
46456
46398
46313
46306
46272
46261
46240
46225
46201
46126
46125
46036
45990
45970
45970
45943
45909
45899
45884
45826
45809
45652
45618
45614
45603
45523
45490
45429
45428
45396
45313
45224
45194
45118
45103
44901
44887
44883
44802
44652
44588
44494
44468
44387
44366
44355
44209
44206
44156
44127
44054
44037
44033
43993
43970
43967
43806
43736
43723
43608
43573
43553
43515
43497
43173
43135
43108
43058
42945
42908
42741
42693
42691
42553
42478
42445
42431
42341
42301
42252
42247
42170
42075
42063
42016
42011
41976
41946
41919
41854
41788
41788
41783
41734
41708
41678
41600
41510
41501
41408
41380
41231
41196
41190
41138
41135
40994
40822
40702
40690
40650
40629
40605
40565
40550
40540
40535
40530
40527
40476
40414
40297
40237
40226
39979
39907
39899
39890
39888
39878
39773
39766
39757
39740
39684
39676
39652
39606
39592
39576
39568
39549
39536
39496
39477
39448
39405
39389
39342
39255
39130
39075
39058
39016
38982
38955
38714
38663
38597
38478
38410
38354
38326
38271
38259
38189
38146
38130
38124
38114
38107
38040
37994
37966
37829
37823
37788
37756
37671
37587
37528
37222
37182
37171
37115
36963
36931
36904
36870
36813
36793
36681
36659
36657
36627
36593
36591
36502
36458
36385
36259
36223
36182
36176
36124
36043
36007
35978
35945
35745
35680
35647
35551
35551
35494
35475
35443
35335
35332
35328
35098
35067
35027
34880
34868
34834
34811
34583
34553
34530
34476
34427
34276
34261
34245
34212
34199
34091
34001
33963
33876
33876
33848
33846
33818
33813
33804
33756
33676
33657
33544
33523
33486
33479
33475
33399
33394
33081
33058
32906
32906
32797
32750
32653
32644
32609
32535
32404
32313
32279
32217
32201
32187
32157
32155
32035
31885
31761
31753
31742
31653
31652
31633
31547
31535
31494
31469
31428
31236
31198
31170
31154
31153
31073
31065
30949
30911
30853
30813
30792
30614
30416
30415
30367
30299
30293
30292
30153
29993
29932
29800
29788
29598
29420
29408
29270
29264
29182
29181
29179
28820
28703
28538
28513
28380
28375
28088
28084
28070
28032
28018
27949
27889
27795
27787
27764
27593
27575
27425
27339
27334
27322
27261
27181
27117
27077
27043
27018
27002
26999
26994
26968
26943
26902
26886
26873
26804
26755
26752
26730
26701
26520
26520
26413
26404
26319
26318
26288
26264
26264
26067
26056
25992
25959
25956
25935
25885
25786
25677
25601
25592
25587
25508
25417
25405
25298
25203
25152
25118
25014
24985
24941
24884
24868
24739
24714
24651
24638
24631
24432
24362
24301
24293
24210
24208
24139
24128
23859
23850
23819
23812
23785
23620
23561
23538
23302
23257
23176
23163
23107
23074
22897
22874
22827
22817
22582
22537
22520
22458
22299
22292
22279
22224
22222
22148
22100
22045
22043
22012
22009
21943
21855
21841
21796
21778
21650
21558
21527
21520
21502
21441
21402
21391
21363
21351
21306
21187
21166
21041
21027
20935
20896
20886
20873
20796
20728
20677
20618
20617
20565
20542
20314
20310
20282
20082
20029
19999
19949
19871
19850
19821
19801
19770
19700
19680
19614
19597
19584
19581
19559
19501
19352
19266
19234
19207
19157
19135
19134
19094
18944
18938
18929
18853
18832
18817
18807
18683
18616
18542
18512
18511
18508
18461
18454
18368
18318
18236
18191
18188
18161
18153
18095
18088
18039
17922
17909
17835
17782
17776
17771
17739
17642
17612
17506
17499
17468
17292
17234
17205
17169
17160
17084
16998
16930
16912
16910
16894
16793
16709
16588
16548
16535
16513
16466
16418
16377
16281
16280
16271
16120
16090
16010
15982
15977
15929
15902
15843
15832
15802
15785
15775
15774
15768
15736
15636
15632
15594
15580
15571
15551
15511
15507
15463
15382
15340
15303
15205
15050
15028
14951
14836
14721
14653
14567
14507
14403
14393
14223
14138
14070
14069
14023
14006
14003
13868
13831
13826
13779
13754
13727
13701
13678
13649
13587
13521
13509
13397
13152
13099
13091
13032
13009
13007
13006
12924
12898
12784
12755
12748
12698
12664
12641
12626
12568
12564
12522
12440
12402
12326
12251
12244
12206
12170
12036
12023
12009
11977
11966
11957
11897
11890
11879
11778
11756
11753
11619
11586
11540
11540
11483
11482
11467
11231
11180
11097
11028
11010
10959
10933
10867
10862
10769
10588
10560
10538
10516
10462
10397
10361
10330
10287
10137
10130
10087
10075
10032
9894
9868
9840
9760
9660
9640
9629
9583
9556
9554
9510
9453
9439
9410
9401
9296
9272
9271
9194
9182
9181
9170
9067
8977
8904
8870
8848
8796
8766
8624
8613
8565
8518
8490
8449
8357
8309
8277
8260
8236
8180
8113
8110
8068
8028
8015
7996
7975
7971
7965
7964
7941
7904
7827
7825
7815
7784
7607
7590
7551
7526
7519
7483
7466
7431
7372
7323
7195
7163
7130
7123
7105
7052
7008
6878
6819
6747
6709
6703
6669
6655
6593
6589
6582
6517
6494
6471
6470
6350
6106
6097
6074
5969
5773
5736
5714
5661
5586
5509
5475
5191
5139
5064
4906
4905
4893
4800
4688
4679
4667
4583
4513
4506
4448
4425
4296
4292
4244
4233
4181
4169
4093
4080
4055
4054
4018
3922
3910
3829
3769
3740
3659
3592
3534
3487
3430
3392
3369
3349
3260
3203
3101
3093
3039
3026
2987
2858
2852
2822
2763
2686
2661
2653
2611
2560
2532
2526
2518
2503
2434
2372
2355
2278
2259
2258
2228
2135
2133
2123
2080
2076
2071
2043
1971
1968
1968
1956
1948
1926
1885
1842
1807
1771
1721
1713
1635
1599
1257
1008
1002
955
949
867
844
814
805
798
716
622
610
586
509
506
504
465
432
360
319
265
254
230
211
208
53
