99971
99938
99879
99852
99552
99510
99508
99507
99484
99483
99436
99427
99389
99268
99265
99238
99198
99182
99180
99033
98851
98850
98822
98816
98697
98660
98446
98382
98379
98356
98156
97994
97885
97884
97871
97841
97804
97766
97637
97633
97572
97493
97458
97426
97395
97333
97316
97297
97292
97221
97179
97084
96940
96854
96764
96750
96707
96694
96693
96656
96582
96538
96487
96476
96362
96277
96267
96251
96202
96198
96076
96051
96010
95995
95958
95738
95732
95673
95635
95489
95482
95467
95439
95417
95408
95322
95242
95126
95033
94960
94922
94800
94786
94746
94698
94650
94640
94634
94631
94520
94424
94400
94352
94303
94286
94277
94124
94070
93969
93845
93815
93806
93720
93713
93691
93658
93629
93587
93567
93536
93527
93453
93381
93365
93240
93192
93157
93151
93035
92933
92877
92863
92838
92831
92768
92768
92662
92614
92614
92596
92592
92571
92508
92487
92485
92416
92256
92229
92211
92072
92054
92036
91982
91849
91821
91719
91709
91680
91645
91639
91521
91453
91432
91424
91366
91349
91279
91212
91159
91117
90963
90961
90883
90856
90834
90742
90739
90700
90671
90624
90404
90403
90398
90274
90180
90143
90128
90027
90008
89852
89657
89639
89617
89608
89606
89566
89549
89424
89384
89342
89263
89197
89151
89107
89011
88980
88976
88898
88889
88793
88741
88728
88723
88625
88623
88603
88593
88482
88458
88451
88431
88404
88400
88382
88308
88296
88238
88213
88168
88065
88043
87970
87968
87831
87799
87774
87733
87621
87507
87489
87398
87361
87360
87313
87221
87165
87140
87139
87064
86995
86884
86853
86804
86677
86663
86574
86390
86324
86182
86065
85930
85930
85832
85798
85748
85722
85638
85636
85577
85539
85428
85313
85203
85123
85104
85092
85054
84907
84880
84766
84693
84597
84450
84368
84296
84269
84162
84133
84017
84017
83974
83964
83807
83742
83712
83590
83579
83387
83375
83237
83226
83162
83078
83064
82987
82972
82916
82910
82906
82845
82745
82693
82610
82580
82468
82466
82459
82281
82204
82202
82180
82056
81839
81826
81795
81772
81767
81713
81713
81632
81587
81566
81527
81465
81420
81376
81364
81296
81246
81226
81055
81004
80955
80920
80849
80845
80796
80778
80757
80596
80585
80390
80363
80305
80293
80264
80165
80134
80067
80066
79991
79981
79879
79802
79754
79713
79708
79699
79694
79686
79684
79682
79669
79621
79544
79525
79473
79279
79237
79214
79189
79165
79144
79131
79111
79015
78804
78743
78739
78690
78674
78636
78556
78510
78438
78419
78416
78394
78317
78317
78286
78188
78080
78022
78009
77964
77957
77944
77906
77881
77854
77844
77783
77741
77673
77624
77580
77477
77463
77452
77436
77403
77335
77318
77289
77203
77201
77127
77111
77080
77038
76964
76930
76771
76759
76578
76522
76503
76498
76423
76395
76371
76332
76294
76261
76193
76160
76133
76122
76115
76097
76048
76005
75974
75961
75924
75859
75798
75757
75722
75660
75631
75629
75620
75593
75525
75498
75489
75484
75481
75461
75397
75366
75339
75259
75175
75113
75077
75048
74997
74945
74886
74857
74850
74784
74765
74749
74733
74728
74721
74699
74674
74577
74546
74513
74466
74437
74322
74320
74232
74229
74036
74027
73899
73878
73869
73810
73714
73600
73541
73434
73421
73308
73300
73262
73171
73094
73079
73060
73008
72983
72980
72970
72953
72928
72856
72689
72681
72658
72609
72503
72494
72467
72458
72433
72375
72310
72301
72245
72208
72138
72133
71971
71958
71932
71823
71773
71714
71639
71516
71454
71425
71369
71303
71287
71264
71170
71110
71098
71087
71074
71054
71051
71029
71014
70985
70955
70916
70878
70874
70851
70820
70686
70651
70593
70580
70570
70538
70410
70408
70389
70343
70299
70208
70082
70076
70073
69967
69850
69835
69768
69753
69720
69687
69664
69657
69610
69501
69421
69420
69387
69368
69360
69320
69165
69154
69042
69003
68773
68638
68601
68600
68581
68570
68559
68548
68508
68482
68466
68461
68243
68136
68042
67996
67969
67914
67894
67876
67742
67606
67531
67492
67483
67397
67397
67346
67335
67320
67264
67262
67259
67123
67101
67092
67006
66990
66980
66781
66774
66680
66658
66550
66488
66485
66463
66461
66421
66415
66377
66320
66296
66235
66143
66109
66101
65934
65911
65809
65757
65713
65672
65584
65576
65521
65378
65346
65335
65332
65318
65315
65312
65302
65243
65232
65157
64981
64919
64841
64786
64678
64665
64662
64649
64608
64491
64468
64315
64282
64196
64145
64101
63983
63982
63976
63968
63955
63951
63863
63840
63791
63687
63667
63586
63544
63474
63456
63366
63356
63316
63310
63300
63215
63196
63194
63188
63161
63125
63072
63035
63028
62925
62901
62900
62893
62891
62797
62759
62680
62657
62654
62620
62613
62604
62586
62579
62559
62550
62492
62483
62478
62456
62432
62431
62297
62293
62285
62194
62127
62102
62044
62044
61959
61928
61889
61859
61810
61791
61791
61785
61779
61722
61628
61552
61440
61317
61280
61276
61252
61176
61132
61090
61055
60899
60768
60753
60741
60654
60543
60473
60452
60401
60291
60290
60227
60136
60033
60016
60007
59987
59960
59909
59877
59758
59741
59738
59735
59671
59642
59583
59574
59400
59329
59311
59291
59255
59205
59190
59180
58930
58843
58750
58666
58620
58527
58417
58378
58373
58366
58302
58258
58239
58182
58179
58139
58125
58125
58104
58022
57988
57986
57958
57945
57912
57807
57758
57756
57635
57600
57597
57430
57348
57310
57306
57277
57245
57215
57172
57155
57017
56994
56986
56834
56764
56751
56746
56617
56581
56393
56021
55987
55979
55938
55882
55808
55786
55778
55738
55704
55480
55471
55424
55406
55401
55332
55276
55261
55241
55228
55186
55184
55166
55136
55037
55017
54688
54679
54623
54593
54546
54533
54521
54456
54453
54448
54392
54354
54318
54219
54137
54128
54037
54000
53874
53759
53748
53727
53498
53463
53413
53398
53338
53321
53139
53126
53022
53003
52905
52894
52843
52807
52767
52739
52737
52721
52647
52566
52544
52497
52437
52406
52371
52230
52189
52115
52053
51982
51947
51935
51915
51842
51841
51819
51729
51726
51717
51676
51615
51577
51572
51552
51517
51331
51331
51322
51322
51313
51096
51073
51066
51014
50911
50910
50908
50744
50721
50692
50667
50629
50597
50541
50522
50489
50438
50364
50357
50309
50250
50159
50070
50062
50054
50003
49962
49908
49903
49897
49844
49784
49741
49578
49518
49509
49509
49503
49494
49425
49409
49261
49227
49219
49216
49211
49186
49057
49050
48864
48861
48855
48844
48791
48695
48686
48642
48616
48611
48504
48499
48431
48424
48417
48407
48384
48257
48201
48130
48017
47964
47927
47925
47909
47877
47872
47810
47753
47719
47620
47511
47501
47450
47444
47435
47333
47263
47230
47139
47095
47076
47046
47026
47017
47005
46943
46942
46884
46867
46844
46733
46722
46687
46502
46494
46442
46410
46386
46280
46268
46188
46188
46169
46151
46111
46087
46047
45981
45948
45877
45815
45735
45672
45627
45594
45531
45508
45429
45397
45327
45284
45244
45220
45210
45137
45017
44949
44891
44863
44822
44816
44806
44803
44765
44748
44677
44552
44412
44400
44369
44309
44294
44266
44107
44092
44049
44036
44014
43934
43847
43740
43677
43662
43652
43593
43524
43441
43430
43392
43354
43350
43334
43318
43304
43231
43198
43193
43164
43130
43082
43001
42942
42936
42870
42866
42842
42841
42741
42594
42589
42546
42545
42515
42472
42469
42450
42404
42385
42333
42295
42260
42210
42158
42109
42107
42088
42088
42064
42019
41934
41817
41720
41645
41644
41618
41589
41546
41534
41481
41448
41407
41314
41296
41197
41191
41145
41083
41046
41014
40996
40968
40925
40911
40899
40862
40762
40742
40591
40561
40518
40453
40429
40323
40183
40176
40063
40010
40007
39824
39791
39759
39692
39619
39591
39581
39548
39500
39441
39217
39161
39153
39064
39024
38929
38922
38862
38814
38728
38702
38655
38644
38550
38483
38444
38437
38341
38326
38321
38271
38216
38177
38111
37907
37654
37508
37473
37431
37421
37408
37378
37335
37296
37284
37228
37205
37171
37152
37127
36923
36888
36855
36694
36661
36627
36596
36580
36522
36492
36410
36392
36380
36354
36315
36267
36232
36175
36002
35827
35766
35705
35677
35638
35617
35522
35499
35484
35439
35429
35385
35379
35364
35300
35285
35266
35224
35164
35162
35144
35105
35103
35036
35003
34654
34585
34518
34463
34416
34340
34263
34252
34197
34197
34126
34102
34065
34044
34031
34014
33906
33836
33835
33829
33801
33790
33781
33763
33724
33651
33524
33500
33492
33483
33394
33321
33174
33089
33039
32999
32862
32709
32645
32561
32540
32476
32410
32396
32360
32340
32325
32252
32215
32138
32075
32047
31999
31990
31961
31859
31714
31505
31442
31421
31330
31317
31311
31257
31214
31168
31116
31088
31022
31021
30990
30818
30810
30776
30773
30691
30660
30652
30629
30565
30448
30330
30295
30195
30189
30180
30082
30065
30057
30052
30044
29998
29877
29868
29842
29811
29769
29643
29530
29504
29501
29450
29406
29371
29353
29334
29275
29090
29032
29020
28959
28941
28917
28901
28893
28835
28789
28766
28665
28474
28460
28435
28387
28323
28304
28136
28081
28079
28035
27975
27941
27919
27895
27786
27766
27719
27695
27636
27634
27504
27486
27448
27369
27236
27208
27133
27124
27111
27101
27094
27082
27029
26986
26941
26913
26870
26850
26820
26760
26754
26695
26687
26642
26620
26615
26593
26564
26445
26443
26344
26261
26249
26084
26075
26063
25959
25846
25739
25501
25463
25460
25403
25366
25350
25302
25082
25062
25059
24967
24951
24921
24887
24840
24807
24787
24661
24617
24616
24474
24406
24389
24365
24341
24323
24285
24273
24256
24187
24183
24117
24101
24096
24014
23895
23799
23776
23605
23587
23530
23487
23441
23337
23276
23191
23177
23021
23021
22980
22910
22814
22787
22727
22722
22716
22691
22647
22538
22471
22466
22460
22419
22376
22156
22136
22094
22090
21997
21928
21803
21719
21660
21639
21624
21474
21378
21354
21250
21208
21137
20956
20928
20893
20870
20821
20816
20792
20766
20732
20722
20665
20590
20425
20422
20417
20386
20377
20368
20343
20331
20326
20204
20204
20186
20128
20118
20099
20008
19989
19976
19837
19749
19718
19556
19502
19476
19446
19389
19370
19364
19352
19339
19330
19314
19256
19162
19155
19003
18965
18948
18921
18886
18805
18804
18797
18718
18686
18620
18610
18555
18444
18439
18370
18367
18316
18180
18128
18029
18027
18003
17962
17953
17951
17923
17911
17859
17819
17814
17781
17772
17753
17740
17690
17574
17521
17441
17310
17296
17280
17188
17143
17081
16896
16893
16880
16871
16865
16845
16802
16755
16744
16611
16593
16565
16530
16435
16411
16404
16333
16281
16262
16173
16154
16153
16135
16120
16116
15979
15936
15868
15708
15609
15568
15539
15503
15495
15479
15463
15321
15271
15263
15261
15230
15190
15174
15114
15110
14956
14952
14928
14853
14774
14733
14682
14666
14641
14586
14571
14521
14446
14428
14212
14189
14120
14100
14081
14066
14017
13895
13835
13811
13680
13678
13639
13475
13437
13381
13341
13287
13154
12972
12962
12894
12834
12726
12704
12660
12657
12656
12582
12532
12505
12476
12468
12407
12403
12327
12327
12313
12283
12277
12248
12159
12138
12101
11988
11929
11924
11904
11803
11802
11732
11667
11610
11455
11244
11217
11214
11198
11194
11153
11139
11091
11082
11070
11029
10976
10941
10937
10933
10882
10843
10808
10776
10716
10694
10685
10626
10584
10580
10444
10426
10407
10300
10277
10274
10221
10050
10035
9997
9840
9807
9669
9634
9547
9485
9446
9437
9417
9343
9179
9174
9051
9007
8965
8934
8906
8819
8742
8733
8598
8560
8418
8374
8193
8115
8105
8090
8056
7921
7668
7648
7635
7606
7587
7587
7541
7316
7316
7224
7122
7093
7079
7028
7023
7022
6914
6901
6852
6849
6691
6670
6585
6508
6426
6419
6327
6243
6207
6186
6118
6090
6053
6041
5977
5948
5889
5681
5606
5582
5544
5448
5404
5395
5297
5145
5055
5047
5016
4999
4991
4969
4955
4894
4863
4855
4809
4798
4778
4605
4583
4554
4488
4259
4253
4185
4184
4183
4122
4106
4071
4042
4021
4008
3990
3960
3943
3837
3796
3751
3725
3699
3643
3529
3473
3411
3367
3363
3272
3271
3184
3149
3103
3022
2984
2961
2949
2848
2789
2744
2728
2674
2670
2641
2641
2571
2553
2534
2437
2423
2298
2286
2258
2249
2158
2152
2071
2067
2014
2003
2000
1998
1955
1924
1916
1910
1835
1748
1662
1653
1534
1520
1515
1483
1426
1395
1373
1360
1351
1187
1087
1077
1048
1011
989
870
800
799
722
721
659
633
607
579
519
439
235
161
146
72
56
37
15
