99826
99807
99709
99691
99613
99598
99563
99446
99426
99314
99301
99285
99271
99196
99124
99109
99079
99072
98983
98884
98866
98824
98758
98738
98538
98475
98427
98404
98386
98380
98311
98203
98200
98182
98152
97987
97982
97949
97928
97911
97882
97838
97784
97773
97684
97626
97587
97585
97517
97403
97356
97334
97253
97243
97167
97153
97044
96968
96923
96893
96843
96794
96750
96735
96526
96514
96321
96249
96122
96099
96018
95853
95850
95632
95539
95538
95353
95330
95325
95172
95143
95137
95113
94923
94919
94905
94897
94873
94872
94863
94838
94837
94799
94684
94595
94537
94479
94414
94324
94244
94232
94200
94182
94165
94155
94075
94068
94001
93973
93942
93882
93815
93726
93723
93657
93579
93532
93455
93449
93320
93310
93280
93279
93178
93103
93084
93047
92988
92891
92886
92883
92796
92769
92742
92652
92608
92574
92480
92442
92437
92433
92408
92356
92212
92203
92201
92155
92149
92139
92126
92069
92022
91926
91922
91908
91902
91889
91878
91862
91751
91744
91668
91619
91441
91343
91339
91266
91162
91145
91092
91079
91075
91045
90947
90881
90840
90830
90825
90742
90702
90625
90595
90591
90527
90458
90398
90371
90324
90310
90264
90134
90104
89946
89905
89899
89860
89839
89768
89682
89676
89635
89560
89497
89485
89443
89375
89325
89296
89261
89229
89149
89094
89076
89072
89063
89062
89047
89034
89014
88996
88981
88918
88887
88875
88836
88764
88763
88614
88503
88498
88473
88150
87981
87944
87866
87857
87832
87821
87793
87749
87720
87629
87628
87602
87567
87563
87560
87515
87513
87409
87392
87369
87315
87304
87187
87160
87000
86979
86973
86929
86877
86822
86812
86764
86693
86645
86603
86597
86592
86585
86559
86528
86380
86355
86347
86303
86204
86075
86046
85986
85950
85940
85797
85752
85745
85629
85612
85533
85462
85447
85418
85367
85220
85195
85180
85150
85072
85062
84954
84937
84879
84852
84843
84812
84806
84791
84777
84777
84759
84589
84485
84457
84392
84350
84339
84333
84333
84319
84315
84280
84262
84217
84171
84135
84135
84027
84002
83984
83972
83934
83922
83885
83880
83816
83746
83737
83696
83594
83570
83564
83524
83498
83456
83369
83354
83353
83293
83286
83261
83204
83175
83043
83037
82977
82854
82840
82761
82753
82732
82609
82601
82597
82520
82514
82485
82357
82287
82260
82234
82215
82203
82190
82174
82158
82110
82095
82086
82070
82047
82027
81973
81950
81937
81913
81886
81864
81856
81726
81630
81623
81617
81577
81564
81559
81458
81430
81351
81330
81320
81295
81294
81254
81209
81142
81093
81068
80969
80956
80887
80879
80689
80644
80521
80433
80410
80406
80404
80337
80296
80247
80232
80186
80121
80080
80065
80027
79992
79939
79851
79806
79699
79663
79660
79642
79634
79603
79580
79554
79473
79407
79378
79308
79297
79252
79203
79061
79052
79018
78905
78709
78684
78673
78662
78590
78421
78379
78378
78333
78319
78292
78221
78213
78084
77961
77922
77913
77759
77750
77705
77702
77702
77660
77647
77562
77519
77498
77453
77424
77356
77295
77293
77255
77141
77129
77116
77098
77055
77037
76970
76961
76960
76943
76883
76856
76804
76725
76688
76549
76544
76444
76347
76153
76149
76065
76064
75969
75914
75899
75830
75785
75681
75677
75677
75604
75588
75561
75555
75550
75550
75418
75400
75279
75102
75073
75071
75070
74929
74897
74788
74784
74770
74744
74726
74715
74666
74650
74623
74568
74562
74554
74520
74489
74475
74466
74446
74405
74342
74339
74328
74325
74288
74267
74247
74205
74104
74085
74080
73982
73976
73953
73943
73935
73756
73735
73658
73652
73644
73547
73534
73515
73509
73453
73448
73419
73369
73261
73206
73182
73149
73034
72972
72953
72905
72901
72748
72479
72451
72431
72359
72353
72317
72302
72231
72212
72151
72148
72120
72097
72035
71994
71861
71795
71577
71577
71564
71558
71492
71467
71340
71304
71303
71278
71271
71245
71199
71142
71138
71047
71047
70959
70954
70928
70886
70838
70829
70752
70718
70651
70531
70434
70398
70339
70319
70212
70175
70074
70000
69988
69967
69873
69716
69687
69674
69623
69578
69568
69533
69524
69518
69420
69356
69311
69273
69244
69242
69220
69198
69188
69142
69112
69056
69045
69035
68979
68965
68911
68862
68832
68809
68662
68630
68619
68602
68564
68470
68459
68380
68347
68311
68303
68236
68062
68062
68054
68005
67922
67885
67840
67802
67796
67773
67763
67677
67635
67602
67554
67451
67440
67424
67347
67309
67298
67294
67276
67256
67251
67135
67110
67110
67107
67078
67056
66969
66936
66908
66905
66819
66711
66664
66438
66430
66414
66366
66322
66257
66228
66148
66142
66099
65948
65945
65939
65920
65915
65879
65807
65804
65785
65710
65560
65536
65495
65494
65488
65383
65351
65245
65132
65100
65089
65042
65032
64996
64901
64860
64732
64674
64594
64588
64585
64490
64470
64446
64395
64378
64361
64340
64335
64323
64098
64076
64047
64033
64006
64004
63949
63894
63873
63866
63863
63824
63795
63670
63647
63630
63543
63372
63361
63325
63234
63200
63197
63095
63055
63045
63045
63042
63042
63041
63002
62926
62914
62758
62704
62633
62546
62515
62415
62396
62334
62277
62217
62121
62113
62080
62044
62036
61925
61751
61748
61467
61430
61409
61407
61322
61232
61144
61087
61084
61060
60950
60878
60870
60820
60739
60728
60712
60707
60694
60685
60594
60576
60535
60488
60472
60362
60308
60308
60295
60243
60184
60182
60129
60066
60057
59934
59922
59883
59881
59845
59754
59749
59713
59694
59579
59487
59471
59447
59444
59439
59375
59267
59213
59194
59141
59123
59090
59043
58991
58975
58958
58931
58918
58903
58894
58867
58859
58809
58796
58738
58738
58671
58555
58418
58391
58298
58297
58287
58234
58233
58124
58080
58067
57929
57841
57711
57685
57630
57529
57509
57431
57424
57414
57391
57373
57294
57240
57210
57181
57104
57069
57055
57029
56991
56968
56916
56875
56831
56749
56591
56568
56511
56428
56361
56266
56203
56194
56166
56155
56035
56027
55971
55929
55832
55692
55686
55661
55625
55585
55539
55512
55404
55378
55365
55299
55176
55157
55027
54916
54886
54800
54761
54739
54734
54579
54376
54278
54267
54169
54084
54080
53945
53915
53839
53799
53743
53690
53556
53531
53394
53387
53385
53368
53273
52998
52894
52891
52805
52661
52648
52580
52488
52476
52452
52295
52285
52282
52218
52164
52088
52087
52057
52009
51932
51926
51922
51900
51849
51796
51757
51729
51708
51583
51388
51379
51336
51304
51163
51133
51023
50996
50946
50945
50893
50810
50796
50742
50738
50696
50622
50618
50595
50538
50526
50427
50385
50379
50345
50268
50228
50224
50182
50131
50024
49992
49870
49743
49700
49691
49691
49680
49653
49590
49476
49428
49423
49357
49242
49194
49187
49110
49102
49029
48963
48818
48812
48773
48654
48642
48508
48503
48481
48433
48430
48298
48226
48129
48034
48033
48008
48003
47974
47969
47961
47939
47890
47883
47869
47714
47598
47522
47473
47453
47265
47191
47155
47045
47010
46929
46875
46829
46771
46685
46602
46218
46049
46040
46017
45993
45967
45953
45779
45776
45760
45686
45672
45654
45652
45634
45610
45594
45588
45563
45384
45348
45223
45145
45100
45090
44996
44996
44988
44980
44794
44757
44659
44598
44580
44548
44379
44303
44149
44025
43903
43804
43739
43701
43691
43669
43545
43502
43416
43410
43356
43321
43298
43239
43187
43166
43112
43062
42960
42921
42907
42732
42712
42707
42655
42529
42517
42472
42465
42422
42407
42380
42360
42262
42229
42228
42226
42145
42115
42079
42036
41986
41949
41946
41879
41833
41682
41666
41501
41450
41421
41355
41288
41206
41177
41174
41140
41114
41109
41051
40996
40931
40899
40860
40748
40746
40727
40703
40659
40598
40553
40528
40509
40417
40318
40290
40177
40113
40067
40029
39934
39875
39787
39717
39696
39680
39668
39560
39558
39472
39372
39367
39267
39260
39221
39053
39020
38949
38948
38873
38862
38776
38607
38522
38456
38428
38398
38398
38387
38289
38139
38127
38113
38048
38036
37980
37967
37926
37925
37894
37813
37729
37690
37661
37564
37551
37546
37522
37503
37493
37488
37478
37453
37409
37379
37325
37293
37187
37151
37032
36993
36971
36947
36943
36931
36677
36659
36623
36622
36622
36600
36562
36494
36436
36291
36086
36074
36067
36042
36034
35926
35890
35868
35862
35736
35720
35693
35620
35593
35585
35563
35484
35462
35378
35366
35345
35326
35211
35196
35101
35085
35078
34933
34913
34799
34770
34728
34722
34664
34660
34620
34530
34434
34359
34291
34287
34263
34250
34196
34125
34092
34075
34039
33926
33913
33817
33768
33702
33627
33597
33530
33443
33405
33397
33382
33329
33310
33276
33267
33263
33229
33105
33077
33072
33044
32949
32946
32859
32838
32748
32639
32544
32509
32437
32267
32087
32083
32029
31994
31879
31865
31809
31804
31759
31740
31681
31603
31591
31570
31551
31546
31540
31523
31518
31513
31468
31454
31404
31401
31353
31296
31126
31095
31029
30940
30845
30805
30549
30528
30465
30382
30268
30094
29998
29949
29831
29757
29752
29688
29608
29398
29392
29382
29367
29305
29249
29232
29177
28978
28922
28848
28829
28803
28772
28764
28691
28683
28673
28552
28534
28506
28289
28282
28230
28175
28135
28124
28119
28088
28016
27999
27897
27775
27759
27756
27716
27689
27616
27570
27546
27498
27479
27456
27206
27197
27177
27091
27016
26965
26963
26962
26897
26796
26777
26635
26569
26504
26452
26401
26298
26200
26084
26060
26057
26053
26004
25923
25901
25895
25892
25877
25821
25739
25700
25661
25624
25617
25510
25452
25449
25441
25405
25383
25367
25361
25335
25146
25098
25075
25068
25031
24924
24815
24733
24659
24657
24637
24613
24564
24545
24537
24512
24497
24445
24442
24309
24297
24222
24155
24048
23988
23898
23889
23869
23867
23837
23763
23706
23553
23552
23500
23499
23489
23439
23429
23387
23344
23226
23123
23109
23067
23007
22879
22827
22643
22633
22500
22461
22420
22371
22302
22272
22203
22042
22027
21795
21757
21751
21742
21683
21606
21471
21443
21409
21384
21369
21360
21354
21328
21268
21201
21149
21130
21046
21014
21000
20933
20891
20778
20774
20720
20638
20626
20611
20595
20573
20570
20541
20447
20436
20436
20346
20336
20334
20281
20175
20017
20004
19901
19777
19703
19669
19544
19504
19497
19481
19435
19400
19343
19320
19306
19273
19187
19161
19139
19037
19019
19002
18949
18868
18853
18849
18812
18750
18691
18669
18525
18488
18470
18412
18411
18400
18344
18301
18291
18190
18155
18137
18128
18080
18065
18042
17951
17832
17831
17704
17701
17561
17433
17407
17287
17275
17268
17240
17229
17106
17103
17078
17073
17052
17049
16962
16928
16856
16824
16816
16814
16697
16643
16518
16517
16399
16274
16210
16077
16029
16018
16002
15946
15937
15910
15908
15770
15601
15585
15514
15408
15406
15338
15329
15320
15308
15295
15289
15179
15164
15162
15117
15018
15011
14973
14903
14795
14769
14763
14728
14717
14701
14692
14677
14664
14638
14628
14526
14486
14365
14347
14339
14294
14226
14198
14171
14097
14003
13906
13898
13819
13814
13697
13678
13660
13651
13626
13593
13434
13421
13376
13360
13327
13197
13179
13176
13144
12949
12927
12882
12812
12785
12774
12521
12477
12453
12452
12398
12241
12223
12103
12063
11830
11746
11678
11640
11569
11501
11468
11464
11316
11307
11297
11284
11274
11262
11252
11065
11046
11046
10934
10929
10911
10879
10814
10790
10766
10760
10628
10558
10511
10451
10252
10233
10166
10091
9960
9830
9823
9788
9720
9693
9659
9644
9593
9585
9415
9376
9327
9311
9251
9219
9209
9199
9133
8958
8872
8723
8710
8704
8704
8687
8578
8470
8447
8328
8309
8271
8247
8143
8113
8070
8007
8005
7998
7982
7972
7902
7788
7659
7616
7604
7583
7549
7533
7524
7510
7508
7352
7302
7170
7130
7089
7048
6900
6819
6782
6720
6717
6712
6691
6616
6615
6503
6350
6290
6163
6153
6136
6082
5983
5976
5929
5852
5835
5822
5615
5301
5291
5264
5138
5049
4990
4957
4804
4584
4561
4540
4425
4376
4339
4314
4256
4198
4173
4115
4054
4052
3997
3978
3965
3781
3762
3644
3643
3526
3477
3455
3415
3392
3390
3255
3245
3188
3129
3096
2985
2952
2790
2712
2682
2664
2624
2611
2592
2533
2523
2456
2448
2377
2375
2350
2329
2297
2274
2273
2267
2265
2166
2142
2123
2086
2001
1978
1968
1940
1933
1887
1883
1870
1739
1692
1668
1616
1610
1587
1517
1477
1472
1287
1233
1212
1196
1183
1156
1122
1116
1075
968
931
889
886
873
853
821
812
784
783
746
675
658
543
472
332
325
262
129
107
52
51
36
