99838
99692
99692
99682
99638
99584
99466
99451
99444
99444
99399
99247
99228
99200
99132
99055
99029
98970
98962
98956
98919
98912
98876
98852
98846
98816
98715
98651
98557
98553
98546
98450
98446
98434
98415
98322
98250
98188
98148
98000
97999
97940
97899
97820
97746
97740
97704
97666
97639
97599
97525
97500
97395
97362
97251
97226
97216
97170
97165
97117
97047
96909
96906
96800
96781
96775
96755
96744
96642
96638
96622
96619
96593
96584
96580
96539
96495
96487
96473
96409
96396
96328
96302
96216
96126
96067
96010
95956
95950
95948
95833
95720
95682
95480
95434
95408
95327
95233
95220
95171
95147
95014
95001
94877
94801
94792
94739
94732
94665
94619
94598
94587
94579
94416
94375
94350
94336
94311
94268
94128
94113
94113
94085
94058
94018
94008
93907
93826
93796
93773
93769
93713
93708
93702
93663
93593
93537
93534
93442
93434
93335
93305
93252
93189
93147
93071
93018
92945
92901
92784
92782
92732
92688
92682
92657
92543
92528
92460
92273
91996
91976
91945
91831
91810
91780
91722
91716
91714
91710
91701
91698
91661
91653
91641
91622
91555
91546
91485
91419
91402
91322
91308
91237
91123
91089
91062
91042
91006
90964
90942
90913
90864
90858
90801
90793
90758
90740
90697
90635
90587
90567
90430
90428
90418
90366
90243
90162
90121
90114
90110
90048
89950
89920
89879
89874
89806
89723
89697
89683
89680
89481
89328
89235
89228
89210
89209
89192
89122
89094
89030
88987
88976
88848
88823
88785
88737
88731
88721
88672
88645
88511
88493
88473
88428
88374
88259
88166
88137
88009
87896
87576
87574
87552
87478
87463
87446
87443
87400
87290
87266
87228
87228
87193
87151
87100
87026
86980
86889
86879
86859
86782
86753
86747
86743
86724
86711
86622
86608
86600
86563
86429
86360
86200
86069
86059
86058
86036
85990
85905
85832
85688
85676
85657
85656
85614
85499
85457
85436
85373
85354
85203
85161
85144
85082
84957
84918
84858
84839
84760
84753
84743
84736
84732
84629
84567
84561
84519
84489
84460
84334
84325
84308
84289
84281
84266
84235
84221
84210
84205
84109
84094
84070
84054
84011
83992
83945
83918
83902
83812
83703
83677
83666
83626
83590
83571
83567
83564
83561
83556
83544
83434
83421
83416
83413
83302
83025
83020
83003
82997
82914
82873
82755
82685
82617
82578
82541
82382
82357
82308
82273
82255
82195
82164
82142
82097
82065
82040
81996
81988
81944
81814
81811
81779
81711
81642
81639
81628
81602
81485
81428
81307
81264
81165
81102
81088
81066
80982
80915
80875
80859
80833
80716
80676
80659
80658
80638
80437
80429
80233
80192
80154
80095
80093
80081
79963
79937
79842
79826
79737
79735
79651
79631
79543
79443
79432
79404
79317
79262
79111
79108
79080
79028
79019
79000
78970
78836
78793
78623
78582
78554
78537
78524
78505
78487
78448
78409
78313
78235
78200
78116
78012
78005
77993
77970
77947
77841
77814
77803
77726
77668
77631
77546
77492
77491
77399
77393
77380
77343
77339
77272
77187
77130
77094
77085
77028
77015
76890
76753
76719
76701
76664
76658
76575
76455
76439
76402
76388
76354
76265
76247
76227
76205
76125
75981
75915
75813
75744
75660
75576
75552
75504
75463
75427
75301
75068
75037
74965
74936
74886
74872
74847
74779
74737
74715
74685
74645
74562
74533
74511
74478
74235
74176
74112
74010
73987
73935
73891
73870
73816
73686
73685
73663
73654
73593
73575
73566
73531
73457
73426
73370
73353
73324
73312
73309
73267
73066
73034
73009
72986
72965
72852
72804
72730
72716
72671
72665
72621
72618
72611
72608
72533
72486
72454
72440
72411
72403
72309
72237
72228
72200
72144
72030
72015
72000
71988
71889
71883
71820
71788
71647
71646
71594
71552
71526
71510
71497
71485
71480
71422
71304
71288
71265
71208
71176
71165
71060
71034
71007
70890
70783
70703
70701
70685
70665
70579
70517
70507
70387
70382
70376
70340
70328
70114
70060
69951
69861
69817
69816
69782
69694
69652
69479
69435
69423
69346
69050
69044
68942
68895
68881
68781
68775
68769
68747
68738
68478
68430
68430
68403
68391
68312
68271
68256
68232
68178
68165
68136
68102
68073
67993
67940
67883
67835
67830
67789
67777
67750
67709
67706
67629
67599
67589
67555
67541
67477
67384
67243
67231
67230
67168
67152
67097
67066
66910
66897
66881
66865
66834
66730
66675
66636
66623
66492
66487
66473
66397
66386
66371
66354
66344
66333
66316
66290
66250
66218
66207
66166
66125
65945
65880
65804
65796
65758
65739
65647
65647
65511
65503
65466
65427
65303
65262
65251
65175
64985
64850
64817
64768
64722
64716
64635
64634
64551
64488
64454
64227
64226
64197
64165
64162
64074
64059
63921
63917
63820
63678
63664
63603
63599
63598
63588
63528
63493
63462
63434
63393
63372
63313
63284
63184
63108
63104
63053
63046
63043
63018
62988
62958
62848
62730
62694
62687
62593
62581
62442
62356
62193
62161
62156
62126
62120
62034
61875
61798
61738
61708
61613
61500
61489
61466
61462
61429
61358
61338
61264
61230
61208
61207
61059
61045
61020
60844
60804
60780
60736
60631
60617
60609
60247
60094
60074
59928
59901
59641
59619
59551
59397
59366
59328
59324
59316
59157
59108
59071
59052
58967
58894
58858
58734
58725
58711
58685
58591
58586
58473
58453
58451
58424
58340
58272
58153
58089
58076
58041
57929
57716
57656
57605
57512
57505
57453
57424
57403
57361
57352
57322
57308
57294
57273
57268
57256
57163
57111
57108
57024
56830
56748
56745
56702
56695
56539
56529
56435
56420
56393
56352
56331
56287
56247
56242
56172
56169
56156
56143
56139
56086
56052
56049
56032
55942
55897
55843
55778
55724
55677
55649
55634
55620
55541
55384
55331
55328
55273
55199
55177
55037
55021
54859
54836
54752
54741
54732
54700
54677
54602
54582
54576
54560
54545
54488
54344
54280
54279
54222
54202
54182
54153
54141
54130
54119
54109
54098
54005
54005
53952
53926
53922
53919
53868
53843
53841
53840
53742
53594
53494
53468
53449
53425
53411
53334
53323
53285
53268
53230
53224
53116
53098
53037
53034
53013
53011
52971
52756
52698
52691
52645
52584
52570
52549
52532
52496
52480
52472
52340
52186
52155
52079
52060
51890
51837
51728
51708
51619
51545
51513
51503
51501
51339
51263
51079
51064
51047
50994
50989
50985
50972
50930
50913
50860
50853
50798
50762
50662
50660
50605
50598
50354
50339
50308
50278
50238
50237
50237
50137
50118
50006
49978
49912
49869
49724
49713
49699
49452
49401
49401
49293
49288
49256
49174
49142
49140
49092
48852
48826
48798
48711
48668
48507
48447
48399
48261
48225
48218
48145
48130
48122
48106
48083
48025
47950
47940
47939
47920
47878
47859
47771
47764
47742
47725
47682
47673
47672
47659
47614
47473
47325
47287
47233
47181
47133
47100
47047
46912
46871
46863
46828
46716
46715
46709
46702
46685
46671
46643
46631
46465
46442
46433
46408
46323
46292
46278
46234
46115
46104
45869
45734
45688
45643
45571
45488
45474
45463
45339
45268
45258
45189
45112
45019
44983
44900
44874
44840
44749
44744
44694
44670
44635
44634
44594
44589
44526
44524
44508
44432
44343
44307
44278
44274
44201
44174
44089
44056
44017
43878
43842
43809
43771
43716
43651
43649
43590
43524
43455
43425
43418
43415
43386
43314
43307
43270
43269
43219
43190
43163
43154
43099
42990
42986
42976
42955
42954
42938
42919
42855
42824
42818
42814
42717
42668
42585
42509
42407
42347
42274
42253
42224
42202
42142
42134
41998
41962
41934
41913
41907
41857
41747
41705
41609
41384
41201
41176
41133
41120
41120
41120
41076
41000
40967
40943
40893
40846
40810
40795
40704
40659
40653
40611
40489
40422
40410
40396
40372
40269
40221
40209
40197
40193
40181
40157
40146
40144
40139
40063
40039
40027
40020
39939
39905
39857
39849
39810
39750
39605
39596
39555
39539
39538
39491
39321
39305
39233
39203
39180
39161
39110
39043
38975
38956
38897
38864
38829
38717
38638
38453
38448
38391
38374
38306
38305
38235
38227
38166
38132
38083
38078
38073
38026
38010
37976
37957
37917
37911
37892
37823
37757
37724
37676
37657
37589
37535
37462
37448
37441
37409
37408
37393
37353
37172
37169
37154
37117
37095
37092
37075
36998
36964
36867
36763
36729
36561
36403
36342
36340
36302
36287
36190
36177
36159
35996
35987
35954
35928
35899
35872
35825
35751
35736
35711
35694
35519
35499
35458
35355
35346
35145
35070
35057
34861
34787
34784
34769
34652
34634
34633
34545
34528
34409
34371
34322
34291
34282
34222
34200
34149
34056
34048
34047
33983
33976
33921
33915
33826
33767
33750
33728
33713
33639
33614
33599
33580
33545
33530
33518
33464
33421
33394
33370
33321
33266
33233
33218
33205
33155
33152
33142
33113
33100
33094
33046
32898
32809
32807
32777
32725
32693
32668
32646
32515
32476
32452
32382
32372
32227
32193
32087
32085
31997
31815
31805
31797
31760
31662
31604
31595
31568
31562
31536
31508
31434
31370
31351
31169
31160
31137
31127
31120
31073
31034
31025
30954
30883
30860
30818
30756
30735
30722
30661
30588
30547
30290
30211
30075
29989
29974
29892
29842
29809
29736
29731
29639
29609
29514
29388
29377
29327
29269
29252
29169
29149
29102
29101
29094
29061
28984
28970
28944
28940
28932
28898
28877
28867
28817
28606
28542
28527
28491
28489
28447
28331
28320
28311
28282
28274
28129
28037
27996
27981
27943
27932
27913
27849
27797
27790
27735
27654
27568
27424
27283
26988
26935
26872
26812
26600
26445
26445
26374
26322
26303
26282
26270
26255
26218
26185
26138
26093
26043
26033
25946
25920
25915
25879
25806
25741
25625
25610
25599
25512
25444
25350
25241
25111
25037
25003
24884
24706
24591
24590
24468
24403
24391
24381
24376
24291
24276
24219
24134
24065
23968
23929
23914
23871
23869
23839
23738
23689
23633
23543
23529
23511
23475
23399
23343
23320
23302
23259
23237
23130
23111
23074
23035
23034
23022
22962
22930
22896
22848
22795
22741
22708
22637
22625
22618
22524
22443
22415
22381
22321
22266
22224
22211
22121
22076
22040
22005
21978
21956
21942
21894
21876
21853
21818
21613
21575
21550
21508
21414
21409
21374
21373
21366
21288
21230
21226
21109
21098
21060
21058
21042
21006
20727
20589
20503
20438
20434
20278
20268
20181
20165
20109
20089
20073
20029
20021
19991
19985
19964
19905
19885
19879
19832
19817
19773
19743
19741
19715
19715
19699
19690
19618
19571
19506
19473
19266
19184
19152
19125
19025
19016
18873
18827
18823
18807
18773
18737
18479
18458
18277
18211
18151
18080
18069
18056
17983
17979
17923
17872
17845
17674
17582
17539
17462
17461
17347
17315
17315
17301
17286
17277
17194
17191
17181
17122
17116
17028
16828
16771
16735
16638
16482
16467
16392
16344
16126
16115
16110
16105
16010
15987
15937
15936
15927
15886
15874
15835
15745
15708
15696
15691
15689
15581
15389
15327
15320
15305
15304
15222
15203
15175
15144
15021
14957
14864
14797
14777
14728
14728
14721
14635
14633
14626
14540
14514
14390
14373
14320
14316
14276
14274
14206
14099
14084
14084
14023
13997
13937
13910
13887
13879
13818
13806
13569
13559
13499
13474
13295
13256
13144
13112
13105
13080
13016
13009
12984
12813
12806
12748
12674
12573
12569
12554
12552
12506
12476
12438
12343
12255
12249
12226
12199
12089
12081
12078
12075
12025
11877
11839
11719
11709
11570
11489
11460
11451
11423
11302
11291
11236
11219
11216
11213
11141
11119
11095
11023
10994
10969
10968
10903
10852
10827
10807
10799
10682
10526
10423
10316
10236
10213
10067
10065
9917
9896
9848
9835
9824
9718
9685
9596
9571
9461
9446
9440
9379
9357
9332
9315
9263
9205
9172
9160
9137
8930
8893
8794
8743
8703
8674
8624
8487
8479
8472
8467
8440
8393
8347
8285
8155
8141
8111
8071
8021
7950
7930
7901
7767
7691
7682
7667
7576
7502
7431
7348
7329
7317
7276
7166
7090
7043
6979
6976
6970
6949
6906
6896
6812
6812
6725
6699
6669
6549
6505
6481
6453
6451
6129
6097
6068
5992
5992
5984
5973
5964
5952
5923
5889
5885
5870
5832
5711
5471
5420
5393
5275
5217
5115
5093
5068
4895
4874
4817
4747
4686
4675
4602
4544
4526
4356
4291
4278
4218
4216
4174
4113
3970
3822
3768
3740
3734
3532
3527
3521
3475
3468
3448
3448
3422
3256
3211
3197
3174
3141
3067
3059
3048
3029
2883
2843
2787
2744
2673
2655
2637
2548
2515
2477
2412
2408
2383
2289
2275
2249
2220
2214
2190
2085
1927
1913
1883
1692
1586
1503
1364
1187
1185
1132
1063
1020
981
978
976
947
905
876
865
852
850
826
749
726
672
518
516
491
351
343
338
261
203
188
111
92
