99905
99886
99800
99737
99730
99675
99658
99352
99304
99300
99288
99278
99249
99237
99170
99107
99037
98892
98837
98820
98793
98712
98677
98651
98523
98513
98464
98380
98346
98273
98229
98220
98220
98213
98196
98191
98142
98108
98034
98025
97982
97969
97956
97940
97928
97919
97905
97880
97864
97864
97807
97770
97762
97720
97715
97691
97676
97439
97437
97420
97393
97343
97310
97307
97287
97232
97205
97160
97111
97075
97074
97069
97041
97021
96996
96943
96932
96911
96889
96859
96859
96813
96693
96675
96624
96616
96602
96482
96361
96264
96181
96166
96122
96115
96042
95943
95922
95893
95838
95821
95818
95751
95711
95632
95515
95481
95464
95359
95344
95277
95224
95200
95191
94932
94909
94897
94852
94839
94795
94788
94660
94626
94560
94480
94448
94439
94419
94335
94289
94284
94221
94203
94180
94002
93991
93881
93779
93756
93731
93695
93682
93644
93612
93601
93588
93568
93557
93520
93450
93431
93341
93260
93161
93061
93045
92999
92989
92973
92950
92837
92817
92798
92347
92324
92311
92232
92098
91987
91956
91768
91637
91599
91488
91291
91276
91233
91232
91148
91073
91012
90988
90934
90864
90833
90722
90710
90678
90509
90468
90444
90443
90431
90295
90197
90158
90139
90120
89931
89893
89874
89850
89834
89797
89795
89726
89725
89696
89578
89567
89555
89534
89462
89454
89394
89389
89338
89231
89179
89175
89121
89077
89009
88995
88956
88946
88823
88794
88759
88730
88710
88624
88426
88413
88352
88336
88288
88135
88110
88055
88006
87891
87870
87814
87753
87751
87719
87705
87570
87560
87476
87474
87470
87369
87322
87305
87223
87112
86987
86977
86939
86902
86836
86835
86806
86785
86782
86732
86672
86659
86581
86560
86548
86543
86504
86457
86420
86398
86392
86374
86373
86365
86356
86262
86258
86238
86203
86190
86176
86125
86094
86014
85979
85879
85814
85791
85736
85732
85582
85556
85481
85452
85427
85405
85370
85285
85254
85254
85203
85194
85152
85066
85054
84973
84905
84811
84789
84771
84649
84610
84571
84559
84543
84493
84338
84324
84300
84276
84246
84227
84059
83799
83786
83766
83693
83649
83632
83622
83563
83454
83438
83415
83374
83285
83284
83284
83254
83207
83206
83124
83091
83083
83072
83056
83018
82973
82809
82803
82790
82756
82751
82596
82550
82493
82399
82305
82284
82278
82193
82117
82022
82012
81896
81850
81799
81689
81628
81540
81520
81438
81360
81242
81218
81218
81156
81084
81082
81066
80951
80732
80625
80611
80579
80537
80410
80350
80223
80115
80110
80059
79945
79859
79837
79827
79818
79808
79798
79782
79731
79685
79668
79620
79536
79468
79446
79407
79326
79258
79196
79188
79183
79150
79088
79032
78932
78776
78666
78637
78403
78275
78274
78197
78060
77827
77771
77727
77619
77607
77570
77535
77480
77479
77438
77295
77238
77231
77193
77161
77095
77070
76976
76895
76873
76848
76839
76637
76611
76563
76561
76534
76528
76521
76468
76454
76453
76209
76207
76186
76165
76036
75962
75922
75825
75711
75610
75593
75510
75471
75452
75422
75419
75292
75235
75030
74994
74945
74941
74938
74910
74809
74803
74717
74656
74554
74482
74460
74428
74404
74370
74357
74318
74136
74079
74048
73981
73970
73915
73903
73890
73823
73572
73565
73504
73367
73215
73212
73168
73159
73120
73026
72967
72883
72858
72688
72679
72677
72650
72629
72536
72366
72323
72238
72232
72173
72138
72091
71996
71977
71973
71971
71964
71958
71914
71881
71828
71813
71767
71751
71696
71661
71611
71585
71479
71475
71435
71402
71339
71264
71247
71166
71166
71136
71134
71120
71072
71036
71007
70998
70978
70929
70811
70534
70509
70473
70433
70322
70197
70149
70089
70083
70076
69939
69916
69906
69805
69795
69790
69756
69755
69698
69646
69620
69601
69583
69428
69390
69329
69293
69284
69277
69241
69195
69126
69096
69087
69038
69017
68932
68836
68772
68752
68694
68693
68584
68562
68483
68475
68475
68413
68359
68319
68251
68190
68065
68026
67998
67965
67889
67861
67854
67812
67755
67723
67651
67627
67527
67485
67343
67303
67266
67224
67114
67020
66980
66955
66953
66951
66943
66935
66818
66681
66677
66557
66526
66387
66285
66191
66089
65933
65882
65869
65817
65809
65770
65689
65645
65633
65602
65584
65557
65556
65490
65477
65475
65390
65311
65254
65253
65236
65195
65160
65151
65046
64948
64947
64898
64728
64699
64683
64643
64642
64621
64607
64591
64523
64460
64449
64346
64336
64334
64316
64240
64153
64117
64054
64011
63936
63924
63892
63850
63789
63714
63620
63602
63594
63504
63501
63438
63364
63273
63232
63145
63132
63095
62971
62922
62916
62883
62841
62841
62834
62815
62792
62787
62776
62728
62658
62634
62536
62492
62397
62383
62239
62210
62149
62044
61848
61765
61759
61753
61726
61719
61670
61613
61607
61597
61556
61508
61466
61463
61364
61260
61253
61249
61136
61098
60950
60942
60880
60805
60781
60723
60660
60621
60582
60559
60542
60517
60499
60490
60468
60458
60377
60342
60326
60297
60144
60073
60046
60039
60030
59718
59708
59706
59582
59565
59561
59561
59553
59469
59398
59322
59319
59290
59145
59142
59082
58957
58944
58908
58886
58876
58837
58764
58750
58749
58736
58717
58681
58517
58499
58472
58422
58355
58330
58166
58143
58142
58115
58042
57983
57957
57953
57829
57756
57666
57572
57542
57474
57472
57455
57453
57370
57358
57296
57263
57260
57259
57256
57248
57224
57109
57099
57093
57039
57022
57006
56951
56941
56888
56802
56662
56537
56511
56338
56285
56170
56161
56110
56092
56043
56043
55895
55869
55811
55777
55758
55757
55739
55570
55500
55497
55432
55392
55314
55285
55184
55144
55092
54910
54862
54785
54760
54670
54634
54617
54601
54587
54518
54484
54447
54439
54413
54389
54374
54286
54269
54243
54148
54073
54031
54018
53776
53515
53466
53428
53396
53288
53213
53104
52963
52890
52877
52830
52738
52677
52663
52662
52651
52506
52378
52340
52278
52213
52210
52185
52051
51907
51850
51809
51789
51776
51698
51589
51502
51486
51483
51409
51340
51327
51313
51278
51241
51235
51172
51025
51024
51020
51010
50954
50925
50746
50736
50596
50561
50451
50347
50329
50301
50272
50254
50254
50249
50189
50097
50084
49924
49902
49868
49847
49838
49826
49794
49771
49763
49688
49647
49626
49622
49608
49584
49574
49562
49418
49396
49382
49368
49178
49071
48989
48979
48971
48938
48892
48850
48843
48825
48758
48723
48623
48620
48614
48589
48466
48458
48449
48434
48419
48389
48381
48342
48341
48242
48202
48068
48000
47903
47793
47778
47687
47555
47546
47513
47507
47499
47481
47444
47417
47309
47304
47282
47271
47210
47175
47166
47044
47011
46973
46941
46892
46867
46828
46827
46723
46617
46614
46490
46416
46217
46201
46169
46080
46023
45971
45969
45943
45943
45852
45840
45768
45767
45740
45649
45611
45547
45543
45487
45445
45384
45334
45259
45212
45163
45140
45134
45096
45061
44928
44843
44786
44783
44774
44767
44677
44676
44585
44569
44562
44552
44549
44533
44404
44367
44079
43944
43866
43836
43737
43683
43649
43642
43566
43531
43520
43505
43486
43481
43423
43307
43288
43225
43191
43188
43174
43156
43152
43120
43110
43063
42947
42933
42772
42687
42678
42667
42667
42583
42576
42567
42543
42542
42528
42500
42445
42422
42332
42292
42144
42097
42064
42039
42036
42020
41897
41862
41834
41817
41755
41723
41692
41618
41550
41513
41440
41435
41428
41412
41407
41372
41234
41222
41207
41134
41128
41114
41012
40993
40967
40958
40928
40921
40902
40866
40850
40843
40817
40663
40641
40587
40576
40496
40491
40418
40396
40341
40245
40231
40137
40123
40071
40020
40003
39928
39901
39887
39859
39828
39804
39772
39755
39748
39733
39680
39625
39604
39477
39354
39288
39260
39155
39151
39124
39111
39085
39054
39045
39042
38993
38868
38847
38774
38706
38611
38452
38406
38322
38229
38113
37965
37879
37840
37832
37690
37659
37630
37620
37532
37513
37512
37458
37444
37423
37269
37240
37181
37171
36912
36876
36820
36764
36674
36635
36456
36450
36366
36352
36351
36349
36281
36247
36141
36092
36023
35987
35986
35923
35910
35898
35861
35858
35850
35848
35825
35792
35752
35694
35669
35638
35627
35596
35594
35565
35552
35548
35454
35358
35343
35230
35212
35162
35121
35075
35044
35033
34820
34772
34771
34767
34736
34693
34646
34645
34594
34577
34457
34451
34371
34342
34238
34226
34202
34156
34147
34063
34048
33984
33981
33879
33818
33797
33794
33777
33776
33623
33620
33545
33539
33445
33337
33330
33327
33301
33293
33286
33236
33210
33128
32980
32960
32914
32819
32816
32770
32652
32646
32605
32477
32460
32358
32307
32189
32156
32137
32130
32005
31988
31974
31887
31800
31790
31774
31762
31718
31679
31654
31638
31607
31516
31448
31432
31391
31235
31219
31153
31151
31121
31050
31037
31024
31004
31002
30987
30987
30886
30781
30753
30697
30667
30656
30644
30589
30529
30523
30490
30486
30411
30406
30381
30275
30171
30145
30127
30122
30115
30100
30026
29980
29925
29749
29747
29690
29632
29577
29577
29510
29459
29382
29362
29333
29290
29220
29189
29162
29078
28988
28929
28827
28800
28798
28748
28661
28653
28634
28545
28468
28428
28386
28369
28257
28237
28218
28126
28126
28051
28024
27945
27875
27872
27819
27819
27777
27675
27669
27628
27580
27534
27451
27309
27307
27295
27197
27190
27167
27011
27003
26969
26891
26844
26837
26832
26787
26781
26771
26768
26745
26668
26631
26480
26462
26417
26408
26398
26365
26314
26288
26188
26175
26099
26074
25950
25886
25837
25746
25711
25700
25690
25639
25587
25586
25549
25500
25465
25451
25395
25254
25228
25144
25113
25092
24909
24902
24853
24845
24736
24727
24676
24585
24537
24356
24281
24264
24201
23985
23953
23914
23831
23817
23574
23569
23538
23532
23531
23523
23449
23414
23356
23340
23273
23191
23186
23155
23134
23129
23099
23091
23059
22934
22917
22910
22906
22813
22670
22657
22592
22576
22542
22515
22515
22487
22451
22439
22433
22429
22424
22422
22273
22197
22151
22136
22110
22058
21997
21936
21834
21672
21614
21562
21495
21374
21361
21360
21296
21225
21173
21156
21102
20987
20929
20792
20718
20620
20583
20542
20541
20499
20458
20449
20407
20239
20206
20130
20094
19989
19777
19757
19751
19724
19708
19588
19537
19394
19273
19231
19212
19146
19101
18836
18835
18802
18783
18720
18682
18627
18585
18557
18550
18483
18372
18349
18325
18323
18144
18124
18114
18052
18025
17987
17975
17957
17939
17892
17742
17672
17659
17657
17595
17568
17552
17429
17316
17281
17253
17252
17113
17106
17076
17072
17053
17047
17034
16981
16864
16767
16687
16685
16684
16681
16594
16513
16448
16382
16229
16021
16007
15999
15982
15738
15672
15548
15508
15440
15400
15310
15284
15089
15038
14960
14852
14848
14737
14689
14456
14432
14298
14272
14152
14064
13989
13985
13939
13889
13744
13715
13658
13578
13569
13530
13517
13515
13511
13398
13364
13269
13093
13019
12940
12931
12921
12898
12896
12849
12832
12805
12767
12737
12706
12696
12609
12567
12470
12398
12347
12329
12232
12016
11974
11956
11940
11771
11648
11612
11575
11496
11428
11366
11256
11225
11184
11134
11095
11075
10998
10955
10925
10923
10859
10839
10825
10772
10735
10609
10580
10551
10541
10518
10464
10388
10381
10324
10231
10166
10096
10027
10022
10014
9999
9972
9948
9729
9687
9679
9637
9517
9512
9453
9409
9402
9352
9272
9260
9216
9170
9161
8654
8640
8628
8620
8587
8567
8520
8514
8468
8408
8383
8378
8349
8324
8311
8286
8259
8143
8091
8044
8033
8031
8025
7935
7913
7904
7870
7789
7612
7611
7573
7545
7498
7497
7484
7403
7390
7323
7310
7189
7067
7012
6997
6946
6920
6916
6893
6873
6872
6839
6825
6794
6723
6708
6677
6633
6601
6582
6550
6505
6503
6377
6308
6280
6268
6201
6096
6035
5979
5845
5790
5674
5630
5504
5454
5444
5425
5401
5371
5333
5305
5272
5113
5113
5103
5088
5074
5018
5008
4986
4977
4940
4926
4914
4880
4874
4870
4801
4795
4728
4700
4682
4604
4511
4495
4444
4432
4338
4324
4300
4288
4283
4261
4239
4218
4201
4124
4108
4105
4019
3985
3953
3903
3893
3764
3756
3711
3707
3705
3672
3657
3646
3576
3525
3498
3488
3486
3425
3335
3326
3191
3136
3047
3012
2990
2912
2892
2805
2776
2696
2646
2619
2550
2548
2485
2394
2367
2351
2346
2326
2324
2267
2257
2107
2032
1943
1832
1815
1801
1728
1705
1674
1659
1611
1591
1574
1458
1354
1329
1318
1307
1247
1156
1088
998
900
738
650
638
569
535
420
356
353
207
196
195
126
