99929
99915
99850
99820
99756
99717
99701
99572
99569
99473
99471
99431
99430
99301
99253
99243
99238
99238
99158
99125
98972
98938
98733
98659
98634
98546
98545
98267
98252
98208
98114
97951
97947
97919
97886
97767
97753
97705
97678
97666
97611
97426
97420
97416
97370
97345
97288
97259
97226
97170
97166
97130
97127
97124
97094
97072
97044
96899
96874
96820
96640
96601
96566
96559
96517
96504
96494
96489
96462
96446
96442
96361
96332
96327
96214
96193
96176
96138
96096
96050
95919
95872
95749
95746
95535
95534
95498
95489
95331
95305
95279
95275
95263
95243
95217
95212
95174
95144
95101
95095
94757
94756
94754
94666
94584
94583
94524
94495
94487
94466
94439
94373
94351
94330
94264
94208
94200
94178
94177
94097
94096
94023
93951
93810
93797
93695
93442
93431
93382
93382
93342
93149
93145
93086
93053
93001
92956
92950
92876
92808
92803
92748
92676
92666
92624
92608
92538
92522
92438
92416
92384
92337
92220
92176
92129
92113
92099
92097
92087
92046
91923
91909
91700
91648
91647
91451
91450
91321
91244
91182
91160
91115
91112
91008
90984
90935
90906
90906
90901
90900
90675
90553
90433
90325
90303
90198
90132
90089
90036
89906
89884
89862
89800
89783
89743
89713
89684
89603
89448
89446
89420
89368
89332
89325
89287
89177
89140
89139
89043
89004
88971
88932
88904
88856
88830
88825
88735
88673
88669
88632
88620
88554
88541
88527
88472
88461
88440
88401
88369
88335
88329
88290
88235
88205
88139
88131
88101
88064
88053
87974
87940
87787
87703
87684
87683
87659
87636
87596
87525
87425
87404
87369
87223
87091
87056
86973
86903
86768
86753
86613
86607
86554
86492
86396
86337
86260
86160
86137
86110
86086
86033
85993
85942
85856
85805
85747
85652
85608
85528
85505
85453
85423
85418
85366
85354
85346
85248
85193
84985
84903
84827
84811
84785
84770
84605
84605
84457
84439
84395
84389
84330
84298
84224
84033
84017
83967
83959
83898
83772
83761
83725
83696
83678
83527
83489
83420
83409
83405
83405
83400
83398
83364
83313
83298
83289
83283
83283
83187
83077
83048
83035
82981
82937
82856
82801
82536
82510
82498
82481
82328
82315
82302
82155
82066
81975
81954
81947
81932
81852
81841
81793
81745
81676
81669
81603
81512
81495
81285
81227
81178
81139
81124
81122
81097
81060
80955
80937
80867
80437
80422
80352
80266
80170
80061
80050
79994
79736
79607
79585
79557
79456
79450
79445
79412
79408
79386
79375
79324
79225
79167
79096
78980
78746
78728
78700
78617
78594
78503
78476
78374
78344
78328
78311
78310
78196
78192
78183
78177
78131
78104
78028
78005
77957
77892
77812
77806
77767
77732
77694
77686
77643
77509
77502
77452
77449
77427
77414
77382
77302
77286
77092
77010
77009
76999
76717
76693
76656
76490
76410
76404
76379
76337
76325
76309
76292
76290
76260
76236
76235
76023
75934
75856
75767
75667
75560
75544
75542
75520
75382
75321
75303
75281
75242
75230
75220
75205
75205
75201
75192
75147
75144
75047
75022
75016
74951
74893
74834
74819
74808
74768
74746
74733
74723
74647
74569
74559
74550
74542
74420
74386
74385
74384
74323
74316
74248
74244
74174
74039
73998
73990
73987
73983
73963
73930
73929
73927
73910
73895
73862
73849
73813
73772
73708
73668
73639
73535
73502
73419
73407
73357
73318
73256
73210
73122
73044
72995
72930
72748
72726
72724
72686
72605
72590
72580
72557
72532
72510
72472
72423
72408
72375
72361
72330
72293
72281
72240
72219
72051
71995
71936
71882
71877
71753
71708
71702
71683
71639
71547
71503
71487
71421
71354
71308
71254
71138
71071
71016
70992
70897
70814
70813
70803
70778
70710
70675
70634
70539
70492
70457
70443
70438
70435
70405
70347
70193
70174
70116
70047
70015
69768
69738
69707
69701
69688
69679
69621
69603
69536
69499
69413
69362
69155
68995
68873
68823
68818
68739
68707
68689
68667
68585
68569
68522
68412
68398
68346
68344
68303
68287
68253
68221
68206
68162
68158
68064
67821
67775
67728
67708
67635
67621
67592
67566
67566
67559
67530
67523
67376
67372
67366
67334
67330
67267
67267
67263
67186
67126
67011
66988
66941
66718
66697
66590
66403
66383
66357
66331
66314
66294
66238
66231
66222
66205
66184
66149
66144
66128
66122
66083
66049
65987
65911
65733
65650
65614
65520
65517
65502
65473
65444
65440
65425
65403
65395
65244
65109
64925
64915
64910
64708
64622
64595
64549
64477
64391
64364
64196
64184
64120
64073
64032
64011
63990
63821
63821
63789
63676
63603
63601
63517
63484
63470
63439
63428
63315
63299
63278
63215
63199
63153
63054
63047
63045
63017
63012
63000
62984
62982
62810
62623
62521
62492
62280
62274
62222
61999
61886
61860
61781
61731
61693
61655
61558
61443
61427
61324
61263
61195
61078
61065
61036
60981
60956
60779
60778
60766
60711
60617
60468
60462
60417
60408
60366
60282
60245
60222
60209
60189
60136
60082
60053
60017
59986
59945
59941
59886
59835
59797
59760
59744
59624
59606
59536
59532
59493
59428
59404
59390
59359
59323
59237
59226
59215
59177
59147
59107
59102
58992
58970
58962
58862
58809
58771
58721
58684
58664
58482
58481
58442
58432
58348
58328
58315
58297
58293
58202
58174
58008
57970
57949
57855
57797
57783
57731
57658
57491
57445
57331
57242
57212
57159
57108
57060
57023
56996
56908
56836
56774
56768
56700
56437
56394
56368
56233
56072
56066
56037
56001
55964
55922
55915
55776
55761
55701
55695
55595
55573
55561
55557
55505
55504
55215
55083
54993
54974
54963
54957
54928
54918
54869
54744
54736
54734
54726
54714
54699
54684
54652
54566
54463
54354
54350
54327
54043
53961
53939
53875
53815
53748
53739
53738
53718
53716
53681
53570
53527
53473
53446
53332
53318
53232
53172
53125
53113
53103
53061
53047
53006
52937
52849
52845
52739
52735
52713
52600
52595
52585
52508
52484
52408
52403
52227
52135
52134
52111
52078
52036
51960
51917
51817
51814
51760
51733
51709
51706
51687
51660
51650
51644
51610
51595
51495
51461
51441
51402
51349
51315
51275
51268
51221
51191
51008
50914
50858
50768
50750
50731
50657
50634
50618
50533
50457
50380
50328
50281
50276
50218
50217
50164
50159
50143
50088
50031
50003
49899
49846
49725
49686
49552
49531
49482
49411
49398
49387
49310
49244
49178
49094
49083
49066
49040
48971
48950
48934
48912
48871
48854
48821
48806
48778
48754
48562
48558
48556
48543
48466
48422
48413
48314
48214
48130
48122
48080
48025
48010
48009
47978
47954
47929
47714
47700
47587
47518
47482
47452
47448
47365
47352
47168
47153
47145
47072
47053
47051
46953
46944
46913
46854
46852
46832
46800
46799
46799
46751
46739
46664
46563
46563
46547
46545
46494
46369
46245
46236
46159
46152
46150
46098
46041
46029
45958
45958
45954
45924
45842
45836
45790
45695
45679
45606
45548
45539
45497
45487
45483
45481
45452
45440
45427
45400
45337
45214
45141
45042
45031
44781
44681
44656
44638
44612
44480
44376
44366
44315
44270
44258
44200
44198
44136
44127
44112
44091
43945
43909
43887
43746
43655
43642
43518
43429
43394
43306
43294
43209
43201
43146
43121
43107
43076
42827
42801
42776
42697
42680
42581
42553
42534
42495
42432
42398
42348
42269
42265
42231
42160
42121
42040
42011
42009
41913
41891
41886
41842
41824
41670
41629
41611
41607
41596
41541
41447
41443
41388
41378
41359
41303
41292
41292
41291
41290
41196
41172
41157
41141
41036
41020
40941
40921
40904
40792
40695
40635
40616
40598
40526
40492
40477
40460
40277
40173
40172
40160
40106
40091
40051
40023
40018
40002
39976
39913
39898
39862
39824
39715
39662
39584
39578
39500
39400
39384
39363
39340
39332
39308
39261
39214
39169
39082
38963
38890
38879
38873
38859
38803
38798
38759
38646
38610
38522
38454
38441
38421
38381
38295
38257
38234
38203
38171
38158
38141
38140
38104
38061
38000
37952
37882
37880
37879
37716
37680
37579
37576
37574
37536
37476
37449
37403
37347
37279
37249
37242
37228
37226
37072
37062
37056
37054
37039
37033
37008
37002
36794
36718
36678
36626
36588
36553
36538
36516
36484
36471
36455
36413
36270
36191
36130
35982
35976
35960
35937
35928
35888
35822
35816
35743
35717
35703
35693
35547
35480
35391
35368
35294
35284
35280
35280
35249
35244
35207
35196
35169
35166
35067
35040
35010
34991
34982
34976
34949
34945
34909
34908
34906
34891
34845
34843
34824
34816
34722
34676
34643
34630
34602
34598
34580
34565
34559
34549
34510
34425
34392
34361
34278
34269
34141
34141
34102
34046
34022
34019
33971
33931
33914
33901
33836
33808
33772
33556
33541
33499
33325
33313
33198
33110
32991
32984
32741
32694
32641
32620
32608
32600
32546
32531
32508
32502
32491
32487
32367
32076
31914
31889
31882
31868
31852
31845
31832
31767
31722
31622
31513
31445
31359
31201
31082
31081
31078
31011
30893
30822
30789
30707
30668
30536
30492
30487
30465
30355
30321
30318
30303
30295
30236
30220
30053
30049
29995
29948
29900
29629
29592
29528
29459
29432
29397
29338
29338
29273
29179
29178
29120
29093
28962
28893
28845
28791
28728
28681
28630
28525
28343
28341
28258
27971
27905
27794
27765
27668
27457
27447
27371
27355
27291
27271
27137
27059
26879
26833
26729
26628
26575
26539
26514
26500
26461
26397
26102
26005
26000
25969
25815
25718
25709
25696
25660
25656
25578
25559
25531
25501
25476
25469
25417
25354
25200
25185
25158
25079
25061
25014
25002
24992
24986
24974
24946
24886
24838
24821
24809
24777
24766
24649
24609
24599
24576
24573
24453
24446
24420
24417
24408
24391
24378
24356
24286
24078
23958
23924
23887
23818
23817
23765
23725
23667
23624
23550
23522
23477
23454
23440
23419
23412
23344
23343
23337
23325
23303
23173
23020
23000
22992
22914
22820
22789
22717
22598
22571
22486
22367
22325
22293
22277
22265
22077
22019
21908
21883
21882
21872
21772
21762
21700
21588
21582
21521
21403
21373
21339
21226
21167
21061
21051
21035
21013
20996
20993
20964
20937
20885
20873
20859
20855
20853
20821
20747
20676
20668
20552
20474
20425
20385
20152
20143
20128
20107
20081
19972
19873
19777
19770
19734
19548
19465
19449
19414
19196
19147
19104
19041
18986
18980
18901
18866
18791
18779
18726
18724
18707
18683
18673
18638
18586
18560
18548
18461
18382
18331
18311
18196
18191
18189
18136
18132
18099
18005
17882
17865
17857
17778
17755
17601
17545
17473
17464
17412
17410
17150
17140
17082
17064
17017
16960
16953
16947
16933
16917
16893
16875
16859
16799
16577
16498
16474
16419
16414
16370
16353
16298
16288
16142
16111
16086
16022
16008
15804
15794
15727
15722
15616
15605
15475
15357
15339
15338
15327
15269
15252
15241
15205
15179
15122
15083
15080
15066
15058
14982
14954
14871
14827
14793
14579
14519
14485
14476
14468
14466
14438
14412
14318
14256
14171
14098
13914
13873
13853
13812
13798
13796
13769
13760
13743
13705
13699
13611
13525
13383
13342
13156
13014
13003
13000
12997
12963
12831
12803
12788
12727
12718
12695
12682
12679
12660
12659
12605
12587
12523
12520
12497
12330
12280
12259
12004
11998
11977
11907
11858
11857
11779
11766
11680
11627
11614
11599
11585
11479
11471
11293
11251
11240
11232
11153
11099
11084
11078
10925
10844
10717
10683
10617
10582
10574
10514
10462
10458
10442
10423
10390
10377
10337
10137
10109
10038
9988
9797
9790
9761
9741
9714
9646
9645
9637
9627
9594
9548
9489
9286
9269
9174
9084
9026
9026
8949
8940
8833
8831
8830
8822
8740
8573
8557
8499
8432
8420
8379
8326
8293
8165
8163
8024
8014
7980
7970
7966
7838
7822
7753
7750
7738
7710
7453
7439
7435
7364
7363
7354
7346
7286
7146
7135
7132
6993
6966
6924
6787
6757
6756
6689
6638
6599
6579
6526
6466
6458
6445
6434
6192
6187
6125
6119
6114
5972
5962
5945
5910
5858
5856
5855
5737
5636
5539
5506
5483
5477
5477
5462
5421
5392
5389
5366
5219
5217
5148
5095
4978
4977
4976
4952
4927
4921
4871
4738
4737
4725
4694
4668
4505
4370
4318
4244
4217
4172
4126
4086
4040
4027
3956
3946
3875
3864
3818
3795
3708
3676
3631
3608
3594
3545
3535
3522
3499
3474
3393
3375
3371
3361
3351
3323
3262
3168
3140
3130
3090
3072
3070
3016
2948
2897
2859
2847
2797
2714
2649
2451
2447
2387
2384
2205
2192
2162
2014
1974
1872
1867
1625
1520
1485
1451
1428
1421
1375
1363
1329
1286
1214
1195
1187
1173
1163
1126
1106
1006
990
977
968
877
733
665
621
611
596
591
586
580
530
519
481
456
437
433
429
412
389
339
319
306
302
260
189
127
12
