99992
99956
99946
99860
99813
99805
99770
99753
99731
99707
99625
99619
99415
99390
99389
99338
99196
99191
99097
99088
99063
98999
98987
98969
98842
98818
98803
98789
98746
98714
98617
98590
98431
98400
98398
98386
98230
98199
98165
98160
98073
97989
97957
97948
97877
97834
97825
97711
97630
97598
97533
97405
97360
97360
97335
97326
97321
97304
97277
97228
97213
97199
97120
97118
97021
97008
96820
96804
96745
96634
96605
96524
96442
96428
96359
96347
96304
96304
96188
96146
95985
95945
95790
95769
95763
95750
95743
95625
95608
95591
95590
95498
95493
95470
95461
95451
95391
95387
95380
95347
95287
95282
95200
95175
95142
95101
94981
94979
94955
94881
94869
94838
94793
94756
94717
94711
94685
94627
94589
94498
94266
94146
94081
94037
94020
93924
93900
93867
93849
93790
93732
93679
93577
93553
93520
93494
93343
93314
93309
93297
93293
93246
93110
93034
93029
92958
92939
92733
92731
92720
92595
92580
92541
92539
92500
92450
92299
92290
92285
92258
92256
92231
92208
92124
92123
92086
92039
92030
91961
91932
91894
91799
91766
91739
91651
91610
91590
91566
91523
91502
91428
91402
91402
91377
91277
91252
91207
91177
91160
91075
91068
91045
90973
90956
90940
90830
90766
90760
90747
90607
90593
90492
90487
90484
90478
90448
90406
90271
90246
90059
90015
89987
89986
89948
89947
89941
89914
89875
89838
89827
89823
89766
89766
89718
89633
89629
89623
89589
89547
89408
89396
89380
89347
89323
89230
89186
89153
89135
89133
89090
88988
88868
88797
88781
88752
88719
88698
88673
88650
88646
88613
88606
88487
88480
88356
88345
88338
88315
88241
88159
88149
88114
88113
88095
88080
88022
87928
87889
87862
87859
87773
87621
87616
87504
87473
87466
87394
87389
87380
87359
87109
87041
86889
86873
86852
86847
86795
86767
86720
86682
86666
86594
86585
86539
86528
86505
86481
86403
86376
86347
86138
86128
86025
85944
85702
85684
85498
85472
85449
85417
85296
85250
85202
85151
85061
84964
84910
84857
84749
84742
84671
84644
84588
84498
84480
84418
84410
84378
84295
84255
84164
84157
84029
83928
83885
83797
83779
83727
83701
83691
83686
83662
83582
83557
83506
83480
83463
83457
83296
83288
83277
83269
83194
83175
83120
82996
82995
82876
82818
82710
82700
82620
82564
82562
82424
82423
82375
82348
82330
82262
82241
82238
82161
82146
82110
82067
81980
81964
81871
81832
81750
81732
81628
81501
81414
81331
81318
81282
81242
81174
81105
81067
81058
81049
80980
80929
80928
80906
80896
80829
80766
80658
80614
80464
80337
80316
80234
80168
80078
80052
80018
79972
79923
79906
79811
79765
79722
79720
79618
79550
79534
79515
79486
79448
79406
79320
79203
79202
79146
79146
79132
79060
79021
78982
78965
78927
78881
78874
78828
78771
78748
78592
78438
78410
78330
78323
78311
78303
78289
78261
78257
78213
78125
78105
78101
78072
78064
77989
77955
77944
77908
77769
77713
77687
77677
77649
77631
77528
77526
77374
77362
77335
77292
77113
77061
77015
76993
76855
76834
76819
76710
76675
76650
76598
76593
76549
76528
76306
76299
76264
76224
76221
76053
76049
76024
75908
75753
75733
75628
75606
75605
75587
75476
75462
75446
75403
75309
75282
75019
74993
74982
74916
74911
74881
74855
74853
74833
74670
74638
74569
74504
74480
74411
74406
74397
74367
74286
74058
73985
73941
73797
73789
73783
73753
73709
73707
73691
73546
73411
73390
73370
73308
73230
73049
73039
73011
72863
72802
72766
72731
72725
72690
72664
72657
72649
72568
72368
72279
72277
72145
72061
72016
72013
71928
71819
71790
71757
71736
71708
71670
71662
71648
71580
71517
71461
71454
71434
71376
71354
71351
71341
71294
71154
71120
71112
71107
71094
71036
71033
71000
70981
70733
70610
70576
70551
70378
70316
70283
70181
70119
70039
70016
69989
69986
69901
69886
69885
69863
69843
69840
69723
69715
69713
69670
69516
69499
69463
69446
69442
69361
69324
69218
69165
69157
69143
69143
69076
68987
68940
68898
68889
68836
68830
68729
68692
68643
68523
68513
68363
68345
68302
68237
68209
68180
68069
67992
67867
67847
67795
67769
67721
67715
67703
67664
67636
67544
67504
67417
67382
67378
67355
67256
67223
67159
67094
67049
67031
67010
66977
66975
66919
66855
66806
66718
66695
66687
66546
66471
66446
66428
66410
66369
66338
66297
66278
66022
66019
65939
65896
65888
65841
65803
65707
65679
65594
65508
65489
65486
65286
65245
65219
65212
65083
64936
64903
64894
64840
64838
64793
64775
64623
64600
64576
64502
64456
64431
64417
64414
64385
64345
64311
64310
64267
64096
64071
63998
63946
63806
63706
63696
63613
63455
63426
63425
63374
63334
63308
63297
63213
63113
62942
62929
62919
62917
62907
62806
62772
62743
62720
62667
62527
62521
62506
62425
62408
62404
62398
62396
62372
62314
62294
62249
62224
62174
62166
62112
62105
62026
62023
61966
61916
61895
61895
61854
61841
61808
61806
61783
61723
61702
61654
61645
61596
61485
61422
61383
61364
61352
61325
61305
61170
61167
61161
61151
61117
60986
60966
60870
60805
60730
60665
60625
60565
60544
60491
60444
60352
60332
60292
60252
60212
60155
60090
59973
59933
59872
59847
59816
59766
59709
59651
59645
59644
59623
59601
59537
59507
59428
59413
59281
59276
59171
59124
59116
59112
59026
58998
58993
58977
58945
58928
58923
58893
58845
58776
58610
58414
58397
58134
58087
58082
57964
57951
57908
57827
57826
57689
57574
57547
57508
57491
57429
57342
57324
57236
57202
57181
57179
57121
57082
57010
56921
56832
56830
56771
56582
56576
56551
56433
56395
56290
56258
56237
56197
56190
56188
56099
56030
55930
55925
55869
55851
55794
55791
55767
55701
55653
55644
55642
55633
55611
55522
55439
55419
55347
55329
55102
55051
55015
54992
54958
54953
54932
54916
54851
54735
54710
54635
54438
54424
54420
54210
54187
54113
54085
54081
54037
53955
53947
53914
53904
53815
53804
53582
53572
53557
53536
53510
53128
53123
53104
52848
52813
52813
52644
52574
52511
52494
52449
52434
52401
52374
52296
52245
52183
52144
52143
52072
52062
52055
52035
52019
52014
51987
51900
51898
51865
51768
51746
51690
51668
51624
51615
51615
51609
51602
51585
51570
51429
51386
51323
51322
51241
51198
51082
51065
51032
50998
50977
50897
50871
50842
50578
50467
50460
50266
50091
50066
50036
50012
49970
49955
49946
49926
49862
49845
49813
49727
49539
49531
49518
49512
49508
49419
49394
49338
49326
49320
49263
49247
49236
49165
49160
49154
49127
49085
49005
49003
48984
48974
48901
48890
48886
48876
48846
48823
48804
48606
48585
48536
48527
48340
48249
48178
48081
48056
47969
47915
47911
47911
47880
47774
47762
47712
47553
47544
47449
47285
47168
47120
47066
46967
46954
46864
46844
46838
46786
46778
46719
46715
46643
46621
46583
46571
46562
46530
46465
46456
46451
46425
46379
46299
46271
46256
46174
46146
46131
45997
45930
45900
45869
45862
45808
45788
45625
45618
45574
45554
45485
45368
45240
45218
45181
45128
44971
44967
44948
44922
44914
44885
44874
44695
44655
44622
44486
44481
44453
44324
44250
44212
44207
44115
43941
43931
43930
43863
43785
43747
43673
43630
43620
43619
43550
43529
43516
43327
43251
43212
43126
42960
42954
42869
42860
42632
42616
42507
42428
42413
42384
42244
42211
42146
42077
42032
42019
41984
41863
41790
41662
41604
41508
41498
41478
41474
41416
41385
41378
41337
41277
41270
41193
41175
41144
41000
40983
40975
40941
40910
40803
40781
40738
40700
40688
40665
40622
40615
40613
40580
40415
40389
40367
40267
40245
40128
40122
40023
40011
39992
39964
39948
39940
39755
39691
39683
39602
39596
39586
39462
39454
39306
39214
39162
39094
39007
38981
38882
38805
38793
38789
38788
38720
38707
38666
38649
38624
38616
38554
38531
38446
38307
38296
38162
38015
38002
37924
37829
37672
37655
37492
37473
37469
37447
37412
37402
37247
37123
37112
37082
37078
37059
37050
37022
36991
36973
36968
36892
36871
36803
36801
36762
36711
36690
36545
36526
36488
36370
36268
36236
36176
36173
36110
36037
36021
35973
35962
35795
35764
35726
35700
35697
35678
35614
35583
35578
35557
35521
35447
35271
35194
35192
35175
35088
35060
35031
34874
34764
34759
34747
34726
34617
34491
34410
34381
34304
34299
34245
34197
34170
34097
34090
34015
33761
33707
33604
33546
33287
33250
33240
33102
33101
33061
33038
32964
32959
32895
32877
32783
32761
32706
32696
32682
32646
32616
32588
32420
32402
32390
32313
32279
32262
32171
32114
32060
32043
31991
31977
31911
31854
31842
31709
31679
31557
31477
31376
31340
31299
31272
31235
31231
31206
31159
31117
31115
31051
30998
30991
30975
30924
30922
30839
30830
30828
30712
30711
30677
30671
30632
30628
30613
30606
30571
30561
30543
30516
30479
30427
30426
30394
30349
30315
30246
30240
30220
30164
30144
30133
30131
30047
29897
29848
29828
29763
29749
29746
29686
29671
29646
29645
29637
29617
29571
29518
29492
29419
29326
29090
28985
28979
28961
28932
28856
28848
28812
28809
28590
28587
28580
28556
28547
28408
28277
28045
27999
27965
27914
27854
27753
27744
27698
27613
27603
27481
27390
27380
27371
27349
27311
27207
27173
27134
27128
27082
27069
26846
26842
26796
26794
26646
26445
26376
26351
26327
26210
26193
26133
26078
26076
26042
26022
26013
25971
25952
25918
25873
25824
25778
25774
25610
25438
25373
25369
25274
25236
25174
25107
25046
24955
24893
24887
24857
24828
24739
24474
24433
24398
24357
24265
24214
24212
24182
24162
24128
24111
24093
24087
24077
24052
23985
23959
23852
23849
23835
23765
23744
23743
23731
23713
23575
23550
23489
23480
23471
23421
23412
23392
23347
23329
23299
23239
23232
23128
23060
22940
22934
22882
22724
22678
22655
22640
22626
22618
22573
22550
22544
22525
22502
22501
22395
22348
22309
22266
22189
22084
22072
22027
22013
21985
21941
21934
21868
21814
21766
21693
21642
21629
21586
21584
21538
21367
21341
21322
21295
21288
21275
21273
21257
21196
21158
21114
21100
20997
20965
20962
20956
20911
20858
20786
20722
20705
20677
20554
20517
20502
20489
20463
20380
20166
20142
20138
20077
19949
19930
19903
19867
19853
19842
19769
19682
19565
19540
19475
19472
19438
19337
19272
19194
19164
19147
19111
18987
18866
18841
18798
18733
18672
18521
18504
18428
18323
18300
18284
18215
18155
18086
18068
18066
17970
17926
17847
17796
17789
17780
17759
17752
17743
17725
17680
17661
17636
17499
17448
17394
17327
17304
17280
17247
17085
16990
16973
16966
16952
16949
16793
16790
16789
16749
16712
16706
16680
16678
16632
16541
16431
16369
16339
16324
16170
16130
15979
15974
15935
15913
15879
15816
15662
15523
15473
15446
15424
15408
15406
15349
15234
15192
15176
15166
15148
15098
15035
14900
14864
14838
14791
14760
14656
14584
14516
14436
14412
14366
14310
14302
14289
14284
14109
14101
14053
14052
13940
13914
13907
13871
13851
13832
13795
13698
13622
13583
13523
13517
13489
13385
13351
13343
13215
13192
13125
13070
13010
12963
12932
12921
12825
12819
12799
12716
12664
12646
12631
12589
12589
12423
12293
12283
12261
12169
12122
12068
12050
11954
11946
11864
11831
11805
11724
11675
11655
11637
11636
11539
11451
11426
11420
11377
11318
11292
11285
11281
11276
11239
11153
11139
11095
11014
11008
10997
10980
10952
10895
10869
10864
10860
10768
10684
10676
10571
10552
10472
10312
10303
10189
10129
10100
10082
9965
9889
9884
9835
9774
9679
9662
9617
9617
9551
9515
9401
9385
9363
9267
9259
9200
9124
9117
9071
9047
8987
8969
8959
8917
8800
8664
8655
8622
8620
8559
8485
8425
8409
8374
8337
8297
8157
8153
7970
7845
7829
7797
7779
7761
7706
7640
7575
7465
7460
7438
7384
7321
7236
7160
7115
7113
6959
6950
6937
6909
6766
6756
6592
6497
6490
6490
6289
6077
6061
5910
5745
5716
5640
5628
5595
5548
5463
5344
5321
5236
5166
5145
5137
5084
5060
5052
5043
4943
4795
4785
4770
4768
4767
4736
4456
4424
4413
4357
4334
4251
4230
4185
4179
4167
4153
4117
4067
4045
4008
3892
3865
3848
3836
3809
3744
3676
3648
3643
3570
3561
3518
3446
3408
3403
3380
3353
3311
3301
3290
3258
3160
3122
3117
3099
3075
3048
3037
2950
2912
2871
2808
2797
2791
2755
2731
2729
2681
2603
2486
2429
2421
2390
2350
2323
2299
2288
2262
2242
2200
2173
2171
2082
2035
1991
1958
1809
1755
1685
1670
1539
1537
1468
1463
1422
1379
1336
1251
1234
1209
1126
1084
991
979
902
597
556
371
284
275
266
265
204
141
109
108
