99969
99922
99892
99858
99612
99567
99418
99378
99347
99252
99218
99027
99024
99000
98841
98840
98737
98674
98673
98574
98553
98470
98383
98371
98297
98204
98175
98059
97911
97911
97909
97900
97855
97846
97800
97780
97775
97711
97685
97642
97599
97593
97568
97482
97467
97406
97406
97387
97295
97183
97063
97055
97049
96895
96817
96810
96792
96767
96756
96680
96643
96572
96390
96224
96165
96114
96093
96088
96065
96022
96016
95996
95863
95763
95741
95734
95705
95690
95587
95583
95578
95539
95503
95481
95461
95461
95431
95302
95229
95151
95146
95121
95067
94948
94786
94756
94572
94554
94496
94486
94424
94402
94393
94392
94305
94263
94225
94205
94200
94171
94162
94092
94069
94052
94020
93946
93825
93756
93700
93694
93677
93621
93584
93573
93566
93476
93407
93319
93318
93247
93213
93038
93022
92931
92914
92913
92893
92827
92764
92762
92582
92569
92546
92352
92315
92267
92266
92229
92075
91995
91981
91955
91933
91883
91867
91818
91807
91752
91716
91709
91645
91507
91426
91376
91367
91358
91297
91206
91200
91106
91090
91077
91076
91028
90897
90847
90845
90838
90829
90818
90776
90771
90737
90704
90699
90689
90674
90598
90507
90493
90477
90470
90420
90397
90395
90394
90320
90293
90232
90213
90184
90176
90163
90151
90134
90008
89995
89976
89665
89587
89581
89572
89568
89565
89557
89540
89532
89468
89395
89296
89175
89169
89166
89089
89089
89076
89020
89019
89012
88976
88958
88874
88808
88758
88701
88683
88658
88643
88556
88549
88499
88455
88446
88411
88380
88324
88321
88290
88220
88073
88070
87872
87839
87733
87622
87605
87597
87429
87257
87195
87193
87124
87116
87103
87058
87029
86968
86952
86933
86852
86771
86760
86749
86748
86736
86621
86584
86536
86504
86420
86394
86329
86319
86285
86261
86193
86161
86154
86036
85997
85993
85981
85959
85939
85929
85929
85886
85847
85761
85714
85714
85557
85502
85392
85384
85351
85290
85192
85168
85159
85115
85077
85070
85039
84994
84857
84818
84794
84708
84681
84665
84640
84503
84458
84406
84385
84283
84195
84157
83911
83884
83809
83648
83622
83601
83592
83548
83278
83216
83106
83082
82902
82897
82875
82864
82768
82671
82551
82485
82484
82445
82372
82297
82216
82177
82143
82138
82031
82000
81967
81950
81897
81880
81860
81818
81738
81667
81654
81631
81364
81325
81318
81302
81279
81278
81271
81246
81178
81012
80976
80896
80838
80804
80728
80711
80692
80643
80619
80601
80494
80429
80427
80314
80229
80182
80069
79971
79952
79941
79927
79793
79768
79673
79669
79636
79598
79571
79542
79539
79432
79423
79162
79130
79069
78992
78838
78798
78763
78713
78706
78686
78639
78610
78584
78559
78547
78546
78536
78529
78496
78467
78432
78369
78249
78209
78178
78166
78155
78139
78052
77934
77847
77748
77734
77707
77650
77574
77545
77482
77439
77389
77327
77280
77162
77156
77012
77005
76993
76981
76973
76917
76895
76852
76826
76799
76787
76776
76762
76731
76702
76654
76640
76616
76588
76586
76526
76518
76350
76234
76225
76190
76113
76106
76101
76080
76041
76033
76010
75948
75901
75860
75805
75769
75755
75700
75679
75669
75663
75606
75597
75526
75485
75416
75412
75342
75315
75287
75198
75141
75114
75092
75082
75042
75016
74997
74976
74965
74925
74823
74780
74616
74443
74419
74396
74394
74321
74277
74227
74224
74201
74110
74061
74056
74023
74010
73909
73795
73683
73609
73570
73508
73463
73298
73265
73206
73185
73133
73089
73061
73057
73038
73019
73004
72846
72753
72683
72632
72617
72573
72559
72497
72470
72347
72245
72186
72116
72114
72106
72086
72067
72056
72024
72001
71996
71978
71967
71937
71924
71896
71870
71833
71818
71706
71703
71617
71595
71504
71472
71443
71380
71246
71238
71095
71066
71011
70910
70905
70895
70853
70833
70785
70744
70701
70605
70588
70542
70436
70386
70212
70207
70164
70095
70013
70008
69885
69806
69794
69780
69714
69693
69684
69577
69577
69527
69474
69419
69396
69342
69288
69230
69171
69163
69128
69112
69042
69014
68988
68958
68958
68941
68940
68906
68827
68709
68547
68493
68466
68435
68342
68328
68320
68294
68237
68210
68206
68192
68180
68173
68162
68154
68133
68022
67965
67946
67938
67904
67837
67797
67653
67638
67532
67362
67320
67300
67275
67258
67155
67127
67103
67102
67085
67063
67046
67041
66984
66880
66841
66742
66726
66628
66495
66484
66460
66387
66242
66138
66057
66019
65968
65958
65907
65903
65876
65772
65633
65282
65271
65266
65254
65208
65173
65159
65129
65106
65095
65063
65060
65020
64985
64965
64956
64922
64803
64786
64761
64745
64725
64616
64585
64416
64411
64391
64348
64313
64204
64193
64071
64004
63918
63889
63886
63872
63837
63713
63596
63569
63504
63333
63303
63266
63225
63222
62982
62897
62715
62658
62650
62645
62639
62560
62557
62543
62477
62474
62466
62449
62288
62098
62085
61918
61831
61831
61768
61588
61473
61308
61256
61244
61145
61119
61099
61078
61020
60962
60956
60832
60793
60785
60779
60774
60629
60624
60536
60416
60132
60126
60112
60063
59979
59969
59929
59889
59790
59772
59755
59686
59668
59632
59606
59592
59553
59422
59407
59338
59328
59152
59107
59030
59017
58941
58882
58877
58867
58819
58753
58627
58624
58545
58485
58436
58429
58426
58406
58367
58311
58302
58263
58178
58175
58124
58063
58049
57967
57927
57922
57827
57771
57735
57700
57626
57582
57519
57489
57457
57402
57324
57304
57272
57196
57112
57109
57080
56990
56943
56929
56901
56783
56569
56565
56552
56412
56400
56399
56381
56359
56336
56303
56215
56167
56163
56146
56118
56095
56008
56001
55953
55935
55929
55900
55841
55732
55708
55701
55695
55680
55606
55588
55547
55510
55445
55347
55297
55271
55041
55014
55010
55002
54926
54877
54853
54817
54792
54780
54689
54687
54672
54622
54538
54447
54356
54354
54346
54211
54166
54105
54091
54010
53920
53914
53911
53907
53900
53883
53860
53526
53522
53505
53493
53481
53416
53244
53196
53171
53116
53114
52991
52971
52934
52933
52931
52931
52907
52819
52788
52771
52722
52690
52627
52620
52571
52394
52378
52282
52157
52108
52094
52084
52038
51874
51866
51762
51747
51728
51569
51549
51525
51496
51475
51298
51244
51159
51115
51037
50973
50968
50958
50943
50871
50870
50853
50828
50696
50682
50429
50368
50318
50293
50242
50167
50145
50115
50050
50048
50039
50010
49978
49933
49880
49793
49791
49769
49641
49531
49529
49506
49501
49401
49379
49368
49278
49227
49196
49192
49189
49170
49128
49114
49063
48927
48842
48803
48757
48670
48637
48531
48527
48442
48404
48389
48387
48276
48231
48210
48123
48080
48066
48049
48017
48012
48012
47831
47827
47774
47773
47653
47624
47602
47572
47547
47528
47343
47324
47242
47226
47104
47073
47071
47010
46991
46983
46913
46890
46880
46873
46797
46772
46726
46726
46722
46681
46645
46574
46572
46507
46415
46321
46318
46264
46238
46225
46224
46199
46183
46150
46091
46033
46024
46018
46009
46001
45978
45963
45850
45816
45762
45660
45611
45596
45506
45465
45455
45455
45259
45208
45182
45067
45031
45019
44929
44864
44860
44793
44777
44716
44516
44459
44433
44432
44428
44399
44396
44395
44390
44253
44237
44211
44167
44165
44153
44105
43985
43971
43948
43907
43884
43765
43597
43335
43306
43275
43059
43039
42897
42832
42702
42654
42599
42580
42463
42408
42338
42317
42247
42185
42183
42142
42051
42019
41958
41943
41940
41910
41885
41875
41820
41751
41677
41650
41450
41392
41312
41250
41115
41061
41049
41033
41016
40966
40932
40917
40866
40792
40785
40735
40672
40635
40605
40595
40569
40535
40432
40266
40171
40111
40025
39956
39916
39905
39783
39704
39676
39676
39675
39669
39612
39577
39576
39529
39452
39452
39347
39336
39328
39240
39195
39185
39160
39131
39118
39072
39025
39018
38822
38729
38707
38602
38510
38500
38453
38429
38413
38257
38197
38013
38003
37990
37975
37850
37829
37810
37729
37653
37614
37581
37530
37508
37212
37211
37202
37097
37095
36945
36882
36837
36817
36778
36714
36695
36679
36574
36513
36505
36496
36488
36457
36431
36425
36396
36307
36262
36160
35980
35932
35909
35907
35903
35886
35880
35718
35647
35610
35562
35534
35518
35508
35471
35309
35303
35293
35288
35238
35175
35160
35107
35098
35075
35036
35031
35007
35000
34970
34968
34892
34780
34671
34670
34624
34615
34548
34522
34481
34328
34318
34251
34247
34223
34178
34123
34103
34009
33962
33899
33857
33826
33805
33777
33770
33710
33700
33686
33669
33668
33558
33537
33434
33388
33379
33303
33226
33225
33195
33160
33014
32905
32809
32699
32694
32587
32421
32414
32375
32348
32289
32235
32233
32231
32212
32211
32156
31979
31967
31874
31857
31855
31847
31820
31731
31714
31506
31339
31222
31208
31122
31095
31082
31057
31026
31002
30942
30893
30889
30818
30817
30791
30713
30711
30685
30671
30651
30569
30457
30453
30444
30394
30360
30359
30358
30324
30225
30193
30091
30071
30065
30040
29959
29945
29819
29815
29797
29770
29745
29650
29629
29611
29571
29533
29506
29332
29286
29257
29247
29036
28984
28959
28947
28946
28935
28913
28786
28773
28758
28741
28710
28684
28645
28509
28450
28359
28322
28208
28073
28070
27959
27942
27873
27872
27857
27853
27831
27809
27764
27623
27610
27426
27422
27398
27318
27316
27315
27310
27216
27127
27122
27034
26972
26945
26930
26901
26855
26747
26744
26698
26687
26659
26613
26469
26424
26375
26328
26263
26159
26011
25995
25882
25862
25808
25726
25700
25678
25500
25487
25387
25283
25231
25163
25123
25115
25062
25053
25009
24999
24976
24800
24797
24796
24762
24752
24744
24723
24714
24643
24602
24584
24563
24516
24435
24430
24404
24359
24352
24315
24262
24221
24166
24152
24109
24096
24033
23956
23935
23904
23887
23799
23684
23639
23632
23615
23609
23500
23423
23411
23366
23354
23247
23187
23172
23112
23045
22942
22939
22885
22875
22857
22825
22708
22706
22621
22612
22556
22521
22498
22382
22301
22271
22175
22114
22096
21937
21860
21774
21578
21484
21448
21435
21344
21326
21317
21299
21166
21031
20857
20792
20768
20753
20699
20677
20646
20590
20552
20444
20426
20411
20363
20276
20266
20245
20232
20173
20172
20170
20165
20109
20100
20032
19980
19859
19835
19685
19627
19614
19585
19548
19462
19424
19390
19301
19232
19212
19091
19027
18969
18882
18835
18824
18782
18729
18727
18721
18693
18690
18574
18567
18516
18513
18460
18388
18236
18210
18202
18175
18114
18111
18044
17978
17965
17879
17736
17685
17668
17589
17552
17545
17535
17477
17383
17249
17160
17145
17069
17062
17026
17022
16999
16878
16874
16868
16768
16721
16696
16651
16593
16390
16275
16198
16180
16119
15948
15943
15922
15890
15828
15823
15776
15763
15750
15715
15548
15503
15282
15237
15217
15215
15197
15101
14998
14981
14949
14922
14663
14656
14579
14576
14571
14485
14472
14433
14399
14366
14216
14172
14126
14111
14083
14053
14050
13981
13955
13935
13775
13709
13672
13645
13578
13554
13452
13422
13262
13205
13140
13042
13008
13001
12919
12915
12880
12835
12813
12661
12644
12640
12630
12593
12463
12420
12383
12366
12338
12337
12333
12329
12327
12259
12134
12062
12047
12032
12019
11999
11962
11945
11917
11913
11856
11824
11813
11746
11705
11680
11658
11637
11579
11562
11559
11505
11415
11361
11308
11248
11164
11130
11083
11072
11037
10993
10888
10887
10872
10766
10765
10734
10725
10672
10628
10561
10496
10460
10456
10438
10435
10357
10275
10212
10195
10191
10173
10150
10055
10024
10003
9982
9952
9929
9886
9802
9788
9749
9687
9675
9640
9630
9600
9569
9534
9529
9507
9397
9335
9309
9219
9179
9125
9120
8972
8916
8858
8846
8765
8751
8716
8709
8686
8412
8391
8355
8318
8259
8259
8258
8247
8129
8095
8011
8000
7970
7957
7867
7845
7762
7654
7485
7424
7418
7250
7203
7190
7178
7115
7075
7049
6908
6858
6857
6831
6821
6769
6747
6727
6669
6472
6434
6086
6012
5999
5861
5823
5744
5709
5651
5616
5534
5394
5392
5371
5332
5315
5307
5286
5283
5262
5254
5239
5233
5162
5098
4962
4833
4719
4714
4703
4604
4590
4532
4507
4478
4416
4317
4225
4218
4085
3903
3882
3834
3826
3768
3767
3661
3632
3603
3555
3533
3349
3298
3118
3093
3053
3007
2991
2773
2736
2724
2668
2594
2567
2524
2461
2406
2368
2355
2199
2171
2169
2148
2045
1947
1850
1848
1793
1748
1632
1621
1601
1590
1582
1569
1525
1431
1387
1380
1375
1371
1364
1204
1145
1139
1126
907
840
819
793
721
721
631
495
465
456
416
394
322
249
10
