99988
99957
99829
99822
99814
99802
99779
99728
99708
99588
99564
99499
99439
99430
99383
99355
99330
99326
99260
99153
99103
99090
99087
99086
99083
99077
98985
98957
98936
98746
98738
98706
98703
98689
98682
98681
98606
98555
98545
98238
98182
98176
98175
98100
98076
98040
97911
97901
97850
97703
97687
97651
97556
97530
97518
97500
97480
97471
97452
97416
97292
97289
97101
97092
97016
96978
96972
96845
96831
96815
96754
96744
96653
96651
96618
96573
96518
96507
96435
96392
96350
96273
96192
96176
96174
96080
95990
95965
95958
95930
95893
95859
95732
95726
95725
95633
95542
95498
95353
95281
95267
95181
95180
95008
94996
94964
94930
94818
94733
94703
94651
94592
94547
94517
94482
94258
94217
93951
93911
93888
93773
93755
93732
93692
93658
93614
93579
93497
93467
93447
93377
93331
93244
93228
93214
93200
93081
92944
92856
92843
92823
92756
92723
92705
92677
92659
92647
92600
92597
92507
92379
92370
92321
92307
92291
92290
92273
92179
92150
92093
92062
92059
92042
92012
91857
91803
91791
91684
91629
91598
91596
91537
91499
91414
91202
91174
91107
90930
90829
90821
90796
90731
90729
90703
90663
90661
90655
90614
90613
90581
90504
90448
90405
90365
90342
90149
90064
90031
90017
89999
89908
89854
89843
89766
89764
89608
89585
89548
89513
89455
89415
89380
89288
89214
89117
89026
89026
88958
88947
88885
88881
88855
88850
88845
88815
88809
88727
88727
88604
88535
88502
88289
88279
88242
88234
88219
88190
88130
88083
88018
87948
87898
87891
87861
87834
87762
87759
87663
87643
87597
87571
87525
87522
87496
87488
87426
87418
87216
87121
87076
87069
87047
87038
87037
87019
86966
86949
86897
86828
86820
86816
86754
86720
86651
86634
86563
86526
86478
86430
86289
86215
86214
86176
86172
86156
86149
86091
86062
85961
85816
85720
85718
85621
85571
85566
85449
85446
85379
85318
85303
85190
85162
85117
85108
85100
85018
84973
84905
84868
84853
84843
84809
84622
84541
84520
84511
84503
84496
84448
84446
84372
84259
84207
84164
84075
84017
83909
83855
83841
83784
83547
83544
83539
83467
83458
83406
83361
83323
83258
83165
83109
83109
82892
82795
82755
82650
82632
82623
82615
82607
82575
82526
82526
82504
82485
82485
82301
82299
82242
82065
81975
81969
81906
81900
81849
81837
81759
81745
81711
81707
81678
81659
81650
81609
81551
81481
81353
81344
81341
81329
81220
81210
81084
81081
80997
80971
80906
80819
80746
80668
80610
80568
80519
80489
80469
80414
80325
80307
80304
80250
80220
80104
80086
79982
79979
79917
79902
79884
79859
79851
79843
79762
79631
79425
79421
79372
79324
79270
79228
79164
79102
79081
79006
78961
78910
78910
78875
78826
78748
78739
78660
78636
78607
78587
78584
78559
78530
78494
78425
78393
78388
78378
78346
78238
78201
78132
78068
78033
78021
78005
77901
77805
77772
77732
77624
77617
77613
77587
77488
77452
77438
77430
77332
77263
77187
77186
77168
77140
77134
77132
76968
76914
76910
76887
76874
76872
76816
76809
76799
76696
76678
76596
76593
76578
76574
76543
76517
76508
76438
76389
76387
76361
76359
76332
76302
76299
76262
76247
76218
76195
76135
76126
76003
75999
75835
75831
75809
75775
75765
75688
75608
75452
75427
75413
75389
75385
75354
75192
75151
75149
75125
75081
75074
75034
74944
74843
74693
74688
74611
74557
74459
74418
74201
74149
74100
74096
74007
73936
73764
73745
73709
73660
73634
73622
73586
73569
73517
73502
73422
73390
73324
73201
73179
73157
73150
73104
72977
72943
72942
72937
72862
72787
72696
72557
72472
72458
72423
72358
72125
72103
72087
72051
71991
71946
71925
71838
71777
71762
71729
71708
71452
71422
71362
71286
71268
71244
71205
71172
71168
71082
70981
70914
70846
70816
70798
70797
70716
70713
70578
70540
70410
70390
70382
70366
70252
70252
70220
70212
70159
70090
70001
69985
69975
69961
69935
69888
69761
69596
69522
69501
69483
69479
69478
69430
69373
69335
69197
69194
68989
68988
68849
68836
68825
68821
68805
68795
68795
68662
68653
68597
68595
68529
68445
68415
68358
68225
68225
68087
68004
68002
67982
67915
67861
67843
67843
67801
67782
67758
67710
67660
67596
67483
67298
67274
67265
67254
67230
67226
67096
67058
67048
67000
66948
66933
66916
66849
66761
66673
66663
66627
66606
66599
66586
66578
66506
66488
66401
66275
66255
66240
66206
66193
66031
65930
65900
65853
65833
65709
65686
65675
65310
65261
65259
65226
65215
65138
65002
64976
64959
64946
64847
64777
64738
64667
64614
64611
64597
64578
64516
64416
64385
64375
64366
64356
64321
64118
64046
63956
63939
63831
63804
63730
63729
63693
63654
63611
63606
63581
63416
63307
63281
63272
63184
63162
63117
62991
62948
62884
62869
62831
62731
62680
62679
62657
62619
62599
62584
62507
62438
62396
62379
62327
62272
62250
62198
62143
62125
62099
62072
62023
61978
61915
61892
61890
61878
61847
61821
61798
61712
61603
61540
61464
61431
61292
61281
61251
61217
61204
61180
61098
61094
61065
60887
60884
60867
60850
60813
60708
60699
60693
60681
60656
60593
60592
60561
60454
60345
60332
60314
60302
60247
60133
60125
60113
60098
60018
59984
59955
59949
59937
59913
59861
59752
59744
59700
59660
59617
59584
59503
59452
59391
59387
59373
59368
59243
59114
59086
59069
58991
58957
58940
58881
58874
58849
58818
58812
58795
58736
58700
58590
58574
58473
58415
58362
58303
58203
58157
58041
58003
57989
57981
57935
57904
57701
57652
57559
57491
57453
57394
57364
57363
57308
57280
56919
56908
56805
56596
56566
56502
56484
56422
56344
56319
56218
56210
56207
56043
56027
56024
55992
55974
55944
55939
55891
55544
55506
55458
55317
55132
55067
55062
55046
54978
54876
54872
54769
54708
54621
54611
54601
54505
54459
54443
54382
54373
54253
54131
54065
54064
54028
54016
53908
53721
53632
53631
53594
53574
53443
53434
53220
53212
53194
53151
53096
53061
53037
52969
52852
52782
52725
52719
52675
52664
52642
52579
52547
52414
52404
52397
52302
52274
52167
52117
52004
51900
51812
51798
51781
51756
51708
51689
51649
51624
51605
51550
51539
51478
51464
51450
51421
51387
51333
51281
51226
51144
50996
50991
50957
50924
50910
50903
50896
50868
50782
50541
50470
50396
50340
50336
50328
50325
50304
50284
50278
50266
50240
50203
50164
50137
50112
50027
49994
49977
49967
49810
49787
49775
49653
49624
49622
49549
49344
49298
49281
49218
49214
49158
49074
49055
48986
48931
48901
48886
48847
48801
48743
48634
48630
48622
48548
48492
48420
48378
48330
48320
48314
48274
48249
48219
48206
48189
48171
48131
48128
48078
48042
48032
48014
47892
47857
47822
47711
47692
47584
47509
47499
47479
47468
47449
47315
47292
47268
47233
47133
47076
47052
47037
47032
46999
46996
46924
46902
46890
46785
46782
46651
46618
46609
46581
46539
46425
46333
46308
46262
46236
46206
46198
46063
46051
46000
45966
45960
45930
45907
45902
45897
45878
45733
45686
45685
45681
45636
45493
45476
45429
45387
45290
45244
45207
45205
45204
45162
45075
45043
45023
44980
44923
44878
44872
44827
44785
44597
44570
44432
44408
44403
44370
44345
44320
44297
44295
44237
44192
44007
43994
43941
43937
43883
43733
43625
43593
43545
43492
43480
43391
43340
43282
43216
43086
43085
42997
42929
42913
42867
42829
42808
42779
42720
42710
42621
42608
42552
42519
42300
42203
42201
42155
42135
42121
42078
42077
42007
41913
41862
41828
41828
41791
41787
41779
41710
41706
41635
41578
41514
41370
41367
41346
41233
41187
41142
41142
41094
41088
41001
40997
40837
40822
40800
40786
40748
40691
40662
40636
40625
40613
40610
40566
40515
40469
40418
40406
40278
40170
40053
39939
39810
39802
39648
39424
39353
39320
39296
39257
39246
39230
39224
39194
39083
39052
38993
38981
38974
38682
38666
38614
38574
38551
38464
38454
38428
38414
38395
38382
38367
38359
38341
38313
38302
38276
38224
38220
38157
38153
38134
38101
38058
38034
38022
37975
37889
37845
37832
37794
37781
37773
37735
37714
37608
37502
37490
37450
37095
37066
36920
36916
36909
36894
36893
36835
36747
36728
36684
36572
36566
36538
36520
36482
36471
36419
36378
36354
36348
36149
36114
36040
35982
35970
35868
35805
35799
35790
35786
35748
35732
35708
35663
35550
35509
35499
35423
35365
35318
35303
35261
35250
35114
35079
35001
34995
34985
34947
34870
34857
34850
34421
34343
34327
34261
34160
34073
34058
34055
34042
33927
33888
33712
33564
33562
33552
33516
33337
33212
33149
33067
32976
32947
32893
32742
32708
32670
32657
32563
32490
32442
32368
32350
32303
32233
32228
32142
32129
32126
32113
32091
32076
31956
31935
31865
31851
31850
31794
31688
31622
31598
31546
31512
31503
31427
31416
31374
31202
31194
31114
31096
31069
31049
31046
31040
30981
30950
30925
30885
30769
30757
30744
30743
30735
30698
30680
30660
30621
30480
30447
30435
30409
30379
30223
30085
29990
29850
29826
29780
29767
29748
29727
29590
29493
29457
29280
29258
29164
29145
29098
29058
28997
28990
28960
28933
28859
28859
28770
28721
28666
28660
28641
28564
28482
28258
28249
28247
28197
28181
28142
28026
27991
27936
27899
27894
27854
27817
27811
27804
27798
27763
27735
27706
27664
27652
27608
27605
27464
27347
27329
27172
27115
27041
27037
27014
27001
26999
26913
26832
26707
26630
26612
26552
26551
26373
26346
26340
26292
26160
26131
26075
26045
26015
25967
25957
25912
25902
25894
25842
25815
25782
25702
25684
25637
25522
25430
25394
25320
25279
25185
25170
25117
25025
25009
24995
24837
24822
24702
24680
24590
24535
24332
24255
24234
24223
24206
24182
24176
24142
24124
24045
24035
24029
23991
23985
23966
23925
23891
23857
23848
23788
23656
23635
23536
23517
23506
23484
23475
23475
23397
23386
23311
23288
23271
23256
23239
23235
23187
23145
22967
22848
22768
22600
22581
22468
22446
22400
22365
22358
22284
22155
22141
22020
21998
21932
21896
21888
21822
21776
21768
21694
21662
21639
21635
21628
21625
21611
21575
21538
21538
21528
21525
21483
21478
21309
21209
21182
21087
21084
20895
20883
20864
20862
20795
20783
20578
20531
20466
20460
20453
20450
20430
20401
20214
20124
20063
19950
19922
19843
19777
19771
19729
19677
19588
19584
19530
19460
19425
19375
19355
19335
19330
19252
19192
19091
19063
19060
19048
18979
18814
18812
18773
18669
18658
18638
18612
18595
18590
18459
18458
18417
18386
18380
18301
18270
18268
18183
18081
18024
18003
17955
17900
17897
17862
17858
17855
17836
17712
17703
17663
17630
17502
17432
17392
17369
17216
17211
17209
17206
17182
17162
17086
17044
16966
16824
16795
16740
16626
16613
16569
16560
16446
16298
16292
16274
16231
16224
16185
16179
16059
16037
15970
15894
15847
15803
15713
15675
15570
15555
15552
15487
15474
15418
15408
15386
15308
15300
15257
15110
15105
15031
15003
14990
14923
14872
14871
14748
14738
14703
14629
14621
14609
14560
14559
14544
14308
14134
14095
14077
14076
14072
13780
13758
13717
13646
13617
13569
13498
13469
13459
13437
13393
13353
13337
13187
13111
13087
13072
13043
13020
13000
12936
12934
12925
12893
12844
12814
12808
12807
12768
12719
12655
12599
12523
12473
12444
12405
12381
12357
12328
12271
12248
12073
11929
11787
11766
11749
11743
11729
11639
11637
11618
11573
11553
11298
11136
11136
11085
11021
11021
11010
10984
10980
10845
10801
10786
10784
10763
10756
10705
10688
10668
10513
10512
10425
10364
10351
10268
10267
10266
10095
10014
10009
9903
9877
9863
9844
9669
9557
9530
9527
9517
9498
9485
9334
9189
9131
9125
9081
9062
9045
8996
8874
8837
8814
8695
8689
8618
8595
8534
8504
8493
8381
8342
8267
8267
8211
8205
8187
7991
7986
7872
7865
7743
7705
7597
7532
7513
7437
7367
7348
7287
7272
7258
7207
7182
7161
7074
7062
7057
7011
6997
6990
6964
6924
6916
6864
6758
6640
6638
6637
6621
6586
6573
6568
6503
6326
6272
6230
6190
6041
5923
5915
5726
5714
5689
5626
5590
5560
5523
5519
5451
5405
5362
5186
5123
5105
5098
5092
4909
4612
4510
4355
4307
4213
4193
4103
3969
3892
3788
3738
3706
3678
3579
3511
3496
3281
3241
3202
3125
3072
2992
2991
2979
2940
2924
2885
2867
2864
2855
2814
2754
2636
2573
2571
2492
2451
2405
2359
2350
2297
2193
2178
2026
2006
2006
1910
1906
1890
1873
1772
1704
1596
1591
1582
1532
1518
1434
1430
1429
1425
1397
1275
1247
1172
1142
1135
1002
913
897
833
821
821
734
694
654
489
425
404
292
263
206
161
155
147
59
20
