99975
99924
99909
99861
99847
99843
99842
99827
99771
99760
99688
99636
99505
99504
99452
99432
99383
99370
99356
99346
99324
99290
99253
99193
99140
99135
98975
98960
98893
98837
98827
98778
98773
98772
98753
98665
98647
98609
98475
98451
98399
98364
98309
98294
98286
98104
98102
98034
98006
97912
97849
97747
97356
97352
97323
97271
97263
97178
97172
97166
97131
97127
97079
97051
97011
97010
96996
96969
96960
96954
96885
96813
96742
96717
96705
96666
96661
96586
96554
96499
96477
96471
96448
96417
96392
96259
96256
96254
96251
96182
96093
96070
95975
95937
95815
95771
95757
95738
95730
95693
95687
95637
95591
95530
95412
95346
95333
95300
95274
95241
95212
95158
95140
95131
95075
94987
94976
94957
94869
94848
94654
94522
94514
94466
94407
94250
94206
94193
94190
94066
94066
94058
94051
94041
94017
93970
93919
93903
93892
93877
93844
93819
93799
93784
93772
93683
93623
93622
93609
93606
93591
93572
93534
93516
93429
93310
93233
93228
93034
92936
92777
92756
92545
92538
92489
92452
92447
92354
92333
92299
92210
92203
92197
92146
92132
92110
91752
91729
91676
91662
91529
91442
91353
91320
91263
91147
91083
91078
91010
91004
90948
90939
90925
90881
90794
90766
90687
90666
90614
90588
90582
90560
90551
90548
90539
90488
90415
90305
90271
90271
90265
90026
89940
89938
89877
89875
89836
89738
89727
89616
89611
89552
89543
89537
89499
89434
89389
89384
89336
89286
89203
89172
89113
89094
89082
89037
88937
88904
88899
88763
88665
88611
88518
88467
88463
88383
88335
88291
88271
88267
88195
88174
88161
88150
88141
88138
88085
88029
88004
88000
87910
87891
87758
87616
87615
87579
87576
87553
87541
87523
87521
87498
87485
87409
87402
87338
87239
87222
86984
86947
86914
86879
86863
86849
86820
86801
86796
86786
86762
86757
86672
86635
86562
86416
86408
86339
86312
86301
86209
86193
86155
86044
85966
85958
85949
85900
85843
85682
85671
85652
85386
85236
85172
85126
85120
85058
85047
85032
85001
84849
84695
84653
84603
84568
84553
84517
84499
84480
84479
84464
84359
84187
84113
84030
84016
83987
83949
83940
83884
83863
83787
83685
83659
83601
83525
83513
83495
83488
83471
83469
83413
83373
83348
83328
83273
83251
83235
83229
83213
83138
83133
83091
83068
83060
83056
82959
82886
82883
82727
82715
82604
82578
82557
82542
82460
82350
82276
82243
82124
82115
81949
81801
81776
81766
81759
81757
81678
81623
81621
81620
81587
81440
81336
81262
81243
81207
81073
81046
80917
80895
80871
80770
80718
80712
80707
80583
80578
80563
80530
80475
80431
80431
80395
80378
80318
80313
80308
80293
80287
80210
80130
80079
80007
79983
79911
79871
79813
79809
79771
79725
79723
79568
79567
79536
79519
79492
79453
79443
79321
79228
79214
79194
79102
78976
78921
78871
78783
78770
78695
78681
78523
78465
78330
78277
78072
77951
77950
77910
77907
77877
77874
77867
77806
77725
77595
77470
77349
77269
77150
77120
77045
77031
77004
76858
76818
76740
76734
76725
76676
76645
76574
76509
76361
76342
76333
76323
76267
76254
76232
76212
76087
75979
75975
75948
75791
75706
75566
75518
75434
75432
75411
75407
75320
75295
75228
75189
75103
75097
75084
74993
74981
74911
74886
74845
74710
74702
74698
74679
74642
74629
74628
74628
74564
74381
74308
74192
74168
74134
74088
74029
73965
73965
73953
73764
73552
73475
73464
73305
73150
73123
73097
73023
72984
72913
72893
72765
72749
72724
72700
72696
72633
72601
72579
72558
72553
72551
72520
72501
72401
72276
72262
72261
72231
72219
72152
72062
72038
72008
71997
71967
71942
71940
71897
71801
71797
71716
71687
71583
71577
71541
71531
71431
71421
71314
71308
71270
71207
71200
71056
71035
70988
70796
70696
70666
70659
70617
70534
70525
70517
70461
70436
70378
70274
70214
70164
70144
70127
70094
70075
70001
69945
69880
69785
69746
69741
69674
69674
69659
69629
69562
69553
69546
69536
69461
69433
69427
69319
69253
69210
69204
69149
69017
68950
68949
68928
68906
68820
68805
68792
68787
68736
68594
68518
68516
68383
68321
68232
68191
68138
68086
68043
68027
68002
67913
67617
67563
67524
67511
67500
67464
67427
67369
67310
67293
67158
67155
67063
67025
67018
66906
66802
66764
66732
66678
66541
66501
66321
66252
66222
66218
66217
66205
66154
66150
66126
66066
65887
65872
65857
65749
65740
65738
65700
65697
65633
65531
65518
65478
65471
65456
65450
65402
65253
65247
65216
65164
65163
65160
65069
65006
64852
64779
64537
64522
64513
64465
64398
64358
64328
64282
64265
64230
64192
64109
64020
64009
63968
63835
63756
63756
63740
63740
63732
63650
63648
63464
63424
63420
63380
63367
63193
63169
63053
63018
62986
62961
62951
62912
62910
62857
62823
62775
62774
62745
62682
62611
62598
62591
62474
62370
62336
62331
62181
62136
62124
62115
62076
62055
62039
61948
61923
61895
61861
61823
61801
61766
61701
61666
61629
61612
61603
61562
61458
61432
61316
61275
61128
61094
61062
61015
60977
60877
60837
60833
60814
60786
60696
60603
60589
60543
60456
60431
60414
60410
60375
60313
60206
60148
60048
59990
59920
59917
59889
59832
59818
59775
59755
59728
59721
59702
59678
59645
59631
59580
59567
59553
59542
59515
59484
59452
59401
59307
59264
59249
59238
59099
59040
58923
58862
58824
58804
58662
58624
58345
58277
58274
58257
58244
58215
58183
58170
58169
58169
58127
58108
58023
58002
57988
57952
57940
57934
57917
57869
57832
57818
57795
57741
57636
57602
57549
57519
57475
57380
57369
57187
57132
57104
56950
56935
56877
56834
56805
56760
56519
56509
56498
56427
56421
56386
56372
56364
56362
56307
56167
56115
55981
55970
55933
55903
55883
55860
55752
55691
55685
55654
55547
55542
55494
55455
55442
55373
55368
55312
55298
55249
55237
55218
55206
55188
55137
55131
55106
54992
54992
54936
54808
54807
54701
54660
54620
54537
54467
54379
54331
54254
54253
54208
54182
54075
54059
53995
53989
53924
53887
53827
53818
53767
53762
53690
53603
53593
53536
53516
53460
53427
53390
53256
53191
53176
53175
53157
53083
52768
52765
52663
52636
52632
52609
52481
52060
51794
51752
51742
51720
51616
51533
51507
51480
51415
51401
51283
51244
51228
50996
50953
50878
50790
50789
50774
50763
50728
50636
50616
50602
50552
50519
50516
50497
50493
50480
50473
50385
50250
50242
50139
50089
50025
50024
49968
49965
49908
49854
49835
49786
49704
49675
49664
49648
49615
49596
49562
49441
49423
49411
49410
49207
49197
49148
49114
49102
49098
48986
48973
48950
48948
48817
48781
48779
48778
48727
48719
48609
48605
48532
48510
48446
48433
48432
48367
48354
48347
48332
48315
48315
48299
48296
48296
48252
48229
48217
48199
48154
48109
48107
48105
48071
48025
48001
47976
47894
47877
47844
47803
47783
47685
47555
47507
47470
47431
47426
47413
47333
47295
47286
47273
47229
47196
47185
47139
47117
47023
47015
46955
46871
46786
46737
46670
46562
46512
46439
46379
46371
46297
46240
46220
46184
46130
46104
46065
46043
45943
45930
45791
45709
45702
45552
45533
45516
45456
45399
45359
45285
45256
45225
45209
45097
45063
45024
45021
45016
44898
44815
44792
44784
44703
44661
44660
44642
44637
44611
44528
44494
44332
44303
44121
44084
44051
44044
43970
43964
43961
43914
43566
43550
43512
43462
43387
43376
43310
43294
43281
43119
43067
42867
42670
42626
42623
42567
42517
42467
42400
42330
42278
42257
42248
42134
42051
41984
41955
41916
41880
41708
41662
41608
41520
41324
41304
41298
41233
41175
41138
41108
41072
40979
40797
40793
40726
40697
40688
40634
40582
40499
40438
40415
40392
40299
40215
40133
40118
40086
40050
40033
39985
39959
39842
39810
39642
39545
39484
39414
39401
39394
39273
39270
39226
39156
39151
39120
39106
39086
39025
38992
38989
38973
38938
38853
38820
38781
38728
38711
38710
38693
38619
38540
38518
38506
38476
38266
38228
38197
38065
38026
38026
37983
37953
37894
37893
37887
37689
37687
37639
37518
37515
37437
37391
37383
37378
37199
37099
37048
36876
36814
36808
36728
36712
36708
36706
36703
36702
36668
36642
36631
36502
36480
36467
36423
36365
36348
36305
36224
36141
36070
35744
35682
35640
35637
35517
35508
35449
35390
35207
35124
35122
35016
34959
34712
34686
34618
34579
34509
34482
34450
34405
34318
34303
34216
34189
34130
34098
34092
34060
34021
34015
33985
33981
33969
33922
33905
33743
33741
33730
33701
33629
33605
33491
33478
33473
33470
33457
33456
33436
33212
33203
33142
33062
33011
32949
32939
32893
32851
32833
32771
32663
32659
32650
32620
32553
32524
32392
32379
32318
32274
32219
32165
32161
32130
32018
31993
31939
31857
31855
31826
31734
31648
31574
31549
31504
31440
31386
31250
31229
31182
31035
30999
30993
30820
30788
30756
30702
30669
30418
30415
30219
30133
30121
30083
30059
29918
29825
29741
29634
29556
29446
29392
29344
29245
29204
29146
29132
29103
29062
29048
29045
29018
29007
28937
28924
28903
28699
28557
28521
28471
28399
28364
28362
28341
28268
28237
28196
28195
28100
28065
28062
28056
28037
27988
27959
27884
27666
27654
27590
27577
27573
27570
27519
27462
27277
27267
27248
27235
27186
27185
27173
27097
27077
27061
27027
26939
26907
26885
26819
26814
26751
26712
26697
26681
26668
26657
26651
26582
26564
26548
26528
26506
26433
26362
26355
26334
26276
26152
26117
26109
25996
25983
25922
25845
25681
25644
25604
25603
25554
25510
25490
25477
25436
25314
25253
25235
25216
24956
24880
24871
24838
24784
24748
24624
24518
24415
24399
24339
24333
24311
24304
24285
23918
23805
23791
23731
23720
23690
23684
23680
23631
23490
23394
23382
23280
23232
23171
23144
23139
23079
22943
22890
22882
22845
22817
22816
22788
22753
22704
22577
22506
22433
22397
22282
22281
22266
22194
22134
22124
22021
21997
21947
21864
21779
21643
21582
21501
21390
21385
21360
21357
21341
21338
21331
21309
21162
21102
21086
21049
21038
20971
20916
20890
20866
20839
20834
20806
20747
20727
20699
20698
20635
20602
20427
20404
20358
20352
20330
20259
20103
20097
20058
19934
19903
19868
19755
19751
19489
19428
19264
19168
19133
19119
19111
19058
19040
18998
18951
18873
18820
18818
18753
18752
18735
18702
18700
18695
18694
18623
18613
18571
18503
18440
18407
18402
18308
18267
18217
18209
18125
18062
17986
17974
17863
17860
17770
17604
17546
17537
17445
17395
17379
17377
17276
17170
17111
17089
17074
17063
17050
17007
16991
16986
16932
16866
16863
16775
16715
16673
16614
16562
16535
16439
16423
16405
16373
16054
16043
15951
15805
15748
15637
15606
15494
15446
15320
15276
15224
15216
15166
15124
15107
15075
15061
15050
15049
15015
14906
14875
14815
14791
14638
14630
14569
14529
14503
14496
14473
14186
14163
14113
14112
14050
14019
13967
13869
13775
13769
13734
13669
13664
13640
13620
13605
13525
13495
13447
13363
13310
13184
13180
13066
13008
12996
12928
12881
12796
12666
12642
12628
12624
12618
12607
12512
12493
12330
12143
12108
12101
12088
11927
11784
11782
11765
11752
11705
11689
11611
11567
11457
11417
11337
11327
11304
11289
11168
11104
11039
11033
10985
10968
10953
10894
10842
10772
10721
10710
10643
10535
10517
10461
10433
10392
10344
10290
10253
10236
10231
10225
10157
10148
10044
10013
9896
9888
9767
9757
9685
9615
9521
9499
9480
9453
9451
9412
9375
9360
9326
9282
9268
9257
9244
9198
9197
9116
9053
9035
9035
9024
8998
8960
8918
8909
8888
8872
8825
8814
8717
8672
8655
8620
8583
8580
8567
8564
8487
8390
8380
8342
8334
8133
8096
7942
7919
7882
7858
7797
7754
7628
7612
7500
7490
7473
7417
7392
7350
7339
7290
7239
7141
7003
6974
6958
6939
6877
6856
6849
6847
6826
6795
6655
6512
6447
6355
6354
6310
6298
6234
6214
6193
6185
6175
6162
6158
6119
6100
6061
5927
5913
5751
5705
5699
5661
5567
5562
5207
5199
5186
5095
5030
5014
4935
4900
4882
4862
4801
4751
4727
4721
4654
4590
4565
4498
4426
4394
4353
4328
4223
4213
4200
4165
4155
4059
4057
4051
4048
4048
3966
3805
3709
3358
3348
3254
3205
3163
3122
3107
3036
3007
3004
2888
2884
2861
2779
2709
2684
2632
2628
2589
2553
2450
2434
2417
2414
2340
2267
2264
2159
2155
2148
2126
2117
2045
1977
1952
1757
1729
1694
1592
1543
1519
1479
1448
1437
1421
1362
1324
1252
1107
1088
1080
1003
995
955
874
818
755
747
687
654
641
629
547
520
498
459
444
429
409
406
340
308
215
208
204
167
136
130
