99967
99939
99934
99909
99870
99807
99740
99696
99686
99516
99489
99429
99416
99325
99296
99263
99262
99173
99145
99133
99061
99006
98884
98735
98699
98636
98615
98536
98409
98339
98328
98229
98203
98201
98075
98052
98051
98010
97982
97944
97918
97883
97846
97789
97720
97650
97589
97581
97570
97395
97228
97222
97206
97188
97028
96966
96903
96872
96802
96714
96690
96612
96608
96515
96439
96431
96255
96248
96247
96242
96238
96179
96139
96138
96056
96049
95999
95982
95943
95881
95852
95843
95669
95661
95650
95636
95611
95611
95562
95515
95482
95356
95309
95308
95298
95297
95281
95226
95198
95181
95175
95165
95068
95031
95007
94934
94905
94884
94842
94819
94779
94716
94694
94667
94571
94551
94440
94429
94256
94225
94225
94223
94161
94126
93863
93853
93838
93818
93785
93775
93700
93621
93614
93593
93562
93551
93532
93415
93260
93245
93176
93144
93125
93054
92999
92957
92906
92848
92728
92727
92726
92650
92582
92574
92460
92453
92415
92362
92348
92341
92273
92164
92152
92130
92087
92084
92041
92041
92009
91977
91927
91857
91744
91707
91702
91661
91597
91499
91423
91352
91321
91314
91297
91275
91273
91198
91129
91106
91101
91060
91046
91011
90941
90929
90922
90845
90628
90610
90594
90490
90466
90380
90345
90289
90258
90248
90235
90207
90201
90170
90162
90127
90091
90074
89975
89957
89812
89806
89764
89685
89678
89580
89559
89552
89523
89424
89421
89418
89349
89325
89215
89138
89136
88987
88944
88820
88708
88690
88660
88584
88486
88482
88425
88419
88381
88277
88261
88224
88206
88158
88150
88124
88067
88062
87949
87903
87828
87804
87801
87687
87581
87514
87504
87496
87483
87415
87331
87294
87281
87250
86811
86809
86770
86744
86647
86621
86616
86354
86302
86296
86295
86200
86191
86129
85995
85867
85800
85799
85707
85669
85611
85564
85368
85281
85236
85199
85045
84905
84874
84852
84837
84821
84767
84766
84707
84665
84640
84577
84568
84550
84531
84504
84503
84491
84451
84434
84361
84332
84325
84324
84319
84255
83957
83864
83857
83839
83822
83713
83699
83608
83567
83535
83352
83326
83260
83252
83224
83156
83148
83072
83002
82942
82716
82581
82494
82401
82291
82290
82105
82084
82063
81941
81923
81900
81861
81853
81851
81770
81637
81630
81625
81586
81481
81481
81402
81391
81312
81238
81131
80718
80708
80630
80625
80524
80465
80376
80349
80316
80253
80240
80237
80216
80160
80154
80130
80124
80090
80083
79979
79963
79930
79808
79804
79687
79457
79439
79372
79354
79338
79325
79319
79319
79315
79266
79177
79065
78981
78956
78943
78906
78880
78874
78752
78710
78681
78644
78641
78609
78581
78534
78511
78500
78460
78453
78359
78310
78301
78299
78275
78273
78132
78084
78040
77991
77934
77882
77857
77853
77766
77709
77670
77568
77546
77527
77476
77398
77391
77378
77342
77227
77162
77119
77059
77006
76962
76870
76860
76735
76692
76637
76617
76582
76577
76523
76511
76464
76405
76201
76181
75898
75698
75692
75676
75648
75647
75611
75425
75415
75410
75404
75377
75314
75311
75277
75229
75169
75009
74990
74941
74923
74901
74866
74783
74676
74493
74451
74344
74221
74201
74122
74094
74077
73929
73792
73743
73710
73619
73478
73458
73425
73394
73323
73282
73267
73266
73262
73255
73227
73186
73088
73024
73021
73015
72981
72960
72895
72866
72821
72817
72802
72741
72717
72653
72587
72525
72515
72488
72432
72382
72168
72155
72140
72057
72010
71970
71801
71778
71688
71629
71449
71229
71178
71162
71148
70899
70794
70738
70693
70681
70677
70635
70379
70363
70341
70257
70129
70107
70036
69987
69926
69917
69825
69773
69749
69663
69656
69624
69587
69553
69485
69444
69438
69427
69413
69354
69289
69283
69096
69026
68982
68975
68866
68838
68771
68700
68684
68608
68598
68547
68525
68480
68442
68371
68346
68278
68201
68170
68152
68105
68029
67997
67970
67951
67924
67901
67778
67752
67643
67413
67328
67322
67281
67230
67220
67156
67114
67104
67066
67063
67041
67031
66998
66973
66961
66880
66700
66675
66384
66375
66371
66297
66273
66265
66197
66193
66168
66149
66052
66046
66003
65871
65751
65749
65699
65634
65585
65546
65532
65513
65461
65451
65384
65355
65268
65194
65184
65177
65174
65171
65098
65026
65004
64978
64950
64904
64901
64753
64585
64500
64449
64438
64334
64332
64329
64223
64097
64074
64036
64014
63886
63815
63801
63791
63779
63742
63693
63673
63619
63611
63601
63569
63513
63492
63333
63229
63136
63134
63133
63128
63125
63118
62989
62985
62977
62974
62923
62920
62861
62808
62803
62787
62697
62689
62663
62635
62633
62627
62539
62468
62466
62404
62365
62351
62344
62246
62130
62129
62122
62028
62009
62002
61896
61828
61780
61760
61742
61684
61654
61620
61506
61452
61449
61433
61414
61386
61304
61272
61164
61026
61018
60981
60980
60962
60935
60920
60889
60817
60752
60713
60669
60650
60591
60457
60451
60432
60412
60402
60295
60190
60172
60118
60108
60106
60101
60099
60057
60034
59999
59976
59893
59806
59712
59553
59549
59547
59515
59503
59454
59247
59239
59187
59090
59044
59027
58895
58822
58802
58772
58757
58711
58706
58703
58691
58666
58642
58596
58496
58456
58411
58372
58299
58251
58230
58205
58188
58136
58100
58098
58089
58072
57947
57924
57904
57897
57793
57732
57623
57613
57504
57495
57346
57308
57281
57265
57159
57118
57020
57014
57007
56935
56896
56817
56814
56808
56787
56541
56465
56450
56445
56434
56425
56367
56335
56315
56284
56171
56128
56083
56082
56080
56051
55892
55864
55844
55837
55806
55765
55726
55723
55675
55622
55554
55525
55458
55446
55378
55331
55318
55270
55260
55253
55235
55208
55195
55183
55153
55151
55132
55102
55032
55018
55001
54969
54868
54853
54845
54771
54769
54760
54710
54578
54566
54533
54480
54466
54426
54411
54406
54375
54362
54284
54111
54075
54056
53981
53924
53867
53731
53728
53692
53552
53536
53427
53420
53420
53416
53346
53296
53277
53205
53183
53170
53168
53133
52977
52836
52709
52696
52685
52675
52565
52553
52531
52488
52457
52368
52339
52324
52322
52130
52036
52003
51996
51957
51950
51931
51843
51596
51587
51533
51511
51494
51443
51323
51274
51228
51080
51078
51007
50968
50828
50804
50758
50610
50477
50455
50432
50392
50358
50262
50185
50140
50082
50045
50012
50005
49978
49971
49842
49639
49564
49504
49486
49482
49404
49377
49340
49286
49214
49204
49180
49143
49141
49106
49044
49022
48979
48950
48875
48840
48814
48728
48585
48574
48539
48532
48338
48330
48314
48308
48074
48001
47829
47773
47753
47713
47604
47602
47589
47493
47428
47294
47290
47274
47213
47150
47150
47110
47070
47042
46897
46885
46883
46876
46850
46849
46842
46704
46688
46652
46621
46556
46499
46468
46457
46375
46338
46326
46179
46178
46115
46051
46037
45957
45911
45869
45800
45787
45696
45686
45681
45680
45633
45610
45581
45491
45483
45477
45377
45311
45305
45226
45171
45102
45039
45023
45003
44959
44927
44912
44854
44746
44596
44582
44571
44491
44409
44386
44353
44212
44164
44138
44075
44041
44032
44027
43979
43927
43912
43857
43796
43780
43774
43767
43737
43716
43638
43528
43524
43511
43403
43387
43375
43331
43323
43315
43232
43213
43210
43135
43125
43081
43021
43004
42991
42974
42932
42930
42867
42831
42797
42710
42624
42568
42458
42431
42404
42395
42305
42292
42238
42208
42104
42082
42079
41939
41769
41755
41729
41698
41560
41549
41501
41452
41452
41443
41428
41388
41338
41311
41285
41282
40943
40928
40900
40889
40729
40689
40683
40614
40456
40452
40439
40342
40322
40285
40156
40131
40078
39976
39925
39872
39853
39785
39782
39698
39640
39614
39611
39525
39524
39510
39505
39436
39398
39255
39215
39177
39091
39054
39051
39020
39013
39009
38994
38980
38970
38910
38903
38866
38823
38774
38749
38712
38600
38519
38511
38484
38445
38158
38090
38045
37918
37891
37687
37624
37615
37602
37590
37515
37413
37412
37400
37361
37335
37297
37270
37146
37083
37074
37061
36988
36939
36929
36915
36793
36766
36741
36667
36579
36553
36511
36494
36360
36313
36286
36266
36241
36226
36073
35975
35966
35951
35931
35925
35905
35903
35821
35802
35793
35790
35718
35546
35504
35464
35422
35382
35329
35315
35290
35241
35212
35181
35076
35035
34973
34926
34919
34911
34909
34882
34705
34691
34628
34488
34363
34269
34243
34226
34203
34179
34053
34014
33952
33950
33859
33795
33683
33536
33465
33324
33114
33113
32977
32894
32856
32788
32747
32733
32722
32617
32585
32498
32481
32443
32366
32360
32186
32131
32058
32040
32005
31891
31848
31840
31811
31711
31668
31645
31624
31561
31559
31531
31466
31459
31454
31402
31389
31381
31377
31333
31294
31274
31267
31244
31200
31168
31133
31085
31041
30992
30903
30790
30787
30759
30704
30699
30667
30649
30608
30559
30502
30463
30452
30451
30353
30350
30231
30218
30171
30146
30063
30055
30028
29955
29939
29923
29879
29873
29816
29794
29763
29757
29750
29696
29669
29661
29624
29356
29338
29338
29183
29161
29147
29129
29118
29100
29097
29015
28979
28935
28925
28901
28834
28751
28733
28732
28676
28600
28582
28518
28497
28489
28450
28425
28330
28219
28210
28163
28157
28121
28081
28080
28038
27936
27936
27930
27850
27700
27552
27495
27429
27418
27398
27320
27287
27159
27132
27082
26977
26956
26892
26849
26823
26706
26676
26666
26657
26581
26573
26305
26303
26261
26252
26157
26139
26119
26078
26074
26055
26042
25921
25887
25874
25863
25856
25758
25565
25525
25512
25501
25476
25455
25375
25323
25232
25231
25198
25186
25154
25048
25020
24972
24961
24947
24878
24817
24761
24734
24695
24662
24643
24615
24610
24530
24512
24472
24459
24451
24359
24188
24184
24091
23989
23937
23832
23758
23748
23745
23727
23682
23646
23627
23616
23545
23505
23487
23413
23363
23340
23331
23303
23222
23219
23192
23067
23047
23025
22860
22750
22708
22684
22609
22507
22468
22460
22443
22426
22334
22258
22159
22141
22053
21982
21924
21910
21777
21697
21649
21640
21510
21472
21464
21458
21435
21398
21306
21305
21295
21178
21163
21162
21137
21123
21118
21116
20967
20945
20930
20896
20788
20741
20672
20648
20603
20579
20499
20478
20341
20305
20302
20263
20199
20159
20066
20036
20014
19989
19972
19909
19873
19841
19681
19553
19553
19511
19481
19466
19460
19418
19325
19316
19237
19184
19136
19119
19118
19114
19076
19063
19039
19030
19002
18990
18903
18895
18873
18821
18810
18797
18782
18782
18701
18690
18673
18662
18658
18541
18474
18435
18373
18351
18273
18197
18187
18012
17999
17956
17850
17690
17587
17583
17570
17565
17562
17456
17416
17294
17276
17259
17243
17209
17182
17177
17152
17125
17112
17004
16822
16796
16768
16703
16697
16630
16542
16499
16473
16455
16342
16332
16271
16189
16174
16092
16042
16026
15962
15939
15859
15842
15771
15754
15575
15541
15467
15343
15322
15279
15246
15232
15220
15143
15086
15079
15057
15007
14715
14650
14648
14647
14560
14535
14449
14387
14171
14158
14140
14004
13999
13979
13698
13669
13623
13535
13532
13409
13361
13318
13173
13080
13040
13027
13000
12999
12929
12920
12896
12856
12844
12834
12815
12620
12613
12568
12564
12538
12468
12461
12191
12176
12155
12093
12071
12005
11986
11944
11916
11908
11877
11842
11831
11803
11777
11767
11627
11612
11520
11476
11442
11402
11327
11244
11188
11047
11029
10973
10889
10853
10812
10715
10631
10629
10390
10356
10345
10249
10144
10135
10089
10026
9985
9807
9768
9763
9701
9572
9531
9528
9460
9351
9280
9261
9255
9187
9176
9136
9111
9068
9005
8853
8792
8781
8759
8752
8709
8646
8578
8477
8450
8423
8371
8355
8352
8346
8298
8248
8241
8150
8045
7933
7927
7914
7820
7801
7649
7480
7411
7302
7283
7168
7101
7059
7029
6973
6932
6924
6734
6713
6708
6615
6517
6456
6435
6325
6318
6307
6260
6204
6131
6107
6035
6032
5969
5966
5887
5673
5662
5572
5566
5534
5484
5304
5290
5211
5189
5113
5056
5034
4896
4876
4833
4808
4779
4764
4741
4706
4701
4676
4551
4447
4444
4424
4350
4255
4233
4031
3961
3816
3771
3650
3640
3580
3508
3476
3424
3363
3333
3311
3300
3253
3249
3239
3217
3201
3199
3187
3184
3022
2948
2943
2856
2612
2526
2522
2489
2482
2481
2449
2394
2369
2348
2291
2160
2106
2106
2042
2028
1999
1850
1825
1824
1806
1679
1425
1405
1374
1363
1346
1292
1277
1253
1148
1143
939
866
859
634
623
577
572
563
561
556
555
534
519
495
448
426
410
408
340
278
257
140
125
125
39
36
3
