99987
99981
99921
99898
99865
99827
99785
99770
99751
99696
99649
99611
99532
99457
99413
99341
99295
99272
99266
99252
99207
99184
99128
98963
98899
98895
98868
98776
98639
98619
98496
98453
98372
98317
98298
98260
98252
98200
98099
98012
97927
97877
97768
97765
97763
97759
97729
97703
97699
97696
97674
97599
97575
97571
97521
97474
97458
97417
97297
97184
97162
97128
97036
96971
96942
96909
96906
96906
96898
96717
96703
96638
96555
96525
96461
96438
96325
96282
96239
96232
96232
96195
96098
96091
96078
96076
96017
95831
95777
95675
95663
95644
95630
95624
95618
95553
95535
95482
95466
95460
95350
95349
95272
95261
95258
95033
94933
94929
94926
94885
94800
94780
94680
94668
94655
94642
94590
94588
94541
94477
94456
94453
94448
94448
94443
94393
94367
94278
94257
94255
94190
94148
94112
93987
93949
93944
93899
93813
93777
93694
93692
93576
93542
93534
93487
93448
93345
93344
93256
93224
93214
93136
93097
93084
93055
92990
92942
92936
92857
92856
92807
92807
92786
92668
92628
92596
92498
92468
92462
92455
92447
92409
92374
92339
92305
92227
92224
92194
92128
92102
92036
92020
91973
91889
91846
91832
91769
91715
91650
91589
91482
91450
91421
91347
91325
91283
91257
91179
91167
91133
91097
91072
91056
91053
90965
90947
90946
90922
90919
90823
90721
90693
90666
90642
90571
90477
90423
90413
90357
90337
90322
90225
90103
90060
90016
89998
89972
89943
89799
89734
89706
89641
89490
89292
89255
89236
89202
89177
89150
89050
89044
89042
88992
88958
88941
88937
88836
88819
88802
88761
88714
88639
88629
88611
88596
88486
88386
88364
88357
88316
88289
88281
88262
88227
88100
88061
88036
87970
87953
87906
87873
87809
87799
87774
87767
87712
87708
87701
87654
87602
87464
87445
87436
87423
87421
87380
87340
87271
87198
87061
87050
87004
86852
86794
86789
86742
86719
86712
86694
86672
86584
86460
86383
86343
86327
86126
86120
86089
86019
86007
85964
85929
85894
85876
85749
85707
85701
85676
85629
85476
85436
85317
85277
85207
85184
85151
85150
84986
84906
84904
84876
84628
84471
84470
84464
84448
84380
84373
84340
84302
84282
84204
84196
84146
84129
84126
84067
84013
83962
83937
83789
83755
83682
83655
83609
83575
83526
83470
83389
83328
83323
83225
83216
83204
83185
83170
83119
83096
83062
83052
83049
83020
82923
82858
82836
82828
82780
82720
82578
82562
82508
82474
82447
82374
82356
82343
82306
82266
82265
82253
82221
82202
82180
82084
82049
82017
81916
81893
81868
81859
81781
81779
81770
81747
81683
81601
81524
81404
81180
81050
81042
81030
81029
80975
80957
80906
80903
80861
80853
80849
80787
80641
80627
80611
80536
80534
80416
80322
80207
80185
80063
79928
79901
79891
79850
79830
79780
79719
79591
79576
79545
79472
79472
79462
79371
79334
79323
79223
79197
79182
79102
79078
78968
78882
78840
78828
78825
78719
78661
78583
78574
78553
78534
78491
78447
78422
78393
78386
78290
78053
78026
78002
78001
77985
77973
77867
77726
77681
77677
77648
77628
77552
77552
77511
77441
77339
77291
77202
77179
77049
76976
76939
76918
76800
76784
76745
76727
76682
76668
76658
76558
76472
76442
76412
76346
76259
76213
76200
76121
76067
76018
75932
75912
75769
75642
75500
75475
75472
75394
75348
75348
75222
74871
74793
74662
74642
74590
74579
74509
74490
74479
74429
74390
74341
74261
74257
74210
74196
74170
74168
74159
74131
74128
73966
73930
73912
73909
73871
73826
73748
73546
73502
73446
73354
73290
73269
73225
73192
73080
73079
73026
72984
72916
72849
72830
72787
72774
72755
72713
72707
72695
72678
72656
72588
72586
72555
72549
72543
72533
72528
72495
72493
72421
72416
72414
72367
72359
72255
72243
72096
72090
72078
72046
72037
72006
71977
71976
71970
71966
71739
71643
71634
71514
71511
71505
71479
71473
71445
71274
71212
71177
71147
71118
71103
71024
70822
70759
70732
70623
70590
70542
70498
70496
70456
70455
70437
70335
70320
70275
70272
70267
70248
70221
70095
70029
70020
69911
69887
69806
69693
69682
69679
69677
69577
69563
69531
69497
69421
69350
69226
69220
69200
69176
69072
69041
68966
68912
68832
68813
68803
68803
68769
68702
68698
68619
68616
68597
68548
68496
68480
68479
68300
68173
68127
68110
68072
68028
67892
67710
67666
67623
67576
67529
67481
67344
67336
67230
67173
67149
67098
67061
67044
67017
66984
66974
66970
66940
66925
66850
66813
66772
66753
66700
66450
66450
66406
66394
66393
66315
66312
66238
66228
66139
66127
66088
66086
66019
66018
66006
66003
65898
65882
65824
65800
65735
65732
65701
65670
65666
65574
65555
65474
65429
65339
65260
65222
65179
65178
65162
65154
65095
64996
64924
64907
64885
64838
64763
64672
64608
64544
64405
64404
64364
64346
64305
64295
64239
64016
63990
63983
63886
63864
63854
63724
63676
63646
63634
63628
63613
63459
63455
63382
63311
63184
63120
63117
63088
63029
63020
63003
62983
62968
62966
62910
62831
62827
62787
62694
62691
62648
62477
62442
62331
62328
62300
62248
62231
62179
62104
62027
61975
61964
61931
61772
61755
61725
61680
61598
61575
61498
61401
61327
61312
61276
61172
61030
60988
60950
60946
60913
60898
60877
60854
60838
60838
60837
60803
60792
60760
60562
60516
60431
60420
60414
60397
60275
60229
60197
60179
60161
60018
60012
59970
59947
59814
59807
59796
59771
59757
59752
59726
59687
59676
59657
59653
59651
59530
59519
59504
59342
59267
59244
59144
59105
59069
58870
58828
58791
58760
58673
58672
58648
58569
58555
58502
58489
58420
58290
58230
58146
58115
58055
58035
58019
58001
57918
57776
57554
57547
57460
57426
57395
57391
57384
57303
57216
57170
57159
57126
57109
57000
56983
56882
56876
56819
56760
56749
56538
56527
56461
56453
56405
56336
56323
56208
56149
56106
55948
55906
55906
55864
55829
55811
55811
55687
55669
55632
55605
55590
55581
55550
55531
55527
55523
55417
55411
55394
55304
55230
55192
55176
55155
55140
55090
55078
55062
55050
55005
54951
54915
54888
54743
54736
54668
54555
54551
54551
54546
54508
54480
54479
54425
54386
54324
54282
54173
54173
54116
54103
54049
54033
54028
53845
53792
53689
53630
53574
53530
53461
53436
53205
53178
53138
53121
53086
53075
53056
53044
52967
52934
52924
52779
52695
52569
52469
52457
52392
52380
52198
51999
51991
51936
51932
51925
51886
51871
51846
51836
51806
51689
51684
51667
51618
51413
51412
51403
51326
51311
51268
51210
51196
51175
51032
50996
50880
50870
50857
50770
50727
50675
50622
50574
50482
50396
50277
50163
50154
50127
50070
50051
49996
49978
49873
49722
49548
49445
49440
49421
49370
49356
49228
49209
49118
49062
49030
49027
49010
49005
48969
48926
48903
48884
48882
48878
48747
48717
48538
48407
48305
48260
48086
48052
48043
47908
47826
47608
47596
47580
47532
47506
47460
47418
47402
47328
47324
47225
47212
47136
47117
47106
46999
46911
46828
46814
46780
46640
46592
46565
46467
46450
46428
46388
46320
46252
46197
46157
46125
46032
46002
45986
45942
45893
45887
45880
45848
45583
45569
45474
45471
45426
45399
45394
45292
45276
45267
45155
45126
45123
45032
45015
44843
44747
44712
44708
44651
44576
44537
44530
44476
44471
44449
44389
44385
44368
44345
44340
44326
44266
44223
44179
44121
44062
43963
43849
43776
43761
43753
43731
43698
43628
43574
43405
43371
43370
43285
43259
43243
43228
43151
42880
42805
42801
42698
42641
42546
42539
42505
42296
42228
42199
42186
42122
41898
41895
41841
41764
41734
41662
41593
41571
41465
41319
41316
41275
41274
41274
41237
41219
41141
41140
41129
41109
40848
40755
40718
40705
40654
40550
40544
40448
40375
40312
40259
40240
40163
40114
40032
39962
39936
39915
39835
39820
39759
39622
39599
39594
39561
39532
39493
39416
39332
39294
39261
39171
39066
39053
39025
39025
38894
38889
38877
38875
38822
38799
38796
38789
38784
38760
38700
38590
38545
38527
38488
38417
38404
38352
38336
38307
38294
38151
38024
37951
37935
37873
37816
37590
37494
37369
37355
37313
37267
37220
37200
37174
37108
37043
36990
36970
36848
36768
36729
36714
36711
36696
36646
36632
36622
36600
36600
36386
36374
36224
36194
36147
36135
36102
36051
35974
35829
35813
35702
35698
35538
35525
35476
35442
35395
35395
35341
35292
35244
35170
35038
34996
34710
34703
34698
34684
34610
34563
34482
34450
34408
34309
34197
34136
34069
34050
33921
33862
33796
33774
33657
33636
33591
33576
33550
33527
33514
33460
33445
33399
33379
33277
33232
33213
33153
33030
32927
32878
32825
32589
32581
32554
32551
32516
32503
32474
32463
32405
32280
32267
32261
32196
31996
31948
31828
31798
31725
31718
31653
31648
31476
31375
31289
31276
31267
31258
31253
31216
31211
31191
31188
31078
31072
30985
30925
30869
30602
30539
30516
30426
30146
29992
29986
29973
29928
29904
29878
29707
29651
29601
29513
29469
29464
29461
29414
29373
29298
29240
29206
29082
29076
29035
29001
28968
28961
28894
28823
28784
28724
28666
28561
28557
28511
28427
28345
28332
28307
28056
28052
28044
28020
28007
27942
27879
27875
27822
27748
27745
27709
27580
27518
27455
27426
27424
27411
27398
27396
27386
27297
27252
27231
27222
27180
27104
27099
26975
26972
26968
26963
26957
26956
26942
26915
26881
26837
26837
26829
26708
26672
26590
26533
26469
26449
26440
26284
26271
26214
26202
26179
26044
25896
25860
25822
25803
25749
25707
25685
25653
25639
25555
25554
25518
25501
25489
25420
25378
25350
25332
25327
25316
25296
25271
25261
25221
25171
25143
25142
25058
24917
24917
24731
24731
24685
24662
24585
24574
24557
24473
24413
24286
24187
24108
24091
24070
24026
23949
23834
23829
23817
23734
23613
23439
23380
23332
23273
23143
23075
23040
23027
22987
22966
22732
22706
22680
22651
22628
22625
22597
22569
22498
22482
22444
22423
22421
22413
22350
22317
22300
22199
22199
22103
22026
22010
22005
21982
21876
21824
21800
21652
21652
21625
21618
21602
21570
21503
21384
21359
21294
21261
21239
21192
21140
21037
21032
20987
20971
20937
20907
20902
20888
20729
20721
20713
20711
20687
20643
20499
20424
20411
20377
20328
20251
20147
20145
19884
19843
19842
19820
19794
19774
19739
19720
19708
19677
19646
19642
19594
19482
19410
19405
19400
19364
19360
19331
19329
19327
19275
19261
19197
19090
19060
19059
19046
19016
18936
18868
18868
18825
18807
18757
18710
18692
18686
18563
18545
18536
18515
18510
18469
18440
18359
18278
18198
18178
18157
18127
18096
18023
17929
17916
17906
17903
17850
17839
17762
17505
17486
17485
17441
17414
17403
17317
17283
17234
17199
17174
17164
17138
17059
17054
16943
16849
16815
16809
16788
16773
16683
16633
16600
16392
16351
16311
16311
16307
16264
16238
16217
16190
16023
16000
15998
15954
15910
15783
15761
15759
15681
15644
15578
15567
15470
15437
15348
15306
15227
15189
15101
15067
15026
14982
14975
14967
14918
14899
14812
14811
14761
14743
14724
14703
14645
14352
14242
14239
14167
13968
13883
13770
13670
13663
13529
13451
13396
13354
13350
13335
13329
13323
13282
13117
13087
13005
12995
12970
12796
12770
12653
12477
12446
12401
12352
12301
12148
12056
11979
11952
11917
11913
11881
11861
11826
11821
11709
11610
11585
11567
11552
11502
11393
11388
11376
11360
11354
11329
11292
11164
11145
11140
11122
11063
11059
10973
10970
10950
10925
10884
10867
10694
10691
10597
10568
10460
10424
10344
10244
10232
10170
10024
10016
9920
9891
9849
9743
9674
9645
9612
9510
9423
9323
9297
9225
9120
8986
8980
8919
8911
8901
8801
8791
8700
8670
8645
8630
8630
8610
8374
8365
8318
8236
8069
8065
8003
7993
7967
7952
7951
7929
7853
7806
7795
7742
7614
7579
7573
7499
7331
7255
7183
7179
7141
7120
7107
7040
7014
6947
6888
6880
6761
6745
6744
6729
6726
6653
6550
6543
6522
6375
6110
6103
6057
5988
5946
5928
5925
5895
5847
5837
5829
5816
5809
5808
5704
5674
5540
5397
5241
5224
5193
5188
5003
4943
4924
4865
4855
4782
4776
4716
4630
4627
4574
4568
4507
4462
4404
4384
4316
4294
4282
4183
4074
4041
3977
3956
3908
3855
3726
3721
3680
3640
3632
3616
3456
3249
3245
3214
3204
3166
3133
3104
3094
3038
3037
2972
2971
2921
2891
2837
2751
2608
2569
2541
2342
2279
2248
2206
2169
2119
2105
1989
1973
1945
1924
1900
1858
1766
1711
1561
1533
1484
1473
1460
1450
1426
1413
1386
1380
1343
1321
1217
1194
1155
898
891
871
865
726
713
696
644
639
603
525
524
413
299
116
114
4
