99924
99821
99813
99638
99624
99622
99575
99567
99560
99551
99433
99429
99395
99319
99302
99271
99224
99204
99170
99153
99148
99092
99072
99005
99001
98987
98946
98743
98704
98668
98666
98619
98610
98560
98456
98435
98422
98412
98264
98259
98239
98220
98215
98184
98069
98028
97931
97915
97897
97892
97882
97840
97819
97757
97746
97685
97648
97647
97602
97595
97590
97319
97307
97280
97236
97194
97168
97131
97095
97060
97055
97049
96924
96761
96660
96614
96582
96579
96495
96425
96416
96376
96356
96321
96315
96249
96087
96069
96044
95986
95852
95736
95711
95701
95582
95481
95472
95463
95455
95406
95391
95344
95319
95179
95143
95127
95086
94951
94915
94897
94889
94823
94807
94733
94661
94658
94637
94611
94568
94511
94429
94344
94242
94165
94039
93979
93933
93928
93906
93851
93817
93795
93716
93585
93488
93345
93265
93232
93159
93136
93125
93051
93005
92989
92948
92929
92864
92840
92801
92763
92738
92493
92474
92420
92378
92339
92327
92270
92204
92184
92164
92113
91999
91967
91948
91942
91935
91849
91838
91812
91680
91678
91581
91508
91458
91431
91303
91249
91237
91154
91083
90926
90865
90817
90813
90808
90729
90580
90485
90434
90423
90358
90314
90245
90128
90096
89943
89840
89791
89720
89675
89639
89638
89591
89558
89487
89443
89196
89189
89183
89013
88930
88885
88827
88768
88746
88743
88713
88697
88671
88663
88657
88480
88445
88438
88405
88389
88255
88246
88056
88043
88031
87923
87903
87791
87785
87783
87755
87678
87633
87591
87556
87554
87450
87374
87356
87300
87263
87261
87225
87209
87014
86996
86993
86861
86798
86775
86770
86739
86735
86690
86687
86673
86592
86479
86400
86378
86324
86267
86072
86072
86034
85955
85825
85796
85735
85603
85547
85547
85531
85439
85368
85324
85303
85272
85235
85164
85077
84960
84943
84928
84775
84713
84584
84540
84496
84415
84317
84203
84147
84112
84063
83790
83605
83589
83482
83480
83464
83361
83350
83241
83213
83151
83134
83039
82981
82979
82970
82871
82867
82857
82845
82809
82711
82598
82567
82566
82558
82504
82395
82345
82280
82237
82179
82176
82011
81967
81879
81820
81816
81776
81739
81712
81706
81705
81687
81675
81645
81583
81554
81495
81338
81294
81263
81262
81251
81230
81225
81170
81087
81011
80992
80978
80964
80929
80916
80885
80872
80862
80815
80784
80706
80705
80696
80624
80597
80566
80480
80470
80469
80415
80384
80363
80316
80315
80259
80258
80196
80111
80100
80013
79856
79829
79773
79769
79663
79498
79404
79385
79379
79378
79333
78994
78984
78863
78763
78746
78713
78705
78642
78609
78526
78523
78495
78470
78468
78446
78367
78307
78246
78242
78234
78233
78206
78157
78018
78013
77832
77815
77797
77694
77676
77653
77562
77539
77502
77443
77338
77288
77252
77245
77161
77145
77141
77125
77124
77088
77074
76941
76892
76839
76828
76768
76711
76689
76680
76677
76610
76604
76533
76488
76430
76375
76373
76336
76204
76192
76161
76155
76112
76089
76084
76019
75965
75936
75881
75873
75870
75843
75814
75807
75790
75754
75677
75663
75489
75421
75404
75339
75320
75236
75222
75188
75162
74951
74950
74944
74874
74815
74783
74771
74726
74661
74454
74388
74384
74364
74347
74303
74271
74263
74241
74223
74121
74019
73960
73952
73943
73943
73929
73914
73902
73852
73693
73604
73498
73423
73390
73318
73299
73251
73247
73232
73214
73172
73133
73025
72916
72913
72800
72793
72786
72693
72692
72647
72636
72607
72529
72392
72332
72308
72246
72214
72175
72086
72076
72065
71995
71929
71926
71916
71887
71712
71694
71662
71652
71589
71585
71578
71433
71400
71360
71247
71178
71076
71006
71000
70813
70768
70764
70720
70692
70666
70638
70532
70515
70435
70403
70390
70331
70330
70257
70240
70224
69933
69867
69854
69849
69844
69817
69776
69773
69735
69557
69545
69521
69512
69500
69458
69451
69378
69377
69317
69288
69273
69263
69172
69055
69038
69038
69015
68974
68936
68900
68860
68786
68559
68528
68510
68293
68144
68115
68110
68017
68006
67978
67875
67745
67697
67576
67550
67512
67495
67444
67394
67357
67330
67276
67111
66983
66912
66894
66797
66764
66741
66588
66585
66533
66473
66395
66370
66367
66295
66247
66141
66000
65993
65929
65876
65852
65729
65667
65662
65651
65615
65590
65570
65559
65550
65537
65442
65432
65423
65337
65296
65226
65149
65102
65063
65060
65055
65028
65027
65023
64652
64650
64621
64607
64574
64554
64489
64472
64448
64413
64411
64170
64053
64042
63984
63969
63943
63929
63904
63748
63743
63669
63601
63559
63543
63501
63478
63453
63428
63367
63355
63347
63335
63281
63114
63012
62889
62887
62858
62823
62818
62765
62749
62727
62714
62709
62708
62664
62638
62527
62522
62460
62380
62370
62358
62346
62218
62200
62175
62109
62077
62038
61952
61949
61887
61871
61714
61699
61671
61665
61503
61491
61465
61379
61373
61370
61358
61282
61276
61249
61233
61189
61095
60979
60844
60761
60737
60716
60713
60644
60642
60484
60481
60430
60283
60233
60201
60154
60033
59990
59921
59815
59811
59800
59757
59726
59703
59513
59280
59176
59141
59122
59095
59059
59034
59014
58881
58848
58708
58706
58600
58492
58401
58391
58377
58352
58331
58309
58146
58142
58137
58036
58009
57923
57900
57876
57850
57796
57781
57743
57686
57653
57600
57595
57572
57509
57487
57466
57374
57235
57212
57175
56960
56955
56924
56916
56864
56814
56770
56716
56642
56611
56574
56412
56387
56371
56271
56164
56128
56074
56055
55951
55937
55907
55834
55778
55770
55716
55688
55667
55407
55324
55323
55257
55163
55161
55048
55026
54942
54900
54863
54861
54752
54665
54637
54559
54453
54450
54322
54237
54225
54202
54195
54167
54127
54057
54012
53857
53820
53744
53740
53731
53638
53609
53597
53536
53511
53370
53310
53283
53262
53219
53193
53191
53175
53107
52998
52890
52884
52833
52802
52770
52703
52556
52444
52430
52328
52313
52256
52201
52129
51958
51914
51876
51844
51782
51780
51693
51692
51675
51660
51636
51556
51548
51495
51387
51350
51256
51223
51223
51122
51075
51071
51059
51023
50929
50883
50860
50852
50789
50788
50727
50640
50551
50249
50039
49859
49852
49805
49774
49758
49723
49706
49627
49608
49521
49305
49283
49234
49215
49193
49122
48998
48977
48963
48851
48848
48824
48822
48726
48644
48600
48558
48547
48500
48381
48360
48306
48239
48208
48169
48162
48159
48093
47957
47845
47842
47806
47681
47677
47639
47579
47578
47566
47561
47540
47508
47459
47396
47278
47254
47250
47156
47132
47031
46899
46891
46807
46733
46722
46586
46554
46524
46417
46315
46243
46236
46216
46214
46200
46168
46160
46157
46116
45968
45950
45935
45740
45445
45386
45377
45296
45287
45281
45243
45215
45199
45195
45132
45080
45061
44766
44692
44655
44618
44616
44599
44444
44414
44399
44395
44305
44278
44236
44153
44144
44128
44066
44052
44026
43985
43978
43921
43914
43886
43794
43784
43708
43619
43595
43591
43587
43463
43419
43407
43284
43273
43272
43187
43174
43169
43157
43149
43115
43111
43111
43061
43057
43018
43009
42952
42895
42864
42853
42846
42820
42725
42608
42489
42251
42203
42194
42161
42151
42100
41990
41962
41905
41902
41756
41708
41676
41595
41566
41541
41480
41479
41446
41437
41364
41317
41304
41193
41110
41038
40995
40918
40879
40856
40856
40838
40746
40708
40690
40635
40631
40623
40597
40552
40520
40485
40410
40259
40186
40153
40139
40079
40009
39967
39896
39872
39777
39718
39626
39617
39417
39413
39334
39329
39318
39194
39111
39103
39045
39012
38833
38764
38698
38638
38630
38560
38547
38530
38524
38499
38481
38406
38316
38274
38260
38239
38210
38209
38186
38185
38132
38049
37987
37959
37942
37917
37869
37857
37852
37802
37756
37740
37734
37634
37625
37613
37588
37489
37340
37181
37160
37154
37148
37131
37090
37075
37036
37028
36967
36881
36825
36820
36797
36746
36670
36653
36537
36361
36359
36335
36298
36170
36161
36106
36042
36008
35985
35947
35937
35922
35868
35856
35816
35786
35715
35682
35551
35534
35513
35432
35395
35394
35374
35369
35326
35241
35133
35124
35106
35042
35028
34954
34924
34843
34815
34800
34742
34701
34609
34609
34577
34558
34556
34489
34437
34149
34096
34096
34095
34066
33999
33972
33957
33950
33918
33905
33888
33887
33820
33774
33689
33628
33605
33499
33409
33316
33240
33200
33105
33088
33081
33055
32899
32858
32752
32698
32573
32558
32507
32421
32338
32332
32328
32328
32318
32209
32199
32166
32142
32008
31944
31872
31872
31870
31869
31863
31756
31749
31749
31741
31643
31575
31543
31527
31415
31316
31299
31260
31226
31127
31126
31013
30969
30838
30742
30714
30673
30630
30513
30491
30417
30402
30288
30244
30200
30193
30157
30148
30129
30110
30088
30082
30025
30000
29982
29948
29868
29796
29771
29656
29600
29563
29513
29460
29451
29342
29325
29275
29257
29245
29231
29192
29184
29180
29103
29058
28934
28912
28895
28880
28852
28830
28819
28709
28686
28669
28653
28629
28472
28444
28426
28426
28425
28403
28198
28121
28114
28089
28085
27995
27930
27876
27789
27754
27715
27358
27315
27301
27148
27097
27090
27059
27002
26903
26864
26732
26633
26492
26451
26429
26425
26378
26160
26142
26056
26030
25975
25900
25898
25877
25803
25790
25787
25755
25704
25702
25611
25601
25559
25512
25493
25485
25467
25448
25397
25315
25264
25222
25191
25167
25152
25122
25114
25106
25072
25056
25017
24992
24971
24967
24960
24800
24792
24788
24758
24688
24684
24645
24530
24515
24511
24500
24393
24379
24368
24364
24152
24120
24088
24002
23981
23961
23955
23950
23942
23917
23897
23846
23846
23819
23801
23792
23777
23705
23682
23679
23635
23625
23521
23494
23488
23485
23475
23470
23346
23344
23329
23269
23186
23149
23143
23103
23044
23028
23017
22976
22938
22900
22879
22877
22872
22827
22733
22706
22654
22610
22598
22473
22462
22456
22456
22404
22379
22329
22291
22260
22240
22188
21995
21935
21894
21872
21864
21724
21714
21486
21480
21463
21287
21128
21116
21096
21084
21041
20998
20992
20921
20875
20830
20817
20765
20734
20714
20710
20658
20607
20606
20604
20572
20533
20483
20465
20445
20437
20429
20296
20220
20126
20062
20016
19906
19903
19885
19828
19791
19768
19582
19544
19538
19537
19507
19477
19422
19390
19381
19377
19332
19254
19221
19221
19198
19190
19159
19109
19097
19046
18990
18946
18733
18640
18517
18485
18457
18433
18385
18357
18351
18345
18325
18290
18256
18239
18223
18130
18079
18074
18034
18028
17954
17876
17865
17853
17816
17801
17754
17748
17724
17702
17672
17662
17652
17631
17613
17595
17575
17490
17386
17374
17372
17292
17245
17240
17012
16963
16913
16854
16823
16808
16780
16725
16714
16691
16670
16497
16402
16373
16354
16328
16238
16207
16161
16136
16115
16073
16070
16053
16007
15951
15942
15929
15892
15695
15694
15641
15599
15561
15539
15490
15436
15423
15380
15355
15349
15337
15319
15304
15303
15291
15282
15267
15217
15197
15193
15183
15088
14957
14793
14736
14671
14660
14649
14645
14595
14465
14451
14395
14206
14134
14042
14034
13918
13898
13842
13785
13727
13658
13492
13449
13442
13424
13421
13362
13352
13227
13199
13182
13150
13058
13034
12889
12728
12600
12584
12576
12560
12512
12473
12308
12301
12252
12195
12084
12069
12052
12046
11994
11748
11731
11657
11595
11473
11419
11386
11331
11296
11294
11288
11219
11211
11208
11009
10931
10915
10903
10873
10836
10769
10764
10675
10562
10424
10421
10416
10411
10244
10223
10189
10070
9996
9975
9969
9894
9843
9739
9721
9660
9658
9593
9576
9564
9489
9450
9378
9364
9312
9285
9278
9273
9264
9127
9122
9113
9102
9091
8974
8875
8860
8811
8533
8493
8487
8401
8340
8321
8269
8150
8100
8043
8029
7857
7777
7746
7714
7693
7665
7583
7424
7420
7386
7385
7361
7312
7228
7197
7153
7106
7083
7048
6816
6784
6759
6756
6750
6722
6707
6656
6638
6537
6492
6396
6365
6300
6297
6260
6257
6197
6117
6059
5993
5969
5849
5728
5658
5653
5620
5550
5549
5536
5458
5139
5128
5127
5099
5012
4975
4903
4658
4657
4639
4553
4500
4489
4480
4413
4344
4301
4273
4227
4192
4150
4114
4098
3916
3846
3822
3740
3723
3314
3306
3238
3175
2975
2970
2954
2919
2903
2816
2787
2782
2768
2687
2624
2566
2528
2517
2229
2212
2187
2179
2114
1995
1946
1904
1820
1733
1660
1553
1503
1412
1409
1320
1264
1170
1134
1134
1132
1078
1026
1023
984
970
945
927
869
740
713
667
655
583
559
555
538
507
459
430
427
287
126
114
95
35
