99863
99820
99810
99740
99684
99680
99662
99629
99575
99540
99492
99453
99418
99398
99388
99298
99230
99137
99124
99091
99089
99022
99000
98927
98850
98772
98748
98729
98689
98545
98536
98434
98411
98408
98384
98353
98315
98289
97989
97879
97878
97741
97649
97473
97442
97433
97431
97158
97154
97072
97028
96964
96934
96919
96911
96866
96846
96835
96763
96738
96658
96633
96583
96582
96573
96530
96479
96445
96421
96366
96329
96307
96283
96221
96211
96191
96180
96179
96170
96059
96037
96001
95950
95948
95884
95685
95680
95649
95630
95571
95514
95395
95277
95246
95219
95179
95107
95019
94918
94916
94861
94827
94724
94682
94589
94573
94571
94531
94382
94260
94203
94168
94162
94132
94124
94020
93991
93787
93777
93772
93770
93756
93672
93656
93645
93638
93611
93557
93457
93361
93357
93331
93273
93232
93207
93160
93155
93076
93056
92990
92983
92895
92813
92525
92519
92377
92292
92283
92279
92205
92089
92029
91976
91938
91934
91921
91890
91862
91775
91773
91758
91662
91622
91533
91507
91459
91368
91341
91330
91249
91205
91049
91042
91028
90970
90906
90905
90865
90859
90819
90808
90786
90703
90630
90575
90527
90411
90358
90297
90292
90257
90247
90090
89984
89912
89841
89812
89762
89743
89666
89645
89643
89632
89553
89516
89401
89363
89304
89272
89182
89170
89145
89081
88986
88957
88753
88660
88626
88555
88468
88416
88298
88294
88267
88204
88197
88058
87994
87992
87941
87940
87892
87781
87754
87752
87749
87746
87719
87714
87696
87682
87673
87530
87463
87384
87269
87244
87108
87104
86977
86966
86962
86952
86951
86892
86811
86721
86659
86648
86630
86605
86573
86520
86440
86318
86136
86127
86107
86088
86021
85986
85958
85868
85856
85770
85739
85696
85462
85388
85351
85331
85132
85024
84942
84908
84844
84767
84742
84671
84657
84613
84558
84553
84469
84436
84283
84207
84155
84070
84067
83947
83832
83796
83793
83776
83753
83680
83672
83644
83532
83513
83499
83495
83456
83448
83436
83433
83408
83304
83280
83244
83098
83097
83057
83011
82997
82967
82965
82908
82899
82849
82796
82733
82671
82660
82590
82578
82444
82361
82300
82279
82238
82200
82199
82184
82151
82113
82095
82059
81923
81911
81899
81849
81834
81815
81742
81717
81693
81671
81651
81628
81605
81581
81484
81460
81418
81283
81236
81161
81083
80952
80857
80809
80784
80642
80579
80570
80505
80482
80424
80307
80295
80273
80162
80098
80084
79949
79941
79892
79847
79834
79823
79639
79595
79492
79474
79450
79358
79291
79202
79160
79029
79013
78955
78825
78715
78670
78607
78606
78582
78575
78524
78391
78360
78358
78350
78314
78312
78305
78136
78113
78095
78082
78030
78019
78012
77939
77938
77849
77836
77799
77798
77733
77723
77690
77688
77646
77636
77550
77508
77455
77368
77274
77210
77160
77158
77117
77087
77031
77016
77005
76992
76897
76821
76816
76805
76804
76741
76709
76687
76432
76423
76417
76366
76317
76293
76218
76101
76091
76084
75983
75965
75749
75600
75522
75508
75501
75481
75479
75466
75435
75415
75327
75315
75304
75213
75195
75172
75090
75087
75051
75023
74862
74839
74795
74759
74656
74519
74423
74413
74301
74283
74230
74224
74150
74038
74033
74027
73895
73891
73821
73735
73695
73644
73643
73556
73404
73375
73363
73270
73249
73203
73173
73172
73135
73072
73031
73020
72925
72864
72809
72753
72685
72625
72612
72583
72545
72517
72492
72469
72374
72363
72290
72286
72245
72172
72115
72060
71921
71911
71910
71875
71870
71853
71808
71804
71787
71733
71727
71721
71698
71658
71576
71564
71447
71434
71341
71330
71305
71136
71064
71030
71002
70981
70937
70859
70831
70749
70690
70550
70521
70521
70480
70465
70464
70369
70350
70213
70163
70113
70100
69988
69821
69803
69675
69513
69508
69394
69373
69371
69335
69328
69316
69207
69202
69123
69080
69054
68942
68690
68678
68637
68524
68492
68397
68387
68360
68328
68303
68244
68226
68087
68002
67952
67938
67873
67861
67786
67758
67707
67683
67668
67650
67612
67579
67442
67316
67299
67194
67154
67100
66941
66856
66830
66828
66812
66776
66762
66686
66672
66485
66469
66466
66374
66313
66307
66235
66109
66079
66076
66047
65950
65914
65875
65860
65809
65793
65685
65626
65590
65504
65456
65409
65395
65345
65210
65177
65012
64998
64876
64873
64835
64795
64768
64661
64647
64580
64540
64520
64465
64390
64315
64276
64189
64086
64071
64063
64044
63974
63948
63944
63850
63795
63764
63751
63745
63722
63717
63536
63489
63469
63454
63439
63420
63325
63311
63268
63088
63081
63006
62921
62872
62781
62691
62591
62551
62547
62516
62496
62485
62403
62322
62310
62300
62252
62246
62195
62135
62110
62094
62044
61940
61887
61855
61783
61765
61728
61726
61679
61652
61622
61455
61400
61392
61355
61270
61169
61152
61065
61012
60987
60905
60890
60886
60826
60787
60777
60435
60398
60340
60245
60221
60131
60026
59928
59767
59685
59681
59516
59491
59351
59343
59319
58975
58961
58904
58874
58839
58807
58765
58729
58674
58561
58445
58415
58367
58355
58202
58188
58162
58136
58105
58072
58057
57994
57813
57802
57781
57735
57691
57632
57607
57454
57449
57333
57316
57312
57171
57170
57148
57119
57069
57045
57034
56968
56952
56841
56821
56791
56608
56567
56325
56286
56275
56237
56227
56173
56103
55968
55966
55962
55918
55889
55878
55825
55757
55723
55707
55696
55603
55500
55499
55392
55341
55272
55252
55077
55077
55032
54912
54855
54818
54782
54774
54750
54726
54702
54701
54569
54562
54546
54405
54405
54292
54197
54090
54010
53894
53883
53838
53798
53750
53718
53693
53650
53626
53616
53572
53480
53432
53432
53400
53351
53333
53282
53245
53208
53117
53099
53093
53079
52961
52926
52923
52912
52849
52755
52755
52516
52504
52500
52391
52352
52314
52307
52288
52206
52201
52195
52175
52118
52065
51970
51935
51932
51869
51796
51670
51612
51578
51565
51555
51538
51522
51515
51402
51354
51320
51311
51270
51215
51103
50996
50894
50824
50796
50763
50723
50667
50619
50578
50539
50428
50410
50406
50359
50334
50306
50273
50224
50223
50198
50158
50098
50081
49854
49840
49771
49696
49650
49628
49625
49560
49551
49535
49533
49396
49382
49364
49302
49293
49240
49004
48993
48956
48922
48919
48888
48778
48777
48738
48727
48626
48531
48424
48350
48346
48338
48334
48328
48299
48286
48265
48259
48243
48222
48147
48067
48059
48015
47914
47859
47802
47641
47588
47563
47531
47520
47516
47460
47372
47370
47344
47250
47249
47157
47146
47140
47029
46921
46918
46857
46856
46760
46758
46751
46649
46632
46587
46587
46574
46532
46519
46511
46404
46337
46317
46216
46157
46147
46101
46089
46065
46009
45972
45941
45931
45885
45856
45855
45854
45846
45729
45725
45694
45604
45554
45495
45493
45292
45247
45231
45148
45120
45100
45039
45008
44981
44955
44945
44944
44930
44925
44910
44900
44834
44833
44816
44711
44637
44622
44591
44590
44569
44565
44239
44179
44162
44095
44073
44037
43949
43933
43904
43895
43871
43841
43788
43743
43684
43644
43637
43615
43590
43570
43494
43483
43412
43411
43364
43340
43305
43272
43205
43115
43048
43031
43006
42946
42919
42903
42878
42789
42775
42723
42710
42607
42570
42506
42482
42341
42324
42299
42286
42268
42220
42211
42139
42132
42088
42062
42025
42007
41989
41958
41932
41917
41890
41883
41855
41775
41548
41493
41319
41315
41314
41303
41228
41211
41008
41007
40894
40890
40890
40881
40843
40832
40816
40742
40641
40581
40580
40538
40536
40531
40490
40347
40308
40273
40202
40186
40139
40115
40089
40023
40017
40017
39971
39959
39934
39932
39846
39785
39785
39729
39722
39647
39535
39532
39511
39499
39481
39478
39431
39299
39264
39211
39207
39172
39165
39160
39157
39155
39134
39070
39066
38983
38969
38875
38871
38758
38705
38629
38541
38494
38481
38359
38328
38298
38247
38243
38221
38219
38173
38095
38076
38050
37800
37666
37634
37538
37534
37476
37469
37451
37424
37371
37360
37354
37258
37240
37219
37139
37115
37020
36953
36761
36755
36745
36720
36697
36672
36632
36394
36377
36352
36234
36225
36224
36211
36158
36157
36142
36049
36019
35998
35934
35816
35790
35703
35663
35641
35577
35573
35572
35422
35420
35383
35227
35180
35120
35072
35037
35009
34948
34906
34894
34862
34836
34765
34743
34713
34666
34547
34449
34444
34423
34413
34393
34329
34283
34203
34119
34091
33933
33897
33866
33811
33811
33776
33766
33747
33692
33687
33624
33558
33542
33526
33475
33468
33450
33410
33324
33322
33257
33215
33208
33143
33136
32911
32904
32859
32844
32669
32662
32659
32618
32597
32582
32561
32558
32555
32533
32499
32489
32436
32329
32269
32243
32202
32070
32036
32034
32019
32017
31985
31971
31803
31720
31579
31565
31555
31465
31400
31369
31345
31330
31297
31107
31038
30916
30815
30791
30760
30612
30550
30525
30487
30378
30362
30326
30134
30074
30062
30062
30046
29960
29934
29791
29774
29717
29484
29401
29323
29297
29297
29107
29043
28975
28964
28953
28949
28948
28929
28881
28760
28681
28589
28570
28523
28443
28430
28311
28301
28295
28263
28221
28206
28171
28167
28156
28075
28051
27854
27831
27792
27708
27700
27691
27673
27622
27617
27603
27597
27589
27568
27505
27456
27401
27331
27321
27264
27237
27229
27133
26834
26787
26756
26754
26740
26701
26651
26628
26594
26469
26444
26441
26434
26419
26271
26237
26230
26204
26135
26124
26074
25878
25821
25816
25767
25606
25539
25516
25430
25213
25197
25085
25044
25010
24999
24987
24945
24866
24865
24851
24817
24802
24776
24775
24665
24640
24577
24476
24419
24339
24264
24260
24137
24034
23957
23945
23932
23909
23892
23850
23849
23727
23707
23614
23492
23461
23459
23386
23377
23331
23269
23152
23122
23093
23068
22989
22959
22954
22882
22858
22843
22813
22674
22667
22635
22523
22499
22486
22384
22370
22308
22304
22272
22234
22216
22214
22195
22162
22096
22070
22069
22014
22002
21969
21950
21943
21853
21832
21736
21679
21529
21527
21526
21439
21413
21312
21283
21241
21205
21182
21035
20971
20961
20943
20920
20916
20872
20822
20804
20797
20535
20532
20515
20498
20286
20275
20273
20265
20062
20058
20040
20008
19935
19872
19856
19780
19744
19648
19566
19521
19405
19358
19295
19273
19247
19199
19186
19176
19158
19155
19139
19059
19001
18961
18870
18865
18818
18720
18717
18661
18631
18551
18505
18488
18434
18285
18281
18191
18117
18066
18037
17988
17893
17889
17823
17784
17771
17768
17745
17671
17657
17629
17550
17413
17407
17407
17402
17400
17369
17365
17345
17312
17257
17203
17175
17157
17018
16865
16830
16749
16681
16480
16356
16349
16289
16258
16084
16061
16020
15994
15969
15952
15830
15807
15805
15749
15749
15678
15673
15661
15655
15628
15626
15608
15589
15580
15526
15514
15511
15506
15502
15417
15375
15359
15331
15204
15175
15116
15074
15074
14930
14890
14873
14751
14697
14650
14641
14620
14524
14467
14312
14277
14249
14190
14124
13981
13897
13856
13777
13723
13706
13669
13627
13620
13484
13441
13238
13212
13168
13145
13124
13122
13071
13048
13023
12876
12819
12806
12772
12735
12695
12635
12622
12573
12563
12517
12464
12463
12272
12180
12128
12120
12047
12005
11897
11862
11862
11861
11852
11825
11775
11709
11688
11641
11551
11396
11393
11352
11296
11220
11198
11087
11035
10969
10953
10880
10876
10856
10825
10658
10434
10392
10370
10219
10053
10050
10013
9990
9852
9830
9801
9611
9554
9508
9315
9275
9136
9107
9059
8965
8943
8913
8873
8857
8836
8821
8796
8721
8718
8702
8666
8655
8636
8606
8572
8566
8531
8429
8237
8233
8227
8208
8193
8164
8145
8089
7973
7795
7794
7681
7587
7532
7431
7425
7222
7216
7128
7071
7063
7046
7039
7012
6956
6881
6850
6812
6751
6715
6653
6559
6544
6496
6457
6331
6306
6270
6246
6147
6089
6018
5970
5899
5755
5751
5747
5662
5579
5562
5444
5358
5351
5268
5229
5229
5198
5141
5056
5049
4997
4973
4940
4851
4834
4810
4802
4744
4680
4560
4498
4396
4388
4269
4261
4237
4050
4041
4032
4004
3953
3919
3864
3863
3812
3788
3624
3608
3543
3448
3401
3292
3277
3241
3217
3211
3167
3159
3131
3112
2971
2926
2914
2907
2894
2879
2832
2764
2684
2662
2587
2509
2498
2482
2431
2300
2190
2178
2159
2126
2124
2045
2045
2030
2019
2016
1890
1832
1764
1756
1628
1604
1596
1596
1583
1464
1357
1321
1307
1306
1303
1228
1189
1172
1170
1167
1160
1102
1005
986
972
946
804
763
757
726
626
613
606
494
469
428
356
294
274
40
23
