99980
99946
99944
99933
99918
99903
99813
99790
99789
99727
99658
99613
99422
99261
99257
99205
99185
99117
99113
99079
99017
98999
98975
98962
98947
98946
98582
98575
98490
98463
98437
98391
98380
98245
98233
98228
98143
98063
98048
98014
98007
97974
97939
97814
97678
97671
97658
97631
97595
97491
97484
97407
97397
97396
97356
97342
97282
97136
97087
97052
97033
96980
96968
96923
96890
96880
96865
96849
96830
96752
96745
96717
96701
96569
96460
96451
96423
96352
96349
96344
96341
96207
96187
96119
96111
96098
96095
96087
96005
95958
95948
95941
95884
95820
95750
95708
95597
95570
95537
95436
95422
95403
95339
95336
95252
95219
95160
95158
95114
94932
94856
94853
94750
94709
94683
94653
94623
94582
94518
94459
94410
94399
94389
94283
94241
94213
94159
93964
93961
93931
93924
93910
93878
93786
93683
93660
93515
93431
93396
93393
93322
93300
93281
93267
93203
93066
93009
93001
93001
92918
92904
92889
92789
92728
92720
92415
92348
92287
92276
92270
92260
92063
92041
91948
91901
91889
91888
91878
91824
91794
91714
91655
91600
91591
91589
91574
91472
91453
91369
91351
91345
91309
91304
91075
91020
90904
90821
90771
90720
90712
90617
90497
90234
90190
90188
90178
90173
90134
89841
89821
89795
89778
89774
89747
89705
89697
89653
89649
89463
89455
89416
89405
89372
89329
89290
89259
89216
89209
89159
89153
89147
89091
89030
89003
88963
88950
88944
88914
88887
88843
88839
88675
88501
88469
88415
88336
88321
88289
88280
88267
88238
88238
88193
88150
88107
88017
87912
87883
87864
87848
87807
87746
87743
87733
87725
87695
87689
87664
87659
87572
87292
87286
87160
87132
87078
86973
86928
86914
86907
86852
86731
86606
86440
86416
86394
86368
86335
86236
86208
86190
86181
86163
86130
86115
86074
86067
86001
85984
85963
85834
85826
85797
85792
85775
85771
85734
85648
85635
85587
85567
85537
85457
85406
85383
85301
85295
85293
85277
85262
85163
85153
85131
85111
85075
85061
85005
84933
84885
84844
84818
84799
84796
84762
84736
84734
84545
84512
84400
84396
84213
84184
83824
83778
83749
83712
83566
83519
83514
83465
83407
83305
83256
83089
82881
82851
82774
82764
82747
82672
82650
82650
82627
82607
82593
82584
82450
82443
82387
82341
82290
82260
82206
81989
81953
81838
81747
81629
81528
81514
81510
81481
81405
81341
81265
81103
81087
81068
81031
80985
80953
80941
80885
80858
80857
80703
80542
80503
80464
80405
80303
80251
80244
80152
80137
80001
80000
79962
79947
79878
79871
79825
79761
79752
79725
79702
79688
79637
79541
79481
79477
79431
79380
79286
79207
79196
79177
79107
79091
79047
79024
78929
78864
78837
78583
78541
78501
78492
78454
78413
78371
78300
78172
78166
78119
78103
78101
78029
77991
77910
77902
77880
77880
77878
77792
77721
77688
77681
77660
77659
77641
77625
77601
77569
77528
77181
77177
77151
77132
77088
77030
76962
76916
76901
76860
76838
76781
76739
76569
76542
76508
76428
76405
76335
76331
76299
76274
76264
76224
76202
76138
76136
76134
76134
76100
76011
76009
75970
75946
75912
75862
75845
75729
75697
75695
75479
75441
75404
75365
75215
75183
75122
75033
74986
74932
74887
74881
74871
74818
74642
74619
74616
74566
74532
74450
74443
74422
74368
74322
74314
74189
74182
74129
74079
74073
74065
74058
74020
74006
73848
73846
73780
73681
73654
73622
73609
73583
73569
73527
73526
73385
73326
73308
73266
73264
73251
73229
73191
73108
72978
72957
72950
72893
72847
72689
72674
72580
72561
72553
72476
72437
72334
72297
72117
72071
72053
71932
71818
71794
71737
71619
71610
71582
71522
71431
71329
71235
71211
71155
71040
70888
70870
70835
70825
70786
70766
70650
70612
70593
70590
70556
70544
70541
70538
70491
70423
70388
70362
70211
70122
70048
69822
69782
69738
69720
69653
69643
69604
69566
69454
69445
69438
69431
69370
69353
69233
69163
69159
68934
68867
68861
68829
68827
68817
68801
68710
68693
68656
68630
68601
68579
68370
68329
68316
68312
68308
68163
67998
67787
67741
67719
67717
67687
67668
67617
67573
67476
67467
67457
67433
67362
67237
67187
67174
67171
67135
67128
67113
67105
67099
67062
67057
67000
66877
66783
66760
66754
66736
66687
66661
66525
66507
66418
66361
66334
66234
66229
66224
66223
66212
66141
66125
66106
66091
66036
65924
65901
65814
65802
65711
65699
65472
65425
65386
65385
65361
65350
65313
65059
65017
64900
64899
64784
64757
64622
64603
64592
64476
64425
64409
64329
64320
64311
64297
64215
64173
64163
64150
64121
64109
64107
64105
63994
63962
63831
63758
63725
63723
63541
63453
63433
63408
63377
63367
63365
63231
63226
63193
63165
63155
63098
63097
62973
62965
62960
62917
62838
62776
62775
62756
62703
62669
62641
62626
62617
62588
62585
62508
62504
62481
62473
62453
62412
62187
62161
62129
62129
62102
62095
62011
61860
61827
61811
61711
61695
61672
61649
61547
61448
61396
61166
61134
61053
60989
60958
60886
60843
60762
60752
60744
60733
60544
60473
60438
60418
60414
60356
60354
60341
60218
60183
60162
60144
60089
60077
60024
60000
59964
59932
59907
59849
59761
59739
59597
59585
59284
59182
59028
59016
58936
58890
58845
58835
58751
58710
58678
58639
58619
58612
58596
58578
58562
58558
58552
58423
58405
58382
58264
58234
58199
58130
58040
58015
57945
57801
57748
57744
57373
57360
57189
57086
57048
57040
57038
57025
56994
56989
56956
56917
56902
56716
56598
56591
56586
56569
56501
56490
56253
56220
56050
55859
55849
55720
55705
55670
55591
55546
55504
55500
55340
55205
55151
55106
55102
55099
55093
55068
55055
55050
55009
55007
54983
54979
54928
54921
54800
54797
54714
54708
54673
54645
54637
54588
54553
54545
54524
54512
54496
54428
54419
54350
54290
54283
54173
54167
54165
53993
53969
53913
53880
53828
53728
53727
53714
53625
53609
53552
53466
53431
53416
53414
53300
53281
53234
53193
53188
53168
52956
52948
52814
52762
52675
52629
52619
52597
52552
52526
52524
52470
52393
52380
52371
52333
52295
52293
52259
52228
52207
52174
52114
52098
52087
52084
52079
52035
51846
51828
51781
51695
51630
51593
51529
51518
51509
51481
51436
51373
51326
51318
51309
51288
51272
51017
50986
50931
50892
50846
50837
50830
50748
50691
50583
50578
50450
50426
50418
50211
50190
50187
50085
50017
50015
49981
49771
49566
49537
49486
49485
49439
49219
49193
49189
49181
49117
49087
49046
49033
49024
49023
49011
48997
48995
48973
48856
48829
48817
48814
48727
48679
48677
48625
48586
48318
48301
48286
48281
48271
48249
48207
48191
48141
48070
48037
48034
47872
47865
47753
47729
47669
47632
47540
47528
47396
47367
47328
47325
47295
47247
47018
46862
46806
46776
46649
46594
46584
46577
46557
46556
46516
46468
46431
46376
46336
46315
46221
46203
46174
46093
46018
45980
45947
45915
45911
45908
45832
45672
45525
45488
45436
45392
45331
45316
45294
45273
45270
45243
45243
45243
45177
45162
45143
45105
45061
45029
44980
44949
44915
44884
44845
44843
44831
44819
44807
44710
44661
44652
44637
44576
44563
44502
44497
44465
44448
44372
44354
44338
44255
44173
44049
44038
43898
43853
43801
43678
43667
43659
43589
43531
43515
43500
43396
43299
43271
43239
43221
43140
43100
43092
43017
42981
42963
42957
42838
42668
42610
42589
42566
42552
42549
42243
42234
42135
42120
42055
42016
42009
41963
41950
41905
41897
41881
41854
41678
41593
41587
41568
41566
41532
41429
41377
41340
41334
41317
41302
41031
40976
40960
40902
40899
40866
40703
40695
40531
40473
40428
40406
40363
40195
40185
40182
40027
39980
39920
39892
39889
39861
39852
39788
39702
39651
39649
39468
39383
39381
39292
39277
39275
39155
39149
39029
39019
38835
38808
38681
38629
38599
38524
38437
38363
38327
38304
38219
38215
38200
38187
38127
38125
38113
38055
37948
37897
37864
37839
37704
37617
37600
37515
37505
37469
37447
37403
37392
37385
37366
37358
37343
37339
37295
37204
37118
37082
37017
36999
36964
36927
36692
36666
36640
36628
36600
36581
36563
36464
36432
36258
36240
36205
36201
36195
36139
36129
36120
36095
36078
35979
35915
35882
35845
35835
35827
35771
35750
35750
35738
35704
35660
35532
35509
35504
35433
35413
35249
35190
35146
35111
35059
34892
34874
34870
34752
34752
34745
34738
34651
34650
34557
34533
34519
34506
34410
34372
34284
34272
34219
34201
33992
33959
33899
33868
33800
33761
33613
33599
33575
33493
33421
33402
33395
33307
33188
33153
33040
33003
32819
32744
32654
32633
32606
32505
32361
32243
32231
32124
31999
31909
31901
31854
31842
31839
31832
31800
31712
31692
31654
31603
31579
31565
31482
31437
31360
31344
31261
31233
31186
31020
31003
30871
30800
30702
30639
30593
30522
30497
30497
30450
30415
30298
30255
30171
30164
30066
30047
30036
30029
30021
30018
29997
29781
29740
29718
29691
29641
29590
29583
29579
29389
29338
29270
29247
29243
29231
29223
29142
29140
29106
29026
28982
28965
28957
28916
28913
28882
28824
28802
28755
28730
28726
28714
28711
28684
28609
28597
28546
28534
28516
28402
28377
28353
28215
28176
28154
28123
28098
28078
27972
27865
27805
27755
27733
27620
27589
27387
27359
27354
27253
27193
27084
27072
26929
26916
26882
26807
26723
26695
26559
26546
26427
26380
26313
26284
26282
26254
26095
26089
26081
26060
26046
25991
25965
25962
25947
25825
25797
25794
25723
25703
25563
25426
25379
25266
25138
25129
25096
25093
24973
24963
24799
24795
24653
24644
24636
24635
24577
24462
24399
24390
24279
24245
24235
24221
24212
24202
24122
24013
23947
23854
23769
23756
23530
23520
23463
23451
23441
23360
23305
23172
23166
23022
22997
22905
22737
22735
22733
22729
22472
22442
22389
22342
22337
22265
22215
22214
22088
22011
22011
22007
21972
21863
21812
21707
21697
21523
21488
21365
21342
21288
21281
20971
20942
20872
20871
20805
20793
20718
20656
20624
20563
20560
20549
20484
20367
20342
20335
20275
20232
20219
20210
20191
20182
20117
20094
19998
19998
19956
19817
19784
19768
19665
19644
19607
19597
19535
19420
19349
19329
19291
19286
19273
19241
19212
19192
19135
19109
19083
19048
19019
18919
18814
18803
18745
18710
18660
18651
18566
18474
18465
18374
18317
18308
18306
18207
18154
18134
18096
18091
18073
18025
17974
17944
17939
17865
17753
17710
17702
17552
17516
17512
17416
17259
17227
17170
17165
17146
17145
17138
17122
17045
16968
16811
16617
16589
16373
16264
16238
15995
15988
15986
15977
15938
15915
15894
15847
15810
15788
15756
15733
15697
15695
15625
15590
15504
15479
15478
15283
15269
15215
15150
15075
15068
15042
15035
15019
15013
15005
14948
14848
14758
14707
14680
14666
14637
14615
14593
14393
14241
14232
14211
14128
14121
14053
13814
13814
13798
13735
13689
13583
13511
13297
13275
13247
13219
13203
13202
13145
13136
13077
13025
13024
13012
12940
12912
12885
12876
12848
12838
12779
12708
12706
12675
12665
12619
12587
12561
12556
12524
12386
12321
12169
12082
12079
12074
11972
11969
11958
11920
11911
11799
11740
11706
11634
11569
11534
11343
11342
11176
11094
10991
10915
10912
10860
10854
10853
10773
10749
10703
10693
10674
10669
10559
10531
10531
10519
10515
10482
10418
10388
10374
10370
10365
10335
10307
10257
10199
10177
10128
10077
9985
9913
9591
9486
9467
9421
9382
9374
9346
9171
9156
9123
9100
9044
9036
9034
9027
9019
8934
8918
8887
8874
8682
8666
8605
8484
8439
8428
8383
8370
8335
8232
8224
8220
8207
8144
8100
8096
8045
7976
7957
7940
7937
7914
7856
7853
7759
7742
7665
7661
7613
7572
7519
7457
7352
7334
7332
7330
7252
7091
7076
7066
7054
7014
6839
6810
6614
6598
6586
6584
6420
6328
6310
6299
6277
6146
6027
6014
5989
5973
5936
5916
5854
5820
5801
5757
5750
5738
5734
5733
5722
5686
5559
5505
5494
5481
5465
5275
5259
5242
5238
5235
5234
5164
5142
5128
5099
4996
4974
4891
4846
4814
4702
4689
4544
4503
4499
4478
4421
4364
4299
4269
4205
4166
4123
4093
4046
4039
4003
3985
3904
3849
3781
3761
3704
3688
3660
3625
3622
3597
3585
3473
3465
3381
3358
3330
3325
3297
3280
3195
3125
3113
3110
3071
2973
2929
2880
2876
2847
2790
2772
2706
2657
2597
2559
2539
2521
2521
2441
2422
2380
2353
2320
2243
2107
2083
2041
2015
1993
1910
1898
1781
1695
1625
1587
1496
1475
1445
1404
1397
1383
1370
1280
1165
1106
1040
1016
999
822
816
772
678
630
608
553
492
411
361
331
316
259
230
159
133
126
