99992
99885
99795
99789
99725
99715
99690
99677
99573
99537
99367
99361
99331
99288
99249
99193
99187
99125
99117
99048
98884
98776
98737
98668
98668
98526
98440
98428
98404
98382
98336
98293
98142
98075
97946
97825
97731
97625
97484
97476
97465
97461
97447
97332
97314
97285
97276
97197
97095
97056
97045
97043
97030
96939
96858
96803
96792
96737
96710
96690
96673
96632
96603
96580
96577
96574
96423
96395
96387
96385
96369
96283
96260
96214
96211
96190
96130
96128
96101
96093
96087
96042
96029
95958
95954
95951
95948
95917
95897
95873
95844
95733
95718
95615
95598
95564
95560
95527
95507
95493
95440
95434
95408
95407
95399
95387
95370
95357
95310
95284
95241
95183
95083
95049
95046
95033
95003
94955
94876
94875
94803
94784
94747
94700
94626
94593
94511
94484
94367
94329
94188
94115
94054
94014
94008
93975
93962
93868
93866
93746
93665
93624
93580
93553
93531
93511
93479
93417
93416
93356
93348
93331
93253
93238
93214
93162
93087
93018
93018
92951
92937
92891
92675
92654
92630
92594
92563
92543
92491
92439
92435
92327
92312
92082
92057
92033
92026
91996
91991
91957
91868
91844
91776
91718
91709
91494
91422
91376
91313
91308
91259
91209
91193
91165
91086
91072
90904
90860
90855
90808
90774
90759
90669
90598
90586
90573
90511
90499
90466
90331
90330
90288
90274
90262
90215
90130
90101
90048
90045
90033
89994
89896
89850
89794
89733
89698
89677
89642
89544
89509
89504
89310
89266
89248
89199
89150
89098
88917
88868
88858
88854
88781
88732
88714
88692
88665
88615
88596
88441
88399
88395
88390
88163
88154
88148
88086
88082
88054
88015
88004
87973
87948
87742
87725
87702
87686
87465
87461
87388
87377
87288
87044
86984
86975
86963
86895
86875
86874
86834
86810
86751
86737
86725
86693
86662
86653
86531
86516
86505
86471
86383
86381
86380
86322
86242
86185
86144
86058
86027
85943
85922
85861
85841
85774
85763
85628
85520
85437
85371
85299
85299
85089
85080
85027
84998
84992
84981
84964
84916
84822
84751
84649
84503
84499
84498
84476
84379
84324
84276
84258
84226
84150
84098
84039
84014
84009
83890
83810
83795
83699
83590
83578
83535
83528
83475
83425
83405
83388
83300
83290
83255
83169
83115
83108
83019
82762
82706
82647
82510
82493
82433
82407
82315
82310
82305
82275
82170
82169
82147
82122
82092
82084
82006
81989
81963
81930
81863
81797
81763
81716
81634
81584
81576
81567
81479
81478
81371
81364
81267
81248
81221
81210
81210
81187
81164
81139
81125
80992
80903
80856
80827
80729
80686
80635
80633
80549
80507
80480
80464
80464
80367
80238
80232
80147
80038
80016
79974
79929
79741
79558
79519
79421
79409
79400
79397
79301
79280
79279
79200
79179
79005
78918
78917
78882
78877
78834
78815
78794
78788
78751
78691
78683
78628
78596
78408
78150
78134
78044
78025
77951
77887
77813
77787
77751
77665
77650
77586
77581
77554
77388
77384
77253
77252
77206
77188
77125
77104
77065
77015
77007
76850
76842
76703
76647
76616
76490
76483
76442
76434
76388
76362
76354
76345
76338
76330
76226
76170
76157
76094
75882
75781
75746
75743
75590
75467
75450
75432
75393
75374
75359
75356
75309
75220
75182
75107
75089
75085
74998
74923
74914
74883
74826
74820
74799
74751
74710
74687
74648
74571
74542
74463
74430
74354
74340
74321
74269
74232
74220
74140
74070
74031
74018
73997
73978
73966
73750
73720
73653
73637
73626
73567
73556
73550
73545
73460
73381
73337
73312
73296
73256
73232
73228
73132
73126
73078
73051
73046
72922
72910
72766
72732
72659
72656
72560
72492
72428
72420
72263
72242
72188
72187
72106
72041
72019
71974
71974
71926
71755
71714
71598
71452
71410
71327
71299
71292
71257
71225
71196
71190
71091
70958
70938
70838
70835
70782
70758
70639
70603
70600
70537
70326
70144
70047
69982
69972
69900
69847
69842
69720
69697
69533
69489
69389
69358
69309
69278
69242
69163
69143
69105
69050
68999
68976
68975
68952
68948
68919
68853
68790
68751
68653
68535
68526
68505
68494
68490
68475
68426
68404
68337
68331
68317
68292
68286
68193
68128
68069
68059
68054
68031
67965
67964
67936
67885
67861
67855
67830
67803
67752
67718
67714
67646
67542
67471
67434
67374
67337
67330
67302
67256
67159
67126
67120
67119
67040
66984
66923
66887
66878
66876
66872
66861
66854
66846
66826
66781
66775
66744
66584
66576
66541
66537
66536
66535
66458
66429
66402
66382
66347
66332
66271
66266
66265
66249
66186
66064
66033
65995
65966
65941
65932
65919
65889
65833
65785
65770
65731
65653
65647
65619
65557
65486
65415
65376
65372
65314
65238
65217
65205
65167
65118
65089
65075
65042
65019
64933
64906
64895
64890
64881
64860
64854
64825
64622
64610
64608
64447
64363
64356
64339
64234
64195
64191
64074
64033
63922
63890
63790
63671
63667
63638
63627
63625
63616
63616
63606
63464
63464
63382
63297
63197
63194
63151
63148
63147
63086
63079
63014
63010
62985
62853
62745
62660
62633
62605
62575
62531
62518
62505
62425
62385
62326
62228
62224
62197
62182
62160
62155
62123
62048
61944
61913
61896
61792
61765
61765
61712
61701
61653
61632
61624
61470
61418
61414
61401
61318
61181
61135
61121
60981
60951
60914
60827
60811
60707
60695
60646
60601
60513
60509
60492
60458
60412
60347
60332
60316
60305
60276
60275
60238
60137
60067
59985
59916
59915
59854
59843
59690
59679
59658
59639
59432
59413
59361
59340
59283
59275
59254
59245
59233
59203
59140
59125
59067
58963
58923
58890
58883
58815
58773
58643
58595
58555
58552
58463
58444
58438
58427
58354
58353
58300
58265
58240
58215
58167
58144
58110
57991
57918
57859
57847
57833
57755
57750
57688
57679
57595
57569
57457
57439
57425
57418
57403
57394
57326
57319
57243
57194
57185
57064
57010
56999
56991
56934
56868
56845
56833
56767
56742
56642
56544
56506
56440
56435
56406
56289
56273
56245
56176
56114
56098
55965
55927
55906
55896
55879
55842
55809
55806
55765
55757
55518
55486
55461
55443
55432
55379
55362
55153
55144
55132
55123
55070
54951
54943
54900
54786
54747
54721
54711
54631
54544
54490
54460
54441
54398
54379
54338
54283
54224
54220
54181
54167
54057
54054
54019
53870
53773
53752
53678
53642
53496
53478
53452
53442
53403
53319
53307
53270
53056
53024
52975
52912
52826
52799
52764
52727
52709
52696
52586
52542
52384
52303
52251
52199
52170
52127
52077
52070
52044
52013
51982
51960
51905
51861
51702
51528
51501
51387
51369
51326
51324
51295
51122
51096
51080
51025
50983
50976
50945
50944
50808
50806
50799
50764
50701
50673
50536
50462
50420
50383
50358
50348
50339
50304
50271
50247
50218
50201
50043
49980
49920
49909
49726
49688
49601
49463
49425
49409
49392
49384
49184
49128
49106
49085
48944
48914
48850
48723
48716
48691
48653
48627
48623
48608
48599
48562
48548
48537
48486
48432
48316
48309
48275
48271
48241
48240
48143
48118
48066
47923
47869
47741
47721
47640
47521
47512
47503
47493
47410
47362
47356
47161
47157
47127
47097
47092
47065
47048
47022
46967
46517
46459
46454
46446
46384
46370
46243
46195
45999
45999
45985
45879
45812
45773
45757
45594
45584
45408
45336
45316
45309
45279
45256
45147
44979
44957
44938
44875
44835
44817
44816
44654
44640
44628
44625
44516
44433
44151
44146
44093
44087
44059
44036
43798
43747
43695
43669
43581
43487
43481
43397
43348
43295
43259
43226
43199
43181
43162
43113
43080
43065
43062
42851
42825
42753
42741
42736
42696
42678
42625
42603
42570
42568
42500
42478
42388
42340
42255
42231
42166
42142
42081
42015
41993
41992
41883
41665
41659
41648
41637
41622
41556
41491
41481
41454
41379
41363
41344
41342
41298
41275
41267
41209
41187
41145
41124
41068
41029
41005
40865
40848
40829
40829
40708
40655
40609
40600
40597
40553
40543
40484
40454
40416
40358
40344
40311
40209
40164
40110
40109
40012
39967
39965
39964
39850
39810
39783
39767
39760
39691
39658
39565
39491
39477
39378
39350
39347
39289
39261
39166
39165
38947
38910
38846
38798
38749
38686
38667
38662
38651
38638
38630
38628
38626
38453
38364
38352
38349
38339
38312
38302
38212
38166
38118
38048
37982
37923
37845
37797
37743
37686
37601
37525
37509
37495
37475
37469
37389
37389
37270
37247
37184
37170
37128
37073
37054
36840
36687
36668
36621
36572
36542
36499
36497
36423
36410
36286
36151
36120
36056
36034
36017
36016
35938
35936
35840
35797
35781
35780
35671
35534
35486
35472
35457
35456
35416
35287
35146
35105
35093
34935
34912
34907
34895
34877
34821
34809
34768
34685
34663
34642
34572
34354
34245
34201
34180
34122
34055
34039
34028
34007
33848
33741
33720
33697
33692
33625
33621
33600
33516
33364
33327
33218
33208
33008
32940
32901
32897
32785
32741
32718
32673
32564
32515
32442
32407
32293
32198
32177
32137
32093
32049
32005
31965
31938
31934
31920
31865
31856
31819
31794
31729
31613
31591
31399
31348
31346
31267
31231
31194
31158
31018
30993
30932
30907
30866
30807
30796
30724
30724
30714
30711
30666
30610
30565
30555
30552
30368
30324
30323
30301
30251
30106
30067
29997
29980
29956
29909
29859
29851
29818
29576
29545
29505
29465
29451
29357
29278
29265
29117
29083
29078
29034
29027
28977
28971
28893
28777
28516
28496
28446
28444
28411
28265
28243
28215
28171
28152
28061
28053
28044
28038
28003
27951
27944
27926
27909
27894
27884
27875
27756
27657
27653
27643
27609
27558
27342
27314
27305
27163
27065
27060
27027
26898
26800
26773
26676
26654
26561
26549
26517
26491
26430
26367
26338
26080
26056
25972
25836
25829
25784
25554
25440
25439
25412
25406
25299
25242
25082
25059
24990
24727
24711
24702
24695
24693
24658
24655
24588
24524
24332
24329
24299
24249
24169
24148
24075
24068
24051
23932
23863
23857
23824
23799
23642
23591
23539
23465
23428
23409
23347
23262
23197
23093
23079
23024
23006
22972
22841
22813
22794
22777
22775
22755
22677
22637
22535
22512
22460
22452
22424
22392
22348
22280
22235
22210
22130
22073
22043
22001
21882
21862
21837
21785
21721
21703
21696
21670
21635
21582
21478
21413
21270
21161
21155
21117
21076
21039
20966
20960
20923
20873
20827
20773
20758
20720
20648
20647
20626
20618
20482
20431
20348
20341
20286
20249
20225
20223
20150
20115
20074
20043
19989
19832
19824
19744
19592
19530
19407
19405
19397
19279
19236
19211
19127
19064
19026
19001
18898
18896
18879
18825
18821
18746
18677
18652
18627
18626
18565
18482
18388
18291
18270
18230
18141
18127
18123
17934
17902
17897
17889
17860
17802
17789
17763
17715
17695
17685
17685
17640
17572
17557
17554
17505
17374
17358
17332
17298
17298
17288
17239
17030
17021
16996
16968
16940
16843
16716
16679
16671
16669
16660
16636
16572
16486
16435
16365
16314
16289
16286
16127
16121
16062
16034
15956
15862
15858
15843
15828
15803
15622
15615
15573
15497
15475
15466
15366
15350
15321
15233
15129
15066
15049
14849
14829
14786
14625
14604
14600
14590
14540
14472
14451
14381
14374
14222
14199
14192
14172
14105
14071
13959
13801
13784
13758
13695
13670
13664
13616
13607
13533
13520
13471
13368
13336
13318
13309
13262
13204
13094
12932
12911
12899
12868
12861
12562
12548
12537
12445
12255
12149
12133
12034
12026
11970
11930
11845
11837
11810
11588
11513
11383
11353
11307
11302
11282
11280
11207
11184
11116
11073
11039
11011
10971
10955
10928
10850
10776
10687
10640
10579
10578
10548
10532
10468
10449
10400
10396
10272
10267
10262
10256
10247
10221
10033
9865
9865
9856
9832
9828
9809
9782
9741
9637
9609
9561
9484
9379
9362
9318
9271
9196
8961
8939
8883
8720
8669
8664
8654
8576
8544
8493
8452
8445
8432
8397
8381
8341
8242
8225
8041
8009
7950
7866
7787
7786
7621
7574
7555
7519
7513
7341
7294
7292
7278
6834
6814
6813
6800
6669
6581
6577
6509
6397
6317
6229
6209
6201
6092
6070
5979
5966
5957
5952
5938
5852
5804
5782
5690
5679
5639
5582
5532
5485
5413
5340
5314
5225
5159
5087
4994
4917
4890
4882
4832
4800
4758
4672
4522
4494
4444
4414
4343
4338
4277
4257
4196
4194
4143
4117
4033
4021
3976
3765
3738
3714
3702
3575
3573
3551
3540
3476
3360
3353
3339
3315
3297
3296
3265
3124
3048
3047
3040
2975
2934
2897
2780
2750
2512
2498
2457
2390
2386
2360
2332
2271
2247
2243
2220
2140
2117
2058
2047
2027
1974
1928
1916
1879
1855
1664
1620
1593
1528
1512
1511
1482
1436
1383
1360
1178
1162
1136
1066
965
906
873
832
666
661
591
566
501
497
464
393
366
135
86
5
