99952
99942
99937
99888
99835
99806
99805
99763
99729
99694
99510
99477
99433
99418
99415
99412
99400
99325
99315
99233
99150
99013
99012
98927
98912
98886
98867
98849
98840
98687
98678
98649
98474
98446
98436
98414
98386
98223
98157
98042
98004
97919
97893
97864
97829
97826
97813
97776
97763
97763
97697
97549
97540
97482
97479
97413
97356
97334
97329
97277
97205
97153
97148
97096
97074
97028
96783
96694
96637
96637
96625
96571
96530
96501
96438
96368
96307
96261
96241
96138
96113
96079
95999
95973
95930
95913
95863
95838
95678
95669
95591
95565
95545
95545
95426
95396
95320
95301
95266
95253
95228
95207
95107
95080
95062
94944
94872
94848
94845
94823
94692
94550
94510
94432
94290
94100
94098
94048
94004
93975
93923
93897
93831
93680
93629
93604
93599
93558
93551
93532
93496
93410
93399
93391
93389
93327
93265
93195
93189
92993
92977
92920
92747
92699
92691
92614
92560
92496
92349
92262
92164
92154
92089
92082
92060
91946
91891
91887
91849
91731
91512
91485
91383
91378
91333
91311
91227
91149
91006
90802
90795
90735
90731
90688
90685
90671
90657
90566
90544
90515
90428
90345
90338
90311
90304
90301
90228
90203
90144
90090
90065
90028
89993
89941
89835
89823
89736
89735
89675
89636
89558
89537
89534
89470
89410
89406
89376
89367
89354
89335
89293
89287
89206
89201
89195
89111
89090
89016
88980
88940
88918
88916
88875
88783
88710
88673
88657
88552
88509
88476
88455
88451
88439
88370
88159
88143
88131
88124
88097
88003
87983
87908
87889
87845
87843
87838
87706
87609
87589
87574
87565
87426
87390
87370
87324
87281
87277
87247
87233
87153
87150
87050
87022
86967
86951
86870
86805
86756
86724
86703
86678
86628
86560
86551
86522
86515
86506
86499
86435
86372
86345
86091
86083
86066
86022
86001
85959
85959
85923
85850
85771
85761
85751
85747
85672
85604
85574
85565
85552
85541
85537
85501
85319
85299
85260
85099
85008
84992
84916
84873
84844
84818
84774
84736
84722
84669
84653
84649
84580
84485
84441
84428
84402
84350
84182
84148
84128
84128
84126
84018
83943
83935
83908
83903
83749
83722
83721
83704
83641
83638
83617
83425
83386
83333
83248
83236
83210
83204
83110
83091
83088
82957
82893
82878
82857
82846
82824
82807
82780
82730
82700
82567
82529
82457
82457
82445
82424
82336
82256
82251
82242
82227
82211
82207
82169
82152
82094
82046
81950
81934
81889
81834
81784
81746
81738
81699
81675
81669
81653
81636
81634
81582
81534
81358
81358
81294
81287
81285
81218
81198
81165
81155
81115
81044
81009
80990
80986
80977
80932
80723
80695
80539
80465
80413
80412
80408
80371
80361
80319
80176
80161
80093
79992
79988
79908
79842
79791
79739
79734
79655
79622
79602
79553
79534
79418
79360
79320
79299
79250
79173
79170
79121
79059
79040
79015
78977
78958
78933
78921
78904
78817
78805
78707
78652
78511
78487
78469
78323
78281
78259
78158
78156
78131
78020
78012
78009
77956
77945
77924
77905
77859
77734
77714
77661
77578
77576
77487
77418
77394
77354
77282
77273
77241
77112
77023
76941
76895
76867
76832
76666
76661
76655
76637
76607
76503
76494
76484
76246
76183
76175
76115
76042
76013
75983
75933
75811
75750
75723
75716
75625
75595
75549
75513
75507
75477
75428
75393
75388
75379
75311
75251
75235
75019
74913
74889
74874
74872
74821
74722
74691
74621
74605
74488
74381
74319
74240
74238
74217
74159
74089
74070
74011
73956
73953
73900
73869
73798
73694
73640
73624
73618
73552
73520
73507
73481
73458
73446
73429
73405
73380
73284
73234
73173
73164
73061
72972
72970
72881
72825
72802
72738
72733
72697
72625
72534
72524
72495
72482
72478
72476
72433
72419
72389
72217
72184
72024
72001
71950
71933
71888
71847
71825
71798
71779
71683
71577
71538
71519
71444
71414
71309
71304
71217
71198
71112
71098
71080
71011
70951
70909
70643
70550
70463
70461
70416
70409
70372
70320
70320
70248
70188
70171
70110
70032
69992
69957
69893
69872
69822
69767
69723
69707
69706
69510
69471
69402
69374
69303
69295
69229
69172
69170
69118
68995
68995
68931
68911
68905
68893
68822
68803
68704
68627
68607
68583
68536
68515
68465
68423
68322
68321
68261
68237
68220
68216
68185
68157
68123
68093
68072
67979
67801
67782
67666
67620
67515
67438
67380
67327
67255
67249
67231
67212
67163
67089
66979
66947
66934
66898
66871
66847
66770
66650
66629
66545
66477
66400
66242
66139
66131
66116
66102
66058
65724
65673
65640
65590
65508
65478
65472
65451
65451
65422
65283
65276
65257
65149
65042
64981
64970
64932
64931
64929
64879
64860
64844
64839
64829
64789
64726
64724
64639
64603
64591
64564
64509
64488
64432
64430
64353
64263
64155
64141
64040
64016
63980
63958
63925
63901
63851
63592
63516
63508
63507
63493
63468
63458
63269
63264
63254
63197
63190
63159
63142
63063
63059
63050
63011
63005
62881
62859
62851
62850
62843
62835
62810
62787
62712
62555
62499
62497
62450
62410
62403
62300
62243
62240
62153
62147
62133
62095
61992
61916
61877
61847
61711
61688
61672
61654
61645
61624
61584
61558
61523
61303
61268
61176
61131
61130
61019
60965
60900
60816
60764
60749
60726
60713
60679
60657
60634
60587
60587
60474
60421
60403
60375
60361
60191
60180
60026
60012
59992
59959
59908
59895
59807
59784
59667
59573
59566
59551
59475
59405
59393
59381
59300
59275
59275
59237
59176
59100
59038
59026
59022
58961
58957
58918
58885
58832
58806
58688
58632
58491
58464
58433
58404
58403
58394
58368
58329
58252
58247
58148
58102
58022
58017
58010
57993
57823
57821
57815
57634
57622
57584
57481
57475
57436
57349
57343
57178
57169
57150
57094
57091
56925
56851
56849
56847
56719
56699
56688
56597
56574
56472
56384
56121
56118
56089
56008
55999
55993
55974
55971
55894
55786
55685
55547
55484
55356
55199
55170
55152
55131
55128
55061
55001
55001
54965
54895
54795
54781
54728
54679
54628
54620
54580
54566
54559
54553
54533
54530
54425
54384
54357
54267
54121
53986
53910
53882
53846
53733
53694
53684
53673
53666
53655
53643
53603
53599
53524
53498
53463
53338
53265
53195
53188
53175
53075
53064
52947
52881
52871
52847
52810
52801
52775
52561
52537
52511
52499
52404
52247
52218
52075
52067
52049
52029
52019
51978
51964
51919
51811
51783
51765
51765
51680
51573
51278
51128
51037
51035
50981
50872
50857
50804
50780
50776
50640
50555
50504
50458
50433
50382
50379
50270
50184
50172
50107
50007
49963
49933
49884
49880
49759
49693
49692
49654
49543
49535
49533
49454
49442
49315
49275
49260
49121
49088
48974
48973
48943
48917
48644
48641
48619
48608
48550
48463
48368
48350
48302
48279
48257
48254
48252
48216
48144
48076
48030
48006
47924
47906
47901
47803
47753
47556
47463
47387
47358
47253
47246
47241
47172
47153
47139
47119
47096
46998
46953
46907
46892
46771
46699
46605
46514
46367
46289
46254
46157
46115
46000
45975
45837
45770
45747
45721
45704
45692
45612
45575
45571
45568
45365
45354
45294
45287
45188
45152
45123
45026
45010
44922
44915
44899
44854
44781
44781
44773
44756
44660
44611
44585
44458
44435
44354
44330
44311
44308
44280
44258
44211
44197
43930
43920
43863
43711
43685
43656
43421
43406
43357
43354
43216
43213
43211
43171
43087
43006
42980
42966
42940
42881
42851
42735
42733
42713
42707
42699
42698
42538
42506
42408
42365
42283
42232
42222
42132
42116
42076
42060
42058
42058
41984
41965
41936
41770
41658
41546
41531
41519
41470
41451
41437
41347
41308
41291
41269
41226
41110
41110
41021
40981
40939
40876
40798
40766
40715
40705
40630
40581
40575
40544
40463
40452
40450
40339
40268
40232
40220
40220
40136
40125
40081
40080
40076
40047
39930
39896
39785
39764
39693
39639
39463
39399
39395
39368
39361
39349
39325
39286
39169
39150
39112
39081
39066
39052
39004
38990
38791
38783
38737
38688
38663
38546
38517
38487
38412
38371
38361
38334
38327
38292
38154
38126
38118
38115
38050
37982
37919
37856
37816
37729
37687
37677
37521
37494
37448
37446
37419
37377
37333
37316
37287
37275
37146
37124
37117
37102
37076
37054
37008
36994
36980
36947
36939
36910
36866
36823
36731
36694
36677
36634
36542
36420
36405
36396
36353
36228
36220
36207
36184
36163
36027
36011
35961
35776
35654
35621
35612
35564
35554
35537
35504
35491
35419
35389
35359
35305
35203
35195
35149
35087
35050
34894
34836
34708
34660
34603
34590
34572
34351
34336
34244
34198
34149
34043
34007
33939
33886
33780
33758
33685
33634
33621
33596
33591
33551
33543
33488
33483
33443
33433
33386
33361
33356
33338
33239
33184
33176
33083
33018
32920
32859
32827
32825
32794
32729
32716
32699
32645
32613
32608
32531
32455
32449
32366
32351
32349
32327
32298
32269
32260
32211
32173
32039
31959
31812
31792
31719
31617
31588
31549
31521
31461
31443
31415
31388
31315
31304
31290
31267
31245
31159
31145
31137
31129
31124
31102
31052
30981
30820
30778
30772
30730
30639
30610
30589
30439
30376
30362
30320
30240
30151
30092
30069
30010
30005
29964
29955
29890
29888
29873
29846
29827
29826
29818
29691
29627
29594
29591
29529
29510
29497
29367
29295
29276
29187
29185
29098
29057
29044
29025
28977
28887
28870
28823
28804
28674
28558
28468
28332
28309
28256
28201
28176
28154
28143
28100
28047
27990
27976
27967
27922
27897
27893
27890
27854
27762
27727
27724
27616
27545
27497
27423
27404
27388
27384
27379
27363
27319
27206
27137
27124
27057
27038
26973
26950
26896
26851
26844
26843
26756
26726
26694
26648
26618
26529
26443
26328
26273
26263
26195
26182
26151
26133
26132
26101
26057
26034
26012
25830
25762
25752
25733
25653
25454
25423
25331
24946
24934
24906
24833
24820
24816
24787
24658
24552
24538
24523
24517
24375
24357
24356
24205
24168
24163
24157
24140
24103
24094
24086
24082
24016
23819
23778
23775
23775
23738
23711
23703
23702
23700
23631
23446
23400
23387
23379
23335
23227
23189
23073
23061
23058
23052
22922
22911
22768
22677
22607
22519
22412
22393
22350
22256
22234
22210
22159
22144
22086
22064
22013
21998
21798
21776
21760
21697
21487
21484
21384
21251
21162
21120
21052
20922
20813
20812
20782
20751
20674
20429
20402
20350
20317
20018
20006
19874
19837
19811
19801
19794
19729
19705
19475
19461
19458
19428
19332
19233
19017
18923
18887
18717
18596
18530
18529
18506
18417
18406
18396
18373
18236
18220
18209
18207
18094
18059
17999
17908
17866
17837
17812
17804
17645
17632
17628
17549
17538
17476
17455
17449
17420
17406
17323
17268
17262
17164
17131
17094
17068
16906
16886
16852
16806
16713
16696
16666
16616
16545
16507
16475
16446
16317
16305
16288
16283
16098
16094
16085
16014
16012
15989
15927
15923
15882
15851
15831
15821
15808
15753
15737
15511
15382
15336
15259
15258
15139
15106
15090
14989
14977
14929
14865
14831
14806
14738
14738
14737
14704
14684
14664
14611
14559
14496
14441
14397
14395
14376
14318
14311
14195
14102
14025
13990
13968
13914
13870
13854
13833
13831
13784
13747
13630
13490
13454
13449
13367
13298
13278
13210
13134
12905
12810
12784
12754
12619
12592
12582
12570
12327
12251
12231
12228
12147
12101
12016
11976
11961
11907
11879
11858
11805
11801
11709
11616
11565
11545
11467
11413
11321
11254
11183
11151
11148
11146
11130
11055
11051
10962
10955
10933
10850
10694
10688
10679
10678
10578
10518
10511
10463
10427
10416
10377
10314
10306
10266
10259
10237
10211
10163
10111
10110
10094
10092
10041
10035
9992
9986
9898
9861
9817
9589
9584
9577
9437
9363
9345
9286
9202
9150
9142
9114
9083
9071
9035
9025
9012
8975
8940
8937
8883
8821
8779
8652
8616
8614
8472
8466
8449
8404
8403
8300
8257
8250
8192
8152
8149
8143
8010
7905
7852
7829
7719
7652
7632
7628
7620
7447
7391
7303
7186
7149
7084
7058
6968
6892
6789
6771
6684
6683
6660
6641
6542
6285
6237
6160
6127
6118
5997
5919
5835
5787
5772
5729
5695
5474
5471
5463
5437
5431
5276
5234
5117
5092
5065
4994
4980
4966
4959
4913
4785
4738
4482
4461
4432
4360
4159
4088
4042
3954
3873
3759
3719
3680
3636
3613
3584
3557
3543
3519
3420
3379
3271
3264
3244
3169
3146
3083
3079
3073
3003
2976
2967
2889
2872
2865
2803
2800
2764
2696
2646
2512
2467
2445
2421
2390
2355
2316
2211
2191
2188
2129
2079
2051
1893
1853
1851
1839
1655
1617
1569
1538
1500
1472
1418
1411
1332
1285
1223
1145
1126
1109
1094
1037
998
994
968
932
919
904
870
825
809
798
766
751
535
446
408
227
66
6
