99960
99933
99884
99853
99803
99802
99800
99695
99608
99543
99492
99338
99249
99249
99183
99145
99120
99070
99019
98979
98957
98952
98832
98830
98771
98725
98723
98560
98557
98372
98229
98178
98128
98061
97964
97921
97848
97794
97793
97708
97692
97638
97550
97540
97455
97403
97239
97184
97181
97173
97020
97017
96961
96947
96913
96883
96783
96737
96664
96648
96626
96589
96579
96514
96441
96401
96353
96332
96274
96268
96256
96222
96217
96156
96136
96113
96071
95866
95831
95785
95782
95619
95519
95491
95450
95440
95429
95371
95285
95200
95130
95128
95121
95092
95063
95004
95002
94958
94814
94800
94760
94692
94667
94522
94521
94517
94480
94284
94261
94228
94180
94002
93904
93888
93873
93852
93697
93614
93540
93488
93344
93340
93323
93316
93270
93267
93236
93158
93145
93059
93014
92854
92828
92823
92807
92652
92620
92618
92528
92486
92448
92423
92406
92401
92364
92298
92235
92075
92073
92034
92004
91938
91913
91913
91910
91690
91676
91485
91464
91343
91322
91256
91244
91215
91103
91008
90929
90928
90915
90913
90822
90796
90782
90717
90682
90668
90628
90606
90595
90566
90539
90536
90428
90407
90331
90285
90271
90222
90163
90113
89910
89823
89798
89788
89741
89566
89542
89522
89522
89507
89471
89468
89365
89293
89286
89263
89180
89037
89009
88948
88907
88833
88693
88600
88563
88487
88484
88387
88379
88361
88357
88310
88226
88117
88110
88019
87999
87964
87860
87859
87779
87685
87614
87561
87545
87514
87452
87362
87320
87312
87217
87195
87156
87118
87112
87109
87092
87092
87086
87065
87017
87013
86954
86917
86885
86857
86852
86837
86812
86782
86662
86622
86613
86493
86469
86437
86404
86333
86273
86263
86187
86079
86013
85913
85843
85841
85783
85732
85671
85659
85603
85594
85582
85573
85542
85478
85399
85300
85193
85109
85108
85081
85010
84977
84881
84787
84760
84669
84663
84614
84610
84599
84598
84558
84298
84283
84239
84116
83882
83869
83868
83715
83701
83611
83591
83577
83564
83563
83526
83491
83477
83302
83267
83195
83111
83096
83089
83065
83034
83002
82975
82973
82935
82935
82900
82784
82611
82489
82327
82221
82048
81813
81727
81707
81699
81691
81638
81595
81573
81516
81380
81294
81275
81268
81248
81239
81222
81211
81209
81167
81053
80969
80964
80932
80910
80855
80737
80659
80655
80584
80492
80488
80443
80421
80368
80303
80222
80167
80101
80043
80034
79958
79938
79871
79794
79693
79641
79496
79478
79355
79306
79234
79200
79188
79172
79144
79122
79099
79067
79017
79013
79013
78932
78876
78861
78844
78755
78711
78647
78631
78615
78561
78558
78500
78481
78402
78346
78324
78230
78214
78170
78075
78065
78045
77924
77922
77823
77729
77714
77632
77607
77525
77330
77052
76929
76846
76841
76804
76798
76651
76646
76621
76618
76615
76374
76370
76365
76360
76349
76338
76314
76272
76245
76234
76226
76224
76201
76193
76183
76117
76026
75971
75872
75833
75820
75744
75742
75669
75666
75651
75623
75612
75597
75573
75500
75416
75400
75392
75235
75200
75166
75094
75073
75069
74937
74848
74819
74807
74804
74793
74758
74728
74685
74500
74496
74458
74346
74341
74156
74137
74004
73997
73781
73779
73773
73746
73686
73607
73555
73554
73529
73405
73399
73389
73344
73251
73241
73229
73147
73093
72967
72898
72773
72769
72731
72673
72630
72574
72431
72412
72395
72375
72364
72348
72325
72230
72047
72037
72025
72016
72013
71985
71954
71946
71883
71866
71849
71839
71828
71825
71760
71757
71702
71697
71674
71544
71477
71394
71348
71285
71200
71129
71101
71036
71002
70981
70975
70970
70967
70965
70965
70921
70908
70904
70830
70790
70771
70750
70744
70719
70711
70682
70679
70656
70650
70635
70616
70595
70530
70423
70191
70011
69818
69812
69771
69703
69659
69600
69493
69484
69453
69415
69317
69301
69168
69099
69050
69030
69008
68873
68868
68863
68856
68807
68744
68640
68633
68617
68582
68512
68366
68310
68272
68244
68239
68168
68143
68126
68117
67970
67904
67898
67886
67855
67836
67835
67704
67651
67646
67620
67605
67584
67535
67474
67390
67335
67314
67261
67257
67193
67108
67047
66980
66944
66891
66786
66765
66678
66566
66499
66447
66362
66284
66154
66138
66100
66091
66057
66012
65896
65896
65765
65738
65693
65681
65630
65619
65617
65600
65595
65442
65405
65390
65358
65341
65283
65242
65229
65223
65203
65177
65059
64924
64853
64846
64817
64789
64775
64752
64675
64665
64516
64396
64361
64352
64302
64297
64160
64101
64095
63954
63896
63807
63741
63712
63705
63599
63544
63540
63429
63418
63271
63197
63185
63173
63093
63085
63078
63005
62977
62976
62971
62968
62837
62811
62739
62490
62462
62454
62430
62426
62423
62417
62351
62340
62323
62305
62253
62222
62210
62176
62032
62019
62009
62004
62002
61949
61826
61752
61732
61705
61658
61554
61527
61465
61293
61278
61242
61172
61125
61064
61014
61006
60938
60914
60873
60868
60797
60797
60787
60721
60656
60508
60495
60420
60396
60359
60313
60246
60163
60150
60056
59837
59835
59834
59832
59674
59614
59500
59480
59440
59382
59303
59283
59253
59208
59156
59131
58969
58892
58889
58849
58791
58726
58710
58683
58526
58497
58459
58394
58387
58330
58297
58240
58127
57847
57839
57818
57808
57793
57677
57528
57519
57443
57409
57352
57278
57264
57183
57157
57154
57153
57140
57066
57059
57034
57029
56964
56925
56907
56887
56872
56864
56846
56761
56660
56630
56425
56401
56386
56328
56318
56295
56229
56206
56180
56174
56167
56148
56144
56143
56094
56069
56054
55915
55841
55828
55748
55721
55698
55696
55693
55658
55576
55496
55489
55454
55434
55432
55426
55402
55334
55255
55252
55234
55142
55137
55087
55060
55046
55015
54891
54867
54850
54835
54771
54762
54758
54752
54688
54604
54391
54336
54272
54269
54220
54186
54182
54089
54086
54068
53793
53777
53774
53731
53724
53707
53705
53687
53683
53677
53605
53593
53581
53565
53544
53488
53462
53398
53385
53339
53334
53331
53314
53228
53169
53090
53021
52764
52710
52676
52647
52597
52588
52535
52357
52272
52265
52210
52130
52115
51999
51939
51939
51909
51846
51757
51742
51741
51720
51700
51628
51622
51568
51499
51495
51495
51450
51364
51288
51225
51211
51185
51023
51001
50988
50981
50928
50804
50649
50627
50622
50589
50567
50558
50455
50298
50292
50231
50175
50107
50077
50025
49944
49923
49862
49836
49830
49800
49780
49698
49676
49661
49642
49638
49618
49549
49480
49364
49316
49211
49204
49155
49114
49108
49056
49015
48960
48956
48946
48916
48849
48722
48661
48653
48650
48595
48546
48443
48443
48286
48210
48138
48117
48022
48022
47906
47796
47708
47702
47632
47613
47610
47459
47428
46931
46828
46803
46764
46747
46723
46630
46557
46463
46433
46380
46206
46147
46066
46062
46024
46022
45999
45959
45937
45931
45731
45730
45706
45700
45676
45635
45613
45495
45491
45388
45349
45291
45165
45120
45004
44997
44946
44934
44929
44836
44701
44691
44677
44672
44658
44589
44566
44451
44428
44418
44413
44391
44375
44330
44289
44208
44196
44174
44148
44122
44039
43996
43978
43875
43867
43766
43717
43666
43663
43623
43619
43601
43517
43454
43399
43369
43289
43269
43250
43122
43098
43092
43068
43034
43027
42993
42962
42956
42936
42931
42897
42866
42863
42825
42674
42581
42496
42322
42178
42168
42137
42128
42074
42053
41987
41984
41929
41825
41815
41568
41518
41502
41487
41450
41449
41394
41358
41292
41291
41265
41135
41061
41044
40973
40765
40744
40728
40657
40551
40548
40394
40383
40367
40335
40280
40264
40263
40162
40132
40050
40002
39951
39881
39858
39745
39732
39694
39693
39692
39676
39662
39557
39501
39491
39442
39355
39256
39162
39126
39110
39110
39089
38946
38942
38839
38744
38705
38697
38687
38664
38634
38549
38290
38274
38234
38221
38205
38064
38018
38014
37893
37773
37731
37714
37667
37561
37541
37373
37210
37173
37094
37022
37013
36983
36977
36938
36922
36891
36867
36815
36799
36711
36647
36362
36346
36274
36264
36262
36259
36144
36081
36030
35824
35798
35795
35783
35565
35465
35454
35348
35323
35261
35242
35119
35103
35013
34972
34957
34945
34755
34719
34712
34710
34647
34646
34540
34480
34444
34418
34409
34401
34392
34324
34290
34261
34246
34231
34225
34217
34163
33950
33904
33844
33832
33831
33764
33762
33718
33712
33696
33676
33644
33641
33615
33592
33556
33521
33466
33295
33282
33206
33063
33036
33034
33018
32971
32897
32868
32838
32816
32651
32564
32553
32552
32525
32500
32470
32430
32353
32246
32192
32182
32073
32021
31985
31981
31980
31932
31924
31910
31904
31889
31873
31864
31782
31766
31764
31699
31689
31650
31590
31554
31462
31457
31442
31375
31347
31259
31257
31253
31221
31083
30982
30971
30960
30951
30948
30834
30804
30757
30556
30541
30510
30496
30488
30408
30373
30352
30285
30063
29938
29839
29806
29766
29742
29604
29541
29537
29505
29497
29411
29391
29354
29258
29230
29176
29154
29154
29131
29101
29082
29070
28996
28886
28878
28854
28828
28743
28731
28679
28649
28585
28560
28472
28403
28367
28347
28326
28289
28251
28224
28218
28189
28170
28111
28108
28087
28039
28019
27923
27913
27906
27874
27823
27653
27594
27555
27523
27515
27416
27338
27298
27270
27266
27126
27026
26835
26787
26780
26745
26733
26657
26623
26596
26588
26486
26463
26457
26448
26447
26441
26436
26336
26331
26327
26308
26302
26240
26223
26090
26013
25901
25892
25859
25733
25717
25606
25535
25516
25492
25488
25482
25461
25385
25304
25011
24947
24889
24888
24882
24865
24861
24752
24694
24470
24466
24410
24338
24302
24270
24265
24261
24254
24192
24149
24048
24044
23976
23883
23857
23844
23751
23723
23640
23592
23576
23528
23460
23414
23364
23082
22986
22960
22903
22876
22781
22721
22707
22686
22642
22636
22622
22586
22556
22548
22483
22477
22446
22410
22410
22366
22317
22290
22176
22140
22133
22131
22117
22060
21870
21863
21835
21822
21727
21695
21655
21617
21597
21565
21538
21387
21263
21239
21199
21198
21187
21000
20981
20975
20956
20840
20787
20722
20698
20666
20531
20443
20414
20408
20381
20371
20073
19961
19891
19878
19821
19781
19722
19713
19708
19700
19645
19625
19601
19569
19433
19371
19250
19200
19189
19162
19100
19062
19028
18973
18900
18876
18875
18850
18799
18599
18296
18286
18166
18152
18077
18039
18010
17962
17933
17916
17887
17863
17858
17753
17706
17580
17577
17568
17443
17350
17349
17326
17284
17225
17221
17160
17141
17061
17051
16985
16938
16808
16759
16651
16587
16537
16531
16516
16499
16477
16474
16469
16371
16218
16192
16154
16096
15857
15852
15760
15426
15416
15369
15358
15293
15252
15201
15183
15165
15164
15144
15130
15115
15087
15068
15039
14991
14899
14890
14865
14859
14855
14788
14689
14684
14671
14547
14542
14518
14489
14389
14263
14132
14076
14070
14028
13987
13961
13782
13752
13711
13678
13547
13460
13422
13390
13336
13325
13281
13143
13017
12914
12905
12840
12810
12806
12796
12766
12711
12635
12577
12346
12313
12312
12237
12225
12211
12182
12176
12148
12147
12051
12026
12008
11974
11963
11896
11832
11806
11799
11765
11560
11525
11407
11396
11357
11341
11302
11289
11197
11060
11019
10883
10857
10812
10789
10775
10775
10706
10665
10521
10466
10428
10403
10385
10382
10380
10339
10249
10216
10100
10087
10065
9988
9967
9942
9848
9755
9714
9641
9625
9623
9487
9478
9306
9288
9253
9227
8872
8844
8821
8782
8741
8709
8634
8574
8568
8508
8420
8322
8248
8183
8165
8158
8120
8008
7974
7962
7946
7915
7906
7887
7728
7718
7697
7666
7645
7603
7533
7488
7480
7431
7404
7396
7387
7376
7375
7363
7310
7272
7126
6890
6874
6825
6787
6642
6599
6532
6475
6447
6282
6252
6172
6149
6130
6093
6064
6045
6031
6025
5968
5859
5850
5817
5738
5675
5589
5507
5496
5494
5472
5414
5412
5252
5146
4983
4968
4933
4797
4708
4701
4667
4492
4462
4455
4337
4326
4310
4229
4206
4149
4112
4079
3916
3911
3896
3847
3837
3758
3723
3719
3679
3623
3569
3554
3547
3528
3503
3492
3430
3301
3288
3258
3170
3163
3118
3114
3002
2990
2957
2846
2841
2769
2740
2534
2527
2516
2433
2432
2395
2381
2356
2338
2285
2207
2181
2167
2131
2122
2120
2089
2046
1996
1967
1949
1942
1849
1787
1764
1737
1684
1465
1415
1361
1289
1265
1261
1260
1253
1243
1232
1137
1110
1084
1052
1023
942
932
876
867
842
831
815
699
578
575
572
564
515
480
430
424
398
355
299
296
208
200
180
176
150
79
16
