99962
99946
99941
99871
99801
99789
99788
99766
99746
99711
99636
99626
99595
99570
99559
99549
99520
99383
99353
99351
99312
99247
99207
99155
98919
98918
98850
98848
98837
98831
98809
98789
98755
98723
98701
98694
98663
98541
98538
98526
98471
98439
98274
98243
98130
98105
98039
98013
97979
97852
97792
97755
97602
97577
97549
97536
97440
97434
97427
97390
97351
97232
97171
97102
97068
97062
97046
97026
96996
96948
96895
96893
96874
96871
96862
96850
96717
96711
96707
96628
96589
96576
96487
96484
96484
96414
96373
96361
96350
96337
96294
96215
96139
96025
96017
95984
95873
95766
95642
95569
95521
95515
95506
95473
95445
95343
95234
95150
95083
94979
94975
94905
94869
94849
94828
94745
94715
94671
94631
94567
94467
94384
94377
94367
94322
94317
94235
94218
94137
94066
94057
94024
93965
93869
93739
93702
93672
93643
93605
93480
93252
93246
93221
93146
93081
93000
92971
92833
92721
92628
92623
92463
92458
92439
92375
92330
92187
92186
92154
92052
92047
92006
92005
91996
91942
91934
91926
91904
91887
91872
91866
91852
91737
91611
91592
91582
91570
91522
91505
91488
91473
91469
91407
91347
91258
91241
91236
91173
91104
91069
91045
91037
91002
90930
90859
90809
90805
90743
90694
90693
90690
90667
90555
90537
90260
90247
90122
90103
90085
90063
90033
90026
89998
89895
89845
89833
89767
89724
89720
89671
89587
89436
89369
89311
89276
89271
89237
89221
89162
88997
88987
88980
88944
88841
88802
88800
88796
88763
88681
88661
88645
88640
88639
88546
88501
88327
88283
88224
88224
88223
88184
88140
88059
88054
87937
87895
87725
87685
87618
87474
87462
87445
87394
87359
87178
86846
86758
86718
86644
86623
86600
86595
86519
86407
86401
86343
86338
86270
86256
86251
86178
86161
86115
86092
86013
85997
85912
85873
85835
85822
85807
85581
85534
85488
85475
85473
85461
85448
85442
85433
85394
85373
85364
85360
85331
85273
85243
85242
85172
85152
85138
85120
85084
85070
85051
84780
84756
84706
84596
84442
84426
84409
84396
84354
84276
84238
84213
84200
84166
84109
84041
83762
83756
83662
83653
83652
83651
83590
83590
83544
83394
83349
83293
83275
83052
82982
82925
82867
82839
82822
82820
82784
82670
82643
82594
82587
82576
82501
82401
82371
82368
82361
82318
82282
82270
82266
82264
82179
82157
82155
82110
81829
81674
81640
81614
81581
81573
81463
81396
81393
81313
81264
81263
81012
81009
81006
80971
80852
80823
80802
80774
80769
80736
80721
80555
80554
80532
80402
80365
80282
80231
80206
80187
80096
80036
79920
79881
79878
79855
79816
79784
79764
79737
79734
79657
79651
79632
79600
79571
79395
79279
79271
79263
79205
79139
79078
79056
78967
78930
78879
78746
78734
78725
78674
78670
78667
78638
78532
78287
78258
78112
78064
78027
77936
77927
77848
77810
77672
77655
77501
77473
77388
77384
77277
77243
77208
77192
77160
76936
76930
76918
76907
76890
76824
76819
76798
76776
76772
76764
76752
76749
76695
76661
76655
76647
76616
76592
76463
76406
76389
76296
76294
76250
76197
76162
76021
75891
75889
75865
75854
75832
75702
75674
75579
75568
75473
75438
75406
75405
75356
75251
75228
75225
75216
75203
74992
74984
74902
74862
74841
74731
74688
74614
74508
74477
74417
74397
74366
74356
74338
74313
74310
74307
74264
74263
74105
74097
74090
74083
74081
74034
73955
73899
73888
73850
73782
73681
73508
73487
73461
73453
73399
73380
73357
73319
73282
73239
73178
73128
73125
73012
72991
72915
72903
72805
72704
72676
72627
72610
72594
72527
72461
72314
72158
71996
71965
71823
71765
71750
71714
71708
71693
71648
71624
71620
71605
71516
71430
71334
71256
71235
71110
70996
70948
70932
70909
70887
70870
70807
70804
70745
70714
70697
70615
70578
70558
70499
70486
70448
70437
70398
70387
70347
70325
70275
70250
70187
70122
70110
70038
69997
69890
69859
69700
69683
69656
69598
69508
69471
69301
69014
68810
68804
68721
68670
68651
68645
68644
68582
68549
68466
68362
68289
68228
68127
68036
68012
67952
67947
67937
67910
67884
67854
67774
67768
67756
67744
67727
67667
67562
67512
67418
67416
67380
67364
67299
67244
67061
66988
66976
66899
66894
66865
66731
66642
66475
66460
66436
66376
66334
66310
66248
65997
65951
65915
65851
65807
65795
65732
65697
65688
65687
65668
65667
65635
65559
65465
65463
65454
65452
65446
65413
65388
65241
65215
65185
65142
65132
65122
65083
65059
65002
64994
64978
64878
64721
64659
64652
64638
64612
64574
64466
64456
64455
64164
64118
64113
64076
64071
63996
63966
63945
63939
63923
63887
63822
63775
63762
63675
63668
63539
63511
63379
63353
63331
63228
63160
63114
63055
62876
62868
62815
62779
62758
62734
62725
62576
62476
62428
62412
62364
62355
62226
62115
62055
62009
61997
61982
61889
61812
61737
61724
61694
61681
61679
61655
61595
61529
61460
61405
61252
61194
61106
61053
60882
60815
60765
60639
60583
60578
60471
60439
60310
60307
60211
60145
60090
60082
59978
59951
59904
59894
59892
59747
59713
59698
59621
59547
59459
59437
59373
59326
59315
59235
59210
59209
59132
59117
59048
59039
58899
58883
58858
58855
58847
58840
58807
58804
58761
58761
58743
58698
58655
58611
58600
58565
58449
58437
58331
58328
58215
58193
58056
57999
57953
57927
57890
57871
57831
57809
57749
57738
57723
57711
57633
57588
57542
57432
57421
57380
57196
57072
57021
56858
56855
56801
56748
56700
56694
56494
56453
56446
56369
56314
56214
56200
56191
56104
56082
56066
56007
56002
55963
55952
55894
55871
55846
55825
55818
55792
55729
55626
55492
55410
55374
55345
55320
55311
55287
55286
55222
55180
55174
55138
55120
55092
55066
55016
54997
54929
54927
54897
54872
54866
54856
54840
54812
54792
54698
54660
54585
54441
54352
54325
54199
54169
54156
54093
54032
53987
53918
53904
53877
53874
53762
53615
53580
53442
53414
53399
53375
53288
53224
53159
53119
52944
52856
52854
52804
52701
52674
52622
52620
52523
52471
52431
52418
52408
52333
52298
52286
52241
52238
52206
52184
52124
52039
52021
51996
51971
51965
51902
51827
51806
51783
51717
51682
51671
51662
51600
51592
51588
51543
51500
51495
51482
51456
51398
51391
51294
51223
51218
51195
51170
51069
50999
50936
50899
50882
50813
50777
50657
50564
50554
50547
50528
50504
50477
50457
50453
50448
50397
50306
50238
50209
50166
50135
50124
50106
50057
50039
50016
49985
49700
49675
49452
49389
49319
49317
49310
49254
49210
49198
49072
49037
49030
49005
48950
48852
48828
48806
48776
48769
48768
48758
48726
48700
48683
48624
48622
48542
48521
48456
48435
48399
48308
48288
48130
48069
48041
47859
47744
47741
47672
47630
47533
47528
47512
47463
47389
47368
47367
47302
47268
47207
47178
47175
47138
47095
47022
47021
46955
46941
46813
46699
46682
46663
46624
46578
46395
46391
46336
46185
46136
46088
46079
46067
46015
46012
45766
45706
45702
45644
45611
45587
45573
45428
45339
45252
45193
45190
45083
45010
45005
44952
44758
44712
44698
44643
44617
44530
44526
44511
44481
44414
44279
44262
44261
44252
44240
44124
44107
44055
44046
44013
43936
43870
43846
43820
43761
43722
43587
43579
43449
43440
43421
43379
43365
43257
43255
43058
43013
42784
42716
42685
42635
42557
42523
42482
42478
42457
42244
42142
42034
41905
41848
41784
41658
41481
41412
41395
41313
41294
41247
41167
41143
41061
41056
41004
40974
40968
40950
40886
40833
40780
40750
40744
40650
40646
40589
40563
40502
40478
40430
40418
40411
40350
40284
40182
40146
40119
40075
39980
39862
39861
39852
39834
39833
39783
39765
39695
39662
39649
39590
39588
39575
39533
39523
39402
39333
39325
39253
39245
39214
39213
39138
39136
39101
39083
39077
39075
39058
38965
38960
38870
38860
38843
38762
38729
38681
38657
38500
38425
38414
38373
38368
38350
38284
38214
38197
38106
38046
38043
38029
37936
37935
37928
37927
37920
37811
37805
37794
37790
37589
37557
37475
37395
37327
37275
37199
37167
37133
37132
37067
36961
36915
36858
36795
36712
36577
36460
36451
36401
36397
36385
36339
36280
36266
36217
36194
35909
35881
35867
35749
35676
35611
35597
35532
35499
35483
35430
35419
35287
35272
35225
35154
35050
35000
34840
34623
34433
34416
34393
34345
34317
34299
34299
34243
34179
34160
34147
34112
34103
34093
34039
33956
33813
33769
33664
33582
33577
33513
33469
33451
33446
33405
33300
33298
33280
33222
33177
33158
33152
33038
32933
32917
32775
32769
32731
32623
32585
32535
32464
32453
32438
32392
32390
32230
32195
32188
32139
32119
32091
32080
32052
32036
31961
31834
31826
31609
31606
31584
31553
31506
31492
31417
31396
31372
31227
31198
31026
31013
30989
30962
30948
30947
30944
30842
30841
30840
30657
30608
30594
30555
30491
30484
30419
30325
30306
30269
30255
30234
30227
30143
30139
30121
30038
30021
29968
29965
29961
29942
29910
29869
29820
29806
29638
29623
29595
29547
29521
29438
29428
29414
29329
29328
29318
29208
29170
29131
29054
29041
28945
28943
28919
28904
28848
28781
28689
28673
28670
28663
28618
28607
28542
28541
28477
28353
28277
28223
28132
28076
28030
27930
27899
27810
27773
27693
27611
27545
27528
27515
27466
27411
27356
27354
27292
27280
27226
27085
27034
26929
26925
26859
26819
26772
26743
26732
26729
26720
26706
26704
26663
26640
26486
26398
26396
26220
26192
26170
26156
26077
26067
26036
26001
25926
25868
25866
25699
25518
25420
25410
25386
25307
25288
25261
25255
25195
25180
25154
25145
25129
25008
25006
25003
24990
24984
24936
24885
24876
24843
24826
24807
24762
24760
24735
24705
24672
24629
24551
24483
24479
24449
24423
24091
23937
23810
23798
23695
23673
23516
23489
23484
23455
23445
23443
23421
23255
23204
23151
23141
23074
23036
22978
22934
22822
22718
22717
22717
22701
22538
22505
22433
22347
22272
22220
22114
22096
21962
21932
21884
21879
21871
21866
21864
21616
21546
21376
21329
21259
21166
21164
21019
20998
20992
20973
20827
20802
20756
20640
20616
20614
20420
20383
20339
20338
20330
20258
20236
20225
20176
20149
20096
20088
20078
20029
20015
19978
19968
19931
19847
19759
19735
19725
19717
19701
19673
19648
19618
19541
19500
19472
19453
19401
19388
19360
19306
19206
19178
19086
19079
19048
19046
19045
19006
18953
18934
18849
18846
18738
18534
18511
18466
18459
18418
18265
18173
18166
18157
18105
18017
17960
17947
17934
17895
17889
17827
17784
17744
17615
17584
17581
17379
17344
17321
17306
17291
17284
17261
17233
17233
17202
17098
17046
16969
16913
16893
16857
16824
16815
16722
16607
16601
16434
16420
16388
16381
16376
16367
16329
16324
16219
16201
16168
16108
16106
16106
16090
16084
15984
15976
15878
15851
15839
15797
15778
15704
15676
15572
15490
15482
15396
15372
15357
15310
15287
15238
15216
15176
15154
15089
15040
15036
14933
14798
14791
14727
14548
14532
14451
14416
14175
14138
14027
13890
13855
13822
13709
13677
13647
13640
13635
13632
13613
13581
13471
13443
13376
13360
13354
13294
13281
13263
13235
13169
13100
13088
12970
12878
12822
12806
12668
12654
12646
12603
12601
12557
12441
12263
12131
12122
12077
11881
11843
11807
11784
11754
11673
11637
11617
11608
11572
11551
11539
11392
11326
11214
11197
11130
11048
10984
10959
10952
10937
10906
10906
10900
10835
10732
10729
10685
10680
10678
10568
10534
10490
10425
10399
10392
10284
10257
10204
10137
10116
10106
10097
10022
10001
9920
9843
9827
9748
9613
9604
9546
9528
9488
9401
9365
9226
9196
9176
9175
9149
9048
9037
8966
8719
8707
8675
8637
8572
8501
8494
8434
8419
8379
8375
8360
8241
8239
8213
8211
8188
8034
8013
7868
7816
7751
7657
7536
7456
7366
7314
7168
7162
7088
7049
7014
6975
6960
6930
6885
6785
6661
6632
6630
6619
6617
6588
6552
6533
6486
6429
6331
6292
6233
5975
5973
5960
5950
5841
5779
5637
5636
5616
5503
5475
5460
5443
5421
5414
5365
5362
5327
5324
5297
5292
5093
5083
4986
4949
4915
4906
4876
4871
4863
4723
4721
4690
4678
4575
4554
4551
4520
4512
4485
4480
4442
4373
4319
4306
4236
4059
3992
3981
3844
3840
3778
3777
3693
3582
3483
3463
3368
3353
3275
3271
3160
3159
3044
3035
2967
2838
2818
2803
2784
2783
2780
2766
2680
2594
2555
2276
2215
2192
2123
2029
1974
1970
1918
1907
1848
1701
1583
1497
1445
1444
1413
1389
1343
1340
1302
1264
1255
1216
1202
1146
1081
1038
1017
1016
960
952
938
892
823
717
633
558
516
270
190
190
189
121
110
64
12
11
