99976
99951
99949
99873
99847
99845
99777
99761
99755
99730
99654
99649
99541
99535
99517
99476
99472
99418
99408
99326
99180
99158
99127
99098
99046
98982
98972
98962
98954
98862
98845
98784
98771
98719
98556
98551
98548
98544
98480
98456
98414
98405
98380
98379
98296
98156
98120
98076
98073
98017
97953
97916
97801
97798
97743
97710
97674
97663
97589
97383
97275
97206
97202
97154
96977
96940
96939
96934
96861
96860
96849
96783
96733
96700
96693
96673
96552
96495
96460
96456
96423
96385
96324
96251
96240
96150
96118
96023
95990
95948
95830
95799
95731
95700
95624
95581
95533
95450
95406
95208
95100
95014
94977
94959
94932
94893
94797
94734
94712
94691
94533
94463
94445
94376
94337
94320
94262
94224
94222
94193
94111
93940
93860
93823
93709
93697
93669
93664
93638
93633
93570
93458
93361
93290
93207
93178
93166
93108
93089
93017
93004
92889
92863
92819
92763
92760
92729
92665
92563
92491
92433
92432
92288
92157
92080
92036
92003
91932
91930
91899
91898
91874
91870
91834
91769
91630
91628
91604
91583
91558
91547
91527
91486
91485
91380
91362
91327
91277
91240
91026
91022
91018
91009
90942
90900
90870
90865
90798
90781
90683
90581
90511
90411
90386
90271
90205
90078
89966
89954
89942
89894
89872
89838
89817
89808
89795
89771
89758
89657
89592
89543
89500
89469
89432
89399
89283
89274
89234
89173
89113
89067
89021
88919
88843
88734
88732
88691
88556
88518
88506
88501
88477
88366
88301
88263
88197
88193
88158
88132
87882
87744
87722
87648
87617
87593
87591
87528
87383
87311
87148
87140
87120
87065
87056
87004
86988
86943
86461
86413
86343
86311
86243
86221
86216
86104
86095
85957
85918
85873
85824
85617
85574
85562
85516
85488
85473
85426
85259
85136
85099
85019
84997
84982
84854
84839
84725
84714
84714
84693
84663
84627
84354
84344
84289
84246
84221
84184
84162
84131
84127
84096
84070
84018
83812
83783
83690
83612
83554
83547
83466
83443
83431
83413
83339
83316
83260
83222
83214
83202
83129
83044
83009
82818
82805
82762
82750
82741
82726
82610
82579
82476
82471
82452
82441
82423
82390
82251
82119
82101
82096
82081
82011
81972
81926
81924
81913
81851
81774
81763
81730
81653
81548
81473
81466
81292
81262
81242
81144
81004
81001
80938
80861
80832
80780
80778
80710
80701
80592
80317
80299
80232
80159
80150
80132
80095
80069
80026
79999
79977
79957
79898
79838
79818
79801
79706
79704
79683
79655
79624
79592
79326
79269
79229
79216
79206
79188
79167
79113
79056
78979
78849
78792
78776
78755
78693
78616
78572
78568
78535
78513
78506
78450
78433
78381
78379
78375
78315
78296
78150
78146
78057
78048
78025
78007
77982
77882
77835
77832
77809
77718
77656
77637
77596
77585
77027
76942
76847
76794
76771
76728
76694
76575
76515
76471
76347
76336
76250
76205
76090
76016
75975
75956
75920
75865
75791
75730
75695
75672
75570
75561
75532
75369
75304
75240
75174
75153
75142
75139
75130
75126
75124
75076
75032
74887
74644
74622
74579
74523
74477
74405
74308
74281
74151
74127
74089
74050
73943
73912
73877
73864
73812
73785
73784
73777
73717
73656
73625
73625
73552
73516
73501
73475
73382
73346
73282
73200
73159
72993
72917
72910
72814
72812
72808
72780
72712
72663
72661
72637
72621
72585
72568
72554
72550
72538
72488
72476
72464
72385
72377
72359
72309
72298
72270
72168
72156
72123
72075
72069
72020
71873
71812
71807
71807
71783
71733
71693
71691
71689
71665
71654
71619
71570
71529
71528
71469
71412
71404
71366
71365
71337
71330
71271
71257
71072
70957
70950
70937
70899
70823
70811
70650
70606
70546
70536
70517
70486
70445
70403
70389
70367
70322
70224
70163
70141
69912
69874
69847
69800
69784
69754
69691
69543
69543
69510
69498
69470
69424
69293
69224
69195
69193
69192
69192
69159
69154
69125
69117
69095
69063
69056
69054
69045
69044
68995
68895
68876
68844
68837
68826
68791
68766
68564
68553
68511
68496
68320
68132
68086
68003
68002
67905
67749
67735
67714
67647
67646
67581
67554
67526
67496
67483
67460
67379
67331
67325
67301
67242
67020
67008
66723
66671
66592
66580
66531
66501
66500
66398
66332
66318
66290
66165
66032
66009
65975
65795
65670
65622
65364
65358
65342
65246
65236
65108
65091
64891
64793
64737
64668
64383
64296
64283
64231
64174
64170
64021
63983
63976
63973
63961
63893
63870
63805
63790
63732
63717
63684
63674
63601
63414
63398
63334
63299
63171
63128
63106
63104
63080
63079
63073
62988
62967
62953
62841
62833
62733
62726
62593
62576
62537
62527
62512
62465
62449
62397
62385
62358
62266
62245
62187
62181
62156
62110
62078
62050
62036
62022
61996
61962
61893
61884
61823
61766
61735
61630
61612
61542
61439
61347
61277
61254
61193
61129
61110
61015
60983
60947
60865
60840
60795
60657
60631
60605
60421
60418
60319
60284
60208
60206
60205
60200
60189
60182
60178
60139
60137
60106
60049
59978
59966
59924
59735
59733
59639
59560
59558
59558
59545
59472
59439
59412
59330
59312
59211
59113
59053
58940
58930
58888
58876
58875
58861
58857
58760
58713
58538
58496
58491
58467
58435
58243
58136
58110
58011
57937
57892
57871
57853
57847
57834
57787
57785
57616
57592
57483
57466
57464
57432
57414
57391
57378
57275
57223
57164
57114
56988
56987
56893
56888
56858
56854
56784
56764
56728
56556
56544
56523
56502
56492
56480
56473
56455
56346
56321
56319
56295
56245
56225
56183
56170
56136
56131
56108
56090
56079
55978
55939
55933
55932
55900
55832
55810
55718
55647
55570
55542
55456
55441
55374
55373
55302
55251
55207
55143
55142
55140
55138
55105
55093
54946
54938
54864
54783
54777
54655
54594
54587
54365
54354
54337
54292
54259
54225
54136
54107
54074
54043
54023
53995
53948
53852
53849
53797
53684
53680
53634
53605
53537
53525
53508
53449
53417
53379
53266
53263
53262
53258
53192
53111
53058
53057
53016
52882
52875
52832
52826
52800
52732
52728
52599
52515
52470
52469
52433
52413
52400
52347
52319
52304
52303
52291
52264
52229
52226
52211
52195
52153
52078
52017
51799
51794
51734
51726
51641
51639
51604
51562
51469
51456
51407
51403
51394
51353
51222
51146
51090
51027
51020
50889
50867
50717
50640
50586
50576
50514
50511
50492
50407
50401
50265
50118
50084
49998
49987
49967
49893
49881
49841
49807
49704
49672
49669
49602
49572
49559
49557
49553
49522
49459
49440
49337
49271
49238
49184
49171
49120
49110
49069
49042
48886
48880
48740
48662
48571
48519
48464
48464
48446
48446
48429
48400
48381
48381
48358
48303
48284
48252
48228
48225
48216
48069
48009
47905
47855
47765
47752
47573
47559
47526
47457
47441
47439
47368
47358
47325
47267
47208
47170
47150
47056
47054
47006
46911
46764
46660
46554
46528
46454
46359
46178
46133
46123
46104
46053
46015
45993
45992
45932
45796
45755
45747
45694
45641
45599
45581
45568
45490
45434
45390
45290
45235
45224
45194
45172
45078
44964
44961
44927
44840
44816
44757
44732
44722
44720
44678
44640
44635
44630
44624
44555
44459
44437
44429
44418
44396
44370
44325
44295
44281
44242
44218
44199
44157
44010
43984
43969
43862
43831
43782
43687
43669
43652
43641
43566
43444
43356
43355
43257
43216
42905
42899
42880
42841
42834
42773
42756
42667
42644
42519
42417
42412
42165
42141
42097
41969
41937
41931
41851
41768
41757
41742
41720
41720
41685
41654
41625
41523
41500
41466
41442
41421
41418
41387
41353
41340
41329
41282
41155
41038
41005
40877
40598
40584
40554
40486
40483
40439
40423
40206
40192
40128
40107
40092
40060
40058
39966
39939
39845
39828
39820
39795
39664
39599
39585
39532
39512
39367
39277
39239
39154
39126
39098
39057
38898
38890
38868
38806
38795
38790
38720
38565
38564
38538
38474
38471
38363
38215
38199
38114
38100
37985
37970
37905
37660
37555
37554
37542
37480
37462
37453
37431
37376
37344
37322
37292
37211
37210
37203
37113
37018
37016
36982
36970
36782
36776
36771
36700
36682
36672
36490
36471
36413
36319
36287
36287
36276
36268
36239
36217
35926
35915
35873
35803
35766
35756
35583
35516
35508
35494
35435
35401
35382
35180
35089
34979
34960
34911
34873
34798
34690
34676
34652
34644
34638
34635
34616
34518
34498
34394
34383
34382
34261
34254
34145
34116
34069
33995
33960
33901
33847
33840
33825
33786
33620
33619
33583
33550
33510
33418
33296
33141
33103
32959
32948
32862
32859
32837
32803
32738
32706
32667
32665
32661
32593
32572
32505
32481
32468
32438
32418
32394
32378
32319
32318
32308
32294
32285
32268
32261
32057
32003
31990
31964
31875
31790
31673
31515
31465
31456
31390
31206
31065
30970
30777
30777
30764
30693
30667
30601
30525
30523
30351
30343
30334
30333
30270
30234
30136
30113
30001
29996
29957
29805
29745
29533
29524
29429
29388
29311
29297
29264
29099
29071
29067
28977
28826
28701
28439
28293
28264
28220
28206
28057
28032
28031
27950
27877
27657
27643
27643
27597
27582
27573
27491
27484
27361
27310
27300
27299
27295
27254
27226
27205
27178
27155
27064
26982
26893
26876
26840
26827
26819
26798
26705
26701
26687
26682
26648
26644
26577
26567
26437
26406
26382
26372
26352
26328
26269
26162
26069
26056
25987
25934
25925
25893
25874
25758
25752
25750
25568
25555
25526
25521
25495
25390
25390
25233
25206
25168
25147
25100
25061
25038
24926
24814
24734
24713
24658
24621
24506
24427
24359
24191
24176
24100
24047
24039
23996
23990
23972
23970
23919
23902
23881
23851
23779
23771
23729
23692
23635
23606
23558
23492
23432
23307
23210
23202
23162
23134
22965
22939
22839
22755
22695
22640
22593
22509
22416
22379
22349
22349
22344
22295
22262
22213
22177
22137
22030
22004
21946
21937
21918
21822
21695
21684
21672
21656
21605
21572
21535
21479
21461
21442
21354
21327
21299
21270
21202
21125
21115
21102
21003
20977
20970
20909
20886
20878
20844
20807
20782
20774
20703
20622
20611
20538
20458
20444
20431
20418
20284
20234
20225
20188
20169
20019
20004
19997
19981
19979
19865
19809
19806
19694
19653
19607
19583
19578
19568
19560
19513
19434
19408
19388
19381
19352
19346
19306
19285
19258
19144
19135
19098
19078
19024
18916
18912
18877
18799
18782
18773
18708
18690
18659
18639
18586
18500
18497
18407
18399
18370
18369
18360
18334
18231
18227
18099
18051
17791
17768
17537
17524
17504
17457
17318
17077
17071
17063
17027
16840
16816
16744
16734
16594
16540
16486
16433
16425
16422
16417
16368
16342
16312
16221
16191
16142
16139
16086
16009
15996
15961
15952
15944
15911
15891
15886
15748
15721
15698
15671
15659
15655
15642
15623
15610
15573
15560
15495
15443
15419
15413
15400
15379
15316
15289
15273
15265
15255
15201
15113
15109
15105
15100
15087
15057
15006
14996
14992
14975
14920
14891
14848
14793
14759
14747
14734
14631
14534
14533
14515
14495
14491
14481
14314
14285
14242
14238
14222
14192
14099
14086
13945
13931
13842
13838
13685
13645
13565
13565
13519
13512
13474
13460
13417
13327
13294
13286
13218
13212
13147
13126
13097
13048
12982
12982
12963
12953
12921
12921
12907
12887
12849
12737
12734
12641
12641
12535
12504
12486
12394
12393
12301
12131
12082
12005
11824
11822
11812
11773
11751
11743
11714
11678
11621
11596
11581
11547
11526
11469
11423
11374
11359
11291
11266
11153
11106
10988
10964
10896
10857
10771
10691
10633
10580
10574
10511
10483
10482
10413
10337
10280
10202
10154
10126
10082
10075
10065
10053
10019
9985
9802
9718
9708
9698
9506
9422
9395
9291
9213
9179
9175
9152
9082
9074
9028
9000
8981
8802
8751
8667
8665
8550
8531
8518
8436
8435
8359
8287
8171
8157
8148
8034
7964
7899
7879
7855
7755
7748
7741
7725
7722
7680
7595
7503
7483
7366
7270
7145
7132
7127
7060
6879
6623
6490
6479
6471
6468
6359
6318
6287
6195
6165
6162
6159
6067
6043
5971
5934
5932
5889
5888
5829
5739
5730
5694
5677
5521
5465
5452
5393
5330
5327
5326
5089
4905
4892
4882
4876
4857
4835
4801
4737
4604
4577
4496
4238
4216
4157
4119
4044
4026
4013
3987
3969
3966
3917
3908
3848
3737
3716
3667
3659
3547
3436
3389
3379
3366
3325
3311
3305
3260
3151
3112
3103
3031
3002
2982
2808
2794
2778
2700
2678
2659
2592
2513
2500
2481
2479
2461
2422
2389
2380
2373
2308
2287
2220
2219
2206
2130
1980
1923
1910
1848
1781
1706
1628
1628
1611
1573
1540
1507
1444
1258
1251
1184
1130
1085
1076
1041
1006
965
960
922
884
763
761
720
601
487
392
387
371
368
296
282
266
225
211
206
107
45
17
