99974
99973
99920
99861
99847
99786
99754
99689
99560
99547
99507
99484
99287
99265
99265
99228
99052
99023
99010
98918
98893
98850
98834
98634
98604
98579
98577
98573
98515
98424
98420
98334
98300
98213
98189
98079
98035
97805
97790
97741
97647
97645
97502
97486
97380
97368
97341
97172
97039
96983
96968
96804
96771
96769
96639
96627
96614
96522
96517
96512
96362
96228
96177
96159
96140
96124
95957
95897
95884
95768
95758
95687
95659
95533
95532
95462
95308
95282
95268
95255
95245
95185
95163
95116
95004
94929
94918
94900
94836
94822
94767
94587
94459
94426
94396
94351
94349
94158
94131
94117
94095
94072
94038
93982
93933
93929
93914
93877
93865
93680
93669
93540
93539
93529
93446
93275
93154
93139
93102
92986
92937
92733
92722
92670
92563
92548
92545
92528
92505
92466
92437
92369
92323
92282
92063
92050
91972
91952
91928
91924
91862
91809
91724
91721
91623
91602
91565
91496
91441
91387
91373
91155
91152
91142
91101
91083
91019
91006
90950
90878
90864
90750
90693
90634
90593
90568
90530
90499
90430
90391
90174
90163
90125
90124
90028
89940
89939
89935
89882
89868
89816
89796
89749
89742
89631
89546
89412
89391
89384
89368
89356
89343
89285
89274
89242
89158
89133
89126
89104
89064
89021
89014
88892
88830
88771
88736
88656
88621
88561
88520
88500
88468
88432
88427
88414
88356
88348
88329
88319
88304
88283
88136
88063
87958
87875
87862
87825
87789
87708
87682
87670
87655
87654
87642
87592
87510
87490
87487
87456
87348
87325
87263
87256
87198
87177
87145
87070
87031
87030
87016
86929
86918
86918
86890
86850
86841
86787
86744
86734
86645
86559
86521
86521
86440
86420
86376
86253
86233
86175
85989
85935
85933
85885
85369
85325
85309
85181
85039
84918
84823
84798
84759
84706
84503
84474
84463
84326
84283
84109
84011
83994
83974
83963
83952
83807
83792
83761
83743
83721
83714
83654
83357
83288
83221
83174
83072
83050
83015
82978
82902
82885
82852
82829
82704
82669
82525
82402
82400
82352
82352
82303
82301
82136
82118
82098
82051
82007
81992
81852
81826
81748
81640
81613
81592
81563
81522
81368
81358
81197
81196
81117
81035
80892
80856
80835
80795
80792
80784
80779
80740
80668
80631
80616
80580
80575
80539
80444
80411
80382
80381
80350
80295
80272
80177
80171
80143
80044
80024
79965
79892
79852
79846
79835
79835
79563
79379
79359
79352
79308
79293
79233
79222
79216
79166
79122
79107
79096
78817
78805
78805
78803
78650
78638
78579
78523
78412
78402
78382
78337
78293
78192
78157
78047
78040
77995
77962
77957
77909
77890
77790
77774
77512
77491
77460
77408
77377
77321
77256
77201
77200
77170
77157
77119
77089
77050
76989
76980
76964
76948
76930
76924
76852
76694
76676
76629
76575
76536
76479
76445
76442
76433
76391
76332
76295
76264
76244
76237
76177
76074
76028
76010
75992
75988
75907
75902
75834
75826
75816
75799
75779
75764
75696
75663
75659
75572
75555
75413
75345
75331
75326
75224
75144
75068
75063
74831
74812
74793
74768
74767
74767
74760
74749
74743
74729
74721
74689
74542
74517
74511
74508
74447
74413
74383
74374
74324
74287
74270
74258
74245
74141
74093
74035
74019
73951
73916
73799
73781
73765
73687
73679
73670
73397
73367
73249
73191
73100
73087
73081
72964
72896
72829
72777
72658
72640
72631
72573
72492
72482
72436
72427
72366
72321
72259
72115
72110
72105
72087
71802
71784
71767
71732
71728
71624
71558
71518
71444
71430
71405
71396
71304
71296
71227
71224
71161
71130
71125
71021
71012
71003
70945
70925
70911
70875
70831
70724
70706
70656
70597
70475
70466
70439
70417
70378
70360
70222
70154
70116
70114
70090
70051
69825
69783
69705
69689
69666
69664
69612
69505
69499
69422
69277
69219
69216
69212
69077
69075
69017
69008
68958
68925
68905
68892
68866
68804
68793
68728
68677
68672
68636
68510
68379
68280
68202
68167
68142
68036
67945
67849
67848
67767
67686
67642
67623
67582
67527
67526
67351
67325
67320
67178
67063
67040
67010
66986
66972
66899
66859
66758
66711
66690
66668
66641
66615
66608
66484
66403
66361
66352
66246
66226
66218
66170
66142
65971
65946
65902
65878
65811
65721
65696
65498
65438
65271
65245
65190
65173
65132
65090
65063
65001
64987
64896
64863
64817
64687
64624
64599
64591
64535
64493
64484
64403
64361
64130
64097
64064
63996
63831
63736
63698
63696
63692
63690
63667
63360
63327
63223
63190
63126
63095
63063
63061
63046
62812
62776
62760
62754
62731
62707
62686
62544
62536
62519
62518
62508
62501
62424
62374
62361
62305
62275
62258
62231
62230
62168
62164
62151
62099
62064
61973
61867
61866
61817
61757
61734
61715
61687
61661
61651
61605
61438
61373
61367
61269
61156
61144
61131
61114
61025
60923
60912
60910
60837
60820
60795
60784
60772
60694
60655
60652
60592
60516
60502
60473
60463
60451
60346
60327
60309
60303
60294
60195
60186
60149
60148
60102
60053
59939
59895
59880
59853
59842
59819
59774
59764
59738
59635
59623
59623
59601
59459
59373
59368
59358
59306
59285
59173
59120
58955
58947
58942
58892
58804
58707
58657
58618
58569
58516
58459
58254
58207
58177
58154
58147
58075
58062
58031
57965
57927
57908
57897
57740
57718
57715
57691
57648
57634
57507
57408
57120
57084
57069
57015
56886
56828
56761
56721
56709
56699
56663
56520
56509
56377
56336
56304
56243
56229
56197
56100
56062
56023
55974
55967
55917
55856
55808
55730
55676
55666
55522
55425
55343
55342
55314
55299
55218
55166
55086
55069
55033
55029
54986
54893
54856
54829
54812
54753
54705
54607
54552
54490
54457
54454
54452
54419
54352
54292
53880
53738
53728
53700
53661
53637
53494
53409
53406
53399
53361
53255
53193
53160
53135
53089
53057
53045
53021
53008
52985
52976
52912
52891
52867
52768
52766
52697
52677
52671
52659
52655
52563
52517
52472
52467
52366
52345
52341
52322
52321
52195
52136
52096
51972
51945
51940
51711
51678
51611
51582
51554
51504
51369
51317
51316
51202
51201
51168
51106
51042
50972
50872
50792
50732
50588
50575
50531
50423
50341
50314
50297
50123
50055
50037
50035
50013
49996
49907
49904
49805
49752
49749
49628
49613
49595
49513
49487
49415
49350
49340
49268
49267
49193
49069
48980
48902
48840
48807
48791
48780
48769
48768
48682
48602
48599
48541
48538
48446
48405
48354
48324
48304
48295
48231
48214
48201
48196
48030
48026
48024
47934
47915
47882
47880
47875
47802
47802
47796
47765
47765
47649
47644
47561
47552
47515
47474
47445
47416
47331
47301
47183
47177
47131
47083
46914
46826
46763
46753
46694
46670
46633
46533
46531
46526
46351
46325
46299
46228
46176
46139
46074
46017
45945
45932
45905
45871
45645
45629
45494
45488
45369
45365
45273
45185
45162
45137
45051
44998
44949
44894
44888
44774
44754
44747
44728
44725
44722
44705
44598
44524
44520
44514
44482
44423
44409
44407
44389
44167
44138
43984
43976
43914
43900
43894
43890
43864
43798
43797
43754
43713
43712
43675
43669
43619
43501
43392
43389
43374
43348
43293
43172
43167
43166
43139
43129
43066
43033
43018
43014
42977
42922
42897
42859
42799
42763
42729
42725
42613
42422
42377
42245
41975
41965
41931
41917
41911
41879
41730
41656
41656
41584
41535
41493
41459
41458
41435
41407
41320
41193
41150
41146
41132
41012
40991
40969
40969
40889
40831
40827
40825
40761
40741
40683
40653
40632
40608
40581
40462
40461
40424
40313
40255
40229
40191
40165
40112
40074
40069
40038
39976
39965
39927
39912
39832
39750
39724
39712
39697
39658
39576
39483
39450
39450
39439
39416
39403
39383
39366
39269
39249
39233
39163
39081
39076
38997
38982
38931
38863
38780
38776
38724
38704
38704
38663
38625
38499
38455
38405
38383
38370
38344
38342
38290
38222
38191
38191
38145
38114
38080
38070
37998
37941
37916
37874
37832
37767
37708
37596
37589
37574
37563
37553
37468
37417
37381
37242
37140
37073
36922
36905
36871
36865
36837
36721
36718
36629
36625
36527
36525
36470
36464
36416
36378
36369
36352
36330
36325
36229
36215
35966
35960
35923
35897
35825
35761
35753
35720
35717
35693
35682
35568
35553
35489
35470
35370
35274
35241
35188
35152
35140
35041
34937
34930
34900
34854
34841
34732
34671
34517
34505
34503
34315
34296
34031
34015
33986
33973
33962
33953
33920
33884
33839
33829
33719
33697
33686
33637
33609
33452
33395
33394
33313
33309
33298
33294
33267
33266
33261
33235
33158
33144
32985
32952
32945
32903
32893
32877
32791
32780
32749
32628
32584
32573
32566
32563
32442
32391
32337
32313
32292
32251
32219
32168
32155
32051
31924
31859
31823
31803
31768
31719
31667
31597
31490
31457
31446
31426
31316
31292
31247
31227
31034
30948
30898
30834
30807
30801
30779
30741
30741
30715
30643
30633
30529
30381
30375
30344
30291
30221
30196
30153
30148
30038
30022
29985
29971
29970
29950
29942
29860
29803
29765
29759
29720
29426
29389
29360
29344
29329
29304
29298
29143
29135
29049
29038
29000
28974
28867
28679
28633
28600
28599
28566
28564
28531
28481
28472
28463
28340
28313
28231
28213
28209
28180
28036
28022
27991
27925
27887
27835
27831
27796
27787
27724
27696
27671
27664
27556
27546
27530
27512
27429
27396
27384
27227
27108
27085
26961
26898
26886
26879
26864
26855
26787
26675
26664
26660
26631
26568
26490
26387
26319
26266
26189
26148
26122
26031
25855
25831
25573
25517
25485
25335
25262
25240
25192
25156
25125
25104
25048
24990
24974
24857
24817
24792
24720
24683
24654
24627
24390
24360
24340
24289
24277
24187
24175
24149
24122
24067
24035
24028
23954
23926
23897
23856
23853
23808
23546
23501
23485
23425
23402
23394
23313
23257
23230
23175
23173
23123
23022
22956
22953
22934
22852
22808
22682
22602
22600
22561
22328
22313
22225
22197
22139
22131
22122
22119
22087
22033
22018
21965
21954
21941
21938
21936
21930
21911
21815
21791
21788
21758
21734
21731
21698
21675
21589
21532
21529
21524
21487
21461
21355
21355
21318
21201
21165
21127
21105
21002
20934
20816
20794
20708
20617
20599
20587
20547
20534
20455
20419
20371
20183
20168
20121
20113
20097
20069
20002
19982
19921
19901
19896
19877
19863
19850
19823
19802
19796
19721
19696
19545
19499
19496
19278
19239
19182
19081
18936
18777
18501
18389
18323
18316
18207
18117
18101
18077
18035
18015
17925
17883
17852
17785
17755
17740
17731
17731
17501
17261
17230
17213
17184
17121
17057
17018
17005
16980
16919
16903
16858
16851
16795
16793
16776
16759
16696
16630
16616
16595
16564
16557
16530
16352
16345
16322
16266
16215
16131
16055
16008
16007
16001
15967
15938
15892
15891
15882
15831
15787
15782
15709
15667
15666
15603
15480
15391
15375
15336
15273
15177
15172
15172
15084
14992
14946
14910
14846
14799
14708
14701
14599
14560
14558
14549
14421
14380
14348
14319
14262
14233
14225
14179
14014
13955
13839
13743
13715
13680
13628
13587
13556
13389
13354
13332
13226
13133
13117
13103
13073
13057
13006
12874
12862
12836
12759
12750
12712
12585
12543
12419
12380
12375
12350
12300
12227
12158
12115
12106
12011
11863
11831
11783
11779
11677
11472
11451
11310
11169
11132
11118
11102
10993
10967
10674
10669
10654
10608
10591
10587
10579
10565
10477
10416
10384
10348
10331
10272
10175
10170
10138
10104
9840
9740
9667
9652
9510
9380
9315
9270
9268
9214
9174
9142
9140
9139
9136
9122
9073
8986
8940
8933
8853
8823
8803
8795
8671
8585
8428
8413
8358
8345
8208
8184
8140
8108
8015
7998
7935
7872
7838
7805
7783
7747
7733
7729
7716
7705
7695
7661
7632
7516
7505
7470
7421
7309
7293
7287
7233
7220
7213
7205
7162
7133
7093
7087
6985
6911
6886
6836
6780
6777
6672
6666
6657
6636
6555
6550
6506
6503
6444
6429
6428
6344
6341
6315
6314
6264
6230
6217
6181
6179
6171
6143
6083
5916
5866
5816
5790
5746
5725
5701
5683
5614
5598
5582
5558
5555
5440
5340
5236
5193
5173
5100
5050
5003
5002
4971
4884
4855
4839
4762
4662
4661
4654
4650
4616
4606
4604
4589
4550
4363
4286
4148
4141
4073
3992
3983
3920
3910
3901
3813
3765
3760
3753
3724
3657
3624
3621
3574
3572
3535
3533
3444
3385
3356
3352
3333
3320
3234
3133
3112
3000
2720
2699
2685
2664
2633
2599
2592
2569
2510
2497
2480
2457
2393
2378
2246
2179
2161
2101
2082
2080
2005
1924
1917
1916
1851
1799
1766
1741
1727
1699
1685
1604
1530
1505
1487
1434
1366
1350
1307
1286
1207
1109
985
947
870
752
714
616
521
487
426
397
394
336
298
291
256
172
66
35
