99990
99889
99882
99784
99708
99695
99624
99473
99420
99343
99310
99294
99226
99218
99134
99097
99079
99040
98959
98954
98887
98883
98846
98787
98750
98714
98688
98671
98602
98544
98542
98528
98517
98493
98489
98246
98178
98176
98147
97964
97959
97749
97710
97520
97497
97484
97481
97328
97223
97214
97125
97120
97101
97101
97097
97029
96975
96956
96942
96900
96885
96884
96883
96785
96691
96681
96674
96620
96562
96527
96516
96515
96512
96510
96466
96430
96323
96270
96253
96133
96016
95971
95828
95727
95674
95653
95604
95601
95595
95574
95547
95414
95213
95166
95162
95148
95045
95027
94913
94910
94792
94738
94737
94657
94642
94624
94517
94411
94339
94321
94301
94213
94210
94183
94144
93975
93973
93956
93821
93801
93799
93763
93762
93612
93581
93529
93508
93502
93492
93398
93398
93369
93361
93320
93297
93287
93147
93053
93032
93031
93028
93025
92938
92922
92871
92778
92739
92666
92651
92589
92531
92524
92493
92410
92359
92318
92238
92191
92191
92182
92166
92156
92155
92108
92070
91966
91934
91931
91920
91913
91911
91742
91629
91526
91471
91463
91416
91298
91293
91216
91211
91203
91034
90919
90874
90848
90772
90654
90653
90633
90604
90559
90486
90456
90425
90405
90268
90212
90209
90192
90164
90156
90125
89840
89779
89728
89701
89671
89652
89644
89509
89501
89402
89401
89383
89289
89173
89102
89085
89019
89017
88987
88959
88939
88906
88900
88891
88794
88790
88782
88746
88678
88647
88632
88626
88593
88543
88397
88353
88327
88303
88241
88241
88235
88217
88159
88049
88042
88024
87948
87809
87749
87729
87710
87677
87642
87639
87629
87619
87614
87405
87289
87269
87260
87257
87179
87159
87120
87079
87042
86979
86745
86684
86664
86620
86579
86576
86527
86442
86292
86284
86218
86178
86140
86048
85993
85972
85955
85849
85821
85810
85720
85657
85647
85594
85569
85562
85503
85483
85377
85329
85244
85173
85142
85070
85007
84950
84925
84863
84700
84532
84497
84479
84466
84361
84299
84264
84144
84125
84083
83833
83804
83794
83492
83478
83470
83466
83429
83427
83360
83337
83277
83077
82941
82862
82762
82450
82444
82364
82355
82343
82268
82249
82152
81871
81841
81834
81830
81819
81809
81782
81643
81577
81514
81458
81339
81319
81305
81302
81193
81172
81109
81074
81059
80994
80984
80946
80939
80872
80864
80846
80814
80807
80667
80628
80606
80490
80446
80392
80333
80331
80287
80277
80205
80198
80184
80171
80154
80117
80116
80039
80025
79935
79847
79830
79587
79584
79559
79550
79495
79490
79440
79430
79171
79152
79144
79104
79098
79093
79042
79012
78909
78862
78858
78856
78772
78724
78707
78704
78703
78647
78603
78601
78537
78511
78417
78400
78344
78335
78333
78302
78131
78093
78032
78028
77958
77900
77893
77782
77744
77721
77674
77587
77456
77358
77332
77325
77298
77281
77217
77205
77142
77044
77010
76978
76907
76897
76874
76868
76817
76733
76720
76701
76695
76654
76598
76546
76494
76353
76308
76266
76228
76170
76168
76106
76078
76067
76030
75965
75942
75923
75835
75653
75641
75638
75599
75555
75538
75532
75218
75193
75161
74855
74836
74832
74670
74664
74522
74499
74473
74330
74296
74261
74210
74192
74141
73926
73923
73906
73886
73857
73845
73794
73748
73712
73624
73614
73602
73588
73482
73475
73391
73195
73148
73094
73078
72879
72875
72800
72726
72670
72658
72633
72592
72590
72532
72530
72468
72425
72381
72335
72291
72261
72188
72186
72123
72115
72112
72044
71875
71845
71728
71723
71602
71536
71497
71494
71467
71434
71411
71371
71323
71243
71210
71138
71013
71001
70956
70927
70856
70850
70847
70837
70806
70745
70657
70614
70607
70599
70531
70470
70443
70420
70415
70410
70406
70388
70381
70379
70274
70229
70216
70144
70102
70084
70078
69987
69927
69901
69896
69819
69817
69754
69738
69638
69618
69606
69570
69548
69507
69491
69479
69435
69312
69260
68812
68798
68786
68562
68546
68525
68509
68488
68440
68395
68359
68245
68230
68195
68165
68147
68139
68061
68015
67980
67955
67928
67905
67902
67892
67821
67757
67587
67468
67418
67383
67314
67311
67306
67260
67234
67090
67067
67065
67052
67006
66911
66822
66703
66691
66624
66566
66446
66317
66230
66156
66087
66067
66047
66000
65922
65792
65783
65755
65642
65610
65576
65427
65422
65359
65356
65307
65292
65287
65266
65165
65150
65144
65109
65059
65045
64998
64936
64870
64816
64799
64782
64768
64762
64737
64732
64730
64706
64701
64678
64636
64617
64541
64537
64484
64445
64379
64376
64348
64347
64259
64001
63970
63914
63877
63858
63791
63565
63543
63478
63469
63451
63435
63314
63215
63103
63067
63045
62783
62771
62710
62606
62572
62549
62293
62249
62224
62153
62082
62073
62022
61852
61816
61710
61689
61675
61635
61625
61611
61596
61535
61510
61475
61469
61425
61403
61391
61376
61366
61354
61293
61289
61161
61118
61095
60989
60884
60809
60793
60785
60636
60605
60602
60478
60368
60297
60206
60070
60026
60017
59981
59966
59946
59923
59872
59630
59553
59507
59476
59416
59411
59403
59331
59240
59236
59227
59216
59203
59182
59128
59116
59084
59000
58978
58959
58957
58901
58874
58842
58831
58804
58554
58535
58528
58467
58430
58418
58321
58307
58249
58230
58172
58088
58084
57982
57967
57881
57841
57827
57773
57643
57633
57478
57456
57373
57303
57286
57191
57173
57172
56914
56911
56904
56876
56843
56816
56728
56725
56685
56612
56592
56573
56571
56533
56504
56451
56426
56355
56256
56201
56163
56135
56082
56075
56052
56021
56020
56011
55897
55717
55579
55518
55516
55375
55278
55262
55216
55109
55102
54940
54918
54849
54845
54824
54799
54698
54615
54577
54566
54504
54454
54236
54184
54159
54149
54139
54013
53993
53965
53920
53844
53833
53811
53809
53792
53698
53673
53667
53664
53473
53407
53398
53392
53372
53370
53278
53271
53230
53198
53159
53154
53124
53094
52996
52962
52952
52839
52818
52779
52698
52670
52644
52207
52113
52109
52050
51963
51888
51885
51825
51824
51792
51752
51663
51480
51416
51386
51353
51274
51246
51217
51210
51208
51201
51186
51141
50965
50818
50813
50780
50765
50740
50699
50670
50552
50546
50521
50506
50496
50437
50437
50428
50396
50267
50129
50032
50012
49997
49918
49837
49800
49721
49675
49673
49600
49574
49469
49428
49321
49307
49255
49178
49137
49104
49048
49045
49023
48980
48946
48926
48882
48858
48805
48785
48783
48690
48650
48569
48438
48410
48205
48197
48162
48161
48160
48156
48134
48073
48050
48032
48019
47834
47794
47770
47750
47697
47695
47619
47605
47540
47438
47421
47397
47369
47332
47178
47045
47027
47023
46973
46948
46942
46893
46789
46777
46738
46648
46646
46540
46525
46383
46184
46164
46152
46144
45990
45976
45940
45902
45885
45842
45813
45811
45747
45715
45711
45556
45535
45500
45489
45467
45415
45310
45292
45255
45146
45125
45110
45104
45052
45040
44946
44944
44939
44877
44837
44768
44744
44681
44677
44668
44500
44498
44448
44426
44362
44316
44293
44268
44266
44224
44096
44085
44064
44047
44043
44002
43980
43950
43937
43931
43892
43841
43808
43802
43769
43702
43651
43647
43595
43587
43540
43477
43356
43252
43209
43094
43068
43067
43058
43051
42977
42966
42952
42896
42828
42798
42797
42696
42669
42612
42492
42400
42389
42283
42278
42272
42218
42179
42139
42111
42104
42082
42003
41991
41989
41919
41916
41896
41855
41830
41795
41791
41759
41725
41700
41645
41624
41581
41455
41397
41351
41251
41102
41021
41015
40734
40691
40369
40347
40287
40252
40251
40232
40185
40145
40140
40107
40046
40028
39958
39949
39925
39913
39869
39790
39667
39609
39573
39543
39504
39424
39387
39282
39247
39242
39219
39136
39119
39110
39079
38958
38954
38952
38927
38914
38869
38800
38754
38637
38623
38604
38519
38438
38428
38265
38213
38152
38029
37957
37955
37923
37838
37747
37688
37674
37674
37583
37547
37469
37436
37435
37409
37375
37329
37281
37165
37097
37021
37007
37006
36967
36949
36855
36837
36790
36764
36658
36592
36529
36270
36253
36159
36106
36005
35988
35962
35886
35874
35674
35662
35652
35642
35551
35501
35480
35472
35448
35399
35385
35321
35287
35247
35203
35185
35180
35080
35076
34967
34963
34914
34914
34895
34836
34733
34728
34678
34613
34583
34578
34530
34514
34495
34462
34440
34408
34368
34321
34292
34201
34180
34166
33998
33854
33834
33779
33768
33638
33508
33418
33409
33199
33176
33152
33082
33081
33054
33021
32965
32842
32805
32775
32641
32516
32346
32337
32303
32279
32212
32135
32126
32109
32030
32015
31908
31901
31821
31820
31796
31792
31785
31782
31698
31694
31692
31667
31624
31584
31542
31506
31463
31352
31142
31059
30999
30951
30928
30821
30819
30791
30711
30674
30663
30638
30622
30545
30406
30300
30288
30183
30146
30119
30074
30069
30060
30033
30031
30011
29838
29837
29728
29574
29523
29521
29506
29483
29419
29390
29389
29364
29211
29113
29022
28875
28853
28849
28845
28845
28736
28695
28659
28626
28596
28565
28559
28493
28478
28397
28361
28352
28340
28293
28276
28269
28267
28179
28178
28153
28121
28100
28095
28084
28077
28004
27968
27949
27936
27936
27927
27820
27817
27814
27761
27750
27616
27509
27453
27379
27365
27342
27340
27162
27064
27044
27014
26984
26962
26958
26815
26700
26680
26611
26588
26561
26502
26464
26364
26314
25895
25863
25770
25641
25597
25549
25492
25472
25460
25417
25410
25394
25190
25019
24987
24952
24796
24705
24645
24554
24514
24514
24511
24500
24463
24421
24398
24360
24318
24300
24269
24184
24161
24105
24066
24016
23849
23802
23742
23566
23557
23530
23518
23425
23396
23299
23274
23271
23223
23180
23139
23122
23106
23040
23028
23013
23002
22820
22795
22745
22688
22667
22628
22597
22595
22573
22506
22503
22448
22399
22348
22327
22323
22303
22301
22265
22261
22260
22243
22167
22142
22132
22118
22116
22112
22009
21914
21866
21813
21802
21672
21668
21656
21636
21609
21549
21521
21514
21275
21179
21142
21114
21065
21035
20898
20868
20836
20804
20710
20683
20612
20609
20577
20529
20444
20361
20313
20283
20251
20243
20243
20179
20152
20151
20092
20072
20057
19981
19952
19947
19811
19800
19719
19678
19595
19513
19456
19456
19340
19338
19312
19289
19277
19226
19162
19107
18994
18957
18950
18918
18910
18906
18845
18839
18809
18743
18718
18700
18588
18534
18528
18483
18386
18271
18219
18173
18142
18025
18007
17980
17965
17917
17881
17673
17670
17651
17573
17514
17368
17321
17280
17186
17126
17088
17087
17049
17025
16986
16862
16819
16796
16621
16545
16519
16431
16425
16412
16409
16403
16374
16321
16273
16260
16241
16231
16209
16179
16153
16134
16133
16070
16050
16048
16031
16015
15950
15922
15922
15906
15865
15862
15744
15711
15662
15647
15607
15562
15534
15494
15414
15401
15354
15295
15274
15235
15166
15116
15091
15019
15015
14992
14882
14667
14618
14568
14509
14502
14470
14414
14392
14391
14391
14329
14325
14260
14254
14239
14231
14059
14032
13972
13959
13931
13919
13834
13782
13659
13556
13512
13494
13483
13422
13408
13403
13340
13286
13145
13089
12982
12976
12849
12828
12823
12749
12723
12718
12639
12576
12566
12539
12526
12511
12501
12463
12396
12396
12395
12332
12224
12123
12008
11984
11971
11852
11768
11734
11654
11605
11436
11400
11326
11303
11302
11171
11169
11142
11093
11062
11030
11017
11009
10996
10905
10851
10822
10809
10775
10709
10634
10505
10492
10491
10448
10338
10304
10243
10191
10181
10060
9943
9867
9828
9786
9720
9686
9593
9508
9478
9468
9408
9397
9361
9350
9224
9140
9071
9063
8939
8902
8901
8850
8839
8609
8598
8539
8525
8524
8482
8440
8422
8122
8075
7967
7908
7905
7838
7736
7713
7603
7596
7587
7528
7492
7472
7441
7415
7253
7166
7043
6891
6764
6729
6708
6706
6699
6685
6598
6562
6552
6359
6346
6316
6292
6212
6049
6039
6019
6008
6002
5997
5898
5881
5748
5503
5463
5429
5424
5363
5358
5344
5319
5297
5296
5145
5117
5099
5070
5070
5058
5033
5028
4994
4972
4934
4932
4899
4863
4819
4706
4617
4616
4556
4544
4500
4403
4332
4222
4165
4052
4008
3961
3947
3911
3860
3818
3804
3776
3724
3663
3517
3474
3411
3250
3238
3223
3211
3045
2955
2870
2859
2697
2682
2671
2578
2535
2522
2493
2459
2353
2335
2300
2300
2296
2284
2274
2231
2015
1871
1862
1789
1769
1753
1660
1585
1554
1435
1399
1316
1270
1257
1253
1182
1119
997
921
773
756
749
730
721
597
525
479
474
472
456
385
328
324
320
293
271
234
215
168
146
47
