100000
99996
99902
99825
99793
99720
99595
99572
99500
99467
99189
99121
99003
99003
99000
98984
98974
98896
98862
98829
98760
98595
98527
98521
98508
98476
98392
98359
98267
98207
98171
98152
98074
98058
98023
97893
97854
97832
97821
97577
97572
97491
97477
97421
97410
97322
97317
97264
97245
97164
96979
96935
96928
96884
96868
96848
96821
96728
96496
96495
96441
96372
96344
96336
96334
96222
96206
96182
96119
96088
96044
95921
95886
95770
95733
95696
95564
95528
95507
95471
95452
95449
95415
95412
95335
95267
95235
95215
95197
95130
95035
95007
94997
94967
94967
94960
94926
94913
94862
94856
94837
94823
94738
94700
94528
94484
94452
94451
94366
94312
94221
94187
94171
94096
94088
93968
93918
93913
93891
93891
93879
93784
93749
93738
93578
93562
93550
93540
93511
93481
93439
93427
93426
93370
93337
93262
93244
93222
93152
93014
93012
92937
92902
92890
92889
92802
92785
92697
92682
92641
92629
92591
92568
92531
92449
92419
92308
92297
92268
92099
92051
92021
91993
91949
91914
91838
91829
91788
91677
91619
91618
91286
91283
91124
91120
91115
91087
90998
90952
90941
90927
90927
90913
90843
90777
90740
90676
90663
90639
90627
90621
90571
90570
90549
90539
90471
90381
90290
90123
90113
90104
90078
89984
89828
89765
89749
89670
89626
89574
89573
89514
89509
89424
89386
89372
89231
89026
88880
88845
88829
88782
88749
88730
88677
88604
88572
88565
88508
88499
88442
88431
88426
88397
88324
88282
88184
88174
88172
88157
88089
88063
88036
87984
87934
87815
87778
87777
87520
87518
87509
87507
87403
87363
87233
87222
87092
87057
87015
86962
86942
86902
86851
86831
86709
86620
86618
86352
86334
86289
86266
86220
86163
86159
86097
86015
85979
85910
85806
85800
85781
85685
85543
85438
85418
85346
85335
85325
85265
85242
85232
85213
85188
85047
84993
84987
84978
84905
84824
84784
84746
84744
84678
84587
84510
84492
84461
84448
84358
84343
84153
84138
84061
84017
83973
83970
83940
83936
83914
83907
83747
83673
83639
83572
83455
83255
83229
83152
83132
83076
83067
83041
83032
83017
82978
82929
82921
82801
82792
82651
82598
82535
82488
82335
82286
82269
82237
82172
82081
82037
82033
81886
81761
81753
81742
81725
81677
81640
81601
81578
81568
81563
81440
81337
81142
81132
81130
81050
80888
80810
80809
80712
80710
80704
80678
80622
80578
80504
80469
80457
80259
80250
80144
80121
80111
79986
79943
79906
79799
79789
79658
79571
79549
79517
79493
79466
79442
79400
79327
79208
79162
79140
79129
79126
79119
79115
79080
79071
79049
78731
78708
78655
78630
78533
78508
78498
78413
78383
78363
78294
78226
78156
78127
78011
77933
77835
77769
77756
77588
77583
77542
77530
77529
77525
77520
77486
77482
77481
77471
77432
77426
77366
77329
77295
77252
77219
77193
77180
77163
77103
77070
77055
77038
76938
76777
76770
76627
76615
76476
76442
76435
76416
76395
76354
76315
76282
76280
76270
76265
76192
76185
75943
75869
75850
75792
75749
75724
75551
75547
75533
75524
75485
75485
75471
75459
75430
75389
75335
75326
75315
75251
75165
75085
75024
75004
74956
74948
74889
74870
74823
74786
74776
74737
74718
74598
74552
74534
74368
74302
74197
74074
74018
73938
73854
73794
73784
73772
73756
73753
73748
73668
73601
73585
73570
73561
73492
73393
73390
73380
73369
73330
73210
73176
73162
72962
72939
72899
72865
72794
72771
72652
72569
72468
72359
72203
72030
71985
71973
71959
71947
71882
71815
71799
71764
71750
71747
71724
71630
71523
71517
71442
71410
71253
71181
71124
71052
70919
70801
70693
70691
70683
70649
70645
70639
70557
70531
70526
70455
70448
70430
70424
70383
70312
70030
69958
69832
69659
69609
69558
69551
69452
69392
69335
69183
69144
69128
69077
69076
69046
69037
69005
68993
68950
68881
68835
68833
68827
68811
68804
68734
68628
68510
68464
68419
68273
68181
68121
68068
68058
67987
67939
67727
67662
67612
67601
67592
67572
67552
67486
67439
67344
67321
67304
67247
67239
67222
67221
67221
67030
66992
66991
66827
66822
66813
66792
66767
66701
66676
66674
66642
66552
66538
66512
66266
66240
66232
66212
66206
66206
66160
66155
66045
65996
65977
65977
65916
65904
65890
65863
65692
65549
65534
65479
65413
65323
65317
65278
65271
65261
65249
65236
65174
65159
65110
65073
65052
65012
64962
64864
64852
64677
64641
64635
64592
64526
64461
64397
64357
64284
64223
64212
64143
64128
64121
64115
64078
64044
64019
63976
63969
63964
63934
63803
63751
63625
63613
63613
63592
63495
63403
63366
63364
63345
63310
63257
63218
63163
63138
63111
63013
62968
62899
62828
62802
62619
62602
62566
62486
62422
62265
62212
62185
62159
62141
62095
62074
61904
61886
61885
61803
61795
61757
61733
61716
61694
61668
61630
61563
61535
61529
61484
61474
61421
61382
61345
61309
61251
61193
60998
60997
60989
60945
60942
60938
60891
60863
60780
60767
60741
60676
60657
60594
60515
60463
60441
60349
60346
60208
60166
60087
60078
60067
60036
60012
60012
60006
60000
59960
59918
59801
59712
59705
59657
59610
59596
59586
59533
59499
59437
59430
59337
59289
59202
59156
59113
59093
58868
58750
58743
58684
58670
58637
58509
58460
58435
58430
58332
58300
58280
58276
58255
58254
58196
58157
58134
58076
58066
58040
58026
58009
57989
57985
57886
57873
57847
57839
57818
57806
57668
57598
57567
57561
57463
57384
57354
57237
57231
57192
57130
57100
57076
57038
57036
56996
56988
56970
56970
56899
56840
56819
56747
56730
56678
56633
56509
56495
56450
56423
56405
56302
56212
56208
56134
56040
56000
55964
55928
55879
55872
55846
55817
55680
55568
55567
55538
55523
55488
55452
55401
55301
55299
55254
55195
55189
55085
55082
55012
55000
54992
54968
54949
54947
54915
54868
54632
54611
54515
54474
54460
54345
54268
54239
54221
54170
54127
54098
53945
53814
53744
53670
53572
53528
53521
53509
53487
53437
53429
53413
53394
53325
53302
53272
53034
53029
52968
52945
52915
52914
52874
52843
52810
52800
52780
52750
52635
52593
52587
52528
52508
52483
52476
52373
52345
52275
52151
52097
52083
52046
51969
51947
51870
51845
51819
51769
51745
51738
51696
51668
51599
51521
51386
51360
51251
51245
51204
51195
51129
51109
51099
50921
50900
50878
50859
50651
50628
50545
50512
50496
50491
50193
50151
50008
49945
49894
49807
49720
49587
49463
49429
49380
49353
49270
49256
49189
49163
49116
49078
48824
48749
48721
48719
48658
48594
48563
48491
48357
48282
48005
47995
47979
47917
47916
47910
47804
47744
47671
47665
47657
47558
47403
47335
47297
47209
47160
47140
47108
47100
47070
46987
46929
46868
46824
46747
46545
46543
46530
46526
46524
46523
46490
46404
46369
46336
46251
46246
46244
46178
46168
46121
46038
45924
45792
45758
45735
45721
45694
45627
45577
45487
45393
45378
45271
45240
45148
45007
44933
44921
44846
44797
44795
44665
44560
44542
44477
44449
44277
44271
44239
44119
43987
43875
43864
43858
43812
43778
43716
43423
43386
43339
43263
43255
43056
43036
43031
43001
42926
42810
42801
42740
42713
42702
42688
42631
42546
42507
42442
42428
42320
42300
42294
42240
42089
42079
42077
42042
42033
42031
42030
41980
41913
41893
41837
41746
41719
41692
41678
41646
41608
41450
41432
41366
41288
41264
41227
41167
41158
41155
41033
40976
40955
40901
40878
40798
40764
40643
40642
40555
40500
40481
40455
40449
40426
40387
40292
40277
40223
40192
40146
40142
40073
40052
39953
39892
39839
39761
39738
39725
39637
39617
39604
39524
39475
39379
39245
39234
39225
39081
39039
38866
38865
38806
38769
38655
38604
38559
38477
38426
38390
38281
38271
38259
38247
38236
38209
38208
38170
38163
38157
38105
38046
37982
37938
37851
37779
37713
37668
37596
37549
37507
37392
37353
37349
37199
37197
37191
37157
37142
37139
37093
37038
37037
37019
36998
36998
36976
36908
36832
36826
36819
36817
36731
36656
36640
36593
36585
36558
36549
36532
36529
36456
36447
36240
36136
36108
36043
35999
35993
35904
35869
35801
35740
35691
35686
35662
35657
35637
35619
35547
35497
35403
35239
35106
34858
34797
34791
34780
34709
34657
34647
34603
34533
34449
34442
34395
34379
34319
34222
34204
34190
34093
34007
34003
33964
33917
33889
33878
33785
33625
33613
33577
33573
33562
33480
33448
33379
33271
33269
33262
33223
33168
33156
33132
33124
33121
33035
32999
32910
32903
32876
32750
32745
32735
32734
32714
32366
32359
32327
32299
32124
32042
32022
32018
31926
31924
31915
31911
31887
31879
31826
31784
31754
31699
31613
31563
31531
31497
31496
31409
31392
31390
31328
31303
31273
31251
31194
31112
31077
30958
30905
30904
30901
30775
30705
30672
30661
30637
30601
30527
30502
30485
30480
30393
30284
30276
30172
30158
30078
30049
30044
30026
30014
29988
29926
29838
29821
29736
29709
29707
29637
29625
29570
29399
29387
29332
29285
29270
29190
29175
29173
29084
29040
28962
28934
28919
28913
28877
28857
28793
28758
28688
28680
28507
28468
28358
28342
28313
28264
28263
28226
28180
28157
28110
27946
27945
27921
27884
27877
27853
27843
27784
27775
27757
27747
27744
27640
27582
27487
27474
27463
27455
27373
27238
27078
27077
27018
26903
26724
26662
26661
26622
26583
26521
26508
26363
26297
26284
26279
26247
26197
26191
26111
25998
25979
25978
25959
25913
25851
25744
25688
25627
25618
25548
25519
25479
25449
25349
25305
25253
25105
25104
25065
25045
25028
25007
24937
24916
24905
24899
24850
24829
24651
24647
24629
24575
24446
24402
24377
24244
24232
24177
24146
24103
23943
23903
23796
23520
23505
23487
23419
23360
23320
23296
23214
23203
23090
23064
23036
22985
22879
22814
22753
22750
22729
22546
22540
22518
22386
22360
22324
22315
22236
22189
22188
22159
22138
22124
21993
21971
21931
21884
21799
21739
21666
21626
21624
21614
21564
21449
21429
21424
21328
21224
21142
21124
21109
21080
21073
21015
21013
20916
20859
20801
20723
20720
20639
20628
20474
20450
20373
20365
20357
20234
20211
20190
20178
20141
20141
20072
20016
20000
19946
19904
19807
19768
19658
19571
19563
19513
19465
19455
19402
19262
19114
19060
19045
19006
18981
18813
18804
18767
18737
18711
18624
18617
18612
18558
18508
18402
18372
18326
18322
18210
18092
18071
18038
18016
18010
18001
17998
17986
17975
17958
17947
17722
17659
17634
17614
17608
17566
17519
17498
17466
17454
17384
17370
17335
17256
17203
17101
17023
17014
16828
16810
16777
16747
16746
16742
16671
16664
16640
16626
16512
16465
16338
16243
16192
16183
16179
16142
16135
16092
16082
16040
16036
16021
15997
15843
15782
15689
15681
15667
15609
15534
15510
15476
15432
15361
15321
15235
15229
15180
15120
15115
15064
14971
14891
14891
14855
14845
14830
14765
14719
14718
14699
14686
14632
14615
14535
14477
14441
14412
14410
14342
14332
14214
14178
14080
14049
14044
14036
14029
14006
13929
13919
13834
13821
13741
13652
13651
13650
13447
13420
13391
13347
13340
13300
13264
13257
13221
13217
13215
13202
13193
13012
12979
12973
12935
12900
12730
12707
12670
12518
12465
12351
12325
12200
12171
12057
11931
11923
11860
11852
11786
11770
11714
11666
11611
11539
11434
11335
11318
11315
11298
11255
11224
11169
11136
11117
11060
11013
10944
10903
10870
10847
10671
10664
10608
10590
10568
10469
10458
10440
10384
10349
10229
10190
10165
10162
10091
9943
9937
9857
9739
9685
9673
9645
9426
9351
9249
9220
9203
9051
9045
9016
8966
8933
8903
8903
8892
8802
8792
8783
8776
8754
8749
8729
8617
8560
8556
8468
8451
8347
8324
8314
8278
8263
8256
8249
8223
8137
8077
8070
8033
7923
7857
7779
7651
7644
7622
7602
7597
7568
7565
7565
7501
7500
7464
7412
7360
7302
7290
7284
7261
7248
7178
7149
7067
7057
7041
6999
6965
6938
6922
6900
6841
6794
6767
6737
6731
6593
6580
6506
6438
6400
6310
6297
6283
6268
6165
6156
6061
5981
5931
5924
5802
5716
5573
5557
5539
5518
5517
5445
5305
5289
5235
5229
5227
5113
4910
4678
4676
4601
4499
4462
4411
4121
4066
3944
3928
3839
3820
3815
3749
3743
3586
3571
3544
3530
3439
3420
3392
3335
3305
3242
3160
3132
3117
3099
3062
2951
2951
2936
2871
2796
2766
2744
2708
2629
2588
2513
2383
2211
2171
2170
2106
2051
2049
2020
1988
1809
1749
1731
1705
1682
1572
1551
1448
1364
1340
1289
1269
1211
1088
960
950
936
927
908
829
822
801
785
716
673
654
609
599
596
572
547
517
419
333
195
159
146
116
90
85
85
35
