99924
99888
99844
99770
99763
99707
99581
99568
99513
99510
99471
99405
99335
99325
99289
99180
99113
99107
99106
99079
99045
99023
98906
98895
98847
98843
98839
98766
98737
98700
98623
98536
98526
98438
98081
98024
98003
98002
97961
97952
97952
97932
97888
97841
97814
97733
97468
97273
97187
97183
97179
97081
97062
97038
96982
96863
96852
96801
96777
96742
96701
96698
96500
96452
96412
96288
96274
96213
96164
96164
96091
96059
96012
95756
95717
95668
95665
95651
95589
95559
95515
95462
95439
95389
95271
95265
95195
95180
95111
95102
95076
95046
95040
95009
94904
94821
94781
94777
94718
94706
94683
94678
94380
94321
94287
94283
94280
94215
94204
94153
94006
93776
93747
93659
93544
93497
93496
93472
93462
93423
93410
93369
93347
93271
93257
93242
93227
93215
93206
93093
93021
93016
92944
92885
92873
92762
92750
92716
92689
92679
92648
92635
92612
92607
92519
92448
92415
92375
92368
92242
92193
92182
92120
92099
92053
92039
91935
91903
91887
91807
91773
91758
91675
91600
91549
91424
91365
91120
91117
91101
91087
91055
91022
91000
90995
90890
90848
90765
90761
90726
90604
90504
90502
90501
90478
90418
90207
90150
90123
90108
90105
90046
90016
89997
89912
89867
89794
89793
89753
89743
89725
89696
89642
89626
89603
89596
89526
89420
89412
89384
89290
89242
89130
89130
88979
88908
88906
88888
88825
88752
88685
88464
88446
88439
88427
88343
88314
88263
88252
88187
88184
88178
88144
88127
88072
87978
87975
87933
87917
87915
87893
87789
87761
87725
87718
87695
87676
87608
87604
87598
87517
87497
87443
87382
87373
87318
87287
87239
87204
87169
87003
87002
86954
86784
86686
86641
86598
86588
86521
86472
86428
86411
86339
86315
86300
86237
86075
85931
85914
85829
85815
85784
85747
85743
85716
85676
85644
85592
85570
85546
85541
85429
85410
85374
85358
85356
85312
85308
85308
85218
85196
85146
85126
85107
85096
85055
85043
85030
85011
84928
84878
84860
84821
84812
84685
84629
84626
84563
84550
84541
84478
84463
84453
84393
84380
84314
84182
84115
83981
83854
83805
83795
83775
83757
83748
83702
83699
83678
83643
83637
83608
83558
83499
83438
83436
83435
83377
83302
83222
83123
83029
83028
83005
82965
82812
82786
82778
82775
82757
82714
82647
82621
82543
82535
82481
82423
82378
82221
82185
82174
82159
82022
81997
81986
81949
81876
81845
81811
81770
81728
81726
81589
81517
81460
81456
81440
81304
81254
81172
81170
81057
80984
80904
80902
80796
80596
80561
80547
80504
80451
80436
80429
80308
80300
80282
80228
80169
80136
80002
79985
79934
79875
79856
79845
79785
79785
79752
79696
79328
79317
79291
79188
79168
79129
79105
79057
79009
78999
78904
78881
78849
78838
78771
78640
78627
78536
78337
78262
78243
78196
78152
78143
78061
78030
77961
77948
77862
77847
77810
77798
77762
77635
77519
77478
77369
77359
77309
77284
77237
77160
77092
77049
77040
77027
76988
76790
76778
76689
76618
76613
76593
76524
76510
76435
76358
76333
76263
76245
76217
76139
76088
76000
75964
75832
75769
75713
75695
75634
75608
75590
75514
75505
75465
75264
75252
75186
75012
74983
74965
74940
74910
74885
74870
74650
74649
74629
74625
74449
74352
74326
74315
74268
74251
74246
74217
74154
74150
74104
73940
73823
73762
73747
73724
73718
73706
73679
73622
73608
73581
73576
73556
73552
73529
73473
73468
73435
73425
73409
73376
73278
73253
73242
73223
73163
73127
73081
72986
72968
72967
72938
72900
72825
72821
72809
72616
72574
72422
72412
72387
72235
72221
72163
72124
72097
72050
72029
72025
71966
71957
71947
71877
71661
71636
71623
71614
71557
71546
71513
71429
71390
71359
71356
71317
71283
71262
71241
71233
71182
71122
71086
71078
71071
71052
70973
70970
70926
70886
70884
70866
70817
70785
70684
70588
70570
70544
70530
70510
70340
70328
70284
70211
70066
69970
69943
69884
69877
69792
69730
69727
69726
69724
69596
69590
69441
69377
69318
69267
69232
69215
69186
69168
69106
69102
68996
68993
68931
68904
68832
68825
68755
68752
68679
68602
68594
68428
68423
68351
68333
68145
68112
67998
67960
67860
67848
67730
67716
67615
67514
67464
67426
67425
67419
67311
67286
67253
67241
67185
67138
67129
67079
66995
66965
66941
66940
66817
66813
66792
66674
66649
66487
66440
66340
66325
66302
66220
66189
66181
66178
66087
66006
65971
65942
65871
65809
65770
65728
65608
65586
65504
65491
65380
65367
65354
65311
65301
65296
65279
65272
65256
65205
65125
65113
65088
65065
65038
65016
64868
64854
64679
64630
64473
64465
64409
64182
64144
64069
64027
64009
63936
63850
63846
63802
63758
63745
63742
63657
63608
63591
63516
63512
63397
63323
63316
63300
63272
63196
63158
63135
63074
62919
62919
62883
62869
62830
62727
62692
62689
62584
62575
62557
62527
62519
62494
62385
62326
62295
62271
62182
62119
62057
61857
61817
61697
61621
61536
61533
61522
61490
61457
61399
61326
61314
61311
61299
61205
60993
60963
60956
60937
60744
60732
60714
60702
60654
60577
60511
60490
60460
60391
60361
60337
60327
60290
60288
60237
60226
60177
60165
60154
60149
59824
59798
59591
59479
59451
59420
59364
59355
59355
59345
59303
59256
59232
59175
59027
59003
58970
58876
58809
58805
58751
58604
58564
58502
58410
58353
58320
58310
58305
58290
58216
58137
58124
58120
58029
57979
57877
57874
57853
57727
57656
57435
57304
57214
57132
57119
57102
57052
57013
56930
56909
56864
56796
56667
56665
56657
56578
56562
56553
56506
56498
56496
56457
56404
56377
56370
56364
56352
56281
56268
56260
56228
56192
56162
56134
56084
56060
55901
55809
55800
55772
55723
55616
55516
55508
55485
55421
55372
55250
55233
55232
55142
55070
55063
55028
54962
54883
54822
54813
54755
54752
54727
54710
54687
54687
54653
54639
54618
54611
54607
54586
54536
54531
54449
54436
54354
54345
54286
54239
54178
54116
54095
54033
54026
54008
53953
53851
53833
53785
53705
53695
53653
53641
53600
53541
53445
53440
53400
53390
53257
53247
53235
53150
53091
53044
53013
52992
52959
52680
52670
52581
52547
52498
52479
52441
52427
52337
52321
52218
52182
52162
52057
52026
51993
51897
51844
51836
51834
51830
51789
51783
51776
51774
51751
51739
51661
51610
51580
51554
51529
51511
51498
51406
51188
51171
51110
51078
50960
50951
50898
50866
50681
50592
50587
50551
50507
50446
50443
50442
50187
50122
50094
50087
50086
50075
50070
50054
50035
49836
49799
49765
49633
49561
49550
49496
49494
49465
49322
49295
49273
49259
49245
49233
49137
49081
49068
49051
49049
49044
49039
49032
48995
48986
48964
48820
48733
48732
48676
48596
48569
48504
48444
48439
48390
48338
48243
48120
48113
48101
48089
47982
47922
47917
47891
47879
47733
47690
47684
47680
47632
47506
47493
47474
47434
47434
47332
47323
47287
47163
47098
47095
47059
47023
47014
46918
46917
46869
46837
46794
46692
46652
46642
46579
46575
46525
46452
46416
46401
46343
46269
46195
46137
46123
46065
45952
45919
45838
45713
45658
45623
45589
45581
45565
45458
45427
45333
45167
45160
45032
44943
44799
44789
44773
44767
44634
44465
44436
44299
44285
44281
44266
44240
44213
44194
44178
44143
44132
44058
43910
43905
43788
43748
43745
43735
43707
43677
43627
43606
43554
43526
43518
43496
43428
43409
43365
43304
43284
43269
43252
43246
43217
43140
43120
43016
42964
42913
42851
42805
42755
42679
42665
42664
42649
42638
42599
42563
42516
42494
42285
42223
42115
42098
42034
41969
41929
41921
41893
41833
41828
41814
41757
41624
41606
41546
41447
41338
41326
41262
41256
41246
41225
41166
41127
41040
40908
40889
40874
40862
40776
40757
40662
40636
40626
40592
40587
40548
40474
40438
40397
40388
40377
40348
40348
40337
40302
40295
40206
40176
40154
40109
40083
40070
39822
39753
39704
39702
39682
39647
39631
39595
39486
39415
39370
39325
39279
39215
39214
39203
39186
39171
39112
39105
39053
39041
39000
38952
38939
38885
38878
38848
38732
38672
38586
38506
38504
38468
38388
38303
38296
38173
38044
37934
37886
37865
37776
37755
37494
37466
37465
37456
37431
37354
37291
37266
37209
37199
37197
37182
37163
37045
37042
36874
36757
36686
36661
36651
36634
36590
36581
36524
36498
36453
36384
36334
36200
36170
36142
36072
36071
36030
36020
35905
35899
35824
35768
35661
35568
35557
35554
35542
35370
35340
35286
35273
35241
35222
35093
35036
34979
34821
34768
34752
34723
34687
34635
34591
34380
34324
34170
34096
34040
34032
33957
33784
33775
33763
33746
33742
33683
33671
33595
33593
33520
33453
33452
33426
33410
33361
33344
33330
33286
33245
33028
33018
32999
32876
32809
32782
32579
32544
32523
32456
32454
32417
32360
32294
32241
32226
32197
32112
32099
32097
32067
32002
31992
31968
31942
31879
31840
31804
31784
31726
31671
31650
31612
31500
31429
31424
31331
31272
31235
31195
31162
31112
31038
31019
30999
30876
30799
30786
30745
30630
30614
30612
30602
30597
30569
30460
30347
30247
30220
29986
29901
29837
29780
29707
29707
29703
29660
29578
29573
29550
29477
29411
29389
29371
29347
29327
29325
29293
29276
29233
29202
29167
29147
29100
29086
28889
28779
28760
28606
28593
28498
28462
28415
28398
28352
28324
28278
28270
28245
28204
28183
28153
28108
28076
28019
27786
27746
27745
27727
27714
27690
27649
27622
27510
27479
27389
27121
27119
27001
26916
26779
26680
26649
26592
26441
26421
26397
26380
26291
26279
26126
26078
26048
25961
25931
25900
25895
25874
25814
25791
25691
25687
25664
25525
25473
25456
25434
25427
25394
25383
25339
25337
25313
25210
25197
25141
24909
24836
24827
24804
24713
24701
24682
24632
24541
24541
24452
24424
24412
24315
24232
24194
24092
24084
24080
24049
24046
24037
24030
24016
23985
23945
23917
23863
23854
23853
23816
23815
23796
23769
23677
23674
23603
23571
23561
23553
23486
23375
23374
23302
23301
23296
23175
23161
23150
23112
23037
22985
22956
22867
22787
22761
22708
22698
22698
22604
22566
22543
22539
22511
22465
22428
22303
22250
22220
22186
22177
22164
22147
22129
22081
22060
22050
22045
21963
21892
21868
21818
21683
21637
21633
21599
21564
21554
21491
21431
21287
21233
21073
20933
20922
20877
20790
20775
20660
20639
20608
20547
20433
20401
20401
20355
20288
20171
20154
20140
20091
20032
20002
19906
19882
19743
19720
19655
19603
19567
19517
19438
19403
19388
19383
19325
19047
18993
18915
18895
18830
18734
18730
18700
18619
18608
18583
18549
18436
18410
18386
18272
18235
18231
18179
18146
17964
17946
17946
17934
17927
17896
17762
17755
17737
17732
17650
17650
17589
17542
17531
17411
17389
17369
17350
17269
17204
17186
17184
17183
17180
17089
17074
17048
16966
16939
16798
16653
16648
16635
16556
16540
16499
16276
16241
16183
16140
15953
15876
15852
15631
15532
15513
15461
15458
15393
15391
15381
15376
15292
15289
15234
15223
15147
15125
15120
15117
15058
14881
14825
14715
14690
14641
14635
14612
14557
14511
14478
14468
14424
14392
14379
14355
14331
14194
14094
14036
14004
13986
13848
13829
13743
13656
13607
13519
13504
13497
13426
13362
13349
13336
13262
13118
12981
12955
12821
12712
12640
12611
12498
12405
12360
12349
12276
12199
12154
12039
12024
12018
12000
11982
11970
11888
11859
11811
11770
11708
11701
11662
11641
11640
11575
11514
11367
11365
11308
11221
11208
11124
11113
11066
10923
10852
10807
10800
10797
10719
10688
10654
10633
10595
10526
10403
10224
10150
10113
10108
10042
9963
9700
9665
9653
9536
9510
9489
9377
9341
9325
9272
9047
8901
8888
8834
8807
8788
8673
8567
8556
8449
8316
8297
8145
8043
8014
7983
7954
7823
7819
7794
7782
7777
7713
7674
7653
7458
7449
7390
7333
7132
7105
7103
7094
7090
7060
7049
6998
6917
6883
6818
6691
6595
6559
6329
6255
6206
6200
6130
6025
6014
5971
5949
5915
5892
5813
5811
5795
5715
5650
5642
5599
5567
5557
5528
5506
5474
5426
5340
5248
5243
5198
5193
5028
4995
4967
4961
4886
4881
4870
4861
4819
4722
4711
4633
4630
4614
4587
4479
4478
4379
4208
4188
4122
4120
4053
4025
3997
3993
3881
3631
3619
3592
3574
3453
3439
3435
3422
3387
3266
3127
3117
3100
3033
2953
2912
2832
2680
2585
2499
2497
2459
2403
2366
2321
2255
2234
2178
2111
2105
2083
2053
2048
2027
1702
1629
1595
1556
1478
1444
1369
1342
1340
1328
1288
1283
1281
1212
1154
1146
1133
1118
1083
1029
1015
1009
861
825
796
672
646
472
442
386
369
345
323
233
231
217
174
111
99
40
