99989
99938
99902
99832
99810
99769
99753
99627
99582
99548
99453
99443
99437
99422
99420
99230
99154
99130
99127
99062
99001
98999
98929
98904
98867
98817
98784
98685
98641
98641
98578
98492
98388
98381
98364
98360
98326
98318
98274
98209
98156
98152
98144
98131
98110
98093
98044
98013
98002
97962
97903
97873
97758
97734
97676
97548
97527
97430
97405
97329
97307
97243
97197
97113
97106
97036
97010
96993
96979
96948
96930
96880
96780
96754
96732
96712
96677
96663
96646
96605
96563
96407
96379
96358
96353
96261
96235
96232
96055
96030
95925
95921
95921
95906
95860
95802
95792
95771
95761
95672
95592
95572
95449
95434
95432
95396
95349
95245
95169
95135
95102
95072
95031
94977
94876
94874
94755
94723
94534
94529
94519
94476
94430
94398
94357
94217
94145
94140
94086
94067
94054
93958
93870
93845
93839
93832
93709
93558
93443
93436
93283
93276
93217
93099
93045
92940
92913
92883
92874
92870
92856
92756
92600
92521
92484
92451
92323
92219
92184
92177
92170
92151
92036
91997
91995
91982
91978
91965
91938
91936
91922
91782
91774
91556
91532
91492
91485
91477
91458
91438
91433
91425
91408
91264
91251
91208
91197
91133
91097
91031
90991
90938
90912
90712
90693
90662
90650
90594
90452
90391
90380
90328
90204
90075
90050
90030
90006
89985
89967
89913
89860
89856
89813
89764
89728
89704
89633
89632
89287
89217
89168
89155
89131
89099
89088
89086
88838
88740
88712
88655
88541
88525
88510
88420
88419
88401
88398
88372
88332
88226
88215
88152
88147
88140
88117
88109
88073
88043
87948
87942
87895
87834
87780
87757
87728
87714
87666
87602
87516
87500
87451
87396
87353
87348
87324
87308
87151
87064
86973
86964
86823
86810
86809
86792
86756
86633
86594
86586
86571
86552
86489
86430
86414
86402
86312
86289
86273
86247
86203
86185
86172
86153
86150
86134
86089
85951
85901
85826
85788
85787
85775
85764
85753
85746
85727
85702
85684
85672
85641
85601
85537
85469
85441
85335
85319
85273
85243
85167
85068
84886
84855
84815
84772
84756
84672
84639
84540
84532
84486
84392
84368
84319
84192
84190
84133
84121
84119
84048
84038
84036
83903
83773
83634
83539
83488
83479
83443
83383
83331
83184
83094
83031
83030
82996
82989
82940
82938
82764
82687
82635
82508
82506
82481
82458
82274
82201
82180
82107
82105
82050
82031
81952
81889
81855
81842
81825
81612
81601
81465
81436
81373
81372
81360
81281
81275
81231
81084
81062
80992
80977
80964
80924
80861
80780
80598
80579
80573
80563
80552
80524
80512
80505
80437
80357
80281
80190
80168
80161
80118
80106
80072
80055
79968
79933
79819
79747
79700
79665
79657
79645
79617
79604
79555
79543
79537
79481
79426
79339
79276
79217
79208
79152
79129
79084
79084
78992
78915
78894
78800
78783
78738
78733
78708
78701
78676
78667
78507
78482
78469
78456
78433
78395
78361
78340
78294
78261
78242
78219
78208
78196
78119
78115
78100
78053
77986
77954
77866
77806
77790
77711
77708
77651
77609
77567
77408
77337
77332
77228
77161
77132
77131
77116
77085
76829
76818
76741
76719
76713
76622
76501
76268
76223
76106
75998
75840
75728
75711
75699
75595
75549
75501
75462
75446
75319
75318
75167
74864
74851
74834
74826
74731
74700
74583
74444
74342
74321
74308
74302
74233
74171
74171
74138
74111
74067
74039
73962
73933
73919
73904
73836
73830
73811
73793
73765
73686
73614
73508
73483
73445
73435
73405
73377
73365
73362
73359
73344
73287
73224
73132
73117
73081
73050
72918
72889
72849
72773
72763
72660
72542
72481
72386
72378
72244
72229
72202
72139
72119
72074
72054
72040
71920
71908
71817
71754
71721
71643
71595
71552
71521
71477
71440
71391
71332
71225
71213
71117
71020
71010
70981
70948
70934
70860
70800
70744
70720
70704
70689
70680
70636
70535
70453
70388
70371
70357
70301
70301
70136
70105
70054
70049
70034
70013
69988
69923
69910
69906
69901
69885
69861
69851
69780
69777
69702
69668
69652
69623
69565
69548
69394
69348
69280
69262
69212
69210
69181
69095
69026
68891
68876
68876
68755
68738
68694
68665
68663
68597
68527
68492
68438
68411
68371
68305
68278
68128
68111
68101
68075
68024
67920
67892
67800
67763
67699
67684
67682
67578
67536
67474
67459
67323
67264
67255
67255
67227
67207
67170
67129
67122
66893
66782
66726
66635
66603
66598
66501
66426
66417
66398
66353
66327
66199
66120
66085
66076
66069
66049
66035
65842
65750
65723
65711
65650
65578
65515
65225
65134
65108
65095
65086
64967
64930
64852
64815
64757
64709
64697
64623
64587
64516
64478
64407
64354
64293
64068
64051
63978
63905
63854
63744
63718
63715
63665
63599
63587
63559
63465
63325
63318
63295
63278
63259
63100
63058
63010
62863
62772
62679
62593
62481
62422
62417
62379
62361
62340
62295
62200
62200
62186
62183
62178
62111
62103
62082
61979
61929
61922
61894
61836
61812
61772
61688
61680
61620
61615
61588
61527
61457
61449
61448
61401
61299
61297
61237
61230
61221
61166
61150
61141
61114
61077
61006
60989
60968
60940
60848
60846
60827
60768
60726
60710
60619
60531
60522
60487
60474
60399
60365
60267
60251
60215
60142
60116
60115
60108
59846
59811
59810
59808
59737
59683
59664
59641
59613
59495
59478
59472
59413
59404
59310
59284
59184
59162
59141
59099
59075
59047
58976
58860
58780
58760
58662
58604
58558
58499
58472
58395
58381
58366
58305
58285
58212
58184
58130
58086
57951
57945
57895
57844
57673
57659
57636
57432
57419
57396
57322
57224
57139
57049
57019
56788
56768
56737
56728
56701
56694
56644
56574
56526
56401
56399
56396
56345
56319
56228
56159
56152
56147
56134
56115
56053
56038
56006
55833
55745
55608
55601
55554
55512
55385
55359
55318
55314
55269
55248
55196
55150
55113
55026
54982
54922
54899
54846
54721
54685
54670
54598
54558
54550
54511
54465
54431
54396
54396
54322
54245
54242
54177
54123
54023
53974
53961
53886
53880
53840
53804
53785
53770
53662
53641
53624
53577
53563
53524
53495
53490
53343
53334
53238
53188
53183
53151
53131
53091
53034
53020
52892
52885
52866
52856
52820
52798
52789
52692
52688
52628
52566
52536
52268
52233
51760
51683
51683
51522
51515
51482
51379
51368
51330
51214
51153
51039
51007
50985
50872
50823
50800
50661
50650
50548
50517
50489
50404
50339
50310
50287
50223
50206
50197
50180
50118
50093
50037
50024
49949
49946
49817
49755
49714
49700
49649
49635
49543
49504
49476
49322
49210
49205
49165
49140
49137
49125
49084
49081
49044
49021
48984
48919
48806
48802
48789
48626
48495
48449
48436
48374
48329
48303
48293
48146
48136
48059
48055
47967
47908
47888
47857
47809
47791
47776
47629
47514
47435
47288
47130
47078
47024
46994
46917
46889
46864
46751
46678
46666
46658
46656
46625
46595
46580
46557
46433
46354
46320
46241
46170
46161
46093
45978
45922
45822
45778
45759
45735
45616
45579
45571
45499
45493
45424
45341
45304
45293
45272
45259
45208
45156
45155
45148
45141
45049
45034
45011
44961
44926
44903
44799
44740
44718
44708
44691
44671
44633
44629
44573
44539
44536
44431
44376
44332
44331
44221
44126
44085
44071
44054
43833
43817
43773
43733
43621
43490
43481
43478
43409
43337
43328
43187
42983
42924
42921
42914
42908
42831
42778
42746
42737
42597
42590
42536
42524
42503
42324
42259
42208
42173
42146
42096
42027
42007
41962
41911
41770
41724
41677
41671
41622
41620
41496
41463
41423
41340
41330
41313
41311
41198
41171
41157
41136
41123
41089
41082
41055
40921
40880
40852
40846
40785
40748
40697
40696
40690
40670
40665
40545
40473
40437
40420
40382
40273
40231
40185
40155
40142
40105
40047
39945
39893
39867
39866
39821
39791
39787
39676
39662
39612
39595
39557
39461
39431
39413
39407
39384
39338
39293
39283
39254
39214
39177
39106
39048
39036
38986
38855
38844
38830
38625
38624
38555
38416
38394
38373
38357
38347
38291
38285
38283
38240
38239
38182
38139
37991
37961
37954
37915
37888
37840
37766
37695
37604
37595
37527
37328
37315
37307
37299
37258
37195
37091
37058
37057
37015
37009
36928
36926
36860
36797
36766
36724
36691
36650
36581
36564
36442
36356
36355
36264
36186
36170
36053
36028
35897
35852
35834
35819
35745
35691
35660
35639
35578
35573
35561
35548
35479
35465
35407
35321
35310
35288
35284
35245
35179
35093
34982
34960
34957
34903
34795
34783
34777
34739
34729
34677
34543
34531
34519
34431
34334
34301
34288
34244
34197
34112
33951
33915
33869
33795
33776
33691
33628
33576
33576
33549
33463
33433
33407
33254
33236
33140
33139
33137
33070
32894
32871
32789
32777
32766
32765
32604
32567
32413
32347
32316
32165
32139
32101
32079
32063
31986
31979
31958
31832
31816
31794
31710
31698
31664
31614
31601
31575
31436
31420
31369
31163
31070
30991
30932
30929
30919
30812
30737
30620
30553
30507
30500
30447
30409
30342
30333
30251
30249
30236
30209
29900
29854
29815
29797
29695
29688
29674
29665
29644
29644
29619
29543
29448
29431
29372
29299
29260
29071
29063
29007
28998
28959
28843
28820
28802
28796
28789
28718
28642
28625
28613
28590
28497
28449
28391
28347
28313
28274
28145
28090
28067
28038
28027
27997
27857
27846
27675
27625
27614
27568
27536
27501
27481
27466
27461
27429
27408
27395
27386
27363
27306
27253
27241
27104
27070
27061
26983
26943
26922
26690
26683
26682
26653
26628
26608
26518
26399
26272
26269
26252
26228
26119
26113
25997
25887
25769
25738
25681
25628
25551
25503
25499
25419
25389
25350
25317
25241
25219
25201
25162
25101
25077
25059
25039
25018
25001
24966
24936
24725
24664
24643
24643
24635
24605
24540
24523
24496
24447
24412
24401
24309
24271
24268
24165
24092
24050
24041
23944
23924
23908
23817
23694
23663
23593
23550
23271
23174
22951
22894
22853
22809
22778
22617
22600
22598
22584
22567
22525
22460
22410
22365
22321
22267
22262
22231
22219
22218
22050
22002
21897
21861
21805
21804
21804
21793
21755
21709
21617
21595
21592
21559
21554
21554
21381
21332
21296
21296
21281
21270
21179
21138
21060
20984
20935
20867
20861
20848
20776
20718
20638
20597
20552
20430
20364
20354
20345
20324
20256
20218
20101
20086
20029
19982
19945
19897
19861
19840
19729
19633
19607
19573
19456
19334
19311
19272
19197
19164
19007
18984
18925
18912
18777
18776
18696
18559
18552
18467
18433
18405
18392
18375
18366
18228
18216
18091
18052
17990
17979
17937
17914
17860
17823
17805
17793
17754
17742
17737
17682
17675
17671
17563
17506
17487
17376
17317
16892
16885
16880
16791
16641
16615
16613
16589
16576
16464
16459
16403
16391
16330
16303
16267
16253
16159
16149
16099
16054
15999
15942
15868
15752
15667
15628
15552
15494
15436
15392
15358
15323
15306
15290
15274
15260
15246
15216
15188
15177
15164
15093
15086
15071
15011
14980
14869
14795
14778
14719
14629
14552
14547
14528
14501
14356
14291
14247
14227
14209
14138
14017
13984
13956
13887
13867
13843
13770
13735
13698
13688
13625
13283
13152
13148
13133
13127
13018
13015
12890
12834
12798
12794
12777
12706
12662
12569
12486
12425
12416
12413
12300
12197
12125
12109
12103
12092
11960
11915
11829
11816
11796
11793
11676
11674
11664
11561
11533
11501
11479
11442
11391
11378
11372
11285
11188
11157
10919
10849
10841
10801
10706
10376
10350
10333
10296
10281
10277
10174
10127
10118
10061
9994
9981
9967
9960
9921
9894
9823
9818
9818
9729
9679
9654
9593
9492
9471
9470
9440
9406
9347
9289
9278
9276
9172
9149
9132
9113
9106
9043
9029
9013
8944
8920
8903
8889
8683
8683
8642
8634
8587
8570
8531
8517
8497
8491
8461
8182
8161
8116
8066
7880
7868
7853
7752
7688
7670
7663
7578
7543
7493
7445
7308
7300
7183
7178
7070
7018
6903
6900
6858
6842
6773
6754
6709
6590
6551
6550
6472
6418
6415
6404
6366
6310
6118
6096
6067
5990
5984
5978
5931
5887
5741
5668
5581
5578
5516
5457
5382
5325
5308
5294
5121
4997
4988
4968
4942
4935
4929
4897
4839
4786
4783
4736
4683
4591
4528
4505
4428
4370
4369
4343
4307
4286
4285
4239
4109
4091
4017
3967
3908
3858
3780
3753
3690
3591
3584
3411
3408
3399
3378
3250
3202
3199
3173
3057
3004
2893
2862
2697
2695
2542
2479
2468
2429
2401
2350
2346
2318
2273
2236
2149
2077
2061
2060
1972
1953
1930
1914
1788
1706
1669
1657
1612
1575
1447
1406
1397
1382
1369
1320
1311
1267
1195
1167
1135
1134
1108
1087
1077
1072
1069
1060
947
911
905
876
813
721
707
667
536
534
470
469
468
436
400
331
196
161
66
14
