99996
99871
99824
99753
99748
99714
99681
99601
99562
99531
99385
99367
99295
99256
99130
99106
99038
98836
98779
98777
98595
98584
98579
98544
98501
98479
98463
98433
98401
98370
98303
98274
98244
98236
98168
98162
97905
97875
97840
97799
97778
97763
97685
97637
97602
97542
97533
97475
97387
97386
97307
97209
97179
97139
96873
96842
96735
96729
96645
96626
96560
96489
96436
96418
96184
96147
96072
96047
95923
95898
95873
95815
95649
95613
95604
95584
95576
95529
95479
95457
95447
95436
95388
95327
95310
95240
95172
95081
95017
95000
94968
94915
94864
94825
94769
94686
94654
94627
94599
94556
94502
94456
94384
94288
94115
94108
94077
94039
93973
93967
93872
93836
93807
93718
93683
93619
93611
93596
93585
93385
93233
93204
93181
93103
93082
93002
92937
92874
92794
92784
92783
92731
92615
92566
92475
92415
92363
92340
92253
92253
92223
92201
92162
92095
92075
91983
91964
91937
91928
91872
91804
91796
91756
91706
91670
91615
91597
91579
91510
91415
91396
91393
91271
91267
91242
91231
91216
91073
90994
90983
90881
90801
90764
90745
90734
90698
90651
90645
90560
90434
90336
90279
90206
90203
90149
90101
90086
90074
90059
89952
89931
89872
89867
89825
89823
89760
89704
89700
89679
89656
89506
89460
89386
89380
89326
89324
89285
89231
89124
89082
89057
89026
89023
88974
88969
88858
88795
88751
88716
88665
88650
88592
88552
88543
88537
88529
88509
88389
88377
88356
88352
88341
88179
88166
88140
88124
88052
88047
88028
87928
87884
87806
87803
87784
87744
87668
87619
87526
87501
87440
87353
87224
87168
86976
86973
86945
86939
86896
86884
86776
86726
86725
86644
86573
86536
86437
86392
86297
86141
86135
86115
86092
85920
85896
85859
85836
85790
85677
85562
85519
85435
85409
85359
85345
85334
85320
85248
85169
85151
85064
85052
85039
84955
84895
84729
84700
84637
84623
84618
84589
84547
84543
84539
84531
84506
84491
84483
84421
84417
84366
84236
84158
84153
84106
83973
83948
83828
83827
83821
83771
83672
83540
83539
83503
83473
83317
83180
83156
83136
83092
83015
82960
82928
82885
82804
82745
82745
82660
82631
82629
82609
82575
82560
82518
82476
82415
82227
82149
82145
82140
82101
82080
82064
82041
82022
81994
81955
81936
81918
81916
81875
81758
81743
81676
81668
81561
81485
81483
81400
81323
81285
81227
81185
81171
81086
81063
81019
81016
81003
80951
80864
80839
80814
80807
80798
80750
80658
80550
80527
80523
80420
80399
80388
80329
80298
80203
80179
80176
80155
80113
80111
80026
80019
79964
79729
79722
79626
79619
79536
79523
79514
79492
79350
79299
79242
79237
79197
79131
79117
79000
78933
78923
78902
78884
78852
78812
78766
78755
78662
78569
78420
78387
78193
78169
78135
78080
77996
77983
77901
77875
77849
77823
77817
77735
77726
77724
77703
77657
77596
77591
77554
77521
77431
77416
77390
77387
77381
77354
77264
77238
77192
77160
77137
77079
77022
76903
76885
76881
76846
76824
76754
76726
76719
76706
76612
76585
76579
76542
76536
76524
76517
76498
76498
76421
76377
76234
76122
76077
76002
75906
75879
75872
75845
75784
75782
75702
75615
75571
75571
75509
75495
75445
75372
75345
75325
75252
75191
75131
75055
75055
75027
75010
74967
74937
74905
74893
74860
74812
74804
74779
74722
74719
74687
74620
74532
74497
74488
74488
74402
74314
74297
74276
74193
74169
73981
73952
73940
73934
73905
73886
73866
73822
73599
73577
73496
73463
73458
73450
73409
73406
73321
73285
73224
73220
73200
73118
73069
73046
73045
73021
72996
72976
72925
72872
72810
72802
72796
72745
72655
72552
72510
72422
72380
72370
72352
72278
72127
72100
72005
71882
71836
71689
71688
71663
71603
71592
71544
71530
71503
71405
71396
71324
71069
71040
70999
70946
70932
70905
70802
70703
70677
70619
70605
70592
70560
70547
70539
70514
70457
70352
70335
70328
70301
70273
70249
70223
70163
70053
69974
69921
69864
69847
69817
69716
69683
69468
69467
69396
69346
69291
69244
69162
69148
69145
69135
68988
68966
68937
68860
68765
68678
68590
68475
68462
68398
68364
68359
68351
68336
68266
68207
68206
68197
68128
68116
68105
68014
67975
67964
67951
67759
67713
67711
67616
67611
67495
67492
67402
67386
67375
67355
67233
67221
67194
67129
67124
67048
67025
66999
66860
66757
66695
66573
66523
66465
66396
66351
66214
66207
66199
66198
66161
66147
66110
65995
65963
65951
65856
65842
65838
65831
65794
65750
65683
65489
65486
65484
65482
65361
65248
65232
65154
65043
64958
64933
64859
64810
64747
64674
64634
64629
64615
64598
64508
64464
64441
64406
64403
64180
64175
64157
64059
63986
63929
63912
63850
63814
63800
63768
63722
63682
63544
63492
63484
63480
63366
63339
63137
63124
63105
63095
63057
62988
62950
62932
62874
62831
62821
62791
62722
62712
62705
62679
62657
62624
62462
62399
62391
62355
62348
62226
62186
62121
62061
62021
62012
61934
61909
61904
61794
61752
61737
61726
61716
61573
61477
61406
61263
61193
61157
60996
60889
60877
60784
60710
60587
60578
60528
60475
60447
60438
60277
60254
60218
60160
60086
59975
59908
59904
59868
59856
59832
59822
59773
59769
59757
59749
59727
59723
59562
59510
59477
59388
59365
59122
59107
59100
59068
58964
58962
58820
58707
58667
58629
58597
58540
58522
58494
58469
58425
58345
58307
58275
58265
58199
58137
58114
58058
58030
57988
57949
57882
57822
57815
57776
57762
57755
57734
57607
57584
57539
57435
57389
57322
57296
57253
57242
57197
57138
57064
56966
56937
56799
56751
56712
56656
56619
56590
56580
56537
56533
56509
56508
56491
56437
56388
56378
56342
56298
56262
56222
56197
56157
56075
56017
56011
55974
55959
55926
55899
55885
55858
55825
55806
55767
55707
55682
55666
55612
55608
55590
55582
55527
55508
55500
55495
55340
55331
55243
55218
55193
55061
55026
54988
54919
54902
54751
54716
54699
54693
54488
54481
54471
54341
54322
54318
54250
54152
54106
54081
54063
53966
53963
53924
53869
53797
53779
53656
53631
53618
53617
53582
53556
53556
53484
53425
53419
53375
53340
53240
53190
53188
53177
53095
53001
52955
52843
52828
52828
52815
52772
52733
52729
52693
52515
52509
52467
52369
52326
52301
52283
52251
52224
52211
52210
52166
52130
52112
52002
51983
51884
51849
51847
51846
51844
51766
51648
51636
51545
51244
51162
51120
51053
50839
50785
50779
50765
50724
50673
50608
50539
50501
50490
50471
50430
50385
50229
50158
50051
50036
50028
49948
49936
49888
49871
49814
49777
49774
49727
49546
49530
49430
49400
49257
49249
49227
49213
49156
49122
48984
48928
48917
48840
48840
48791
48704
48697
48697
48688
48676
48675
48667
48619
48519
48507
48504
48498
48487
48452
48363
48209
48109
48099
48047
48046
48024
47973
47818
47769
47743
47693
47692
47645
47614
47603
47551
47473
47380
47336
47299
47284
47261
47253
47235
47211
47200
47161
47124
47085
47080
47075
46928
46868
46857
46836
46802
46771
46737
46659
46604
46567
46526
46525
46520
46435
46396
46333
46320
46261
46079
46015
45815
45750
45736
45734
45709
45678
45646
45608
45527
45440
45366
45362
45304
45233
45167
45166
45053
44932
44743
44660
44642
44561
44536
44528
44460
44320
44278
44246
44216
44172
44079
43903
43807
43807
43784
43745
43679
43676
43623
43616
43612
43531
43502
43457
43415
43390
43382
43380
43348
43278
43273
43134
43091
42995
42966
42937
42914
42881
42872
42834
42748
42741
42659
42499
42436
42414
42402
42399
42347
42327
42319
42237
42214
42212
42188
42016
42002
41886
41871
41860
41709
41655
41403
41358
41307
41285
41213
41126
41118
41073
41054
40887
40880
40832
40755
40747
40700
40660
40509
40495
40472
40434
40412
40298
40260
40180
40152
40117
39983
39900
39804
39714
39641
39605
39567
39442
39407
39351
39309
39298
39297
39235
39216
39147
39119
39078
39066
39037
39000
38997
38812
38749
38701
38697
38589
38482
38470
38396
38360
38293
38249
38163
38142
38130
38100
38041
38003
37862
37840
37837
37796
37758
37752
37742
37703
37674
37673
37664
37653
37624
37463
37435
37281
37278
37262
37258
37252
37248
37131
37027
37027
37022
36993
36891
36887
36809
36808
36781
36746
36723
36688
36568
36566
36472
36452
36448
36448
36416
36349
36338
36287
36273
36226
36200
36167
36165
36080
36017
35989
35912
35903
35879
35825
35794
35681
35663
35659
35620
35538
35484
35457
35374
35336
35301
35262
35250
35174
35103
35095
35080
35073
35016
34999
34944
34900
34856
34796
34755
34679
34675
34659
34615
34454
34432
34398
34386
34318
34243
34243
34235
34230
34158
34149
34124
34073
33942
33923
33913
33837
33825
33717
33650
33645
33462
33322
33013
32966
32854
32849
32843
32837
32820
32710
32671
32626
32610
32601
32564
32563
32559
32447
32445
32402
32345
32321
32309
32292
32263
32225
32172
32162
32158
32106
32097
32088
32053
32050
32002
31925
31839
31753
31746
31592
31562
31554
31414
31341
31189
31169
31150
31110
31082
31032
31016
30997
30954
30925
30806
30779
30720
30600
30586
30576
30568
30554
30486
30480
30442
30386
30329
30280
30274
30249
30157
30114
30054
29952
29924
29921
29816
29765
29681
29620
29516
29488
29477
29428
29423
29344
29333
29325
29237
29175
29135
29068
28936
28849
28837
28822
28730
28631
28558
28370
28304
28293
28280
28164
28036
28031
27998
27973
27937
27919
27917
27882
27861
27736
27660
27647
27635
27457
27430
27411
27322
27173
27163
27150
27109
27072
27041
27009
26972
26965
26961
26923
26911
26885
26859
26832
26816
26802
26771
26768
26748
26711
26709
26626
26607
26478
26431
26363
26296
26271
26242
26147
26023
26002
25901
25856
25828
25711
25685
25613
25542
25539
25425
25359
25265
25084
24965
24907
24856
24838
24770
24770
24725
24672
24639
24615
24614
24601
24571
24484
24433
24379
24368
24360
24310
24256
24220
24182
24180
24078
24069
23978
23970
23881
23814
23737
23680
23622
23619
23583
23544
23536
23526
23393
23333
23271
23145
23137
23129
23103
23089
23082
23001
22766
22766
22731
22713
22659
22603
22597
22539
22503
22459
22445
22415
22312
22293
22237
22160
22115
22112
22100
22076
22047
22038
21929
21876
21775
21677
21447
21385
21378
21350
21304
21197
21004
20951
20922
20886
20879
20870
20868
20857
20840
20808
20781
20721
20689
20655
20626
20510
20438
20410
20370
20243
20175
20136
20089
20068
20044
20026
19955
19910
19820
19797
19748
19741
19740
19662
19635
19566
19480
19468
19459
19303
19224
19047
19027
18955
18935
18914
18657
18655
18645
18589
18581
18428
18352
18276
18229
18127
18060
18037
17978
17960
17931
17871
17823
17818
17769
17701
17588
17545
17474
17329
17191
17080
16999
16988
16985
16953
16949
16886
16833
16620
16592
16495
16477
16388
16345
16090
16066
15900
15853
15789
15649
15636
15592
15555
15552
15455
15453
15384
15282
15279
15221
15208
15183
15165
15095
15078
15052
14944
14927
14892
14866
14827
14821
14755
14754
14710
14696
14648
14630
14580
14505
14429
14399
14352
14336
14297
14264
14192
14161
14090
14082
14060
14043
13870
13865
13819
13778
13760
13732
13586
13561
13535
13459
13375
13304
13250
13132
13126
13072
13014
12983
12946
12902
12868
12854
12832
12818
12662
12662
12509
12460
12425
12415
12394
12282
12275
12260
12166
12162
12030
12016
11937
11924
11779
11725
11540
11424
11414
11413
11394
11353
11224
11217
11186
11185
10932
10913
10845
10727
10718
10717
10676
10558
10470
10457
10288
10114
10108
9857
9826
9749
9684
9673
9667
9556
9520
9399
9391
9341
9299
9294
9233
9204
9147
9129
9000
8961
8760
8697
8647
8623
8605
8505
8396
8246
8239
8215
8191
8148
8145
8127
8100
8076
8057
8003
7936
7887
7844
7743
7690
7543
7464
7389
7292
7281
7249
7150
7023
6904
6721
6658
6562
6529
6509
6502
6236
6162
6146
6062
6003
5938
5918
5888
5852
5832
5501
5435
5377
5364
5300
5261
5230
5211
4918
4895
4868
4769
4765
4652
4633
4576
4562
4558
4545
4373
4326
4318
4302
4275
4274
4164
4135
4058
4019
3967
3958
3926
3883
3855
3836
3833
3832
3674
3641
3595
3567
3528
3425
3373
3343
3267
3247
3233
3230
3202
3189
3154
3118
3112
3081
3043
3030
3011
2986
2931
2926
2913
2844
2831
2748
2747
2723
2701
2684
2669
2497
2494
2488
2478
2458
2393
2367
2351
2342
2332
2286
2210
2064
2015
1900
1895
1783
1692
1664
1616
1591
1545
1505
1495
1465
1450
1417
1366
1333
1325
1297
1234
1233
1232
1185
1011
966
872
838
651
610
592
570
493
445
384
341
323
261
255
208
203
142
73
59
11
