99975
99927
99920
99867
99803
99778
99752
99723
99622
99602
99506
99486
99467
99451
99298
99186
99171
99126
99126
99114
99080
99074
98959
98954
98928
98917
98804
98744
98650
98608
98485
98379
98372
98355
98311
98305
98251
98099
98063
98043
98015
97925
97866
97860
97846
97816
97722
97648
97621
97574
97461
97432
97353
97342
97341
97322
97308
97293
97190
97113
97091
97078
97073
97060
97048
96892
96779
96705
96685
96660
96530
96486
96475
96469
96390
96324
96295
96260
96132
96083
96032
95921
95915
95895
95848
95817
95784
95733
95655
95621
95587
95507
95485
95451
95430
95297
95205
95154
95116
95064
94976
94866
94855
94765
94737
94717
94682
94670
94649
94572
94492
94487
94481
94464
94460
94456
94270
94219
94183
94056
94009
93937
93908
93881
93868
93825
93815
93732
93727
93719
93598
93577
93563
93555
93553
93530
93525
93311
93301
93224
93186
93164
93123
93067
93000
92959
92882
92617
92574
92558
92538
92340
92299
92258
92197
92152
92135
92045
92031
91953
91934
91926
91923
91906
91826
91822
91782
91650
91631
91589
91553
91533
91496
91467
91463
91444
91437
91437
91380
91368
91299
91274
91254
91247
91104
91097
91066
91054
91053
90990
90932
90927
90858
90854
90788
90781
90739
90714
90712
90690
90689
90667
90567
90548
90537
90296
90244
90233
90188
90149
90147
90055
89939
89935
89910
89828
89821
89774
89728
89688
89655
89607
89583
89529
89324
89254
89247
89246
89164
89120
89040
88974
88953
88764
88724
88696
88612
88502
88474
88463
88418
88389
88340
88242
88210
88188
88143
88135
88070
87843
87764
87740
87730
87724
87691
87681
87610
87503
87433
87412
87399
87331
87309
87269
87246
87230
87088
87073
87012
86923
86809
86773
86759
86742
86710
86688
86623
86612
86607
86584
86564
86478
86426
86404
86331
86306
86296
86220
86152
86150
85991
85782
85651
85647
85533
85490
85446
85434
85422
85322
85322
85102
85024
85009
85006
84999
84971
84959
84949
84889
84855
84531
84494
84444
84360
84346
84269
84183
84179
84160
84090
84003
84001
83984
83803
83774
83725
83704
83637
83581
83420
83378
83351
83255
83166
83112
83095
83093
83001
82985
82925
82830
82722
82714
82665
82655
82652
82636
82567
82566
82555
82468
82467
82454
82149
82082
82063
82058
82047
81953
81926
81920
81902
81858
81713
81677
81620
81404
81388
81347
81319
81319
81237
81160
81122
81003
80953
80925
80912
80814
80799
80796
80796
80586
80561
80502
80495
80354
80353
80249
80225
80213
80212
80117
80104
80016
80012
79996
79956
79899
79842
79750
79699
79641
79623
79562
79458
79453
79420
79187
79091
78978
78975
78945
78933
78910
78841
78771
78680
78576
78567
78521
78423
78355
78117
78012
77963
77911
77867
77867
77838
77824
77746
77671
77627
77604
77586
77584
77488
77398
77389
77360
77296
77290
77266
77218
77216
77185
77138
77098
77082
77050
77029
76981
76949
76875
76833
76739
76709
76655
76651
76623
76587
76576
76467
76357
76347
76325
76320
76243
76233
76140
76058
76055
76050
75953
75948
75917
75681
75544
75458
75450
75388
75327
75323
74958
74945
74833
74726
74718
74697
74605
74596
74593
74511
74451
74437
74416
74376
74318
74269
74214
74181
74131
74051
74048
73999
73970
73955
73935
73820
73812
73775
73731
73715
73690
73662
73636
73605
73483
73443
73422
73386
73336
73267
73259
73235
73187
73187
72968
72960
72932
72635
72595
72582
72580
72564
72559
72554
72552
72448
72298
72227
72167
72134
72119
72108
72095
72065
72059
72035
72027
72002
71969
71895
71714
71704
71678
71578
71492
71478
71476
71429
71340
71295
71213
71153
71141
71087
70938
70828
70661
70612
70593
70586
70554
70503
70498
70478
70377
70278
70261
70244
70135
70113
70026
70013
69967
69907
69860
69849
69845
69843
69736
69732
69723
69708
69672
69651
69551
69531
69466
69337
69328
69323
69306
69286
69173
69163
69133
69049
69027
68966
68888
68847
68832
68819
68706
68692
68667
68649
68637
68570
68495
68492
68482
68460
68249
68217
68160
68150
68079
67937
67897
67862
67834
67822
67666
67647
67557
67550
67508
67497
67484
67448
67411
67407
67380
67264
67246
67166
67134
67110
66975
66929
66884
66834
66792
66689
66659
66591
66531
66502
66428
66311
66265
66178
66082
66046
66009
66007
65969
65942
65831
65789
65755
65705
65688
65651
65637
65456
65433
65353
65092
65025
64896
64876
64867
64843
64824
64736
64593
64568
64511
64420
64360
64348
64348
64327
64279
64164
64143
64104
64083
64076
63910
63895
63830
63817
63814
63768
63759
63511
63481
63449
63409
63353
63350
63325
63309
63277
63145
63125
62888
62878
62856
62759
62723
62712
62696
62640
62540
62457
62457
62362
62355
62342
62295
62228
62185
62165
62150
62145
62121
62107
62049
62029
61996
61950
61818
61641
61625
61567
61530
61444
61438
61362
61313
61211
61199
61192
61113
61045
60977
60974
60922
60871
60821
60722
60638
60611
60603
60437
60314
60305
60167
60165
60058
60049
60029
59998
59961
59942
59904
59893
59870
59865
59826
59778
59702
59683
59599
59518
59316
59310
59228
59206
59199
59190
59163
59148
59104
59072
58939
58834
58748
58741
58706
58621
58593
58467
58464
58462
58459
58423
58408
58393
58379
58261
58246
58212
58103
58067
57839
57770
57751
57640
57509
57452
57310
57303
57260
57196
57158
57145
57054
57015
56959
56826
56790
56778
56566
56471
56326
56293
56281
56180
56162
56056
56053
56044
56007
55896
55840
55672
55629
55490
55464
55459
55430
55418
55385
55294
55291
55288
55261
55232
55145
55130
55094
55022
55006
54990
54931
54871
54808
54794
54770
54678
54647
54612
54596
54582
54467
54451
54436
54434
54403
54401
54391
54348
54259
54223
54133
54123
54026
53995
53954
53929
53903
53897
53860
53801
53749
53720
53697
53694
53645
53566
53422
53392
53390
53334
53196
53160
53139
53088
52970
52968
52925
52909
52864
52807
52767
52733
52725
52666
52664
52659
52606
52552
52549
52515
52475
52462
52323
52148
52116
52092
52057
51779
51642
51631
51584
51580
51554
51456
51436
51381
51349
51346
51300
51269
51155
51132
51068
51061
50925
50923
50781
50745
50725
50715
50704
50666
50638
50622
50614
50613
50532
50516
50362
50186
50166
50166
50154
50053
50023
50021
49976
49950
49881
49869
49795
49791
49769
49754
49698
49657
49612
49597
49568
49529
49470
49407
49313
49297
49277
49127
48945
48918
48912
48821
48725
48686
48649
48640
48497
48450
48439
48358
48348
48327
48279
48259
48174
48147
48133
48093
48085
47943
47914
47848
47810
47804
47755
47701
47670
47637
47632
47536
47476
47472
47406
47345
47342
47336
47326
47250
47236
47090
47041
47022
47016
47005
47002
46937
46897
46820
46816
46711
46654
46645
46630
46618
46601
46536
46510
46495
46466
46361
46317
46233
46098
46088
46040
46006
45972
45923
45915
45894
45868
45842
45821
45814
45754
45713
45701
45697
45662
45561
45486
45481
45439
45419
45343
45326
45293
45230
45211
45192
45142
45140
44904
44831
44792
44788
44715
44693
44584
44540
44514
44265
44213
44119
44085
44066
44035
43985
43973
43873
43772
43771
43728
43643
43615
43594
43584
43497
43492
43485
43468
43456
43416
43334
43320
43249
43072
43069
43023
43005
42982
42954
42920
42870
42858
42832
42671
42671
42575
42504
42481
42465
42419
42408
42369
42308
42279
42220
42136
42016
41937
41837
41819
41805
41803
41671
41615
41593
41575
41569
41555
41492
41363
41288
41113
41082
41066
41000
40982
40968
40942
40890
40888
40887
40818
40816
40800
40781
40726
40707
40691
40674
40672
40667
40639
40609
40451
40448
40383
40185
40133
40114
39989
39909
39854
39823
39767
39637
39635
39561
39558
39555
39555
39537
39460
39346
39287
39282
39173
39102
39046
38990
38848
38815
38791
38693
38617
38617
38598
38547
38536
38432
38418
38367
38361
38217
38199
38128
38127
38043
37977
37838
37836
37788
37784
37753
37708
37707
37647
37636
37627
37587
37514
37499
37493
37481
37477
37465
37400
37397
37294
37271
37251
37243
37210
37179
37171
37107
37096
37050
36855
36729
36695
36624
36410
36398
36329
36327
36294
36291
36276
36245
36229
36180
36036
35896
35896
35831
35821
35808
35761
35753
35745
35715
35708
35683
35640
35542
35488
35440
35412
35412
35332
35327
35304
35143
34909
34892
34865
34824
34813
34795
34776
34773
34759
34706
34692
34677
34637
34617
34536
34346
34247
34243
34234
34221
34161
34092
34071
34040
34004
33997
33853
33842
33688
33667
33640
33594
33559
33506
33483
33467
33455
33449
33435
33363
33213
33201
33188
33104
33078
33067
32988
32956
32897
32880
32875
32874
32810
32776
32693
32677
32630
32539
32514
32442
32363
32246
32188
32097
32079
32075
32072
32053
32030
32024
32004
31944
31920
31902
31870
31848
31815
31754
31651
31631
31499
31421
31275
31225
31166
31133
31094
31092
31040
30947
30914
30849
30808
30724
30712
30682
30538
30433
30389
30250
30249
30232
30207
30183
30140
29957
29883
29855
29818
29708
29697
29696
29660
29588
29553
29481
29456
29444
29443
29441
29404
29385
29313
29274
29249
29161
29126
29110
29024
28896
28885
28646
28626
28575
28484
28484
28483
28482
28438
28410
28400
28397
28260
28162
28115
28115
27973
27860
27837
27817
27796
27672
27633
27552
27445
27388
27240
27228
27211
27189
27057
27002
26960
26883
26580
26383
26336
26334
26332
26251
26241
26218
26147
26101
26069
26019
25943
25935
25915
25851
25840
25799
25753
25700
25651
25598
25430
25387
25346
25298
25195
25120
25082
25048
24921
24920
24869
24845
24815
24773
24765
24728
24726
24705
24700
24533
24489
24482
24475
24194
24089
24026
23978
23937
23865
23770
23761
23700
23623
23551
23527
23510
23497
23486
23485
23433
23429
23380
23379
23353
23330
23302
23299
23234
23218
23141
23081
23040
22917
22876
22860
22752
22706
22666
22620
22554
22543
22498
22451
22222
22094
21992
21964
21953
21935
21914
21852
21830
21781
21771
21661
21449
21417
21322
21298
21236
21093
20960
20892
20866
20840
20776
20764
20708
20689
20686
20683
20653
20583
20549
20548
20540
20531
20521
20495
20483
20473
20440
20436
20405
20397
20387
20366
20333
20298
20289
20163
20142
20068
20039
19955
19788
19731
19721
19569
19565
19405
19356
19268
19236
19219
19133
19009
18959
18950
18888
18883
18879
18840
18735
18716
18649
18641
18639
18545
18513
18490
18423
18420
18390
18341
18315
18299
18249
18191
18126
18000
17974
17760
17729
17641
17633
17601
17547
17530
17408
17398
17355
17308
17266
17256
17194
17133
16961
16922
16797
16772
16751
16742
16741
16687
16686
16616
16592
16590
16563
16498
16496
16483
16412
16352
16327
16310
16203
16119
16090
16015
15911
15907
15838
15797
15764
15756
15742
15728
15698
15668
15579
15556
15512
15347
15212
15129
15127
15007
14976
14940
14939
14879
14832
14798
14793
14753
14738
14665
14559
14536
14500
14455
14383
14343
14315
14313
13917
13905
13904
13851
13850
13818
13800
13795
13752
13603
13583
13532
13416
13261
13178
13129
13107
13028
12989
12950
12949
12866
12853
12802
12769
12756
12742
12719
12657
12632
12534
12526
12436
12238
12201
12195
12107
12063
12014
11979
11881
11868
11825
11760
11723
11709
11674
11674
11612
11557
11467
11461
11427
11378
11354
11340
11264
11095
11095
10975
10849
10804
10710
10683
10651
10537
10483
10478
10461
10409
10347
10322
10231
10229
10218
10093
10080
10033
9955
9814
9774
9751
9727
9717
9699
9630
9557
9530
9508
9493
9445
9419
9366
9346
9334
9312
9269
9156
9119
9113
9102
9084
9014
8984
8954
8790
8787
8743
8704
8644
8621
8545
8416
8318
8202
8201
8159
8145
8126
8075
8050
8006
7957
7930
7863
7860
7772
7703
7654
7583
7576
7570
7483
7478
7439
7435
7408
7405
7358
7330
7283
7250
7196
7132
7078
7068
7061
7060
6962
6867
6865
6696
6647
6642
6588
6581
6490
6453
6453
6432
6358
6346
6284
6270
6266
6261
6244
6133
6114
6027
5996
5967
5913
5871
5785
5694
5675
5629
5619
5560
5504
5498
5438
5432
5422
5417
5359
5296
5289
5279
5186
5131
5106
5057
5050
4894
4768
4766
4718
4718
4716
4626
4621
4573
4512
4485
4423
4412
4307
4295
4267
4265
4209
4193
3932
3923
3889
3882
3743
3727
3633
3604
3576
3555
3444
3405
3390
3293
3251
3242
3132
2927
2880
2823
2806
2702
2693
2666
2652
2585
2446
2380
2355
2337
2269
2215
2199
2197
2185
2141
2129
2059
2011
2010
1983
1931
1918
1918
1808
1752
1676
1461
1424
1395
1365
1351
1194
964
938
861
836
827
751
710
695
676
673
585
549
536
449
421
415
325
324
295
276
267
187
168
