99964
99811
99729
99724
99660
99629
99628
99577
99535
99515
99479
99462
99430
99417
99381
99341
99312
99220
99194
99151
99059
98994
98912
98872
98871
98757
98724
98664
98627
98606
98547
98515
98501
98430
98328
98298
98298
98186
98116
98105
98002
97970
97912
97872
97871
97868
97762
97663
97618
97609
97507
97432
97412
97334
97219
97001
96952
96940
96849
96792
96717
96710
96661
96618
96603
96577
96574
96501
96498
96400
96370
96331
96296
96178
96161
96082
95984
95982
95925
95869
95796
95746
95619
95480
95433
95406
95329
95307
95273
95255
95210
95183
95180
95158
95134
94872
94738
94696
94602
94559
94530
94465
94423
94165
94100
94074
93913
93897
93866
93685
93640
93616
93546
93538
93534
93514
93509
93475
93404
93294
93240
93228
92912
92842
92834
92806
92771
92764
92729
92726
92718
92716
92684
92635
92577
92492
92428
92391
92385
92383
92335
92215
91979
91953
91830
91790
91704
91664
91649
91603
91567
91416
91365
91236
91226
91170
91129
91129
91118
91086
91023
91014
91009
91007
90931
90919
90898
90859
90813
90794
90774
90767
90722
90655
90623
90609
90407
90407
90393
90324
90319
90305
90262
90202
90198
90141
90137
90093
90075
89955
89916
89850
89530
89510
89491
89409
89356
89349
89290
89261
89129
89094
89081
89068
88994
88977
88741
88636
88586
88538
88505
88475
88292
88225
88209
88156
88128
88105
88037
88010
87993
87888
87874
87847
87841
87800
87740
87682
87655
87612
87531
87519
87301
87291
87290
87217
87205
87163
87153
87149
87071
86987
86907
86788
86684
86679
86625
86615
86496
86485
86438
86413
86396
86319
86302
86294
86233
86189
86178
86150
86149
86138
85930
85885
85851
85841
85786
85724
85674
85611
85466
85459
85420
85413
85406
85334
85329
85327
85326
85304
85294
85265
85257
85122
85099
84965
84959
84931
84890
84837
84783
84763
84762
84743
84629
84509
84460
84430
84349
84256
84220
84149
84145
84129
84117
84086
83980
83948
83921
83903
83899
83889
83817
83794
83711
83645
83638
83558
83539
83480
83446
83305
83273
83257
83216
83019
83015
83011
82959
82934
82920
82891
82781
82708
82705
82693
82672
82647
82527
82471
82430
82411
82406
82356
82197
82190
82188
82159
82158
82154
82112
82108
82089
82055
81981
81919
81918
81912
81483
81197
81150
81036
81023
81018
80752
80737
80584
80567
80510
80425
80307
80163
80130
80104
80027
80020
79962
79920
79776
79760
79731
79711
79709
79661
79659
79607
79564
79558
79492
79484
79479
79442
79379
79373
79349
79324
79283
79281
79126
79003
78981
78949
78940
78910
78846
78832
78825
78812
78749
78680
78513
78504
78502
78496
78483
78433
78393
78381
78373
78250
78240
78203
78126
78095
78076
78070
77923
77919
77911
77892
77874
77837
77690
77594
77563
77469
77462
77418
77320
77280
77194
77099
76999
76953
76949
76870
76860
76852
76834
76748
76698
76617
76509
76491
76449
76417
76402
76356
76355
76334
76332
76205
76203
76056
76055
75979
75915
75894
75794
75782
75659
75592
75587
75534
75473
75379
75335
75263
75233
75228
75186
75030
75014
74878
74823
74729
74703
74702
74647
74608
74543
74529
74521
74489
74438
74244
74222
74193
74191
74128
74125
74102
74081
74056
73987
73962
73922
73912
73875
73850
73828
73764
73722
73665
73555
73539
73418
73338
73334
73323
73293
73245
73095
73089
72978
72957
72946
72858
72836
72829
72777
72769
72722
72652
72648
72627
72568
72501
72411
72347
72306
72255
72253
72028
71973
71931
71931
71889
71884
71861
71808
71804
71769
71757
71738
71728
71718
71635
71632
71559
71543
71518
71457
71455
71447
71437
71426
71400
71363
71204
71152
71144
71121
71116
70993
70934
70826
70812
70786
70756
70744
70699
70692
70668
70589
70554
70428
70418
70379
70356
70349
70303
70253
70176
70162
70161
69944
69870
69866
69847
69832
69805
69789
69718
69420
69322
69211
69166
69165
69070
69037
69023
69008
69002
68890
68785
68777
68754
68728
68696
68693
68682
68668
68639
68495
68465
68369
68285
68252
68241
68193
68187
68159
68118
68047
68024
67983
67842
67841
67836
67773
67742
67711
67639
67613
67596
67515
67480
67423
67402
67401
67377
67373
67321
67274
67240
67222
67166
67099
66922
66876
66860
66846
66800
66757
66738
66733
66725
66695
66634
66622
66608
66489
66411
66140
66023
66021
65634
65602
65601
65528
65447
65310
65295
65216
65200
65167
65147
64985
64944
64804
64646
64622
64589
64583
64533
64523
64399
64337
64334
64306
64277
64222
64168
64064
63993
63966
63927
63868
63813
63801
63773
63737
63722
63720
63709
63705
63699
63683
63670
63637
63629
63612
63581
63526
63476
63450
63397
63383
63302
63255
63155
63132
62963
62955
62893
62849
62843
62818
62794
62682
62671
62653
62586
62541
62494
62492
62387
62384
62365
62303
62274
62225
62209
62199
62199
62191
62110
62102
62034
61993
61976
61891
61734
61728
61714
61698
61691
61550
61477
61476
61366
61232
61228
61112
61086
60990
60983
60947
60939
60929
60790
60637
60550
60547
60525
60521
60511
60505
60466
60376
60370
60349
60319
60275
60263
60236
60184
59900
59858
59823
59803
59737
59714
59664
59643
59563
59550
59537
59480
59479
59446
59331
59321
59245
59155
59065
59059
59053
58934
58900
58843
58809
58745
58734
58675
58655
58624
58588
58466
58385
58369
58339
58229
58090
58038
57861
57776
57712
57691
57675
57625
57562
57473
57396
57355
57353
57332
57308
57300
57276
57248
57074
57072
57013
56989
56916
56879
56851
56794
56676
56629
56536
56412
56411
56362
56322
56145
56123
56073
56042
55988
55950
55936
55878
55876
55855
55834
55780
55720
55644
55633
55573
55545
55522
55482
55471
55461
55460
55359
55232
55146
55132
55098
55085
55073
55070
55064
55041
54987
54940
54935
54928
54919
54902
54853
54835
54809
54801
54717
54644
54592
54521
54521
54503
54495
54440
54415
54373
54359
54328
54326
54302
54091
54066
54015
54013
54001
53981
53899
53805
53775
53513
53505
53503
53282
53266
53257
53150
53134
53113
53098
53085
53045
52909
52866
52796
52692
52678
52634
52585
52473
52440
52290
52244
52217
52212
52197
52182
52068
51957
51951
51904
51830
51662
51640
51632
51570
51560
51515
51476
51450
51396
51338
51331
51312
51212
51200
51192
51189
51137
51088
50993
50987
50753
50693
50684
50569
50530
50529
50516
50493
50472
50432
50405
50321
50244
50184
50073
50060
49995
49914
49889
49846
49801
49791
49701
49682
49646
49632
49595
49594
49575
49565
49528
49466
49463
49406
49342
49335
49319
49280
49242
49222
49195
49082
49044
48939
48893
48753
48732
48642
48617
48614
48610
48609
48540
48512
48483
48470
48467
48426
48422
48417
48329
48229
48193
48152
48140
48138
48103
48065
48048
47992
47964
47957
47915
47874
47864
47719
47708
47700
47604
47585
47577
47537
47486
47440
47434
47425
47317
47307
47270
47233
47232
47165
47060
47031
47023
46963
46962
46846
46820
46811
46717
46605
46567
46502
46476
46459
46406
46191
46183
46148
46113
46094
46064
46046
46015
45999
45973
45959
45946
45750
45710
45692
45690
45648
45616
45534
45329
45291
45281
45256
45226
45161
45161
45144
45132
45107
45030
44967
44924
44906
44876
44849
44652
44629
44543
44495
44457
44430
44420
44206
44187
44124
44115
44054
43977
43880
43754
43626
43600
43544
43480
43470
43439
43437
43397
43390
43245
43245
43225
43116
43075
43055
42962
42938
42911
42871
42865
42852
42845
42630
42593
42417
42363
42208
42158
42140
42126
41991
41906
41801
41789
41659
41564
41550
41511
41469
41468
41432
41386
41316
41301
41294
41220
41210
41202
41182
41073
41030
41024
40926
40911
40892
40759
40599
40554
40551
40494
40461
40434
40427
40420
40410
40182
40157
40132
40130
40116
40047
40004
40002
39995
39978
39949
39921
39749
39744
39640
39624
39584
39564
39519
39502
39370
39342
39330
39296
39289
39190
39184
39143
39133
39006
38941
38751
38648
38620
38618
38580
38560
38397
38378
38345
38336
38268
38113
38104
38071
38060
37965
37941
37836
37829
37741
37722
37697
37652
37633
37558
37553
37500
37431
37360
37213
37197
37123
37040
36916
36854
36815
36776
36751
36624
36605
36579
36554
36534
36528
36502
36487
36319
36235
36203
36192
36111
36045
36041
35973
35954
35898
35879
35869
35858
35847
35766
35730
35719
35715
35706
35639
35546
35442
35395
35334
35292
35217
35210
35147
35143
35143
35123
34977
34930
34915
34908
34888
34760
34727
34671
34554
34461
34356
34345
34315
34309
34293
34284
34249
34205
34142
34138
34042
33894
33841
33820
33755
33748
33726
33680
33673
33670
33663
33663
33650
33503
33490
33406
33381
33369
33350
33325
33211
33139
33132
33115
33076
33050
33029
33022
32886
32840
32781
32763
32584
32577
32491
32439
32380
32317
32241
32221
32197
32196
32179
32110
32065
32063
32056
32038
32026
32001
31974
31946
31912
31872
31872
31835
31796
31677
31621
31598
31526
31461
31438
31364
31237
31160
31110
31081
31070
31034
31033
31012
30988
30968
30935
30920
30868
30864
30690
30653
30633
30611
30475
30423
30396
30195
30084
29982
29708
29646
29632
29544
29507
29489
29370
29311
29275
29257
29225
29086
28970
28904
28786
28779
28739
28665
28643
28583
28577
28574
28544
28512
28493
28469
28464
28423
28180
28126
28064
28011
27947
27945
27810
27788
27760
27752
27706
27699
27647
27515
27301
27298
27235
27168
27145
27087
27009
26968
26855
26817
26814
26795
26738
26695
26491
26410
26366
26347
26329
26297
26292
26241
26221
26174
26077
25944
25822
25818
25798
25735
25734
25718
25681
25633
25629
25618
25579
25555
25467
25429
25385
25355
25312
25302
25294
25278
25155
25151
25034
24913
24876
24836
24821
24789
24650
24617
24592
24504
24474
24468
24448
24419
24352
24338
24337
24330
24309
24286
24283
24278
24005
23975
23871
23848
23844
23754
23634
23591
23526
23453
23451
23262
23179
23051
23031
22980
22968
22943
22928
22912
22908
22881
22736
22667
22665
22631
22582
22465
22450
22430
22385
22346
22295
22288
22284
22237
22229
22134
22103
22056
22045
22043
21933
21838
21787
21764
21700
21670
21621
21621
21449
21419
21360
21346
21317
21316
21297
21187
21181
21172
21162
21140
21125
21076
20877
20834
20799
20793
20768
20762
20687
20649
20610
20595
20590
20457
20404
20354
20328
20285
20263
20262
20258
20211
20164
20120
20067
20066
20039
20006
20004
19983
19982
19838
19815
19628
19618
19617
19605
19566
19539
19534
19522
19506
19366
19347
19162
19125
19096
19079
19068
19010
18910
18812
18711
18463
18452
18406
18396
18283
18213
18191
18137
18072
18070
17999
17963
17877
17858
17761
17759
17754
17739
17675
17621
17620
17598
17567
17545
17504
17474
17461
17413
17411
17390
17343
17308
17308
17184
17100
16940
16934
16858
16836
16807
16772
16710
16708
16706
16683
16680
16676
16600
16582
16501
16498
16465
16451
16421
16374
16358
16279
16276
16189
16145
16052
16016
15964
15918
15915
15847
15826
15813
15744
15727
15623
15551
15478
15438
15385
15384
15374
15365
15261
15247
15198
15151
15149
15095
15076
15045
14921
14860
14757
14731
14694
14690
14564
14560
14496
14487
14309
14276
14134
14070
14062
14024
13773
13768
13693
13639
13467
13349
13285
13258
13230
13201
13183
13167
13138
13023
12979
12936
12913
12740
12564
12419
12331
12321
12267
12267
12205
12161
12043
12007
11985
11946
11923
11887
11862
11770
11730
11679
11661
11603
11579
11548
11471
11406
11332
11193
11179
11056
11040
10867
10799
10773
10710
10625
10562
10496
10465
10463
10448
10423
10301
10193
10064
9907
9837
9826
9683
9651
9638
9587
9541
9524
9519
9454
9433
9427
9335
9320
9268
9214
9193
9084
9036
9024
8974
8891
8871
8864
8767
8735
8713
8697
8695
8469
8467
8364
8305
8283
8169
8103
8069
7894
7858
7692
7646
7600
7552
7497
7481
7468
7465
7356
7335
7319
7241
7124
7116
7116
7014
7006
6931
6929
6928
6857
6746
6673
6553
6547
6486
6396
6378
6290
6201
6198
6147
5978
5902
5808
5752
5736
5721
5683
5565
5464
5429
5423
5400
5326
5274
5255
5222
5189
5174
5148
5085
5000
4994
4967
4946
4911
4892
4734
4696
4691
4571
4548
4366
4362
4294
4262
4252
4224
4205
4027
4014
4008
3946
3912
3792
3787
3439
3417
3257
3230
3144
3119
3089
3022
2946
2904
2896
2882
2852
2803
2683
2568
2560
2501
2500
2482
2464
2356
2342
2271
2238
2218
2201
2170
2140
2019
1959
1853
1808
1749
1744
1732
1558
1541
1513
1421
1388
1377
1370
1356
1308
1236
1229
1190
1177
1139
1113
1087
1068
999
961
945
854
769
756
752
709
668
601
562
424
389
294
227
59
54
9
