99995
99873
99845
99801
99797
99774
99752
99700
99649
99643
99634
99519
99450
99379
99261
99165
99032
98999
98963
98771
98717
98704
98663
98650
98604
98595
98584
98551
98550
98506
98504
98453
98400
98317
98137
98123
98112
98109
98069
98064
97997
97954
97763
97746
97739
97646
97498
97433
97423
97334
97312
97099
97067
96947
96929
96927
96865
96859
96829
96794
96711
96708
96568
96525
96495
96493
96473
96464
96461
96354
96237
96233
96205
96186
96108
96093
96062
96042
96015
96005
95928
95892
95825
95810
95798
95743
95726
95705
95624
95551
95530
95439
95413
95367
95357
95324
95299
95257
95244
95204
95189
95069
95034
95022
94969
94931
94851
94832
94811
94768
94746
94712
94683
94681
94581
94562
94485
94444
94345
94334
94307
94300
94283
94049
93962
93919
93898
93885
93856
93804
93804
93795
93760
93684
93638
93626
93620
93570
93523
93491
93452
93431
93426
93371
93180
93130
93128
93121
93086
93005
92886
92837
92803
92758
92661
92632
92358
92345
92227
92224
92186
92157
92072
92044
92027
91989
91982
91912
91833
91814
91809
91753
91561
91471
91470
91260
91176
91132
91117
91096
91089
91087
91080
91041
91030
90943
90919
90888
90883
90865
90842
90803
90789
90772
90725
90670
90645
90611
90457
90438
90413
90256
90246
90243
90237
90141
90087
90033
90009
89969
89908
89906
89905
89857
89838
89700
89687
89565
89554
89520
89517
89517
89502
89429
89341
89268
89264
89203
89201
89175
89147
89130
89109
89069
89048
88970
88945
88874
88798
88738
88669
88633
88592
88489
88407
88402
88390
88374
88329
88323
88241
88235
88234
88218
88186
88139
88134
88127
88063
88000
87999
87974
87963
87921
87895
87885
87752
87719
87681
87661
87633
87591
87494
87362
87258
87083
87073
87067
87008
86934
86884
86788
86756
86696
86668
86571
86442
86433
86416
86404
86364
86290
86260
86212
86078
86078
86005
85943
85874
85861
85832
85680
85635
85561
85550
85548
85539
85528
85511
85502
85488
85469
85249
85231
85181
85150
85098
85023
84994
84976
84922
84911
84889
84837
84823
84795
84790
84751
84741
84718
84670
84651
84562
84553
84532
84512
84445
84444
84414
84372
84321
84319
84259
84244
84238
84224
84187
84183
84162
84158
84132
84090
84081
84011
83986
83891
83883
83882
83875
83871
83828
83775
83558
83498
83444
83394
83375
83367
83333
83303
83242
83130
83049
83046
82805
82787
82709
82709
82619
82608
82596
82596
82559
82494
82443
82257
82214
82209
82195
82174
82149
82085
82063
82018
82009
82006
82004
81975
81930
81893
81883
81863
81833
81766
81679
81641
81560
81455
81418
81376
81371
81309
81268
81242
81165
81107
81103
81089
81018
80891
80852
80834
80812
80768
80740
80570
80515
80498
80413
80406
80403
80278
80199
80142
80045
80018
79859
79828
79784
79776
79767
79721
79677
79668
79659
79657
79648
79644
79637
79634
79620
79613
79604
79492
79444
79443
79434
79205
79156
79142
79023
78824
78722
78676
78529
78466
78250
78187
78184
78075
78034
78008
77921
77850
77822
77768
77664
77657
77558
77396
77331
77302
77287
77264
77212
77207
77207
77117
77072
77049
77042
77022
76993
76979
76926
76920
76597
76573
76515
76448
76429
76363
76309
76240
76165
76156
76130
76124
76099
76050
76037
76034
76002
75966
75933
75837
75822
75767
75651
75646
75570
75526
75509
75504
75442
75438
75397
75205
75123
75070
75000
74950
74938
74894
74877
74870
74807
74771
74745
74727
74668
74664
74622
74599
74533
74516
74489
74456
74449
74433
74425
74365
74290
74240
74221
74213
74177
74164
74075
74003
73994
73889
73873
73805
73781
73761
73756
73728
73718
73596
73538
73458
73455
73453
73405
73353
73350
73245
73244
73072
73062
72965
72897
72893
72884
72790
72526
72396
72380
72347
72308
72160
72147
72027
71955
71936
71710
71637
71606
71510
71469
71381
71321
71288
71277
71224
71108
71093
71051
70926
70801
70785
70777
70765
70737
70716
70687
70670
70577
70551
70425
70306
70195
70167
70016
70007
69963
69794
69787
69785
69781
69762
69760
69733
69725
69618
69563
69526
69510
69447
69315
69289
69242
69239
69206
69129
69105
69074
69024
69022
69004
69003
69002
68993
68915
68831
68773
68689
68658
68643
68541
68493
68382
68373
68369
68281
68217
68185
68162
68108
68049
68046
67903
67881
67785
67754
67635
67528
67521
67458
67433
67283
67275
67040
67036
66962
66943
66908
66826
66720
66538
66443
66427
66401
66362
66359
66342
66338
66249
66240
66223
66113
65967
65923
65917
65573
65553
65537
65534
65519
65335
65247
65194
65035
65028
65013
64969
64946
64881
64799
64749
64707
64702
64616
64614
64591
64576
64522
64487
64341
64301
64299
64277
64256
64245
64234
64208
64190
64163
64145
64140
64039
63959
63851
63817
63799
63794
63794
63774
63719
63659
63630
63605
63518
63511
63496
63476
63461
63453
63432
63413
63365
63349
63317
63266
63215
63141
63140
63084
62962
62908
62888
62834
62733
62685
62518
62383
62279
62236
62109
62041
62008
61994
61928
61722
61672
61664
61645
61542
61519
61479
61443
61432
61325
61206
61172
60995
60900
60885
60865
60830
60638
60622
60547
60496
60405
60387
60382
60296
60256
60243
60241
60179
60147
60146
60131
60021
59720
59678
59677
59641
59489
59399
59307
59243
59175
59150
59124
59112
59092
59084
59070
59010
59002
58778
58754
58753
58720
58711
58707
58684
58582
58522
58493
58436
58336
58249
58184
58115
58074
57997
57985
57831
57819
57800
57705
57546
57540
57389
57290
57261
57249
57222
57175
57133
57080
56976
56975
56971
56888
56780
56671
56661
56659
56645
56614
56582
56548
56506
56504
56441
56423
56397
56376
56320
56281
56181
56039
56032
55950
55937
55869
55807
55702
55700
55670
55634
55612
55566
55490
55484
55473
55434
55432
55268
55189
55121
55034
54974
54955
54885
54876
54808
54666
54647
54639
54617
54586
54580
54526
54495
54360
54303
54276
54276
54247
54203
54196
54182
54141
54099
54097
54088
54080
54079
53911
53892
53884
53864
53861
53834
53622
53621
53562
53562
53547
53531
53528
53526
53490
53420
53345
53325
53306
53300
53269
53250
53216
53016
53013
52995
52918
52903
52895
52873
52769
52738
52727
52700
52699
52687
52654
52461
52423
52383
52335
52311
52092
52007
51788
51736
51690
51674
51635
51544
51489
51485
51464
51375
51200
51139
51136
51091
51036
50914
50890
50868
50802
50736
50735
50711
50692
50649
50585
50571
50555
50513
50460
50429
50343
50324
50292
50280
50143
50127
50124
50042
49959
49923
49860
49856
49856
49852
49802
49771
49664
49610
49505
49463
49372
49291
49236
49195
49184
49145
49058
49032
48918
48918
48877
48838
48733
48567
48484
48472
48345
48304
48303
48274
48267
48166
48151
48147
48094
48071
48024
47997
47989
47975
47953
47935
47907
47859
47854
47853
47845
47830
47803
47735
47699
47661
47625
47614
47579
47570
47498
47467
47452
47393
47342
47298
47266
47176
47091
47032
46971
46968
46879
46847
46487
46390
46344
46168
46137
46071
46013
45992
45964
45938
45914
45817
45766
45752
45730
45655
45514
45499
45376
45362
45251
45185
45144
45106
45058
44985
44975
44958
44949
44884
44853
44798
44781
44774
44728
44714
44658
44645
44644
44627
44609
44607
44542
44528
44385
44358
44233
44019
44002
43798
43795
43753
43743
43690
43646
43602
43576
43519
43428
43378
43326
43269
43229
43169
43118
43098
42989
42832
42792
42790
42724
42658
42609
42572
42493
42421
42318
42313
42228
42187
42186
42148
42124
42060
42057
41931
41907
41866
41686
41607
41593
41521
41520
41453
41436
41370
41355
41337
41222
41174
41128
41085
41040
40998
40940
40724
40697
40689
40538
40528
40479
40430
40408
40393
40386
40321
40309
40307
40307
40192
40185
40164
40136
40101
40077
40067
40066
40015
39980
39895
39893
39729
39697
39658
39642
39538
39437
39408
39334
39250
39187
39110
39098
39047
39033
38990
38852
38840
38831
38589
38554
38488
38452
38437
38426
38252
38200
38116
38078
38052
38051
38029
38020
38006
37991
37953
37867
37812
37791
37756
37751
37748
37723
37624
37612
37581
37575
37573
37473
37457
37455
37387
37380
37348
37340
37273
37237
37195
37187
37172
37157
37095
37049
36961
36915
36871
36869
36859
36837
36802
36799
36797
36661
36587
36546
36450
36429
36369
36335
36326
36275
36247
36159
36087
36042
35984
35931
35848
35837
35836
35828
35818
35802
35717
35622
35621
35609
35581
35544
35539
35504
35459
35454
35436
35383
35380
35335
35331
35328
35308
35295
35183
35107
35103
35026
35007
34828
34784
34781
34705
34596
34572
34433
34419
34377
34363
34363
34357
34323
34300
34299
34289
34182
34172
34152
34103
34074
34054
33963
33773
33755
33660
33654
33617
33588
33564
33494
33490
33431
33394
33388
33358
33324
33240
33151
33128
33102
32952
32868
32845
32792
32777
32718
32615
32590
32570
32428
32428
32378
32372
32343
32325
32146
32125
32114
32047
32043
32002
31976
31958
31781
31778
31763
31444
31306
31183
31123
31105
31086
31039
31031
30980
30880
30826
30820
30781
30703
30631
30570
30543
30469
30424
30420
30404
30369
30173
30113
30076
30033
30002
29974
29841
29758
29742
29739
29725
29639
29597
29315
29309
29291
29261
29241
29151
29143
29102
29029
29017
29008
28987
28889
28889
28875
28860
28772
28709
28658
28642
28638
28636
28623
28591
28554
28481
28348
28286
28273
28234
28195
28161
28155
27999
27909
27862
27834
27791
27774
27764
27661
27641
27625
27593
27521
27507
27474
27471
27445
27402
27323
27241
27165
27122
27107
27069
26992
26931
26923
26812
26773
26645
26573
26329
26201
26137
26067
26041
26033
26016
25911
25815
25753
25704
25689
25625
25438
25434
25407
25392
25356
25306
25285
25127
25077
25049
24978
24893
24867
24791
24730
24705
24656
24653
24635
24503
24489
24464
24458
24410
24326
24280
24270
24192
24173
24100
24081
24055
23845
23747
23649
23618
23586
23530
23497
23492
23484
23470
23415
23310
23253
23210
23053
23038
23000
22930
22884
22868
22778
22769
22723
22698
22690
22625
22593
22485
22404
22367
22344
22330
22326
22274
22274
22252
22152
22145
22118
22096
22065
21984
21979
21935
21930
21897
21831
21816
21776
21623
21590
21530
21485
21376
21354
21256
21254
21244
21211
21209
21203
21184
21158
21049
21018
21001
20996
20921
20755
20748
20732
20635
20557
20468
20433
20424
20408
20395
20363
20345
20284
20249
20242
20186
20159
20106
20072
19995
19990
19897
19884
19816
19809
19796
19787
19714
19697
19666
19552
19533
19531
19470
19393
19344
19317
19307
19245
19208
19115
19108
19045
18992
18931
18775
18674
18655
18646
18629
18615
18544
18511
18440
18396
18037
18016
17979
17916
17877
17839
17811
17715
17669
17567
17520
17293
17130
17087
16980
16873
16833
16715
16598
16593
16561
16553
16529
16487
16417
16357
16242
16228
16105
16064
16047
15950
15928
15917
15889
15829
15668
15653
15653
15625
15586
15557
15486
15422
15353
15279
15230
15177
15149
15097
15062
15059
15001
14947
14912
14862
14768
14749
14746
14700
14551
14518
14497
14416
14379
14352
14313
14259
14215
14056
13908
13890
13889
13841
13747
13722
13530
13524
13464
13403
13386
13221
13126
13000
12966
12908
12899
12824
12763
12731
12588
12573
12545
12494
12492
12480
12377
12367
12365
12347
12108
12106
12053
11935
11901
11887
11883
11735
11599
11566
11532
11530
11505
11400
11360
11356
11323
11227
11155
11117
11020
10782
10637
10601
10496
10431
10429
10405
10381
10333
10239
10200
10123
10053
10022
10016
9954
9948
9903
9778
9750
9739
9625
9579
9547
9389
9189
9090
9033
9011
8971
8968
8901
8815
8749
8716
8693
8594
8577
8560
8533
8350
8294
8157
8048
8032
7931
7916
7897
7852
7823
7818
7815
7552
7492
7449
7420
7291
7148
7146
7119
7090
7087
7059
7042
7030
7028
7003
6936
6847
6845
6831
6828
6805
6791
6703
6657
6559
6556
6544
6337
6321
6233
6156
6077
6033
5945
5854
5851
5802
5701
5610
5577
5465
5396
5396
5331
5276
5195
5187
5178
5032
5004
4951
4886
4873
4859
4801
4656
4653
4580
4533
4393
4293
4270
4219
4198
4145
4119
4046
3846
3801
3801
3768
3738
3625
3558
3506
3496
3449
3438
3436
3417
3408
3364
3278
3210
3187
3185
3105
3064
3029
3016
2933
2913
2890
2842
2796
2737
2679
2652
2615
2569
2538
2493
2303
2280
2252
2244
2243
2188
2089
2057
2053
2025
2024
1989
1952
1880
1873
1846
1806
1751
1562
1545
1498
1469
1468
1396
1263
1253
1237
1178
1135
1127
1068
1017
940
936
925
914
800
748
692
664
646
535
496
484
456
451
444
403
399
356
327
168
153
102
70
48
4
