99999
99997
99948
99948
99783
99751
99673
99640
99525
99493
99461
99437
99298
99215
98995
98992
98913
98802
98742
98654
98548
98507
98482
98457
98427
98404
98371
98347
98343
98239
98190
98148
98078
97928
97878
97704
97701
97698
97688
97600
97600
97532
97427
97420
97369
97324
97301
97289
97254
97242
96985
96947
96926
96875
96859
96825
96805
96740
96734
96720
96678
96641
96640
96615
96605
96591
96536
96506
96467
96460
96385
96318
96232
96202
96030
96008
95862
95857
95810
95796
95783
95686
95640
95546
95540
95512
95503
95434
95397
95280
95268
95183
95173
95116
95105
95103
95093
95046
95026
94904
94821
94774
94762
94732
94720
94688
94644
94624
94565
94486
94478
94448
94346
94327
94045
94024
94001
93973
93968
93901
93869
93830
93789
93766
93740
93727
93644
93618
93533
93510
93501
93461
93372
93364
93352
93334
93328
93302
93240
93143
93103
93074
93048
92926
92922
92920
92728
92694
92387
92312
92302
92274
92176
92158
92137
92011
91946
91921
91841
91693
91642
91586
91557
91528
91480
91451
91305
91300
91296
91185
91180
91171
91162
91119
90984
90848
90824
90683
90667
90517
90515
90511
90455
90446
90445
90425
90377
90356
90193
90192
90190
90178
90175
90158
89998
89969
89939
89913
89863
89814
89806
89777
89730
89559
89373
89287
89277
89097
89015
88951
88819
88815
88793
88751
88733
88729
88686
88657
88609
88595
88506
88488
88353
88317
88311
88301
88163
88126
88052
87971
87884
87879
87865
87857
87832
87797
87767
87766
87763
87698
87664
87645
87626
87542
87524
87522
87444
87407
87361
87340
87331
87245
87239
87195
87047
87029
86983
86976
86963
86877
86789
86764
86694
86685
86606
86601
86508
86465
86465
86211
86186
86062
86042
85953
85930
85871
85865
85816
85756
85739
85692
85630
85625
85616
85531
85501
85495
85436
85369
85369
85340
85334
85220
85184
85166
85154
85081
85070
85018
85015
84975
84954
84950
84910
84907
84897
84856
84837
84837
84794
84788
84746
84688
84629
84531
84448
84436
84409
84384
84326
84317
84315
84248
84187
84145
84102
83978
83954
83916
83845
83818
83761
83683
83655
83646
83574
83501
83412
83391
83372
83282
83244
83105
83098
83095
83074
83055
83030
82859
82855
82790
82733
82647
82626
82584
82578
82420
82399
82388
82360
82300
82236
82233
82232
82195
82148
82142
82120
82107
82081
81926
81868
81781
81763
81757
81749
81645
81595
81550
81530
81513
81444
81410
81365
81343
81239
81213
81203
81198
81158
81091
81065
81048
80931
80914
80886
80825
80803
80748
80737
80612
80430
80374
80310
80154
79962
79932
79809
79775
79772
79754
79697
79681
79629
79615
79585
79557
79554
79529
79477
79373
79353
79353
79314
79292
79257
79247
79139
79134
79120
79111
79101
79013
78998
78979
78926
78902
78898
78886
78886
78858
78597
78532
78458
78458
78456
78449
78404
78398
78353
78344
78277
78247
78134
78095
78012
77970
77945
77849
77761
77707
77668
77599
77501
77454
77394
77380
77330
77327
77287
77227
77195
77168
77129
77095
76963
76945
76909
76891
76702
76693
76655
76607
76552
76362
76295
76269
76240
76199
76168
76091
76085
76040
75931
75931
75897
75886
75718
75712
75631
75628
75535
75480
75262
75249
75230
75166
75148
75143
75112
75073
75072
75047
75021
75021
74990
74949
74896
74851
74815
74739
74730
74672
74639
74595
74557
74543
74502
74495
74446
74418
74414
74399
74290
74219
74153
74102
74080
74059
74026
74001
73989
73963
73846
73712
73689
73576
73540
73438
73175
73109
72995
72971
72950
72892
72889
72845
72806
72723
72712
72611
72527
72511
72443
72403
72333
72325
72061
72053
72050
72038
72023
71799
71779
71772
71749
71738
71722
71669
71514
71367
71359
71355
71212
71154
71147
71107
71103
71086
71038
71003
71000
70991
70966
70951
70921
70881
70844
70772
70632
70524
70506
70417
70380
70362
70352
70325
70263
70253
70244
70236
70196
70151
70146
70138
70055
69909
69900
69887
69852
69836
69786
69775
69561
69440
69385
69321
69310
69284
69211
69157
69002
68997
68978
68970
68939
68935
68879
68781
68769
68748
68732
68656
68596
68543
68522
68485
68461
68451
68446
68440
68380
68305
68298
68270
68217
68132
68114
67949
67921
67687
67551
67498
67490
67440
67410
67323
67202
67162
67134
66966
66866
66834
66737
66695
66608
66478
66161
66131
66115
66070
66007
65994
65993
65987
65951
65914
65763
65695
65672
65661
65580
65544
65529
65515
65445
65424
65340
65320
65307
65280
65265
65252
65215
65148
65124
64949
64878
64805
64797
64787
64758
64692
64567
64521
64513
64455
64454
64438
64308
64290
64226
64218
64093
64056
64007
63978
63880
63875
63828
63826
63762
63590
63572
63552
63443
63400
63395
63355
63328
63269
63217
63160
63073
63026
62898
62892
62852
62849
62840
62762
62735
62639
62638
62597
62577
62501
62399
62185
62038
61963
61926
61784
61778
61763
61710
61676
61641
61638
61585
61551
61536
61501
61494
61405
61400
61349
61307
61300
61297
61296
61229
61004
60968
60868
60867
60797
60612
60601
60600
60594
60478
60459
60459
60416
60348
60343
60324
60144
60133
60077
60039
60015
59988
59910
59892
59746
59734
59666
59635
59579
59569
59463
59408
59406
59367
59302
59298
59231
59227
59155
59149
59131
59011
59002
58986
58943
58761
58730
58708
58702
58641
58480
58463
58394
58378
58346
58330
58308
58281
58244
58181
58175
58157
58154
58109
57997
57951
57936
57925
57855
57854
57813
57776
57774
57752
57589
57558
57490
57366
57347
57336
57288
57184
56988
56920
56899
56849
56766
56597
56592
56471
56427
56424
56414
56282
56136
56119
56063
56036
56034
56020
56006
55946
55907
55729
55707
55681
55653
55569
55537
55512
55505
55428
55401
55392
55280
55251
55182
55177
55160
55107
55104
55020
54990
54973
54910
54855
54823
54805
54765
54697
54663
54661
54611
54581
54566
54552
54518
54477
54453
54423
54402
54377
54337
54303
54170
54003
53849
53832
53796
53715
53697
53679
53663
53656
53643
53580
53391
53268
53234
53205
53114
53003
52997
52962
52853
52847
52789
52766
52743
52733
52718
52643
52561
52540
52438
52371
52317
52278
52269
52218
52217
52217
52132
51966
51883
51795
51791
51733
51723
51712
51672
51637
51610
51606
51590
51548
51536
51490
51484
51479
51422
51401
51391
51333
51314
51070
51060
51054
50974
50911
50880
50784
50767
50729
50720
50474
50420
50275
50251
50194
50139
50054
50043
49996
49994
49971
49949
49813
49812
49736
49515
49364
49359
49308
49266
49228
49177
49161
49140
49079
49063
48901
48806
48776
48749
48647
48646
48565
48554
48545
48515
48469
48383
48383
48361
48342
48334
48288
48255
48202
48196
48180
48130
48081
48042
47871
47851
47827
47751
47748
47739
47727
47721
47657
47629
47593
47474
47412
47344
47284
47096
47034
46951
46888
46858
46845
46647
46646
46619
46584
46554
46532
46528
46368
46285
46252
46251
46229
46088
46085
46046
45979
45923
45908
45762
45749
45728
45683
45624
45622
45588
45530
45528
45514
45439
45438
45386
45225
45194
45175
45157
44972
44945
44921
44847
44802
44770
44743
44701
44664
44653
44622
44564
44536
44510
44498
44297
44272
44264
44260
44247
44129
44100
44099
43945
43748
43681
43632
43590
43395
43379
43190
43161
43031
42708
42665
42640
42611
42576
42501
42471
42471
42457
42396
42358
42151
42138
42044
41968
41935
41877
41850
41815
41795
41679
41654
41484
41470
41451
41410
41376
41364
41322
41204
41188
41170
41127
41037
41019
40989
40917
40875
40784
40716
40691
40631
40571
40557
40536
40448
40357
40356
40275
40245
40229
40138
40134
40086
40075
40051
40040
39991
39976
39940
39857
39731
39718
39704
39701
39608
39448
39374
39317
39283
39222
39221
39184
39167
39125
39107
39030
38999
38804
38702
38669
38574
38556
38486
38451
38387
38378
38359
38357
38329
38312
38271
38270
38242
38139
38074
37973
37970
37944
37943
37921
37911
37835
37822
37780
37762
37578
37553
37521
37388
37374
37353
37277
37241
37231
37222
37135
37091
36986
36977
36955
36795
36757
36724
36713
36677
36665
36631
36469
36443
36442
36428
36351
36296
36240
36218
36136
36107
36078
36070
36024
36021
36017
35993
35969
35860
35818
35795
35689
35683
35665
35636
35612
35580
35538
35521
35483
35247
35211
35173
35099
35089
35032
34962
34876
34868
34832
34775
34771
34673
34663
34657
34620
34576
34487
34481
34472
34377
34247
34227
34191
34155
34094
34060
33945
33940
33933
33885
33866
33806
33792
33650
33511
33334
33325
33317
33314
33272
33272
33212
33207
33205
33164
33126
33079
33005
33001
32953
32923
32919
32853
32832
32746
32621
32618
32546
32516
32487
32470
32387
32361
32173
32133
32075
32050
32018
32004
31899
31851
31801
31738
31681
31627
31563
31497
31444
31064
31032
31001
30945
30905
30846
30844
30725
30707
30608
30559
30503
30476
30355
30344
30318
30265
30198
30185
30134
30050
30033
30013
29961
29847
29829
29748
29722
29653
29588
29539
29529
29514
29507
29469
29469
29439
29320
29194
29170
29169
29156
29147
29139
29028
28981
28977
28977
28915
28889
28887
28861
28565
28557
28546
28481
28385
28374
28347
28346
28342
28186
28110
28107
28072
28071
28039
28035
27955
27925
27914
27906
27888
27887
27772
27676
27666
27641
27595
27502
27465
27350
27333
27214
27183
27105
27099
27082
27074
26959
26903
26873
26785
26780
26769
26685
26504
26479
26473
26410
26407
26380
26366
26340
26310
26288
26285
26225
26220
26195
26171
26160
26118
26025
26023
26015
25946
25925
25914
25877
25866
25748
25689
25673
25607
25560
25539
25527
25404
25381
25258
25242
25157
25126
25123
25071
24963
24895
24849
24818
24779
24749
24675
24572
24560
24534
24528
24450
24316
24271
24215
24131
24083
24018
23994
23866
23850
23801
23572
23523
23273
23197
23108
23055
23047
23034
23024
23017
23011
22949
22924
22815
22794
22757
22740
22726
22582
22515
22513
22324
22314
22301
22293
22279
22205
22137
22076
22046
22022
22009
22004
21936
21901
21893
21857
21768
21760
21708
21686
21683
21589
21549
21549
21545
21533
21522
21515
21501
21486
21462
21454
21430
21426
21414
21404
21374
21325
21320
21279
21240
21209
21173
21120
21113
21080
21063
21017
21015
20966
20946
20937
20785
20758
20675
20675
20580
20456
20417
20389
20370
20305
20291
20280
20199
20085
20032
20009
19999
19964
19933
19924
19844
19786
19768
19577
19513
19383
19343
19303
19278
19193
19155
19140
19121
19100
19093
19031
19018
19013
18996
18981
18950
18923
18809
18794
18760
18726
18548
18414
18413
18381
18342
18286
18098
18076
18073
18036
18033
18014
17875
17827
17821
17772
17758
17737
17704
17593
17570
17541
17498
17489
17452
17299
17276
17223
17213
17145
17137
17133
17106
17059
17058
16941
16846
16824
16813
16801
16796
16754
16697
16684
16678
16662
16638
16637
16573
16523
16498
16445
16247
16237
16122
16107
16058
16029
15979
15960
15956
15919
15877
15815
15658
15536
15508
15478
15472
15443
15395
15369
15239
15233
15157
15151
15140
15120
15090
15008
14991
14737
14706
14678
14642
14620
14567
14554
14531
14507
14462
14459
14457
14409
14326
14310
14269
14205
14155
14108
14026
14016
14001
13934
13911
13871
13606
13606
13592
13590
13373
13361
13350
13220
13171
13166
13125
13030
12907
12770
12759
12717
12647
12645
12561
12540
12522
12479
12467
12427
12355
12325
12256
12089
12021
11957
11936
11896
11841
11775
11745
11696
11693
11621
11372
11308
11296
11276
11136
10954
10939
10917
10884
10813
10801
10775
10763
10758
10728
10688
10676
10598
10585
10548
10399
10357
10204
10134
10027
9974
9867
9866
9808
9761
9708
9608
9605
9530
9410
9365
9224
9207
9172
9125
8874
8834
8693
8519
8511
8463
8421
8360
8348
8338
8330
8136
8107
8105
8073
8024
7995
7806
7761
7751
7692
7612
7575
7480
7455
7413
7380
7364
7355
7223
7203
7156
7153
7082
7066
7006
6972
6876
6802
6749
6722
6700
6652
6643
6604
6574
6528
6346
6303
6186
6161
6136
6076
6046
5995
5988
5958
5880
5841
5806
5758
5688
5555
5461
5390
5380
5240
5239
5225
5214
5197
5167
5132
5087
5029
4982
4901
4799
4794
4702
4681
4640
4604
4596
4377
4281
4263
4143
4113
4083
4011
3926
3879
3836
3774
3731
3708
3678
3638
3637
3606
3600
3591
3567
3441
3410
3398
3325
3309
3246
3203
3179
3147
3051
3031
2986
2885
2847
2845
2839
2827
2749
2688
2566
2546
2484
2455
2414
2401
2361
2351
2272
2113
1896
1874
1845
1815
1610
1608
1499
1475
1469
1447
1316
1263
1219
1166
1098
977
962
918
852
807
802
777
659
643
558
519
379
321
268
210
161
151
127
33
