99943
99934
99919
99867
99805
99797
99777
99770
99760
99757
99721
99657
99589
99544
99523
99328
99242
99220
99212
99166
98992
98703
98618
98515
98154
98116
98101
97910
97907
97827
97826
97789
97773
97691
97688
97594
97220
97206
96950
96850
96819
96600
96533
96501
96479
96387
96368
96347
96209
96065
96040
95999
95953
95909
95766
95677
95659
95646
95624
95623
95581
95565
95544
95539
95488
95455
95446
95408
95351
95322
95296
95236
95189
95172
95164
95084
95070
95054
95044
95019
94956
94921
94795
94750
94483
94405
94364
94363
94280
93915
93912
93904
93844
93783
93746
93707
93627
93545
93510
93505
93393
93389
93387
93276
93208
93190
93186
93121
93100
93063
92955
92813
92764
92747
92732
92718
92699
92642
92631
92498
92449
92446
92353
92341
92260
92230
92221
92160
92116
92107
91989
91899
91850
91812
91691
91680
91588
91497
91492
91455
91419
91368
91348
91347
91334
91256
91241
91193
91138
91054
91034
91015
91007
90995
90979
90874
90867
90741
90736
90668
90660
90583
90569
90547
90517
90414
90376
90301
90289
90196
90187
90070
89968
89904
89841
89787
89778
89773
89760
89719
89381
89298
89178
89120
89105
89053
89002
88736
88584
88352
88344
88343
88336
88293
88253
88237
88190
88181
88121
88096
88075
88024
87980
87945
87912
87705
87652
87586
87551
87542
87530
87411
87330
87328
87321
87292
87254
87231
87209
87200
87195
87098
87032
86906
86862
86754
86681
86668
86632
86606
86572
86571
86468
86443
86442
86406
86362
86198
86170
86140
86028
85957
85956
85950
85860
85838
85820
85739
85686
85636
85568
85543
85533
85442
85285
85240
85189
85153
85145
85069
85058
84997
84977
84962
84927
84917
84891
84889
84714
84695
84681
84668
84547
84524
84513
84506
84492
84459
84445
84421
84369
84339
84322
84269
84219
84195
84191
84098
83968
83960
83694
83610
83595
83561
83511
83507
83502
83496
83459
83446
83331
83306
83205
83178
83135
83121
83081
82975
82967
82955
82918
82876
82867
82830
82717
82665
82614
82542
82516
82444
82422
82324
82251
82249
82169
82119
82102
82092
82087
82004
81886
81859
81852
81831
81782
81769
81737
81609
81558
81555
81540
81527
81518
81497
81462
81421
81399
81250
81161
81086
81026
81019
80988
80901
80870
80717
80712
80646
80509
80487
80417
80379
80303
80284
80143
80068
79998
79892
79861
79856
79820
79816
79716
79628
79543
79471
79445
79352
79306
79245
79224
79159
79148
79146
79143
79103
79087
79037
78952
78930
78829
78828
78821
78781
78641
78634
78629
78595
78531
78503
78411
78402
78382
78332
78288
78142
78078
78078
77853
77671
77614
77604
77557
77534
77466
77407
77365
77363
77340
77309
77308
77300
77277
77217
77145
77123
77104
77089
77088
77088
77012
76996
76991
76952
76950
76909
76858
76845
76772
76765
76602
76502
76468
76438
76428
76395
76366
76298
76243
76237
76110
76081
75995
75972
75946
75924
75904
75825
75815
75794
75726
75720
75679
75606
75570
75479
75466
75434
75419
75387
75326
75299
75286
75166
75083
75034
75000
74767
74671
74651
74638
74606
74472
74459
74416
74401
74351
74344
74343
74326
74304
74237
74198
74166
74166
74134
74133
74130
74027
74001
73964
73838
73788
73774
73750
73742
73723
73720
73705
73571
73527
73515
73496
73453
73427
73336
73334
73318
73251
73216
73150
73144
73062
73010
73009
72996
72993
72931
72883
72827
72799
72778
72751
72735
72681
72675
72635
72606
72599
72557
72519
72503
72502
72439
72387
72376
72372
72283
72245
72216
72140
72082
72011
72004
71987
71950
71892
71872
71845
71782
71746
71614
71546
71455
71414
71255
71244
71199
71169
71119
71076
71021
71008
70931
70812
70680
70679
70651
70587
70576
70551
70467
70411
70388
70384
70328
70308
70196
70185
69993
69966
69964
69957
69918
69875
69870
69851
69837
69744
69698
69693
69606
69599
69598
69597
69495
69468
69445
69408
69291
69152
69096
69067
69055
68953
68912
68881
68856
68827
68700
68682
68674
68639
68608
68585
68402
68386
68301
68292
68282
68092
68064
68021
67967
67961
67866
67851
67807
67795
67771
67721
67639
67571
67557
67557
67552
67439
67389
67363
67207
67097
67092
67044
67037
66924
66761
66747
66606
66601
66564
66535
66513
66421
66380
66330
66319
66293
66288
66252
66134
66020
66019
66011
66007
65978
65882
65858
65740
65698
65643
65620
65547
65527
65476
65450
65408
65353
65343
65280
65218
65198
65129
65072
65043
65005
64985
64977
64946
64938
64923
64906
64829
64816
64769
64637
64631
64620
64606
64560
64547
64501
64418
64333
64309
64271
64195
64142
64100
64040
64000
63877
63856
63825
63800
63770
63769
63763
63757
63727
63696
63686
63539
63458
63404
63286
63255
63252
63155
63072
63031
62940
62930
62919
62896
62840
62809
62743
62731
62583
62522
62488
62444
62429
62377
62304
62238
62169
61967
61953
61939
61841
61820
61713
61689
61687
61573
61567
61546
61529
61318
61310
61264
61247
61211
60998
60963
60944
60894
60862
60794
60787
60783
60734
60707
60641
60608
60607
60568
60443
60435
60373
60369
60272
60234
60229
60197
60187
60182
60122
59986
59975
59934
59856
59801
59790
59773
59721
59654
59579
59504
59413
59349
59342
59296
59295
59293
59216
59191
59105
59050
58937
58875
58782
58759
58694
58647
58344
58297
58199
58137
58134
58124
58080
58005
57979
57918
57918
57873
57778
57751
57665
57588
57576
57445
57402
57354
57346
57266
57237
57195
57091
57067
57052
57049
57047
57040
57036
57022
57012
56974
56968
56883
56838
56759
56701
56669
56645
56487
56315
56253
56247
56177
56170
56170
55970
55914
55840
55783
55749
55739
55702
55683
55535
55498
55491
55462
55456
55360
55214
55209
55150
55146
55106
55101
55085
55064
55053
55029
54939
54935
54608
54595
54575
54563
54497
54490
54480
54450
54306
54289
54281
54192
54133
54044
53990
53798
53766
53603
53560
53558
53529
53515
53450
53405
53309
53292
53290
53266
53213
53192
53046
52984
52967
52934
52871
52784
52780
52651
52629
52575
52569
52544
52540
52514
52488
52385
52358
52310
52211
52202
52195
52192
52060
51941
51923
51873
51856
51842
51785
51722
51673
51596
51578
51545
51532
51491
51481
51452
51372
51365
51194
51134
51026
50845
50834
50824
50814
50767
50739
50704
50657
50619
50569
50561
50530
50420
50406
50378
50156
50151
50075
50069
50020
49981
49969
49911
49905
49843
49771
49767
49746
49745
49739
49726
49726
49480
49449
49411
49318
49314
49288
49277
49241
49154
48920
48864
48832
48801
48757
48605
48592
48554
48538
48525
48478
48457
48427
48405
48354
48354
48322
48302
48167
48150
48121
48113
48021
48020
48004
48004
47974
47860
47855
47760
47738
47606
47545
47477
47372
47370
47277
47256
47223
47208
47208
47187
47128
47088
47080
46974
46941
46865
46852
46535
46530
46505
46469
46435
46377
46354
46352
46316
46283
46260
46230
46112
46050
45866
45832
45821
45801
45723
45718
45659
45581
45438
45431
45382
45263
45238
45200
45127
45034
45030
44896
44841
44840
44771
44727
44704
44686
44514
44513
44456
44409
44159
44128
44106
44009
43986
43930
43859
43842
43826
43823
43822
43821
43735
43687
43628
43603
43506
43471
43460
43447
43416
43413
43332
43310
43309
43271
43267
43135
43074
43047
42888
42870
42814
42725
42699
42673
42540
42511
42410
42355
42133
42121
42119
42115
42107
42076
41973
41860
41780
41768
41754
41673
41567
41519
41500
41446
41435
41369
41322
41315
41303
41266
41239
41169
41157
41146
41129
41086
41033
41032
41020
41011
40978
40879
40873
40833
40746
40698
40533
40367
40329
40324
40315
40279
40266
40220
40215
40174
40141
40034
39957
39951
39870
39868
39864
39810
39725
39553
39532
39456
39450
39437
39420
39409
39328
39295
39262
39232
39224
39223
39045
39024
38908
38906
38853
38808
38807
38800
38737
38687
38674
38601
38438
38423
38358
38317
38288
38283
38279
38265
38250
38224
38196
38173
38158
38083
38077
37984
37975
37930
37781
37744
37722
37630
37573
37552
37454
37328
37317
37291
37277
37252
37228
37215
37210
37149
37146
37133
37039
37032
37012
36956
36920
36811
36766
36717
36671
36644
36484
36332
36273
36202
36191
36174
36116
36070
35929
35848
35841
35754
35731
35681
35640
35579
35465
35461
35445
35405
35363
35352
35275
35229
35134
35041
35029
34949
34861
34786
34715
34690
34674
34599
34599
34584
34513
34379
34357
34262
34233
34195
34186
34170
34080
34022
34004
33997
33962
33956
33850
33809
33563
33525
33478
33446
33441
33391
33348
33330
33254
33192
33186
33179
33093
33067
33045
33014
32911
32889
32668
32545
32481
32409
32397
32374
32331
32289
32283
32262
32244
32216
32196
32159
31850
31733
31676
31637
31533
31315
31246
31187
31127
31098
30966
30868
30835
30774
30719
30625
30578
30543
30526
30486
30475
30470
30381
30374
30343
30325
30264
30187
30095
30055
30032
29800
29773
29689
29650
29626
29590
29579
29444
29436
29387
29380
29371
29366
29348
29347
29340
29290
29276
29227
29225
29151
29110
29072
29062
28978
28954
28918
28917
28903
28861
28853
28699
28689
28684
28566
28512
28448
28410
28342
28337
28218
28096
28071
27954
27848
27839
27774
27757
27700
27677
27627
27606
27516
27452
27444
27424
27369
27345
27341
27296
27200
27083
27070
26970
26840
26839
26753
26740
26661
26641
26580
26579
26545
26539
26496
26337
26298
26289
26282
26261
26208
26120
26080
26030
26016
25910
25896
25869
25832
25582
25581
25578
25564
25541
25538
25486
25346
25327
25314
25255
25254
25251
25249
25204
25120
25079
25065
25032
24982
24956
24923
24880
24705
24667
24602
24585
24574
24472
24472
24414
24378
24323
24144
24004
23919
23899
23845
23742
23691
23675
23598
23596
23592
23554
23428
23410
23397
23380
23367
23333
23254
23231
23228
23225
23203
23115
23113
23028
22893
22826
22807
22743
22716
22674
22610
22570
22553
22491
22439
22414
22300
22278
22207
22116
22112
22083
22022
21987
21966
21959
21941
21928
21904
21887
21835
21833
21816
21720
21707
21688
21665
21657
21617
21523
21451
21253
21155
21029
21008
21002
20979
20792
20751
20678
20656
20645
20369
20350
20326
20290
20264
20217
20160
20146
20145
20030
20024
19948
19922
19874
19868
19848
19832
19830
19817
19816
19803
19754
19701
19696
19647
19645
19635
19543
19420
19231
19220
19208
19143
19094
19057
19046
19021
18979
18974
18844
18785
18660
18592
18566
18495
18401
18377
18317
18303
18201
18174
18155
18151
18053
18039
18012
17815
17731
17599
17576
17564
17539
17511
17504
17384
17353
17208
17175
17128
17088
17051
17025
16989
16965
16855
16824
16725
16690
16669
16660
16564
16348
16178
16163
16147
16028
15972
15947
15839
15838
15833
15820
15812
15796
15790
15736
15711
15672
15646
15596
15562
15553
15522
15476
15468
15464
15460
15432
15429
15406
15386
15231
15217
15069
15067
15018
15012
14987
14859
14845
14833
14808
14715
14644
14592
14496
14414
14345
14295
14290
14148
14116
14101
14026
14018
14017
13984
13973
13743
13648
13639
13557
13510
13504
13412
13380
13373
13327
13310
13207
13206
13180
13137
13099
13089
13017
12982
12936
12902
12859
12856
12670
12666
12596
12584
12545
12528
12443
12423
12421
12318
12312
12290
12200
12101
12089
12074
12048
12041
11930
11912
11759
11723
11654
11598
11591
11553
11466
11459
11434
11427
11413
11275
11144
11139
11108
11093
11056
11039
11010
10996
10917
10900
10874
10864
10799
10715
10699
10575
10531
10502
10460
10343
10320
10224
10205
10115
10079
10032
9986
9959
9888
9888
9849
9826
9727
9667
9544
9498
9466
9340
9311
9207
9063
9000
8975
8965
8953
8952
8930
8882
8813
8715
8496
8482
8481
8467
8449
8446
8415
8315
8274
8234
8164
8086
7903
7896
7813
7800
7577
7505
7477
7466
7342
7336
7319
7262
7250
7238
7225
7134
7060
6929
6906
6871
6864
6806
6749
6722
6695
6675
6645
6645
6611
6553
6520
6474
6340
6328
6320
6305
6252
6242
6223
6131
6130
6073
5953
5912
5896
5867
5820
5716
5632
5623
5467
5439
5431
5425
5412
5387
5355
5296
5247
5156
5094
5086
4997
4931
4806
4797
4647
4620
4604
4590
4557
4479
4467
4463
4379
4351
4263
4146
4094
4065
4045
4020
3991
3956
3940
3935
3864
3861
3812
3739
3709
3700
3678
3622
3571
3560
3474
3420
3389
3383
3296
3270
3256
3249
3160
3158
2992
2969
2883
2858
2765
2760
2759
2752
2666
2651
2638
2588
2504
2375
2269
2171
2088
2085
1967
1966
1767
1600
1446
1429
1387
1302
1268
1223
1204
1156
1152
1131
1101
1077
1068
1009
999
981
846
838
810
615
587
468
423
407
397
309
276
166
150
132
94
78
47
