99989
99964
99914
99833
99783
99759
99735
99638
99567
99561
99478
99435
99430
99383
99365
99336
99322
99296
99291
99288
99217
99161
99020
98989
98882
98814
98788
98709
98700
98663
98660
98651
98634
98517
98494
98469
98462
98432
98432
98366
98242
98237
98188
98125
97975
97927
97898
97826
97824
97805
97793
97782
97741
97736
97269
97259
97129
96986
96905
96741
96719
96629
96556
96522
96445
96383
96300
96270
96204
96199
96140
96060
96033
96017
96015
95995
95994
95879
95828
95452
95442
95406
95300
95254
95185
95054
95029
94843
94757
94755
94710
94594
94270
94146
94100
94063
94062
94048
94044
94027
93960
93915
93859
93851
93832
93807
93742
93675
93610
93605
93597
93596
93371
93366
93262
93251
93248
93246
93196
93092
93062
92988
92945
92822
92818
92784
92775
92768
92678
92666
92505
92445
92425
92364
92356
92333
92318
92315
92176
92154
92123
92088
91946
91945
91934
91923
91855
91836
91832
91792
91767
91722
91689
91687
91637
91616
91570
91560
91547
91520
91302
91257
91254
91164
91129
91053
91046
90995
90971
90940
90940
90906
90862
90755
90738
90737
90715
90705
90704
90696
90695
90625
90519
90428
90414
90404
90384
90367
90283
90264
90258
90244
90210
90209
90182
90180
90138
90058
90040
90025
89973
89940
89845
89817
89739
89610
89564
89543
89495
89398
89383
89130
89045
89036
89030
88904
88878
88852
88843
88825
88803
88650
88627
88621
88598
88564
88504
88478
88465
88402
88379
88349
88345
88305
88083
88080
87875
87860
87762
87678
87666
87587
87578
87526
87453
87444
87402
87308
87280
87197
87178
87172
87107
87091
87080
87074
87015
87009
86840
86709
86705
86623
86607
86605
86603
86483
86466
86392
86334
86133
86050
86006
85943
85942
85914
85895
85826
85816
85792
85782
85750
85660
85653
85651
85640
85595
85553
85552
85540
85475
85401
85307
85294
85038
85016
84970
84946
84906
84876
84871
84852
84843
84742
84705
84675
84646
84618
84559
84527
84499
84475
84460
84416
84314
84276
84259
84247
84227
84226
84173
84162
84158
84111
84111
83959
83858
83831
83770
83714
83707
83677
83641
83628
83616
83574
83569
83568
83555
83523
83507
83473
83443
83371
83334
83287
83257
83192
83135
83033
83014
82888
82774
82738
82708
82661
82635
82609
82593
82568
82477
82375
82371
82276
82240
82113
82083
82052
81905
81846
81795
81715
81659
81599
81557
81498
81392
81343
81330
81315
81217
81190
81181
81072
81058
80872
80742
80739
80720
80713
80645
80635
80618
80617
80607
80601
80599
80428
80365
80363
80294
80274
80209
80183
80102
80097
80026
79940
79898
79778
79775
79745
79688
79650
79634
79559
79513
79424
79399
79390
79362
79351
79293
79254
79210
79178
79080
79075
79072
79040
78995
78983
78911
78873
78745
78639
78587
78522
78382
78295
78260
78236
78235
78007
77999
77983
77971
77959
77822
77801
77716
77641
77579
77492
77416
77402
77370
77331
77305
77299
77278
77233
77173
77126
77107
77017
77010
77009
76897
76830
76821
76731
76671
76601
76589
76578
76507
76461
76447
76413
76386
76382
76325
76301
76219
76183
76090
76080
76046
76008
75856
75765
75664
75604
75574
75499
75486
75396
75375
75361
75316
75294
75293
75201
75187
75091
75042
75009
74981
74938
74912
74873
74739
74677
74548
74313
74282
74262
74252
74102
74098
74058
73911
73893
73854
73822
73805
73790
73692
73676
73638
73505
73484
73426
73421
73413
73268
73263
73258
73175
73154
73099
73093
73001
72964
72819
72806
72802
72692
72676
72640
72587
72554
72510
72467
72448
72304
72217
72112
72089
72035
72021
71989
71953
71913
71909
71762
71700
71676
71675
71662
71582
71527
71425
71361
71332
71331
71327
71319
71269
71250
71241
71203
71120
71088
71009
70911
70908
70866
70864
70860
70857
70836
70818
70802
70716
70715
70707
70688
70678
70660
70627
70589
70581
70574
70394
70294
70280
70271
70236
70189
70162
70067
70037
70007
69996
69987
69899
69789
69761
69759
69698
69672
69660
69534
69525
69522
69513
69502
69488
69482
69452
69332
69296
69204
69152
69112
69025
68964
68962
68711
68622
68613
68602
68582
68218
68205
68128
68024
67952
67770
67758
67653
67646
67642
67567
67539
67452
67400
67394
67306
67180
67109
67089
67065
66938
66885
66838
66793
66744
66713
66695
66592
66584
66570
66541
66530
66522
66513
66421
66397
66316
66295
66242
66210
66133
66131
66120
66094
66062
66043
66035
66029
66017
65909
65898
65878
65867
65741
65714
65402
65386
65379
65281
65192
65007
64894
64770
64730
64703
64537
64533
64505
64489
64482
64476
64462
64323
64316
64312
64243
64232
64185
64182
64108
63903
63685
63673
63663
63549
63474
63451
63383
63341
63326
63314
63277
63260
63245
63218
63202
63160
63148
63133
63016
62942
62919
62911
62903
62814
62788
62631
62620
62570
62566
62540
62509
62400
62344
62335
62328
62300
62176
62030
61946
61944
61931
61827
61794
61777
61718
61693
61679
61642
61639
61619
61602
61516
61511
61429
61424
61373
61266
61245
61238
61228
61176
61126
61123
61008
61000
60952
60928
60887
60813
60736
60719
60669
60627
60621
60583
60516
60505
60494
60488
60392
60373
60366
60359
60328
60325
60312
60172
60077
60073
60065
60043
60022
60004
59978
59934
59909
59837
59810
59801
59743
59675
59662
59625
59602
59600
59586
59582
59566
59481
59477
59438
59375
59343
59318
59289
59151
59143
59115
59080
59065
59044
58934
58830
58798
58787
58771
58727
58701
58667
58611
58607
58605
58587
58523
58384
58378
58355
58163
58136
58068
58065
58058
58051
58026
58013
57856
57809
57755
57721
57713
57625
57588
57523
57519
57485
57480
57461
57448
57333
57275
57222
57039
56983
56972
56898
56897
56881
56842
56702
56702
56633
56547
56515
56495
56438
56410
56308
56255
56242
56237
56203
56159
56113
56055
56033
56026
55951
55936
55906
55880
55862
55856
55700
55686
55588
55550
55469
55439
55388
55327
55271
55163
55148
55082
54941
54893
54828
54782
54761
54715
54700
54643
54623
54607
54581
54553
54538
54531
54401
54278
54239
54195
54149
54141
54134
54039
54008
53808
53801
53800
53727
53702
53646
53602
53535
53535
53464
53435
53415
53384
53354
53218
53214
53149
53092
53083
53008
52975
52955
52717
52685
52683
52612
52473
52453
52396
52371
52337
52294
52259
52222
52208
52207
52153
52134
52120
52103
52028
52020
52020
51931
51872
51870
51809
51709
51708
51682
51472
51394
51297
51216
51147
51043
50951
50940
50940
50857
50825
50721
50682
50616
50539
50538
50391
50364
50308
50293
50286
50262
50251
50247
50225
50178
50160
50156
50044
49931
49811
49801
49759
49731
49707
49648
49575
49548
49481
49411
49401
49377
49373
49349
49310
49280
49111
49102
48859
48806
48803
48687
48561
48561
48445
48204
48203
48163
48128
48103
48079
48042
48025
47970
47960
47958
47942
47932
47872
47843
47818
47796
47705
47681
47662
47581
47457
47426
47346
47125
47123
47099
47024
46950
46880
46879
46783
46782
46690
46666
46562
46432
46373
46345
46344
46305
46287
46255
46092
46091
46033
45954
45927
45927
45910
45882
45637
45626
45514
45480
45465
45445
45343
45300
45273
45232
45202
45154
45094
45075
45040
45037
45036
44998
44932
44912
44906
44810
44774
44746
44741
44685
44604
44572
44549
44301
44269
44171
44168
44124
44103
44102
44078
44064
43994
43974
43934
43928
43900
43898
43836
43765
43761
43731
43685
43560
43451
43398
43305
43201
43123
43115
43087
43061
43045
43041
43022
42930
42856
42805
42802
42786
42771
42751
42697
42671
42607
42591
42587
42551
42520
42484
42470
42453
42430
42396
42377
42285
42202
42177
42052
42049
41987
41933
41838
41831
41828
41804
41787
41749
41743
41730
41712
41578
41415
41373
41342
41338
41331
41302
41295
41132
40930
40900
40881
40853
40818
40808
40777
40772
40755
40724
40654
40647
40634
40582
40479
40452
40448
40373
40290
40265
40203
40190
39976
39965
39949
39848
39777
39775
39772
39758
39709
39497
39486
39423
39380
39365
39343
39325
39182
39123
39083
39009
38972
38949
38888
38822
38735
38714
38578
38575
38526
38513
38512
38453
38448
38388
38372
38341
38186
38119
38119
37959
37761
37746
37645
37611
37580
37576
37544
37525
37507
37446
37392
37391
37299
37288
37247
37196
37086
37078
37062
37023
36970
36948
36934
36887
36764
36721
36716
36705
36701
36635
36600
36593
36556
36479
36306
36282
36048
36043
36027
35940
35936
35914
35822
35712
35703
35680
35604
35563
35562
35537
35505
35367
35260
34951
34929
34861
34846
34843
34802
34797
34775
34747
34706
34578
34510
34471
34404
34401
34369
34362
34356
34343
34098
34048
33930
33901
33856
33852
33844
33803
33714
33679
33648
33592
33543
33536
33518
33508
33505
33483
33458
33374
33373
33332
33174
33037
32983
32934
32855
32751
32749
32494
32411
32405
32369
32322
32295
32284
32253
32240
32235
32204
32184
32172
32124
32118
32073
32036
32006
31950
31903
31894
31862
31837
31832
31818
31735
31707
31653
31651
31644
31600
31475
31438
31415
31396
31222
31167
31086
31032
30962
30851
30835
30790
30735
30734
30670
30578
30545
30533
30499
30496
30396
30387
30372
30358
30328
30296
30282
30262
30239
30206
30173
30150
30136
30104
30095
30024
29910
29894
29893
29835
29786
29759
29638
29638
29623
29466
29435
29387
29359
29343
29317
29315
29256
29238
29155
29086
29081
28971
28914
28891
28853
28814
28806
28744
28646
28629
28607
28529
28304
28246
28207
28190
28185
28117
28082
28019
28016
28001
27958
27947
27819
27752
27697
27580
27504
27188
27075
27055
27036
26918
26886
26866
26845
26821
26802
26760
26722
26683
26518
26512
26453
26395
26376
26362
26333
26216
26051
26051
26031
26010
25908
25879
25745
25743
25706
25652
25632
25532
25435
25293
25289
25282
25247
25237
25230
25185
25174
25156
25080
25066
25054
25050
25037
24937
24791
24756
24575
24486
24408
24393
24357
24332
24275
24257
24253
24249
24206
24190
24141
24137
24090
24032
23991
23837
23826
23807
23791
23789
23783
23721
23702
23648
23642
23605
23553
23534
23527
23472
23439
23286
23246
23194
23182
23161
23055
23049
23019
23013
22855
22828
22784
22754
22637
22457
22446
22389
22349
22327
22314
22221
22187
21976
21969
21943
21852
21690
21606
21483
21380
21355
21196
21153
21072
21023
20919
20761
20700
20636
20537
20499
20470
20440
20424
20419
20288
20251
20176
20136
20100
20039
20036
19987
19933
19922
19896
19743
19704
19662
19656
19637
19628
19626
19581
19565
19512
19488
19477
19292
19195
19017
19000
18949
18833
18825
18824
18815
18684
18623
18593
18563
18502
18472
18331
18324
18281
18269
18225
18192
18141
18124
18119
18039
17994
17969
17919
17846
17769
17674
17607
17493
17414
17390
17312
17167
17160
17155
17126
17121
17103
17095
17060
17058
17039
17038
17034
16918
16904
16902
16874
16740
16686
16631
16616
16564
16529
16398
16347
16329
16214
15913
15859
15793
15714
15704
15664
15633
15586
15566
15465
15462
15427
15399
15367
15338
15321
15289
15283
15243
15099
15081
15055
15000
14984
14967
14955
14953
14924
14816
14807
14718
14700
14676
14651
14557
14518
14510
14497
14365
14311
14251
14224
14165
14131
14119
14039
14011
13894
13874
13844
13787
13735
13726
13702
13594
13484
13467
13430
13333
13292
13029
13027
12994
12977
12937
12858
12845
12813
12801
12786
12748
12700
12628
12439
12290
12175
12174
12131
11963
11959
11872
11812
11749
11716
11615
11503
11443
11383
11326
11275
11251
11200
11160
11027
10976
10831
10809
10766
10759
10639
10613
10607
10592
10404
10388
10361
10264
10148
10025
10003
9963
9945
9939
9938
9913
9829
9737
9688
9654
9618
9565
9461
9393
9144
9114
9113
9110
9101
9061
9047
8988
8912
8874
8816
8764
8761
8646
8596
8592
8529
8516
8481
8453
8389
8357
8344
8114
8111
8086
8081
8074
8041
8007
7981
7882
7858
7796
7738
7666
7612
7485
7326
7226
7209
7200
7185
7164
7088
7071
7057
6990
6938
6846
6820
6783
6766
6719
6676
6547
6476
6474
6453
6419
6341
6306
6261
6155
5903
5865
5825
5802
5768
5725
5652
5562
5537
5398
5382
5362
5292
5096
5072
5022
4998
4953
4943
4891
4845
4817
4803
4767
4682
4672
4613
4611
4588
4391
4374
4342
4260
4243
4239
4230
4173
4157
4048
3946
3933
3681
3579
3554
3337
3271
3137
3094
2914
2896
2790
2783
2768
2687
2615
2592
2529
2483
2448
2430
2397
2346
2341
2264
2215
2214
2178
2153
2130
2096
2054
1998
1990
1799
1780
1691
1609
1554
1463
1441
1419
1395
1390
1322
1289
1278
1238
1165
1119
1091
1058
1057
967
757
711
675
651
558
499
473
409
330
304
196
191
139
