99999
99939
99798
99732
99689
99671
99658
99655
99538
99532
99492
99475
99442
99422
99405
99357
99341
99326
99323
99271
99257
99151
99034
98854
98853
98737
98600
98548
98544
98534
98511
98476
98403
98398
98319
98275
98144
98137
98070
98039
98036
97790
97769
97621
97566
97529
97528
97487
97480
97474
97406
97378
97339
97175
97147
97144
97053
97040
97005
96942
96895
96854
96706
96603
96563
96543
96469
96443
96442
96310
96294
96265
96199
96191
96190
96040
96037
96012
95893
95872
95855
95841
95789
95714
95692
95690
95596
95585
95530
95437
95297
95244
95211
95191
95103
95072
95062
94992
94984
94923
94880
94832
94831
94780
94777
94744
94725
94707
94706
94627
94554
94436
94427
94412
94321
94306
94303
94275
94259
94191
94183
94180
94130
94039
93992
93984
93899
93872
93776
93749
93649
93643
93605
93539
93507
93436
93420
93357
93349
93273
93238
93171
93161
93107
93068
93058
92976
92942
92911
92908
92898
92796
92758
92582
92574
92524
92520
92493
92476
92449
92408
92319
92295
92258
92191
92121
92006
91823
91814
91749
91660
91645
91602
91596
91526
91446
91436
91427
91370
91293
91244
91216
91206
91190
91094
91089
91086
91072
91068
91016
91013
90965
90956
90943
90941
90932
90926
90795
90793
90785
90699
90631
90556
90521
90485
90465
90431
90388
90253
90244
90214
90160
90126
90071
90067
89961
89898
89884
89840
89823
89777
89751
89692
89684
89630
89509
89324
89310
89297
89225
89196
89150
89012
88979
88976
88960
88933
88887
88842
88839
88740
88627
88543
88492
88394
88375
88257
88241
88215
88131
88073
88013
87986
87868
87739
87631
87493
87466
87430
87395
87334
87281
87219
87213
87191
87165
87147
87139
87121
87102
87076
87020
86966
86950
86935
86925
86892
86687
86570
86452
86426
86417
86262
86255
86203
86141
86124
86048
86017
86012
85991
85988
85970
85911
85895
85867
85864
85850
85823
85815
85748
85714
85679
85619
85542
85429
85426
85383
85333
85319
85312
85150
85111
85084
85064
85033
85027
84720
84571
84544
84450
84379
84341
84329
84211
84188
84169
84062
84038
84028
83982
83929
83901
83869
83805
83793
83755
83738
83693
83681
83481
83435
83273
83272
83224
83093
83089
83025
82965
82927
82915
82913
82809
82763
82760
82716
82694
82657
82619
82449
82430
82365
82277
82261
82211
82187
82162
82142
82080
81985
81901
81882
81855
81798
81782
81761
81703
81695
81617
81616
81610
81473
81440
81392
81235
81227
81220
81104
81082
81067
81012
80796
80795
80793
80748
80679
80629
80593
80569
80476
80345
80304
80286
80261
80236
80221
80221
80103
80057
80032
79989
79964
79793
79658
79650
79638
79578
79455
79439
79287
79123
79116
79067
79067
79033
78957
78949
78949
78829
78803
78723
78587
78570
78534
78524
78510
78504
78457
78383
78208
78203
77897
77728
77727
77679
77664
77650
77597
77567
77562
77554
77505
77492
77393
77373
77289
77278
77261
77200
77128
77116
76920
76916
76906
76836
76823
76705
76654
76602
76458
76452
76445
76438
76382
76342
76336
76332
76316
76258
76213
76182
76131
76101
76095
76020
75895
75793
75770
75580
75535
75388
75378
75332
75294
75286
75251
75170
75096
75086
75062
75042
75005
74981
74951
74882
74739
74728
74719
74678
74677
74675
74655
74617
74545
74430
74373
74322
74238
74217
74194
74104
74047
73998
73985
73968
73962
73943
73939
73576
73548
73536
73441
73412
73349
73313
73305
73217
73153
73150
73147
73109
73091
73067
72986
72914
72878
72788
72775
72609
72508
72464
72344
72322
72294
72221
72187
72122
72085
72064
72041
72037
72026
71980
71928
71916
71745
71715
71690
71682
71647
71468
71458
71421
71384
71358
71315
71239
71231
71215
71206
71205
71149
71110
71072
71024
71006
71003
70957
70878
70800
70568
70464
70430
70392
70348
70273
70234
70094
69973
69883
69875
69874
69864
69845
69828
69743
69727
69651
69643
69640
69556
69518
69487
69467
69466
69415
69382
69182
69154
69129
69053
68984
68975
68916
68834
68793
68719
68701
68649
68646
68630
68602
68596
68595
68428
68337
68306
68220
68108
68056
68037
68019
68007
68003
67980
67889
67843
67817
67813
67805
67745
67618
67585
67576
67559
67548
67523
67522
67520
67401
67310
67233
67189
67091
67077
67024
66942
66909
66900
66896
66894
66874
66860
66860
66843
66842
66653
66602
66601
66582
66582
66572
66519
66460
66357
66314
66279
66274
66238
66209
66186
66096
66076
66076
66047
65913
65806
65789
65742
65682
65631
65630
65628
65601
65550
65485
65397
65391
65380
65243
65154
65100
65087
65083
65018
64987
64979
64900
64805
64775
64741
64689
64683
64676
64671
64638
64592
64541
64511
64443
64439
64428
64416
64383
64351
64335
64265
64239
64212
64145
64143
64134
64084
64020
63954
63953
63936
63932
63918
63865
63838
63810
63779
63773
63758
63508
63494
63439
63435
63394
63257
63256
63240
63215
63184
63093
63008
62997
62800
62766
62760
62760
62760
62622
62620
62601
62546
62522
62496
62485
62470
62461
62398
62370
62271
62186
62078
62019
62008
61989
61787
61769
61735
61695
61665
61565
61555
61489
61411
61361
61314
61246
60977
60845
60813
60715
60693
60681
60640
60620
60541
60521
60514
60505
60448
60429
60314
60309
60301
60295
60266
60215
60122
60080
59940
59940
59820
59788
59779
59772
59754
59746
59630
59574
59531
59492
59418
59262
59184
59146
59132
58979
58940
58924
58921
58879
58875
58853
58851
58841
58831
58821
58771
58769
58693
58655
58570
58553
58394
58297
58250
58145
58142
58132
58043
57957
57938
57907
57901
57890
57766
57710
57703
57703
57690
57675
57566
57379
57297
57285
57275
57214
57200
57024
57007
56940
56935
56933
56828
56750
56700
56623
56606
56599
56582
56490
56456
56446
56437
56422
56403
56397
56276
56243
56238
56233
56181
56113
56007
55989
55956
55842
55830
55830
55763
55728
55706
55696
55637
55598
55512
55465
55429
55409
55350
55348
55305
55297
55284
55259
55258
55245
55167
55147
55086
55001
54878
54833
54733
54721
54715
54701
54694
54659
54602
54472
54460
54458
54353
54330
54315
54295
54291
54228
54208
54187
54095
54000
53981
53962
53936
53905
53897
53780
53777
53527
53405
53400
53364
53213
53194
53160
53058
53021
52998
52997
52996
52982
52925
52884
52760
52642
52579
52487
52308
52202
52094
52069
52051
52046
52024
52002
51897
51766
51751
51732
51725
51684
51602
51587
51517
51388
51323
51276
51264
51162
51112
51027
50998
50980
50977
50943
50872
50844
50789
50783
50779
50771
50742
50725
50712
50696
50688
50596
50450
50435
50336
50289
50280
50271
50253
50239
50219
49993
49920
49912
49801
49796
49785
49704
49614
49613
49465
49418
49393
49379
49364
49364
49361
49346
49331
49304
49220
49067
49042
49041
49019
48971
48964
48954
48939
48912
48869
48810
48743
48732
48727
48718
48699
48601
48401
48388
48359
48323
48306
48203
48196
48174
48133
48068
48021
47991
47959
47812
47791
47771
47768
47740
47722
47719
47617
47580
47469
47452
47378
47324
47286
47270
47262
47151
47126
47097
47006
47002
46959
46930
46929
46837
46821
46812
46782
46732
46705
46698
46667
46636
46515
46403
46394
46358
46304
46239
46202
46132
46102
46095
46090
46075
46066
46055
46050
46020
45999
45926
45863
45812
45780
45706
45659
45644
45621
45603
45553
45548
45384
45383
45362
45356
45350
45156
45101
44891
44827
44783
44747
44663
44583
44570
44544
44511
44508
44484
44443
44257
44234
44197
44192
44145
44066
44027
43982
43960
43910
43889
43864
43842
43770
43760
43728
43703
43671
43576
43501
43498
43490
43458
43304
43301
43193
43085
43073
43062
43003
42824
42731
42704
42643
42596
42565
42515
42480
42433
42312
42290
42201
42178
42114
42089
41899
41800
41798
41715
41691
41684
41653
41551
41550
41449
41378
41371
41325
41318
41131
41120
41097
41076
41033
40923
40864
40833
40722
40698
40649
40590
40563
40355
40338
40274
40201
40183
39991
39860
39798
39794
39732
39662
39629
39530
39517
39484
39369
39345
39293
39151
39116
39113
39073
39063
39032
39010
39005
38971
38923
38887
38863
38709
38656
38631
38611
38563
38526
38514
38445
38439
38321
38314
38311
38192
38187
38135
38105
38033
38026
37866
37846
37807
37759
37668
37620
37532
37529
37419
37196
37138
37109
37092
36976
36933
36839
36771
36688
36554
36510
36498
36483
36223
36187
36149
35995
35848
35762
35725
35657
35610
35564
35564
35455
35328
35124
35113
35086
35043
35040
34847
34798
34779
34768
34723
34585
34583
34576
34563
34548
34500
34445
34394
34330
34322
34251
34208
34151
34135
34131
34111
34046
34032
34024
33986
33986
33743
33688
33628
33586
33519
33437
33372
33331
33145
33021
32980
32866
32808
32796
32664
32636
32615
32609
32525
32523
32473
32464
32387
32319
32287
32125
32055
32039
32013
31942
31908
31866
31862
31831
31762
31725
31697
31574
31527
31492
31464
31409
31365
31360
31358
31263
31246
31148
31113
31106
31014
30898
30882
30834
30768
30705
30629
30486
30479
30478
30421
30416
30335
30170
30074
30055
30023
30018
29981
29950
29922
29903
29892
29877
29780
29716
29693
29680
29678
29673
29604
29586
29576
29567
29420
29353
29333
29265
29183
29132
29115
29112
29088
29049
29048
28865
28780
28722
28645
28482
28471
28368
28315
28284
28241
28156
28037
27920
27892
27843
27759
27749
27662
27592
27491
27413
27405
27392
27331
27289
27258
27234
26967
26911
26900
26727
26658
26500
26419
26407
26393
26386
26367
26347
26337
26329
26291
26151
26087
26068
26053
25979
25966
25960
25930
25870
25853
25843
25750
25747
25703
25650
25420
25107
25010
24894
24854
24803
24754
24738
24736
24726
24695
24690
24677
24645
24582
24550
24453
24435
24232
24131
24072
24071
23996
23866
23750
23734
23733
23731
23665
23635
23627
23602
23571
23569
23540
23463
23424
23361
23355
23226
23209
23207
23183
23158
23133
22980
22975
22940
22915
22872
22812
22812
22745
22686
22674
22561
22520
22506
22477
22414
22406
22393
22301
22272
22258
22169
22154
22143
22134
22116
21994
21948
21913
21900
21850
21849
21836
21730
21691
21657
21582
21458
21427
21187
21122
21118
21072
20961
20941
20918
20893
20886
20880
20846
20773
20772
20726
20685
20602
20563
20544
20512
20478
20459
20317
20289
20278
20266
20231
20199
20150
20113
20112
20111
20106
20092
20023
19993
19862
19774
19702
19676
19669
19580
19577
19512
19502
19477
19471
19458
19372
19281
19280
19224
19176
19174
19168
19150
19061
19032
18934
18903
18874
18843
18793
18783
18657
18623
18578
18513
18463
18372
18346
18328
18267
18178
17828
17700
17641
17604
17582
17518
17502
17442
17321
17302
17273
17213
17206
17172
17157
17083
17081
17067
17021
17017
17012
16931
16919
16911
16835
16814
16804
16715
16706
16700
16666
16662
16654
16591
16586
16569
16561
16551
16538
16519
16514
16486
16477
16476
16374
16305
16246
15837
15796
15788
15683
15675
15662
15590
15556
15515
15513
15476
15374
15365
15361
15360
15290
15281
15241
15149
15130
15122
15119
15112
15029
14936
14906
14811
14765
14673
14645
14540
14530
14528
14519
14435
14408
14367
14136
14096
13954
13812
13794
13767
13667
13666
13554
13549
13542
13527
13489
13482
13388
13365
13362
13343
13338
13329
13321
13288
13089
13077
12998
12944
12912
12849
12847
12826
12817
12813
12805
12728
12712
12620
12577
12541
12466
12404
12241
12138
12053
12049
11999
11957
11955
11934
11915
11864
11677
11638
11602
11578
11575
11565
11554
11505
11391
11329
11316
11178
11021
10972
10971
10926
10866
10837
10577
10503
10400
10400
10381
10315
10284
10256
10236
10219
10189
10112
9981
9844
9754
9703
9609
9586
9503
9494
9398
9320
9271
9261
9240
9195
9163
9083
9077
9001
8825
8811
8790
8724
8676
8674
8613
8589
8565
8486
8467
8454
8434
8347
8306
8285
8284
8278
8264
8256
8139
8119
8080
8079
8051
8049
7937
7886
7857
7799
7745
7651
7629
7622
7565
7553
7527
7491
7319
7276
7110
6988
6913
6587
6542
6527
6492
6484
6451
6443
6295
6266
6202
6188
6181
6171
6158
6096
5998
5910
5903
5875
5867
5856
5811
5776
5655
5589
5555
5526
5460
5388
5243
5088
5086
4877
4826
4759
4698
4670
4661
4627
4541
4500
4369
4301
4205
4195
4171
4163
4147
4124
4007
4001
3908
3895
3888
3872
3791
3783
3766
3703
3691
3655
3648
3635
3603
3517
3475
3468
3447
3307
3209
3193
3107
3104
3103
3100
3034
3007
2879
2603
2539
2501
2352
2327
2276
2267
2097
2088
2082
2078
1919
1862
1829
1819
1651
1621
1611
1531
1487
1471
1467
1426
1389
1353
1235
1193
1174
1155
1076
932
875
721
694
419
256
168
145
105
97
