99937
99827
99807
99779
99773
99726
99626
99599
99554
99535
99473
99467
99349
99341
99215
99182
99161
99160
99004
98938
98571
98507
98489
98461
98392
98389
98300
98248
98227
98195
98188
98180
98137
98136
98125
97910
97901
97855
97784
97765
97761
97749
97727
97715
97693
97671
97606
97594
97573
97573
97567
97505
97382
97331
97301
97245
97217
97183
97153
97131
97126
97076
97028
96986
96890
96886
96790
96732
96719
96659
96650
96600
96515
96420
96365
96325
96242
96192
96179
96138
96004
95945
95894
95891
95882
95728
95724
95659
95619
95618
95606
95604
95545
95511
95447
95400
95323
95274
95262
95252
95002
95002
94984
94954
94932
94850
94811
94807
94761
94680
94516
94501
94427
94366
94274
94147
94143
94072
94056
94045
93989
93870
93814
93808
93808
93775
93747
93745
93710
93663
93476
93476
93452
93403
93366
93364
93337
93316
93261
93236
93157
93068
93054
92986
92979
92831
92745
92574
92341
92333
92286
92280
92209
92195
92141
92135
92051
92033
92027
92023
91949
91927
91914
91868
91800
91787
91744
91730
91723
91722
91699
91689
91663
91620
91488
91486
91137
91132
91109
91001
90971
90967
90805
90763
90691
90638
90563
90499
90480
90472
90460
90334
90209
90182
90103
90098
90057
90019
89972
89933
89904
89855
89755
89678
89667
89661
89618
89554
89509
89480
89469
89437
89428
89375
89359
89252
89208
89162
89102
89000
88977
88699
88666
88623
88613
88528
88516
88516
88421
88407
88343
88192
88171
88152
88146
88003
87938
87897
87896
87826
87777
87761
87759
87742
87739
87653
87531
87480
87472
87453
87451
87354
87318
87294
87274
87207
87019
86914
86774
86687
86538
86484
86481
86476
86476
86449
86368
86350
86338
86327
86301
86207
86074
86032
86030
86011
85881
85880
85671
85613
85554
85526
85473
85419
85411
85386
85309
85274
85264
85250
85193
85078
85046
85012
84966
84904
84806
84797
84748
84734
84696
84679
84668
84646
84598
84573
84571
84535
84427
84315
84305
84252
84136
84086
84011
83959
83915
83896
83864
83818
83798
83764
83729
83667
83524
83504
83380
83306
83274
83224
83213
83201
83181
83150
83142
83116
83070
82994
82889
82863
82796
82747
82704
82641
82576
82559
82547
82516
82485
82469
82457
82335
82300
82171
82156
82148
82136
82102
82096
82069
81980
81948
81946
81873
81812
81811
81761
81750
81702
81689
81536
81524
81512
81479
81446
81385
81372
81327
81310
81151
81106
81044
80969
80955
80906
80895
80867
80861
80800
80776
80772
80755
80716
80623
80598
80540
80489
80351
80335
80312
80233
80231
80208
80181
80150
80123
80108
80025
79999
79991
79952
79795
79777
79754
79746
79694
79645
79572
79556
79544
79337
79333
79044
79021
79010
78971
78947
78927
78926
78904
78834
78777
78731
78713
78684
78662
78539
78509
78460
78454
78405
78364
78333
78322
78317
78306
78189
78173
78157
78079
78046
78000
77976
77879
77787
77749
77691
77650
77514
77441
77428
77385
77335
77335
77302
77261
77200
77153
77121
77022
76976
76939
76901
76877
76846
76759
76736
76706
76441
76399
76340
76276
76245
76213
76201
76109
76109
76037
76019
76010
75982
75933
75929
75831
75802
75762
75741
75734
75563
75441
75175
75170
75138
75101
75098
75084
75009
75006
74891
74885
74868
74727
74726
74643
74591
74493
74489
74463
74458
74437
74339
74154
74041
74003
73995
73949
73890
73872
73838
73765
73701
73690
73688
73669
73659
73658
73630
73622
73582
73570
73565
73453
73424
73395
73393
73337
73257
73254
73242
73108
73045
73025
73018
72998
72815
72790
72772
72718
72529
72498
72497
72437
72434
72373
72363
72303
72270
72265
72260
72236
72230
72189
72189
72182
72135
72133
72125
71992
71986
71969
71951
71943
71941
71871
71811
71776
71738
71664
71606
71480
71438
71358
71209
71126
71094
71089
71077
71076
71066
71046
71033
70949
70915
70866
70812
70631
70557
70468
70445
70363
70330
70325
70301
70262
70242
70221
70184
70139
70068
69982
69978
69967
69950
69707
69658
69572
69531
69443
69422
69387
69327
69289
69197
69179
69098
68698
68676
68316
68229
68152
68114
68053
67786
67757
67739
67722
67692
67579
67482
67334
67121
67110
67077
67030
66898
66883
66788
66734
66707
66616
66538
66536
66489
66450
66448
66389
66378
66354
66215
66169
66136
66111
66093
65985
65935
65904
65889
65810
65762
65759
65710
65677
65672
65663
65651
65435
65364
65249
65151
65044
65021
64973
64938
64900
64896
64854
64807
64732
64661
64613
64577
64548
64458
64424
64375
64362
64311
64228
64202
64171
64116
63984
63982
63969
63963
63830
63751
63721
63695
63681
63677
63653
63592
63577
63573
63560
63552
63549
63527
63454
63361
63345
63324
63194
63174
63155
63151
63146
63138
63112
63044
62961
62928
62895
62852
62841
62824
62789
62751
62744
62597
62529
62481
62316
62309
62308
62304
62278
62172
62157
62135
62106
62051
62003
61975
61937
61935
61879
61710
61537
61529
61503
61426
61414
61379
61289
61278
61247
61241
61183
61072
60991
60983
60979
60889
60790
60764
60698
60647
60637
60524
60445
60246
60238
60233
60139
60130
60068
60067
60012
59992
59977
59954
59859
59783
59766
59626
59533
59475
59412
59371
59298
59288
59285
59186
59142
59134
59064
59016
58862
58815
58750
58596
58583
58452
58451
58408
58389
58211
57913
57712
57708
57622
57564
57535
57517
57492
57437
57436
57400
57371
57177
57130
57098
57059
57019
56996
56919
56841
56792
56753
56668
56665
56657
56618
56583
56561
56540
56472
56419
56417
56302
56210
56164
56144
56138
56093
56061
56003
55939
55846
55751
55676
55620
55606
55548
55540
55398
55366
55297
55203
55196
55147
55120
55082
55017
54954
54884
54847
54746
54734
54696
54657
54629
54628
54624
54459
54395
54265
54079
54070
54048
53991
53896
53861
53841
53796
53742
53709
53691
53667
53556
53542
53523
53520
53493
53448
53390
53359
53341
53328
53319
53311
53220
53074
53071
53065
52984
52969
52954
52939
52762
52716
52644
52532
52444
52443
52355
52303
52286
52244
52233
52200
52128
52108
52088
52002
51934
51924
51768
51668
51667
51584
51535
51523
51517
51494
51395
51355
51352
51308
51257
51216
51201
51194
51171
51164
51117
51022
51006
51004
50902
50887
50861
50838
50748
50704
50542
50513
50469
50422
50417
50406
50404
50309
50244
50175
50171
50159
50041
50015
49949
49938
49927
49914
49882
49791
49786
49778
49741
49729
49665
49629
49584
49563
49554
49545
49505
49501
49455
49442
49419
49412
49370
49294
49175
49112
49039
48986
48927
48861
48778
48762
48729
48696
48637
48433
48424
48419
48375
48273
48264
48260
48246
48242
48209
48164
48064
48059
47944
47883
47861
47813
47735
47683
47672
47661
47581
47578
47556
47552
47528
47458
47388
47378
47247
47245
47228
47070
47010
46999
46881
46804
46779
46772
46649
46610
46534
46519
46503
46401
46174
46047
46013
45997
45872
45818
45814
45804
45686
45666
45653
45642
45640
45632
45600
45597
45501
45484
45401
45379
45338
45311
45275
45275
45247
45168
45066
45056
44868
44843
44764
44758
44713
44636
44588
44537
44478
44467
44412
44400
44325
44310
44228
44189
44158
44079
44053
44003
43993
43908
43860
43765
43618
43471
43461
43444
43429
43342
43321
43306
43303
43215
43139
43053
43020
42986
42950
42829
42792
42659
42605
42536
42522
42392
42356
42146
42143
42127
42029
42007
41988
41982
41960
41920
41847
41765
41734
41702
41599
41555
41486
41474
41458
41443
41437
41429
41388
41373
41338
41309
41233
41219
41164
40910
40816
40806
40801
40788
40658
40639
40635
40584
40500
40452
40445
40320
40225
40207
40171
40107
40070
40049
39959
39790
39780
39731
39715
39659
39635
39573
39560
39550
39510
39328
39307
39194
39179
39158
39139
39061
39055
39037
39027
39009
39006
38957
38586
38519
38413
38344
38338
38321
38268
38074
38042
37973
37952
37947
37940
37922
37904
37871
37813
37800
37795
37711
37701
37656
37629
37615
37572
37560
37554
37451
37421
37224
37208
36959
36875
36757
36732
36603
36499
36499
36251
36238
36218
36204
36203
36163
36046
36012
35955
35954
35937
35907
35788
35739
35721
35660
35570
35568
35533
35437
35366
35301
35254
35233
35086
35067
35027
35017
34968
34886
34759
34757
34671
34645
34619
34585
34554
34545
34540
34538
34532
34524
34418
34296
34231
34218
34090
33856
33836
33788
33768
33764
33760
33700
33631
33549
33547
33469
33468
33418
33312
33257
33147
33044
33026
33003
32999
32952
32940
32903
32840
32778
32726
32672
32493
32476
32474
32369
32333
32259
32233
32073
31945
31828
31826
31635
31601
31519
31418
31275
31254
31160
31126
30867
30863
30820
30735
30690
30676
30638
30622
30532
30531
30365
30211
30202
30171
30123
30087
30054
29945
29923
29904
29818
29817
29690
29635
29632
29521
29510
29507
29471
29457
29377
29331
29081
29074
29029
29015
29014
28974
28960
28927
28883
28876
28846
28820
28773
28725
28570
28535
28529
28482
28398
28377
28364
28360
28343
28330
28233
28181
28174
28156
28145
27990
27940
27751
27727
27724
27699
27612
27542
27538
27527
27515
27482
27457
27432
27381
27126
27084
27070
27066
27033
26981
26839
26817
26757
26738
26732
26703
26685
26665
26633
26625
26603
26532
26524
26502
26487
26448
26424
26407
26404
26399
26277
26267
26258
26242
26177
25917
25873
25823
25809
25791
25749
25682
25628
25626
25618
25605
25579
25520
25489
25329
25213
25168
25093
25072
24910
24904
24899
24890
24869
24795
24738
24736
24660
24647
24618
24578
24576
24572
24529
24528
24522
24485
24322
24140
24127
24102
24079
24061
23970
23919
23795
23781
23753
23740
23691
23664
23637
23625
23577
23572
23431
23330
23312
23312
23296
23247
23213
23200
23186
23174
23161
23139
23058
23015
22898
22888
22867
22826
22789
22778
22755
22675
22624
22595
22521
22508
22461
22434
22387
22377
22376
22311
22299
22277
22242
22234
22233
22221
22220
22176
22094
22030
21936
21883
21877
21805
21748
21706
21654
21611
21589
21584
21502
21498
21420
21345
21317
21239
21048
21021
21016
20945
20845
20822
20777
20761
20757
20728
20715
20618
20588
20582
20564
20506
20447
20364
20036
20027
19969
19961
19956
19937
19911
19841
19825
19788
19577
19430
19411
19399
19359
19340
19282
19269
19262
19122
19054
18916
18885
18878
18778
18743
18692
18642
18591
18585
18583
18546
18480
18459
18389
18381
18266
18261
18252
18247
18200
18117
17909
17903
17846
17780
17769
17735
17721
17705
17495
17453
17434
17424
17355
17316
17293
17264
17241
17179
17167
17153
17125
16974
16966
16954
16882
16813
16802
16676
16614
16265
16231
16118
16103
16019
16006
15970
15950
15920
15899
15849
15786
15785
15777
15736
15734
15703
15597
15591
15540
15430
15424
15303
15241
15223
15198
15143
15140
15092
15037
14985
14959
14822
14821
14807
14794
14684
14662
14661
14585
14542
14502
14280
14132
14080
14045
13980
13977
13967
13925
13894
13847
13814
13687
13685
13678
13566
13558
13447
13373
13264
13222
13189
13141
13134
13079
13036
12990
12985
12985
12957
12895
12887
12854
12846
12827
12825
12822
12786
12736
12624
12485
12475
12467
12308
12304
12224
12223
12156
12137
12103
12074
12055
12055
12011
11918
11891
11881
11847
11830
11796
11765
11674
11659
11570
11530
11391
11322
11295
11270
11247
11228
11194
11151
11132
11078
11025
10879
10818
10804
10758
10726
10721
10715
10646
10636
10617
10567
10505
10490
10425
10420
10200
10076
9966
9950
9890
9837
9782
9763
9674
9593
9508
9478
9386
9324
9283
9265
9245
9198
9184
9173
9154
9058
9041
8952
8942
8934
8916
8871
8816
8786
8729
8664
8556
8505
8492
8444
8303
8218
8212
8187
8125
8063
8008
7965
7924
7897
7893
7859
7825
7780
7765
7756
7688
7621
7557
7530
7373
7338
7293
7152
7105
7090
7078
7038
7026
6998
6891
6788
6757
6745
6724
6675
6629
6560
6545
6524
6509
6508
6495
6439
6385
6324
6237
6237
6223
6217
6198
6088
6055
6017
5999
5880
5766
5680
5659
5597
5591
5551
5543
5517
5505
5460
5380
5366
5358
5331
5331
5210
5145
5126
5027
5013
4979
4857
4787
4782
4776
4770
4752
4741
4698
4688
4657
4656
4654
4634
4584
4553
4526
4464
4445
4411
4392
4365
4327
4264
4258
4244
4229
3981
3979
3960
3937
3926
3900
3888
3866
3842
3826
3807
3709
3580
3576
3548
3525
3415
3220
3110
3096
3039
3026
3025
2990
2798
2797
2730
2697
2671
2647
2534
2378
2334
2333
2278
2244
2139
2075
1940
1883
1807
1767
1738
1594
1513
1470
1460
1273
1266
1173
1131
1097
1001
996
959
898
870
842
752
740
621
593
583
571
491
462
414
211
173
169
121
28
