99940
99893
99852
99846
99822
99734
99719
99634
99632
99612
99594
99508
99473
99454
99414
99365
99333
99289
99274
99256
99116
99053
99048
98961
98900
98839
98764
98546
98537
98534
98448
98364
98332
98288
98189
98112
98099
98037
98023
97912
97906
97904
97873
97782
97756
97649
97625
97619
97515
97372
97359
97271
97202
97086
96974
96964
96911
96906
96864
96732
96702
96680
96666
96627
96619
96607
96534
96412
96409
95774
95728
95643
95527
95503
95414
95356
95323
95299
95235
95177
95161
95120
95107
95059
95035
95024
94989
94918
94863
94861
94671
94585
94580
94527
94407
94332
94325
94266
94261
94230
94163
94116
94031
93978
93780
93731
93647
93631
93622
93614
93597
93508
93401
93339
93328
93309
93304
93283
93055
93046
93040
92948
92880
92834
92793
92511
92481
92411
92401
92392
92365
92306
92238
92215
92130
92069
92036
91884
91803
91675
91640
91630
91559
91533
91513
91474
91449
91430
91399
91368
91354
91325
91282
91256
91219
91165
91139
90999
90978
90954
90907
90877
90690
90585
90569
90473
90458
90456
90425
90403
90368
90328
90207
90199
90048
89952
89753
89692
89660
89644
89623
89605
89596
89582
89531
89516
89493
89454
89344
89281
89245
89185
89118
89092
89014
88821
88769
88711
88700
88510
88457
88430
88428
88217
88211
88193
88182
88106
88013
87912
87910
87887
87858
87849
87728
87584
87570
87546
87523
87505
87450
87374
87369
87346
87320
87303
87284
87266
87201
87121
86920
86882
86878
86850
86833
86768
86598
86567
86532
86449
86394
86310
86186
86182
86137
86048
86022
86003
85970
85950
85938
85927
85918
85910
85896
85775
85759
85746
85586
85472
85460
85441
85409
85388
85312
85296
85258
85227
85179
85133
85129
85129
85107
85099
85057
84974
84958
84938
84842
84840
84809
84595
84586
84497
84488
84481
84475
84461
84445
84427
84393
84362
84355
84262
84218
84079
84037
83975
83867
83737
83685
83652
83649
83639
83585
83554
83495
83464
83462
83443
83426
83380
83337
83158
83114
83105
83080
82994
82949
82945
82929
82772
82744
82733
82676
82535
82534
82503
82419
82419
82415
82350
82338
82295
82161
82078
82062
82026
82011
81932
81925
81835
81794
81770
81719
81667
81659
81604
81594
81520
81495
81481
81466
81455
81347
81135
81010
80861
80857
80853
80759
80757
80745
80736
80680
80679
80604
80598
80589
80499
80485
80435
80384
80334
80322
80321
80103
80089
80048
80000
79944
79904
79874
79855
79749
79728
79667
79632
79567
79542
79520
79519
79469
79429
79390
79307
79302
79172
79092
79057
79002
78940
78781
78706
78659
78653
78469
78353
78163
78155
78154
78137
78113
78045
78024
77840
77740
77731
77731
77714
77705
77639
77607
77559
77556
77513
77474
77442
77432
77111
77072
77046
77031
76992
76974
76974
76919
76909
76907
76903
76870
76815
76801
76744
76661
76644
76578
76577
76556
76385
76337
76316
76277
76142
76114
75910
75866
75682
75652
75586
75480
75454
75357
75337
75266
75119
75092
75087
75062
75005
75000
74809
74738
74730
74729
74620
74549
74481
74436
74368
74326
74225
74088
74014
73981
73915
73870
73859
73846
73841
73782
73754
73746
73648
73622
73589
73580
73577
73545
73538
73475
73429
73411
73245
73220
73198
73176
73108
73082
72997
72979
72970
72929
72909
72846
72584
72499
72492
72477
72475
72452
72439
72413
72329
72283
72271
72255
72136
72099
72091
72004
72001
71967
71904
71893
71786
71768
71736
71729
71518
71489
71419
71387
71343
71296
71253
71252
71132
71085
71070
71023
71012
70974
70935
70912
70783
70754
70734
70478
70478
70442
70405
70309
70261
70252
70183
70154
70061
70029
69958
69956
69803
69798
69790
69774
69749
69687
69670
69626
69614
69524
69482
69376
69274
69217
69160
69145
69106
69105
69040
69040
69013
68995
68898
68894
68892
68856
68746
68620
68501
68479
68429
68422
68279
68268
68208
68192
68178
68112
68058
68024
67973
67948
67928
67793
67782
67766
67728
67716
67529
67508
67479
67448
67387
67349
67283
67241
67192
67104
67036
67010
66990
66923
66850
66799
66793
66717
66689
66460
66390
66365
66358
66306
66300
66285
66154
66154
66143
66136
66076
66017
66007
65977
65952
65951
65950
65939
65856
65838
65780
65778
65758
65746
65731
65594
65450
65381
65332
65281
65254
65161
65055
65034
65027
64911
64675
64651
64614
64596
64545
64508
64312
64212
64211
64190
64141
64100
64091
64070
63985
63890
63869
63781
63779
63774
63768
63739
63707
63681
63669
63606
63584
63531
63497
63483
63403
63363
63333
63320
63225
63185
63183
63113
63109
63059
63052
63015
62996
62984
62980
62973
62879
62852
62842
62839
62776
62775
62623
62609
62522
62454
62431
62430
62387
62229
62182
62159
62011
61894
61862
61778
61656
61632
61619
61478
61410
61343
61335
61269
61254
61186
61143
61047
61029
60994
60990
60954
60946
60945
60930
60873
60854
60773
60768
60579
60517
60484
60409
60266
60229
60137
60096
60040
60014
59941
59891
59889
59864
59805
59758
59673
59631
59559
59532
59531
59461
59392
59383
59315
59239
59224
59203
59103
59016
59012
58974
58957
58887
58814
58793
58778
58747
58681
58671
58663
58596
58543
58523
58485
58412
58327
58326
58253
58219
58184
58140
58139
57946
57918
57916
57900
57864
57864
57776
57743
57708
57698
57674
57644
57562
57400
57313
57304
57242
57163
57063
57029
56967
56944
56857
56857
56792
56758
56704
56702
56695
56665
56606
56578
56576
56544
56490
56408
56350
56285
56278
56168
56160
56138
56103
56061
56060
55852
55757
55543
55541
55448
55430
55403
55396
55382
55364
55228
55224
55200
55078
55072
55033
55029
55025
54980
54960
54952
54894
54788
54788
54672
54661
54630
54618
54563
54543
54335
54251
54182
54055
54049
53975
53936
53923
53805
53761
53723
53708
53666
53659
53631
53564
53482
53382
53284
53267
53150
53147
53137
53081
53066
53035
52973
52956
52935
52897
52872
52871
52822
52800
52766
52721
52619
52504
52428
52150
52109
52092
52032
52007
51991
51939
51917
51888
51812
51805
51790
51648
51636
51578
51463
51427
51362
51255
51213
51002
50982
50974
50953
50885
50608
50602
50513
50364
50344
50308
50294
50140
49969
49917
49877
49867
49825
49792
49760
49749
49715
49586
49559
49504
49426
49393
49367
49171
49163
49103
49060
48977
48975
48908
48848
48797
48631
48622
48595
48483
48449
48391
48369
48337
48204
48169
48094
48091
48072
48061
48039
48008
47998
47998
47945
47938
47935
47882
47859
47782
47771
47734
47701
47683
47674
47647
47591
47583
47557
47541
47502
47446
47430
47393
47393
47387
47330
47318
47267
47057
47037
46863
46841
46766
46729
46727
46681
46592
46588
46532
46501
46495
46487
46427
46416
46410
46299
46265
46068
46063
46009
46002
45913
45896
45894
45860
45786
45701
45643
45607
45597
45584
45500
45498
45445
45413
45295
45242
45233
45135
45078
44999
44967
44861
44485
44360
44274
44271
44204
44116
44083
43990
43927
43887
43884
43862
43803
43760
43746
43670
43662
43574
43529
43510
43507
43439
43438
43344
43254
43099
43087
43050
42814
42802
42792
42771
42741
42727
42685
42601
42556
42514
42455
42404
42367
42349
42347
42314
42309
42298
42239
42212
42179
42045
41957
41932
41921
41845
41792
41781
41713
41699
41483
41383
41268
41268
41267
41197
41185
41100
41074
41026
40982
40922
40882
40856
40831
40798
40795
40737
40700
40600
40579
40578
40577
40540
40474
40417
40412
40348
40328
40276
40267
40243
40160
40145
40117
40116
40015
39969
39879
39874
39857
39780
39691
39684
39673
39618
39378
39342
39299
39290
39201
39101
39048
39011
38982
38936
38903
38856
38741
38709
38645
38618
38549
38528
38481
38449
38430
38364
38339
38152
38145
38006
37993
37869
37848
37813
37763
37721
37509
37479
37455
37394
37188
37163
37149
37098
37066
36984
36964
36877
36721
36630
36316
36246
36210
36182
36121
36031
35958
35913
35907
35841
35834
35813
35697
35650
35647
35558
35550
35476
35362
35258
35104
35041
35027
35007
34969
34915
34888
34846
34829
34809
34783
34773
34696
34654
34542
34537
34512
34432
34389
34374
34319
34304
34272
34261
34187
34173
34169
34160
34111
34047
34040
34024
33927
33875
33875
33851
33846
33806
33752
33736
33718
33699
33612
33595
33460
33340
33241
33142
33014
32986
32974
32917
32859
32845
32834
32818
32816
32806
32779
32757
32754
32705
32695
32604
32568
32537
32520
32477
32456
32315
32288
32248
32243
32047
32025
31951
31887
31881
31869
31832
31753
31752
31684
31668
31657
31611
31535
31445
31437
31201
31192
31101
31059
31044
31034
31025
31017
30928
30891
30851
30845
30815
30754
30723
30722
30697
30652
30626
30475
30360
30343
30274
30199
30192
30153
30091
30075
30019
29868
29823
29821
29778
29777
29631
29451
29448
29386
29345
29307
29252
29210
29196
29188
29156
29141
29083
29056
28896
28894
28879
28747
28747
28638
28637
28602
28450
28439
28412
28391
28378
28277
28265
28232
28218
28199
28179
28145
28116
28009
27963
27939
27934
27836
27814
27761
27635
27622
27591
27583
27550
27505
27504
27487
27464
27332
27323
27252
27179
27169
27125
27090
26892
26868
26858
26778
26728
26685
26533
26420
26364
26357
26345
26328
26319
26270
26196
26137
26130
26113
26111
26100
26092
26058
25988
25943
25896
25830
25824
25807
25802
25787
25773
25737
25727
25722
25642
25640
25478
25452
25367
25232
25084
25079
25070
24878
24793
24734
24715
24588
24525
24460
24456
24355
24271
24218
24209
24173
24166
24150
24069
24068
24041
24016
23927
23902
23894
23819
23803
23762
23679
23671
23621
23595
23561
23548
23494
23404
23225
23179
23114
22935
22926
22840
22839
22832
22787
22688
22615
22612
22559
22553
22548
22497
22432
22398
22370
22346
22329
22287
22259
22251
22248
22238
22158
22132
22005
21934
21926
21916
21908
21847
21814
21778
21701
21663
21548
21521
21497
21449
21393
21323
21309
21291
21248
21184
21157
21138
21114
21045
21006
20978
20967
20902
20865
20516
20508
20483
20355
20350
20325
20273
20233
20124
20112
19825
19703
19598
19555
19542
19465
19411
19395
19287
19220
19056
19047
18928
18927
18805
18768
18766
18695
18643
18547
18526
18295
18273
18264
18247
18246
18243
18160
18113
18102
18020
17978
17900
17859
17850
17837
17812
17731
17638
17538
17344
17309
17299
17229
17218
17215
17198
17171
17094
17077
16936
16930
16881
16816
16745
16693
16564
16558
16544
16513
16449
16418
16393
16338
16330
16304
16165
16102
16013
16004
15982
15968
15929
15919
15799
15663
15649
15593
15536
15341
15230
15206
15173
15168
15131
15021
14965
14954
14888
14852
14840
14765
14688
14631
14520
14497
14460
14451
14443
14418
14372
14355
14329
14328
14307
14241
14106
14099
14045
14040
13996
13984
13982
13931
13879
13837
13716
13553
13541
13502
13496
13454
13363
13357
13319
13313
13293
13239
13128
13062
13045
12842
12749
12736
12700
12650
12616
12523
12502
12402
12393
12349
12348
12012
11946
11928
11922
11921
11823
11800
11751
11616
11603
11574
11429
11363
11258
11224
11211
11186
11174
11127
11116
11112
11051
10999
10922
10884
10865
10797
10753
10738
10736
10690
10568
10555
10506
10468
10333
10294
10264
10173
10169
10135
10102
10092
10054
10045
10026
10026
10015
10007
9979
9961
9920
9910
9894
9724
9648
9643
9589
9569
9533
9513
9422
9399
9383
9365
9306
9249
9248
9227
9226
9168
9140
9098
9063
8971
8955
8921
8908
8866
8855
8849
8835
8811
8735
8704
8674
8622
8600
8590
8544
8535
8441
8267
8224
8174
8155
8064
7809
7804
7797
7723
7660
7630
7601
7517
7510
7506
7451
7435
7293
7272
7214
7135
7125
6994
6987
6931
6907
6902
6864
6857
6847
6846
6815
6801
6778
6770
6664
6658
6548
6544
6531
6511
6487
6484
6460
6436
6400
6307
6295
6235
6152
6132
6085
6043
6007
5985
5968
5876
5850
5804
5789
5750
5725
5706
5695
5673
5660
5617
5604
5521
5506
5396
5373
5368
5292
5194
5179
5131
5127
5125
5117
5040
5037
5022
5015
4972
4960
4921
4869
4842
4725
4646
4637
4599
4587
4571
4549
4477
4413
4361
4169
4131
4130
4104
4059
4026
3990
3900
3860
3778
3765
3754
3740
3726
3690
3590
3590
3584
3550
3545
3515
3444
3443
3411
3322
3238
3197
3173
3165
3148
3070
3002
2955
2940
2925
2920
2914
2911
2861
2697
2567
2514
2465
2418
2316
2230
2177
2168
2121
2121
2037
1985
1949
1924
1913
1902
1881
1707
1692
1616
1583
1570
1541
1491
1439
1409
1332
1310
1310
1272
1135
1074
1012
1003
994
970
945
924
887
882
741
679
644
543
504
500
386
308
264
243
212
83
77
77
16
12
