99917
99916
99874
99860
99850
99707
99683
99672
99665
99633
99571
99567
99517
99396
99306
99122
98957
98957
98934
98791
98745
98597
98587
98546
98534
98516
98497
98497
98476
98461
98382
98365
98315
98210
98188
98066
98042
97998
97983
97980
97910
97904
97885
97825
97617
97546
97513
97479
97335
97205
97201
97198
97129
97093
97084
96989
96968
96883
96878
96868
96827
96763
96749
96704
96704
96599
96541
96447
96394
96321
96290
96185
96185
96157
96142
96132
96121
96110
96040
96024
96005
95925
95911
95820
95772
95747
95643
95592
95578
95530
95472
95457
95358
95343
95328
95300
95230
95209
95193
95173
95165
95154
95084
95032
94986
94840
94783
94714
94683
94664
94633
94627
94555
94539
94530
94501
94459
94442
94435
94435
94349
94343
94322
94286
94251
94171
94168
94098
94041
93942
93767
93729
93699
93690
93645
93568
93518
93500
93486
93462
93415
93389
93284
93219
93182
93128
93127
93086
93009
92993
92936
92931
92884
92796
92761
92750
92715
92659
92652
92636
92573
92425
92423
92266
92246
92235
92227
92092
92079
92075
92034
91958
91866
91831
91670
91628
91620
91613
91598
91581
91524
91415
91380
91291
91205
91144
91137
91035
90951
90930
90821
90816
90759
90700
90685
90618
90583
90500
90494
90488
90389
90355
90262
90238
90167
90161
90161
90089
89847
89812
89810
89775
89773
89773
89727
89667
89667
89601
89589
89226
89158
89139
89114
89096
89034
89015
88996
88959
88870
88839
88772
88727
88698
88662
88626
88580
88577
88547
88518
88505
88480
88479
88475
88462
88431
88393
88278
88189
88181
88157
88148
87987
87978
87858
87727
87695
87621
87565
87514
87498
87428
87364
87250
87233
87213
87165
87146
87073
86985
86983
86979
86973
86934
86858
86846
86669
86631
86628
86596
86588
86572
86542
86497
86330
86317
86315
86228
86207
86160
86154
86143
86102
85983
85975
85929
85918
85901
85892
85792
85784
85629
85601
85535
85525
85519
85434
85411
85304
85286
85228
85213
85179
85165
85147
85143
85098
85091
85082
84965
84958
84895
84865
84819
84752
84690
84675
84574
84477
84463
84410
84404
84385
84375
84362
84306
84237
84194
84067
84007
83993
83985
83958
83936
83911
83881
83756
83746
83724
83704
83696
83691
83650
83637
83594
83330
83320
83291
83291
83288
83188
83161
83125
83062
83049
83018
82941
82910
82811
82681
82620
82545
82231
82190
82089
82079
82041
81991
81913
81857
81848
81754
81739
81645
81519
81504
81502
81446
81435
81379
81375
81349
81291
81249
81172
81162
81067
81057
80887
80824
80759
80615
80436
80229
80226
80221
80118
79961
79933
79848
79691
79686
79651
79508
79471
79349
79182
79147
79140
79125
79067
78935
78798
78772
78743
78667
78666
78663
78649
78632
78600
78594
78576
78549
78526
78475
78420
78414
78402
78378
78307
78272
78228
78215
78040
78038
77983
77977
77777
77762
77751
77699
77695
77676
77651
77612
77600
77560
77536
77520
77508
77410
77323
77321
77305
77244
77240
77182
77174
76972
76929
76878
76748
76711
76697
76684
76667
76644
76633
76581
76552
76515
76276
76220
76208
76187
76146
76136
76121
76104
76097
76092
76066
75935
75700
75683
75676
75623
75622
75606
75562
75514
75494
75440
75386
75383
75238
75213
75155
75130
74978
74879
74778
74652
74635
74596
74561
74548
74542
74514
74490
74431
74423
74405
74381
74351
74348
74266
74248
74135
74040
74022
73985
73895
73845
73812
73745
73702
73658
73639
73594
73508
73483
73452
73302
73200
73128
73075
73007
72923
72757
72704
72608
72556
72539
72508
72493
72454
72451
72435
72393
72354
72229
72203
72092
72051
71908
71893
71815
71811
71755
71709
71597
71501
71477
71448
71448
71394
71284
71243
71242
71170
71134
71106
71028
70999
70618
70540
70416
70410
70401
70381
70362
70358
70325
70182
70157
70139
70105
70059
69964
69861
69788
69660
69521
69475
69393
69388
69372
69234
69228
69209
69163
69116
69096
69080
69038
68924
68837
68811
68697
68401
68396
68288
68245
68195
68194
67929
67850
67839
67741
67556
67546
67519
67504
67490
67464
67429
67326
67244
67155
67134
67095
67029
66978
66958
66941
66922
66914
66911
66787
66729
66719
66664
66629
66582
66365
66306
66177
66153
66111
66084
65921
65916
65891
65878
65865
65852
65641
65636
65627
65597
65584
65583
65530
65522
65516
65481
65477
65318
65281
65234
65185
65047
65027
64966
64955
64905
64881
64805
64775
64735
64723
64710
64654
64344
64241
64170
64118
63992
63990
63949
63822
63792
63776
63775
63751
63632
63608
63603
63599
63584
63535
63475
63403
63314
63214
63200
63183
63147
62959
62885
62837
62701
62556
62500
62487
62412
62411
62383
62356
62333
62318
62274
62190
62058
62050
61995
61961
61960
61929
61917
61836
61835
61766
61762
61744
61738
61694
61584
61547
61523
61522
61513
61511
61505
61454
61425
61419
61297
61295
61284
61239
61124
61052
60960
60821
60817
60809
60678
60646
60519
60474
60384
60358
60214
60190
60113
60093
60092
60063
59900
59835
59814
59705
59687
59679
59577
59553
59403
59237
59191
59172
59157
59117
59070
58960
58947
58707
58497
58341
58283
58283
58266
58257
58243
58202
58198
58118
58116
58084
58078
58051
57926
57920
57909
57897
57886
57865
57747
57665
57607
57600
57405
57371
57362
57358
57265
57251
57160
57084
56998
56892
56818
56780
56768
56717
56676
56646
56622
56595
56488
56483
56447
56223
56205
56154
56061
56052
56047
56039
56018
55921
55840
55820
55732
55696
55651
55570
55520
55502
55471
55443
55219
55215
55208
55140
55105
55065
55049
54996
54903
54845
54742
54738
54703
54573
54549
54522
54508
54455
54453
54442
54329
54307
54276
54220
54163
53945
53920
53906
53836
53787
53752
53685
53614
53573
53196
53144
53042
53035
53026
52966
52894
52830
52720
52634
52511
52429
52398
52397
52339
52250
52248
52245
52170
52140
52131
52026
51998
51978
51882
51877
51868
51837
51833
51798
51793
51765
51654
51621
51589
51565
51487
51478
51348
51311
51260
51217
51168
51142
51136
51101
51096
50971
50937
50922
50872
50866
50734
50712
50695
50690
50689
50535
50494
50456
50414
50413
50375
50338
50248
50194
50099
50092
50088
50080
50072
49992
49961
49902
49884
49835
49826
49785
49778
49677
49632
49553
49486
49476
49432
49406
49314
49206
49201
49193
49150
49143
49074
49053
49046
49045
49014
49001
48911
48852
48748
48727
48723
48711
48708
48707
48662
48603
48601
48539
48429
48418
48394
48303
48260
48259
48227
48133
48126
48106
48063
48001
48001
47999
47980
47962
47931
47920
47824
47807
47722
47698
47676
47648
47625
47573
47435
47419
47389
47260
47246
47227
47174
47134
47102
47075
46982
46864
46861
46807
46796
46698
46681
46575
46503
46496
46494
46467
46435
46341
46329
46329
46256
46152
46113
46081
46076
46035
45979
45935
45917
45894
45863
45824
45817
45808
45765
45725
45642
45577
45537
45525
45470
45455
45427
45396
45224
45128
45082
45082
45049
45047
45043
44838
44835
44832
44762
44703
44690
44645
44632
44495
44456
44427
44265
44251
44115
44068
44016
43992
43981
43918
43819
43618
43492
43458
43425
43397
43394
43386
43344
43217
43183
42991
42970
42960
42850
42846
42753
42713
42652
42650
42611
42520
42468
42442
42430
42351
42301
42290
42228
42160
42129
42077
42045
42020
41987
41985
41736
41727
41673
41649
41625
41580
41548
41535
41496
41494
41338
41308
41284
41164
41047
40992
40915
40900
40868
40793
40771
40728
40720
40607
40537
40436
40370
40285
40269
40187
40176
40002
39982
39947
39911
39900
39820
39784
39734
39730
39706
39501
39459
39445
39356
39331
39281
39185
39090
39071
38944
38909
38895
38878
38723
38599
38584
38580
38551
38191
38160
38121
38055
38026
37986
37802
37724
37609
37566
37541
37540
37539
37494
37452
37365
37308
37244
37176
37158
37089
37002
36997
36903
36867
36830
36766
36740
36654
36561
36523
36481
36222
36169
36149
36078
36020
35991
35975
35958
35942
35936
35801
35798
35752
35746
35737
35734
35714
35690
35668
35667
35664
35537
35499
35496
35495
35424
35396
35349
35301
35250
35144
35138
35056
35036
34973
34658
34402
34400
34387
34365
34364
34356
34329
34304
34301
34248
34177
34130
33846
33835
33817
33689
33666
33552
33493
33469
33444
33443
33307
33307
33254
33246
33203
33016
32988
32957
32949
32946
32935
32925
32922
32907
32901
32879
32867
32823
32804
32799
32774
32753
32628
32565
32532
32497
32380
32372
32352
32348
32327
32255
32241
32229
32177
32145
32098
32082
32078
31994
31957
31933
31930
31930
31884
31827
31818
31817
31740
31720
31662
31626
31615
31612
31587
31587
31532
31504
31448
31390
31161
31116
31096
31026
30971
30932
30897
30808
30749
30708
30684
30553
30525
30512
30442
30257
30229
30225
30189
30184
30165
30077
30002
29913
29758
29656
29631
29552
29541
29537
29501
29356
29350
29317
29306
29295
29211
29204
29179
29158
29134
29118
29095
29076
29007
28992
28988
28844
28781
28755
28738
28728
28669
28505
28402
28277
28212
28124
28102
28080
28058
27960
27943
27940
27886
27877
27869
27825
27814
27807
27800
27659
27654
27606
27578
27567
27565
27562
27526
27516
27515
27391
27377
27342
27330
27304
27242
27242
27207
27200
27182
27127
27015
26965
26930
26926
26910
26901
26854
26777
26766
26742
26677
26570
26531
26505
26439
26416
26373
26368
26351
26350
26150
26058
26036
26015
25982
25981
25951
25916
25899
25794
25776
25699
25693
25680
25602
25557
25557
25523
25493
25455
25374
25344
25276
25262
25217
25167
25102
25091
24910
24905
24903
24870
24807
24781
24680
24669
24551
24522
24444
24312
24267
24259
24245
24233
24214
24168
24168
24159
24134
24130
23910
23816
23738
23689
23656
23611
23600
23499
23479
23478
23365
23356
23291
23215
23122
23115
23079
23078
23063
23036
22979
22954
22950
22921
22896
22850
22838
22836
22835
22831
22822
22803
22801
22749
22718
22674
22652
22541
22448
22430
22377
22344
22288
22231
22226
22214
22112
22100
22018
21959
21918
21876
21834
21715
21683
21681
21595
21585
21544
21502
21313
21228
21214
21211
21150
21083
21066
20877
20781
20746
20572
20545
20439
20432
20407
20324
20316
20300
20277
20223
20199
20139
20094
19991
19907
19883
19810
19801
19790
19759
19718
19569
19477
19465
19393
19247
19205
19125
19060
19014
18992
18955
18952
18934
18933
18929
18876
18862
18844
18830
18830
18806
18791
18786
18783
18740
18695
18651
18615
18595
18554
18514
18494
18336
18274
18255
18093
18065
18038
17883
17840
17808
17786
17680
17665
17659
17631
17627
17610
17560
17524
17479
17463
17443
17394
17386
17362
17345
17339
17304
17212
17197
17155
17133
17031
16969
16952
16947
16839
16788
16755
16737
16716
16685
16602
16555
16505
16498
16461
16457
16307
16291
16267
16241
16237
16223
16144
15974
15875
15832
15781
15780
15663
15512
15497
15491
15434
15369
15338
15266
15254
15226
15219
15176
15175
15118
15099
15055
15053
14959
14951
14873
14826
14812
14731
14688
14567
14535
14531
14494
14463
14416
14383
14370
14339
14337
14251
14223
14157
14153
14150
14147
14145
14119
14071
14057
14038
14017
14004
13939
13898
13883
13879
13729
13699
13525
13507
13475
13423
13364
13345
13312
13233
13087
13037
13011
13004
12873
12861
12703
12674
12541
12531
12450
12401
12381
12369
12324
12250
12161
11914
11903
11751
11713
11708
11708
11651
11527
11519
11473
11433
11427
11175
11000
10983
10925
10884
10839
10826
10820
10741
10702
10542
10500
10376
10335
10263
10234
10207
10175
10173
10128
10067
10062
10017
10007
9973
9949
9932
9917
9883
9839
9781
9769
9703
9658
9597
9590
9548
9527
9492
9368
9332
9304
9205
9083
8835
8739
8734
8719
8718
8715
8656
8653
8651
8622
8587
8564
8534
8506
8225
8174
8138
8131
8129
8080
8068
8020
7928
7836
7806
7704
7685
7650
7647
7531
7520
7470
7259
7115
7112
7110
7005
6866
6858
6851
6824
6731
6728
6715
6706
6687
6634
6621
6613
6608
6588
6586
6444
6440
6423
6069
6063
6056
6009
5942
5909
5844
5829
5801
5777
5758
5709
5704
5663
5630
5500
5434
5431
5414
5264
5132
5079
4983
4905
4763
4658
4572
4520
4384
4325
4199
4138
4135
4080
4054
4017
4016
4003
4000
3961
3830
3794
3779
3776
3695
3505
3451
3443
3435
3427
3426
3393
3304
3269
3262
3213
3188
3187
3091
3031
2827
2791
2720
2699
2672
2589
2579
2532
2483
2457
2410
2347
2318
2311
2292
1922
1906
1851
1816
1745
1709
1677
1574
1572
1563
1554
1546
1529
1444
1430
1363
1338
1068
1050
1024
1009
972
906
877
837
800
797
672
540
440
438
221
211
173
164
160
104
101
52
