99941
99931
99910
99906
99842
99835
99834
99742
99705
99615
99581
99558
99526
99424
99419
99407
99382
99346
99306
99250
99244
99206
99159
99122
99067
99015
98980
98926
98836
98783
98692
98676
98557
98551
98505
98479
98445
98338
98331
98306
98303
98202
98201
98059
98040
98035
98018
97945
97873
97853
97814
97635
97573
97550
97544
97532
97472
97426
97341
97301
97218
97142
97127
97103
97089
97048
97043
97023
97017
96968
96964
96928
96928
96894
96876
96870
96837
96763
96641
96634
96629
96610
96588
96588
96582
96563
96448
96295
96274
96105
96040
95979
95718
95590
95576
95570
95536
95495
95495
95492
95468
95466
95460
95315
95296
95082
95052
95005
94967
94950
94936
94895
94888
94875
94811
94622
94571
94564
94424
94413
94410
94396
94245
94238
94214
94206
94154
94079
94077
93986
93936
93888
93849
93847
93844
93832
93732
93720
93560
93547
93528
93370
93355
93303
93298
93256
93203
93092
93051
93006
92993
92983
92967
92957
92932
92862
92768
92667
92660
92638
92635
92625
92537
92475
92418
92378
92339
92301
92274
92194
92138
92052
92039
92014
91988
91972
91914
91907
91902
91772
91762
91740
91660
91581
91564
91491
91432
91312
91287
91282
91266
91250
91198
91151
91125
91109
91026
91005
90967
90942
90883
90818
90734
90660
90653
90648
90560
90547
90543
90533
90494
90475
90359
90318
90293
90268
90255
90249
90144
90093
90034
89936
89870
89773
89753
89698
89631
89623
89491
89411
89338
89285
89272
89255
89227
89196
89129
89095
89087
88975
88894
88793
88773
88708
88562
88542
88489
88401
88369
88276
88094
88067
88051
88040
88008
88005
87984
87956
87922
87880
87871
87814
87715
87709
87674
87608
87579
87530
87498
87489
87444
87389
87322
87316
87158
87106
87089
87021
87014
86968
86890
86834
86809
86755
86754
86717
86676
86537
86520
86387
86335
86302
86284
86276
86266
86262
86245
86191
86187
86000
85971
85934
85889
85855
85817
85737
85736
85723
85654
85610
85572
85539
85498
85473
85463
85376
85309
85294
85246
85243
85188
85150
85133
85080
85052
85037
84955
84930
84889
84871
84801
84776
84766
84712
84643
84612
84526
84494
84466
84446
84400
84374
84336
84235
84072
84063
84036
84004
83994
83931
83925
83889
83719
83703
83698
83628
83604
83603
83566
83553
83544
83511
83480
83434
83367
83348
83294
83279
83272
83218
83184
83154
83134
83117
83048
83040
82951
82944
82933
82898
82853
82813
82755
82729
82702
82693
82619
82603
82599
82455
82450
82428
82397
82374
82319
82296
82245
82216
82211
82201
82065
82061
81928
81815
81718
81652
81607
81574
81563
81463
81433
81384
81368
81336
81297
81287
81275
81200
80917
80890
80881
80848
80816
80764
80757
80561
80516
80462
80388
80365
80308
80231
80200
80188
80185
80068
79974
79961
79917
79635
79598
79569
79473
79455
79454
79242
79087
79061
79003
78881
78854
78842
78812
78762
78731
78718
78716
78610
78552
78549
78488
78321
78278
78113
78110
78028
77957
77925
77873
77870
77822
77759
77686
77598
77583
77463
77324
77311
77271
77247
77197
77139
76924
76915
76899
76878
76843
76782
76776
76736
76586
76559
76552
76473
76424
76417
76287
76251
76193
76156
75929
75852
75826
75757
75704
75694
75685
75613
75609
75541
75486
75461
75461
75367
75354
75295
75092
75090
74889
74881
74868
74805
74804
74783
74770
74673
74650
74601
74589
74560
74559
74487
74470
74421
74403
74367
74366
74336
74305
74221
74216
74194
74166
74044
74007
73970
73958
73845
73801
73738
73551
73537
73388
73361
73235
73103
73059
73032
72986
72971
72942
72934
72923
72912
72692
72603
72576
72548
72512
72492
72324
72214
72191
72145
72089
72083
72015
71985
71961
71936
71918
71907
71893
71691
71646
71574
71532
71524
71422
71400
71332
71261
71228
71208
71172
71143
71098
70951
70867
70644
70578
70555
70554
70511
70472
70438
70404
70294
70291
70286
70235
70210
70179
70128
70119
70115
70096
70070
70048
70017
70009
69915
69899
69801
69779
69777
69722
69700
69687
69651
69483
69449
69425
69384
69258
69240
69226
69188
69043
69006
68971
68901
68857
68851
68818
68818
68743
68740
68704
68673
68604
68552
68461
68311
68145
67954
67947
67858
67814
67782
67759
67756
67734
67587
67495
67480
67474
67339
67267
67262
67259
67208
67163
67141
67114
67084
67082
67011
66949
66926
66922
66898
66760
66702
66652
66530
66514
66452
66359
66344
66328
66314
66269
66250
66224
66108
66083
65848
65777
65676
65667
65661
65609
65606
65545
65517
65415
65376
65309
65155
65038
64991
64990
64977
64950
64741
64603
64523
64486
64344
64320
64260
64225
64123
64098
64056
64008
64005
63955
63835
63793
63743
63703
63697
63683
63653
63541
63536
63532
63491
63489
63477
63387
63363
63332
63300
63251
63042
63015
62985
62958
62939
62922
62880
62873
62811
62754
62720
62606
62575
62541
62479
62433
62413
62322
62299
62296
62266
62255
62252
62218
62122
62106
62095
62094
62087
62051
62005
61938
61906
61840
61818
61723
61663
61575
61493
61438
61425
61406
61297
61250
61188
61187
61176
61117
61078
61042
61029
61014
60843
60820
60799
60671
60423
60384
60220
60199
60134
60074
60020
59827
59823
59813
59792
59788
59775
59712
59672
59654
59649
59573
59530
59500
59428
59374
59354
59297
59225
59114
59097
59087
58984
58914
58895
58828
58786
58721
58677
58561
58522
58494
58436
58402
58316
58288
58038
57979
57749
57661
57658
57644
57487
57445
57432
57415
57371
57233
57218
57192
57175
57156
57049
57045
57030
57024
56682
56668
56636
56617
56616
56589
56500
56500
56480
56415
56400
56355
56339
56324
56282
56177
56159
55932
55925
55913
55766
55711
55634
55613
55607
55537
55496
55481
55458
55454
55377
55342
55198
55182
55071
54992
54948
54815
54785
54752
54734
54723
54701
54642
54565
54555
54547
54542
54498
54468
54385
54381
54377
54345
54294
54203
54176
54070
54046
53816
53747
53740
53688
53643
53630
53604
53503
53429
53358
53189
53131
52916
52867
52863
52794
52778
52713
52654
52633
52603
52564
52558
52484
52459
52431
52388
52368
52288
52199
52142
52139
52128
52017
51980
51821
51699
51627
51615
51614
51544
51488
51399
51398
51288
51233
51198
51129
51117
51113
51091
51050
50998
50993
50949
50907
50875
50856
50838
50833
50796
50778
50723
50701
50698
50641
50639
50596
50579
50485
50483
50454
50415
50408
50378
50373
50360
50327
50295
50288
50217
50185
50169
50129
50087
49945
49903
49901
49899
49844
49841
49819
49784
49740
49690
49681
49617
49529
49476
49449
49376
49326
49297
49220
49197
49196
49196
49116
49049
49044
48990
48981
48968
48890
48840
48825
48813
48802
48777
48708
48686
48533
48510
48492
48485
48452
48214
48192
48085
48041
47921
47901
47852
47771
47587
47548
47438
47423
47408
47321
47249
47103
47094
47028
47028
46997
46878
46839
46821
46790
46779
46733
46718
46709
46705
46672
46430
46424
46265
46206
46179
46111
46085
46084
46039
46014
45974
45910
45907
45905
45848
45771
45693
45598
45562
45547
45439
45423
45404
45380
45315
45284
45278
45164
45127
45115
45026
44995
44994
44976
44962
44928
44852
44827
44765
44745
44713
44713
44703
44682
44631
44576
44459
44392
44356
44289
44288
44253
44250
44141
44134
44083
44055
44055
44042
43985
43959
43889
43875
43810
43800
43751
43715
43589
43518
43449
43430
43365
43313
43150
43098
43088
43085
43004
42894
42886
42836
42825
42814
42603
42570
42552
42517
42456
42267
42209
42127
42034
42021
41987
41930
41898
41703
41606
41523
41483
41425
41416
41322
41133
41097
40982
40882
40875
40764
40729
40658
40453
40445
40414
40297
40219
40198
40082
40067
40048
40023
39955
39917
39906
39854
39735
39697
39674
39656
39581
39566
39446
39435
39356
39332
39065
39028
39025
38933
38891
38885
38880
38835
38738
38694
38692
38624
38549
38463
38444
38171
38134
38107
38028
37941
37935
37933
37883
37875
37849
37811
37783
37750
37747
37656
37649
37531
37428
37376
37368
37349
37330
37330
37300
37190
37160
37153
37135
37060
37001
36991
36974
36765
36641
36622
36542
36436
36411
36337
36260
36237
36189
36174
36169
36100
36099
36063
36058
36006
35995
35950
35946
35945
35926
35918
35911
35901
35868
35772
35734
35711
35545
35543
35542
35486
35445
35437
35365
35338
35335
35287
35253
35244
35214
35153
35107
35069
34970
34901
34847
34735
34661
34655
34307
34296
34269
34217
34206
34185
34161
34091
34075
34061
34054
34045
34007
33963
33918
33903
33882
33860
33841
33797
33779
33761
33749
33656
33536
33506
33344
33340
33326
33205
33194
33027
32956
32944
32919
32758
32745
32557
32516
32486
32420
32381
32227
32114
31980
31955
31865
31861
31830
31794
31751
31690
31683
31543
31526
31250
31235
31152
31109
31077
30990
30989
30923
30808
30775
30714
30641
30600
30578
30561
30498
30468
30448
30439
30423
30405
30279
30079
30077
30037
30017
29951
29852
29837
29794
29764
29754
29643
29603
29550
29543
29456
29445
29401
29309
29298
29220
29001
28996
28966
28947
28861
28830
28682
28634
28633
28624
28592
28557
28518
28455
28321
28174
28096
28090
28054
28024
27961
27803
27746
27688
27679
27613
27551
27547
27539
27516
27478
27464
27432
27424
27369
27344
27286
27160
27041
27005
26996
26934
26795
26784
26656
26643
26559
26521
26490
26461
26422
26376
26365
26300
26283
26268
26265
26242
26210
26186
26047
26017
25942
25910
25874
25865
25865
25858
25686
25630
25610
25527
25334
25298
25284
25257
25255
25249
25184
25154
25123
25074
25058
25033
25019
24982
24981
24980
24959
24850
24771
24762
24572
24477
24401
24317
24296
24218
24212
24172
24143
24090
24056
24006
23947
23887
23887
23886
23815
23808
23770
23700
23661
23621
23603
23582
23564
23496
23489
23427
23415
23401
23382
23271
23199
23196
23161
23150
23067
23018
22980
22910
22836
22736
22673
22557
22513
22472
22467
22431
22378
22282
22249
22236
22235
22113
22060
22034
22031
22015
22014
21933
21858
21771
21744
21648
21567
21489
21484
21420
21352
21337
21315
21285
21131
21080
21066
21056
20975
20804
20788
20780
20747
20735
20690
20681
20651
20638
20632
20561
20483
20337
20309
20242
20124
20113
20106
20097
20076
19966
19965
19896
19805
19741
19738
19720
19693
19616
19601
19500
19498
19410
19296
19235
19159
19066
19005
18935
18879
18836
18780
18730
18705
18665
18647
18589
18398
18365
18303
18293
18196
18148
18143
18125
18094
17944
17899
17862
17851
17738
17682
17668
17622
17602
17590
17590
17560
17465
17279
17173
17156
17071
17009
16949
16943
16941
16914
16908
16838
16811
16788
16768
16766
16758
16679
16669
16615
16491
16487
16410
16327
16104
16093
15998
15973
15870
15708
15664
15644
15615
15598
15589
15515
15493
15399
15390
15284
15271
15260
15023
15006
14957
14939
14931
14916
14884
14845
14697
14695
14575
14516
14506
14497
14319
14278
14251
14201
14198
14164
14094
14049
13995
13940
13917
13859
13784
13772
13753
13745
13737
13735
13587
13419
13392
13344
13322
13314
13297
13224
13223
13155
13141
13119
12989
12963
12927
12914
12909
12908
12888
12881
12881
12775
12707
12583
12568
12474
12462
12238
12232
12132
12121
12048
11987
11924
11887
11840
11830
11644
11580
11515
11507
11496
11493
11464
11391
11386
11362
11289
11275
11236
11196
11110
11108
11095
10945
10929
10910
10869
10865
10827
10747
10692
10655
10609
10587
10586
10577
10573
10562
10452
10438
10395
10371
10324
10228
10130
10126
9963
9947
9907
9819
9767
9615
9604
9602
9600
9529
9463
9396
9351
9344
9342
9310
9288
9191
9187
9130
9016
8998
8994
8972
8876
8821
8814
8756
8697
8632
8618
8549
8503
8432
8352
8306
8305
8122
8102
8102
8053
7966
7939
7928
7921
7894
7824
7823
7744
7635
7626
7587
7395
7367
7313
7297
7295
7227
7217
7113
7050
7026
7014
6982
6941
6929
6874
6761
6749
6651
6636
6628
6557
6471
6466
6453
6420
6389
6369
6333
6252
6237
6154
6023
5892
5882
5839
5727
5621
5610
5601
5577
5414
5372
5253
5239
5105
5054
5050
5042
5042
4903
4821
4817
4811
4811
4726
4707
4622
4610
4554
4467
4352
4229
4209
4200
4185
4170
3994
3974
3905
3900
3818
3701
3688
3612
3601
3548
3544
3541
3535
3534
3512
3507
3459
3422
3379
3259
3185
3102
3064
2833
2818
2818
2791
2741
2721
2675
2641
2638
2622
2619
2577
2568
2516
2441
2435
2410
2385
2267
2266
2242
2074
2045
1990
1904
1769
1698
1698
1675
1605
1605
1529
1494
1478
1444
1352
1269
1259
1206
1192
1172
1153
1122
1071
1068
1043
971
928
780
779
674
638
611
527
462
401
335
304
287
176
4
