99992
99967
99889
99863
99754
99698
99693
99690
99670
99636
99493
99484
99466
99431
99368
99293
99283
99262
99241
99209
99158
99138
99042
99030
99017
98975
98925
98829
98794
98773
98698
98686
98614
98556
98514
98436
98393
98382
98334
98249
98155
98153
98152
97985
97858
97842
97813
97741
97707
97700
97577
97444
97350
97342
97336
97237
97158
97118
97003
96990
96976
96926
96787
96757
96665
96570
96567
96382
96320
96305
96301
96271
96267
96255
96226
96200
96122
96111
96017
95991
95969
95968
95887
95749
95744
95645
95612
95591
95549
95321
95303
95271
95268
95202
95181
95159
95125
95078
95057
95043
94956
94869
94840
94810
94763
94671
94645
94636
94623
94572
94572
94523
94515
94490
94457
94444
94410
94364
94359
94319
94248
94105
94052
94051
94027
94026
93969
93938
93917
93848
93766
93509
93420
93381
93350
93294
93286
93136
93127
93113
93046
93031
92929
92896
92868
92793
92779
92742
92725
92721
92689
92679
92677
92667
92655
92551
92482
92433
92395
92349
92344
92316
92301
92287
91820
91819
91817
91817
91792
91791
91783
91751
91650
91626
91606
91551
91440
91428
91419
91416
91384
91286
91253
91213
91170
91147
91090
91078
91046
91029
91001
90993
90945
90883
90843
90841
90792
90765
90732
90649
90610
90606
90605
90601
90566
90538
90481
90388
90304
90273
90259
90237
90224
90048
90037
89936
89902
89900
89891
89863
89860
89851
89751
89749
89710
89636
89629
89553
89546
89494
89418
89329
89274
89036
89018
88994
88987
88860
88745
88708
88637
88536
88503
88462
88447
88409
88390
88253
88143
88090
88082
88052
87983
87968
87901
87881
87823
87756
87701
87499
87388
87372
87359
87304
87297
87240
87213
87181
87099
87014
86974
86960
86949
86917
86721
86691
86666
86656
86582
86549
86348
86285
86248
86235
86207
86194
86146
86130
86129
86031
85843
85679
85585
85515
85500
85497
85491
85426
85415
85385
85374
85363
85038
85028
84992
84893
84850
84850
84816
84778
84766
84755
84739
84655
84603
84495
84403
84399
84350
84309
84270
84175
84105
84031
84025
83995
83947
83924
83915
83910
83886
83871
83824
83709
83688
83618
83608
83509
83452
83451
83441
83438
83424
83351
83317
83293
83286
83230
83222
83211
83207
83152
83151
83044
82899
82892
82877
82871
82860
82814
82738
82577
82490
82475
82364
82301
82269
82257
82236
82231
82126
82108
82088
82088
82060
81959
81949
81931
81831
81822
81805
81741
81712
81684
81675
81661
81649
81547
81544
81514
81469
81392
81363
81297
81244
81232
81192
81129
81124
81114
81078
80958
80931
80898
80884
80860
80773
80721
80649
80603
80567
80550
80489
80474
80468
80437
80314
80079
80066
79997
79993
79970
79920
79836
79803
79783
79782
79763
79738
79706
79636
79608
79577
79562
79549
79463
79374
79373
79320
79294
79290
79226
79157
79111
78964
78919
78881
78656
78459
78442
78312
78268
78227
78185
78172
78171
78151
78104
78015
77947
77927
77881
77858
77848
77820
77765
77738
77687
77678
77564
77533
77456
77339
77264
77192
77159
77123
77105
76816
76767
76730
76721
76586
76554
76541
76470
76447
76422
76377
76354
76337
76256
76188
76183
76179
76154
76132
76106
76040
76018
75995
75984
75945
75833
75814
75810
75739
75724
75586
75531
75524
75520
75451
75351
75307
75291
75289
75147
75125
75118
75098
75089
75034
75023
74979
74884
74870
74866
74846
74804
74764
74632
74544
74540
74524
74501
74478
74440
74342
74317
74166
74041
74004
73961
73916
73900
73899
73883
73864
73861
73857
73808
73805
73771
73529
73492
73483
73435
73418
73349
73295
73287
73193
73164
73096
73030
72867
72852
72805
72752
72752
72721
72683
72654
72595
72576
72480
72438
72434
72389
72383
72338
72334
72232
72097
72074
71921
71865
71856
71854
71831
71750
71744
71631
71592
71577
71555
71548
71532
71503
71359
71318
71295
71235
71209
71107
71062
70987
70951
70832
70818
70753
70724
70709
70639
70601
70600
70595
70507
70464
70457
70452
70365
70119
70108
70080
70042
69908
69891
69871
69835
69806
69804
69787
69738
69679
69600
69587
69554
69533
69525
69504
69409
69335
69266
69149
69019
69017
68843
68788
68717
68644
68628
68612
68544
68499
68494
68431
68408
68383
68261
68141
68139
68083
68080
68030
67904
67697
67644
67634
67585
67548
67487
67273
67224
67221
67181
67064
67014
66886
66861
66754
66754
66674
66668
66666
66581
66575
66501
66268
66251
66219
66168
66146
66043
65997
65880
65855
65787
65758
65724
65331
65283
65278
65194
65130
65129
65095
65049
64998
64988
64840
64738
64662
64637
64584
64579
64486
64475
64441
64414
64368
64364
64328
64295
64149
64144
64117
64012
63984
63971
63729
63656
63537
63523
63505
63252
63226
63209
63208
63162
63099
63081
63048
63024
62794
62711
62578
62505
62427
62413
62386
62200
62121
62112
62097
62082
62014
61897
61838
61808
61714
61578
61518
61501
61475
61470
61458
61443
61399
61155
61142
61135
61117
61096
61063
61046
60974
60942
60733
60677
60631
60565
60351
60283
60269
60241
60211
60169
60165
60157
60125
60111
60002
59926
59891
59875
59692
59673
59597
59553
59504
59451
59279
59241
59199
59109
59097
59035
59024
58978
58930
58928
58801
58743
58717
58636
58632
58569
58566
58546
58457
58366
58328
58324
58319
58216
58195
58078
57979
57946
57849
57762
57723
57705
57629
57569
57391
57212
57194
57147
57114
57043
57033
56897
56822
56662
56640
56640
56565
56560
56497
56366
56240
56128
56119
56114
56090
55995
55985
55965
55866
55865
55827
55796
55526
55472
55382
55258
55154
55126
55081
54995
54943
54844
54759
54666
54666
54653
54615
54503
54489
54442
54308
54193
54188
54176
54007
54007
53880
53867
53818
53732
53571
53493
53478
53391
53345
53229
53139
53063
52983
52965
52958
52763
52673
52543
52469
52460
52459
52430
52397
52278
52196
52179
52116
52027
51984
51869
51843
51839
51781
51768
51744
51736
51715
51681
51642
51588
51530
51508
51504
51503
51493
51481
51448
51413
51403
51356
51307
51294
51247
51158
51095
51076
51007
50953
50943
50922
50847
50735
50725
50706
50620
50563
50532
50389
50325
50306
50265
50086
50059
50043
50003
49993
49971
49950
49893
49851
49810
49793
49774
49765
49720
49584
49529
49412
49408
49378
49378
49375
49307
49172
49011
49007
49005
48956
48900
48896
48811
48791
48786
48740
48722
48717
48699
48687
48685
48662
48654
48651
48607
48469
48433
48383
48263
48228
48204
48195
48192
48174
48144
48131
48083
48021
48002
47865
47674
47607
47577
47523
47429
47403
47323
47292
47125
47027
46969
46907
46904
46859
46849
46828
46817
46795
46756
46746
46725
46715
46599
46476
46434
46389
46291
46228
46183
46158
46079
46038
46010
46003
45982
45971
45791
45733
45497
45448
45445
45329
45325
45255
45231
45224
45184
45182
45142
45115
45077
45034
45032
44942
44927
44865
44723
44711
44634
44615
44587
44541
44425
44392
44337
44174
44084
44053
44049
44015
44007
43906
43850
43776
43699
43673
43631
43587
43467
43420
43318
43296
43283
43278
43252
43180
43127
43082
42978
42965
42947
42922
42823
42796
42789
42749
42582
42570
42569
42476
42444
42408
42385
42360
42293
42262
42210
42153
42144
42085
41939
41924
41921
41894
41893
41872
41803
41799
41687
41644
41610
41510
41415
41387
41352
41321
41259
41077
41077
41070
41034
41007
40758
40752
40729
40578
40533
40485
40472
40272
40071
40050
40014
39994
39878
39872
39854
39823
39808
39778
39754
39745
39737
39733
39726
39674
39637
39559
39504
39480
39443
39437
39378
39291
39275
39027
39021
39014
38920
38894
38579
38528
38465
38354
38129
38091
38073
38047
38041
38000
37944
37818
37767
37704
37681
37660
37645
37607
37404
37260
37232
37196
37191
37104
37023
36976
36941
36903
36847
36825
36825
36751
36722
36713
36697
36570
36569
36487
36445
36307
36274
36245
36209
36195
36183
36152
36082
36043
36012
35959
35955
35915
35845
35774
35715
35595
35497
35462
35383
35376
35362
35282
35258
35220
35216
35179
35177
35133
35125
35119
35081
34995
34952
34952
34942
34841
34835
34814
34807
34743
34399
34367
34335
34276
34255
34204
34180
34143
34130
34073
34064
34050
34040
34029
33815
33808
33741
33732
33704
33693
33566
33408
33352
33290
33214
33135
33084
32975
32974
32969
32911
32898
32896
32887
32816
32808
32802
32798
32633
32612
32475
32465
32451
32387
32358
32338
32327
32171
32075
32034
32011
32006
31947
31929
31913
31901
31847
31832
31817
31757
31720
31640
31431
31415
31404
31311
31185
31118
31057
31038
30923
30863
30778
30736
30691
30654
30601
30489
30488
30337
30244
30226
30214
30155
30154
30014
30001
29914
29892
29830
29745
29700
29667
29386
29322
29286
29261
29165
29005
28975
28923
28886
28864
28864
28813
28790
28784
28756
28715
28694
28674
28649
28625
28586
28574
28530
28519
28509
28487
28419
28380
28370
28351
28307
28211
28167
28109
28049
27975
27964
27932
27861
27765
27750
27729
27727
27710
27695
27625
27544
27505
27447
27434
27429
27422
27373
27336
27285
27239
27214
27163
27116
27037
27032
26993
26962
26900
26794
26694
26597
26499
26448
26392
26130
26084
26067
26048
25978
25938
25882
25873
25825
25822
25818
25810
25663
25590
25510
25497
25440
25400
25387
25249
25214
25190
25184
25160
25149
25109
25080
25006
24928
24918
24879
24810
24807
24708
24706
24703
24700
24619
24578
24491
24490
24476
24376
24294
24269
24239
24175
24169
24115
24110
24105
24101
24022
23996
23993
23977
23975
23954
23919
23859
23852
23766
23754
23655
23489
23429
23396
23323
23321
23314
23307
23299
23293
23276
23255
23252
23222
23078
23044
23008
22931
22731
22724
22664
22626
22571
22562
22553
22530
22525
22483
22482
22439
22436
22432
22431
22361
22258
22223
22138
22122
22095
22093
22015
21961
21872
21867
21809
21802
21801
21788
21720
21642
21550
21522
21482
21402
21375
21350
21228
21087
21081
21068
21041
20892
20892
20848
20772
20758
20746
20702
20661
20504
20484
20471
20448
20371
20262
20245
20239
20221
20216
20120
20049
19940
19890
19864
19856
19825
19769
19706
19606
19518
19509
19461
19374
19294
19287
19287
19256
19225
19213
19170
19158
19141
19111
19053
18986
18956
18955
18872
18812
18740
18699
18637
18616
18499
18469
18461
18379
18302
18294
18254
18249
18234
18213
18206
18082
18005
17962
17962
17952
17899
17879
17831
17794
17762
17740
17708
17632
17560
17485
17382
17289
17237
17172
17095
16989
16977
16963
16886
16820
16804
16761
16750
16674
16455
16413
16259
16212
16184
16170
16126
16080
15990
15945
15839
15797
15779
15711
15709
15678
15677
15579
15519
15388
15363
15301
15244
15188
15182
15140
15125
15082
15042
15022
15009
15006
14957
14914
14795
14571
14511
14419
14399
14274
14254
14224
14183
14074
14068
14035
13975
13934
13871
13739
13725
13712
13607
13570
13480
13472
13400
13345
13279
13136
13078
13065
13027
13012
12966
12954
12940
12921
12849
12740
12735
12640
12611
12436
12422
12300
12211
12150
12141
12126
12094
11930
11847
11846
11833
11736
11651
11591
11580
11530
11507
11481
11473
11470
11419
11377
11326
11259
11223
11213
11104
11088
11081
10992
10965
10947
10752
10726
10698
10664
10592
10554
10537
10521
10514
10469
10451
10393
10287
10277
10206
10188
10175
10111
10104
10090
10089
10037
10020
9970
9896
9861
9754
9751
9744
9689
9617
9582
9566
9437
9383
9286
9275
9275
9222
9212
9154
9056
9032
8927
8855
8825
8808
8738
8737
8735
8724
8721
8681
8666
8581
8561
8461
8430
8397
8390
8245
8218
8213
8086
7998
7987
7921
7921
7874
7785
7779
7772
7735
7731
7728
7725
7692
7645
7617
7612
7547
7536
7496
7441
7391
7356
7311
7237
7227
7152
7150
7130
7105
7094
7072
7030
6964
6877
6817
6763
6674
6644
6567
6543
6462
6409
6349
6348
6282
6272
6257
6212
6209
6168
6107
6099
6082
6027
6011
5987
5986
5981
5782
5777
5647
5639
5632
5583
5457
5405
5332
5320
5302
5161
5098
5056
5053
5035
5009
4923
4886
4643
4567
4534
4521
4498
4446
4429
4380
4363
4312
4298
4266
4241
4206
4192
4171
4163
4144
4126
4120
4040
4039
4022
4012
3766
3753
3675
3646
3560
3551
3535
3485
3365
3350
3251
3193
3154
3149
3081
3080
3079
3001
2991
2906
2827
2817
2798
2793
2724
2592
2582
2398
2267
2243
2230
2224
2185
2181
2147
2144
2125
2085
2008
1998
1989
1937
1792
1739
1683
1662
1605
1603
1595
1540
1517
1463
1422
1381
1363
1310
1310
1247
1096
1029
1027
1023
948
946
941
929
805
771
711
703
669
654
543
474
461
446
314
282
116
74
36
18
11
