99983
99759
99670
99625
99608
99520
99470
99314
99272
99226
98857
98805
98746
98745
98699
98671
98605
98577
98529
98514
98470
98425
98357
98347
98270
98227
98218
98071
98027
97852
97798
97691
97671
97368
97321
97292
97276
97093
97037
97035
97027
96963
96884
96879
96852
96620
96600
96547
96536
96494
96358
96330
96300
96233
96211
96153
95927
95799
95666
95502
95413
95344
95332
95320
95309
95260
95252
95235
95227
95218
95181
95079
95077
95036
94987
94971
94950
94751
94682
94541
94501
94478
94422
94371
94362
94323
94315
94273
94259
94252
94239
94126
94125
94079
93962
93947
93929
93873
93871
93825
93707
93700
93603
93590
93582
93555
93500
93475
93457
93431
93405
93375
93344
93126
92959
92909
92740
92614
92569
92543
92416
92411
92378
92337
92274
92110
92100
92086
91967
91772
91750
91664
91586
91572
91570
91544
91536
91523
91512
91481
91461
91417
91379
91323
91257
91254
91132
90963
90924
90920
90837
90735
90731
90730
90704
90682
90637
90630
90601
90590
90585
90570
90425
90423
90415
90412
90356
90293
90255
90242
90117
90115
90073
90034
90012
90007
89993
89980
89925
89841
89746
89681
89681
89667
89644
89580
89559
89440
89369
89346
89283
89220
89188
89180
89167
89166
89105
89103
89070
89025
88869
88675
88624
88601
88576
88490
88456
88433
88353
88291
88248
88238
88141
88062
88051
87985
87881
87838
87817
87812
87702
87625
87584
87563
87529
87524
87487
87479
87479
87404
87333
87195
87188
87141
87128
87118
87056
87032
86952
86902
86840
86810
86771
86738
86722
86623
86483
86365
86313
86267
86107
86062
86061
86035
85994
85872
85855
85849
85831
85806
85805
85650
85641
85614
85595
85539
85528
85518
85402
85385
85363
85305
85300
85274
85200
85197
85046
85007
84980
84896
84889
84862
84836
84798
84760
84759
84740
84708
84693
84651
84627
84613
84609
84559
84551
84447
84351
84350
84255
84164
84117
84112
84060
83986
83983
83880
83826
83741
83673
83606
83597
83561
83480
83398
83384
83381
83306
83254
83178
83088
83083
83030
83027
83012
83010
82954
82881
82834
82811
82717
82688
82595
82545
82506
82312
82309
82264
82231
82214
82204
82154
82130
82123
82047
81976
81942
81901
81893
81832
81753
81649
81597
81593
81591
81588
81578
81561
81531
81530
81478
81397
81234
81212
81198
81193
81165
81162
81111
81095
81078
81059
81041
81035
81023
81019
81009
80948
80947
80922
80903
80899
80883
80871
80853
80807
80779
80726
80636
80532
80265
80185
80172
80038
79897
79864
79849
79824
79768
79746
79709
79690
79581
79581
79376
79370
79243
79220
79216
79104
79097
79063
79012
78992
78986
78964
78955
78918
78883
78879
78775
78767
78713
78646
78612
78566
78306
78250
78238
78199
78122
78096
78078
78073
78023
77977
77967
77897
77871
77832
77821
77726
77649
77531
77365
77279
77254
77239
77202
77155
77112
77105
77098
77014
76965
76929
76925
76863
76847
76845
76817
76744
76700
76498
76448
76214
76202
76171
76044
76002
75958
75664
75633
75547
75486
75401
75370
75345
75280
75270
75188
75179
75120
75103
75084
75055
75049
74915
74801
74734
74733
74650
74601
74548
74531
74454
74454
74450
74291
74290
74259
74250
74241
74185
74137
74093
74048
74001
73953
73951
73907
73837
73780
73779
73586
73538
73450
73434
73335
73334
73314
73206
73169
73122
73113
73096
73060
73054
72979
72955
72834
72810
72759
72711
72671
72656
72581
72571
72483
72401
72374
72247
72196
72116
72114
72097
72039
72029
72022
72021
71958
71924
71873
71869
71774
71757
71743
71699
71672
71667
71425
71368
71340
71289
71288
71150
71108
71072
71036
71032
71010
70958
70941
70935
70932
70864
70845
70799
70789
70707
70539
70504
70500
70345
70303
70188
70169
70005
69951
69893
69689
69657
69583
69563
69558
69546
69477
69445
69431
69370
69290
69218
69152
69150
69052
69017
69015
68986
68927
68861
68780
68777
68759
68734
68711
68534
68525
68517
68473
68371
68370
68362
68345
68299
68279
68228
68227
68018
67938
67874
67846
67801
67697
67664
67566
67536
67435
67353
67298
67262
67261
67220
67141
67110
66997
66963
66949
66933
66931
66748
66746
66725
66706
66674
66665
66659
66632
66618
66609
66557
66474
66398
66388
66330
66273
66182
65933
65904
65903
65845
65832
65783
65617
65597
65553
65551
65541
65520
65446
65421
65298
65296
65277
65247
65176
65080
65064
64845
64747
64720
64702
64668
64602
64587
64582
64565
64360
64349
64342
64320
64265
64262
64197
64182
64071
63981
63908
63822
63814
63806
63782
63573
63470
63461
63428
63297
63293
63232
63191
63106
63081
62989
62983
62842
62810
62791
62770
62736
62672
62594
62583
62502
62287
62244
62090
62062
61952
61847
61832
61781
61773
61771
61745
61741
61731
61718
61637
61583
61542
61444
61387
61333
61269
61259
61238
61204
61187
61181
61099
61031
60958
60935
60862
60766
60636
60623
60598
60440
60406
60365
60308
60261
60255
60225
60224
60173
60153
60146
60086
60079
60061
60045
59912
59886
59823
59813
59812
59755
59740
59719
59714
59663
59516
59482
59455
59363
59300
59295
59278
59256
59109
59038
58976
58894
58850
58789
58760
58726
58713
58712
58707
58687
58682
58589
58569
58563
58427
58363
58307
58304
58206
58177
58154
58102
58073
58038
57992
57929
57913
57840
57809
57799
57635
57626
57539
57512
57369
57353
57342
57299
57294
57209
57203
57105
57083
57064
57036
56982
56956
56710
56685
56536
56519
56469
56327
56313
56288
56267
56247
56111
56012
55931
55865
55856
55737
55727
55687
55630
55598
55590
55586
55571
55554
55544
55532
55519
55432
55251
55250
55224
55222
55176
55134
55089
55035
55022
54982
54980
54923
54889
54841
54775
54595
54573
54512
54490
54430
54423
54416
54216
54169
54160
54157
54152
54101
54075
54046
53977
53975
53888
53798
53797
53777
53771
53747
53696
53672
53501
53470
53403
53375
53295
53259
53243
53209
53205
53190
53172
52935
52906
52870
52866
52830
52811
52803
52789
52751
52749
52737
52662
52570
52555
52505
52460
52323
52302
52299
52261
52254
52203
52151
52136
52124
52100
52092
52042
51961
51944
51923
51829
51807
51754
51697
51670
51477
51463
51452
51452
51281
51204
51191
51191
51154
51118
51089
51023
50958
50944
50900
50882
50880
50849
50717
50704
50703
50680
50565
50512
50505
50406
50376
50340
50300
50246
50237
50219
50209
50174
50071
50064
50055
49955
49944
49939
49929
49770
49711
49632
49599
49589
49588
49585
49507
49422
49281
49238
49102
49040
48975
48933
48858
48775
48764
48500
48490
48444
48404
48343
48165
48157
48118
48072
48064
48050
48047
47970
47833
47771
47572
47487
47482
47342
47298
47295
47137
47062
47054
46907
46893
46884
46872
46833
46824
46809
46809
46727
46660
46635
46597
46465
46390
46352
46350
46314
46292
46263
46219
46185
46181
46110
45992
45873
45863
45862
45846
45666
45666
45622
45601
45578
45560
45551
45486
45485
45418
45382
45185
45165
45161
44991
44897
44857
44822
44802
44636
44560
44549
44489
44465
44380
44228
44210
44039
44019
43993
43965
43939
43935
43891
43864
43826
43708
43699
43679
43654
43501
43432
43418
43362
43360
43325
43319
43292
43256
43245
43225
43138
43091
43022
42977
42953
42935
42926
42920
42909
42893
42828
42822
42813
42753
42733
42684
42513
42451
42436
42405
42304
42256
42222
42218
42209
42194
42193
42125
42121
42056
41948
41882
41839
41816
41787
41699
41694
41678
41653
41638
41563
41552
41550
41549
41497
41298
41270
41129
41106
41075
41060
41046
41027
40965
40872
40840
40762
40699
40623
40623
40566
40315
40297
40274
40244
40243
40231
40121
40087
40080
40075
40074
40065
40047
39940
39890
39888
39886
39768
39764
39710
39707
39629
39592
39543
39446
39413
39399
39396
39391
39356
39318
39274
39272
39261
39255
39197
39123
39046
39041
38876
38870
38866
38736
38685
38671
38632
38626
38524
38486
38370
38363
38363
38346
38324
38312
38228
38162
38092
38085
38036
37838
37792
37777
37745
37704
37697
37647
37641
37613
37602
37580
37536
37520
37492
37447
37436
37354
37339
37335
37240
37132
37120
37097
37083
37072
37062
36882
36824
36745
36724
36667
36638
36572
36527
36427
36404
36376
36339
36215
36214
36182
36109
36061
36052
36029
35905
35903
35840
35731
35601
35557
35531
35527
35457
35424
35380
35247
35168
35156
35154
35146
35010
34970
34930
34766
34722
34650
34634
34543
34536
34456
34432
34398
34396
34354
34291
34274
34235
34233
34182
34167
34151
34137
34085
34048
34035
33950
33898
33781
33777
33773
33761
33569
33535
33524
33504
33443
33330
33283
33139
33084
33033
33002
32930
32920
32915
32734
32635
32603
32566
32427
32393
32304
32298
32290
32194
32190
32171
32085
31986
31891
31856
31833
31809
31765
31764
31655
31374
31364
31361
31358
31295
31255
31179
31144
31140
31139
31098
30997
30953
30806
30704
30459
30372
30294
30272
30263
30239
30204
30175
30140
30115
30080
30056
30054
30007
30002
29987
29959
29932
29892
29886
29857
29750
29665
29642
29585
29576
29549
29334
29298
29298
29276
29275
29252
29214
29178
29163
29155
29125
29121
29049
28932
28908
28853
28829
28805
28745
28742
28714
28609
28575
28568
28450
28213
28209
28175
28139
28039
28020
27991
27983
27961
27890
27860
27821
27728
27719
27719
27538
27485
27456
27428
27426
27415
27411
27387
27339
27241
27233
27218
27141
27131
27104
27059
27020
26969
26909
26832
26828
26824
26811
26748
26740
26711
26589
26560
26509
26504
26467
26461
26451
26416
26265
26248
26234
26121
25801
25767
25713
25600
25579
25540
25476
25401
25305
25292
25271
25221
25211
25133
25114
25031
24884
24827
24791
24789
24780
24753
24641
24589
24528
24426
24337
24296
24256
24253
24212
24158
24140
24059
24055
24026
24023
24002
23950
23908
23902
23876
23790
23790
23788
23761
23612
23489
23408
23254
23253
23251
23180
23098
23045
23017
23008
22974
22956
22900
22852
22809
22803
22739
22724
22652
22522
22510
22458
22448
22441
22344
22341
22304
22279
22218
22201
22143
22098
22093
21820
21810
21803
21761
21754
21737
21703
21662
21447
21432
21424
21312
21274
21252
21177
21163
21046
20950
20916
20878
20814
20806
20782
20735
20722
20704
20692
20651
20594
20586
20487
20487
20486
20471
20467
20458
20452
20451
20405
20366
20169
20159
20030
20000
19990
19968
19926
19915
19760
19642
19637
19622
19552
19477
19423
19401
19373
19345
19345
19334
19324
19306
19263
19261
19142
19090
18998
18942
18937
18768
18729
18714
18693
18666
18650
18648
18647
18569
18546
18396
18383
18338
18292
18280
18256
18166
18087
18084
17994
17974
17973
17956
17927
17848
17731
17677
17595
17578
17564
17552
17462
17449
17430
17414
17409
17400
17321
17276
17254
17247
17224
17212
17115
17078
16993
16981
16922
16870
16792
16730
16706
16670
16544
16454
16443
16382
16327
16272
16264
16185
16115
16060
15997
15992
15979
15905
15751
15740
15707
15661
15618
15613
15492
15466
15363
15301
15299
15267
15099
15011
14922
14806
14783
14773
14736
14678
14402
14382
14359
14151
14129
14027
14007
13965
13964
13931
13780
13684
13677
13629
13624
13475
13432
13272
13264
13147
13084
13075
13071
13021
12946
12874
12856
12652
12648
12626
12583
12548
12431
12428
12407
12329
12234
12232
12215
12207
12183
12163
12141
12066
12052
12042
12031
12009
11993
11939
11789
11695
11645
11612
11539
11519
11469
11453
11407
11299
11279
11273
11268
11263
11179
11122
11091
11042
11039
11024
10972
10891
10859
10850
10848
10834
10771
10571
10529
10522
10480
10461
10390
10377
10259
10255
10253
10194
10181
10170
10152
9963
9773
9591
9568
9528
9518
9470
9322
9299
9257
9186
9171
9154
9152
9033
8979
8978
8765
8734
8567
8561
8462
8268
8214
8173
8107
8097
8071
8038
7987
7972
7872
7810
7781
7748
7593
7582
7513
7437
7357
7330
7306
7255
7156
7129
7122
7038
6989
6954
6949
6840
6747
6728
6632
6515
6513
6418
6323
6298
6272
6250
6145
6089
6049
6045
6027
5967
5933
5917
5897
5765
5707
5540
5484
5437
5423
5394
5365
5338
5333
5269
5268
5217
5145
5105
5047
4971
4955
4943
4836
4812
4742
4669
4582
4484
4427
4398
4352
4324
4287
4236
4232
4204
4036
3960
3950
3881
3853
3707
3693
3684
3592
3417
3386
3323
3302
3275
3202
3186
3149
3035
3032
2946
2944
2943
2936
2935
2901
2818
2767
2741
2726
2663
2600
2593
2488
2451
2385
2380
2340
2197
2162
2145
2141
2080
2012
1993
1948
1921
1908
1876
1836
1801
1720
1526
1500
1445
1270
1267
1246
1201
942
888
733
694
635
561
534
511
445
404
378
364
262
234
202
129
76
31
30
