99886
99877
99813
99700
99660
99587
99528
99504
99379
99346
99295
99265
99258
99210
99063
99034
99011
98977
98969
98963
98937
98874
98863
98852
98845
98799
98727
98725
98629
98626
98567
98472
98449
98446
98354
98295
98173
98045
98007
97965
97887
97863
97815
97770
97655
97632
97612
97532
97525
97510
97491
97475
97450
97306
97289
97282
97201
97192
97184
97080
97059
97056
97029
96981
96951
96884
96881
96795
96786
96753
96713
96616
96572
96493
96477
96413
96344
96331
96276
96181
96157
96146
96109
96091
96054
96001
95943
95775
95758
95756
95724
95653
95587
95472
95451
95319
95299
95249
95106
95082
95021
94937
94909
94862
94695
94680
94525
94520
94511
94488
94303
94299
94245
94244
94105
94071
94022
94011
93941
93932
93905
93859
93791
93747
93688
93628
93605
93587
93581
93511
93386
93366
93215
93166
93066
93055
92999
92998
92988
92891
92873
92865
92835
92786
92778
92773
92694
92693
92656
92260
92207
92067
91995
91973
91808
91678
91643
91586
91546
91540
91506
91194
91171
91167
91150
91095
91080
91072
91019
90903
90864
90859
90792
90730
90686
90673
90610
90600
90562
90436
90404
90325
90266
90208
90187
90180
90148
90097
90075
89952
89950
89933
89927
89894
89893
89880
89808
89806
89776
89707
89697
89685
89671
89658
89639
89563
89512
89475
89457
89428
89391
89390
89384
89380
89372
89238
89222
89197
89181
89121
89099
89064
88979
88975
88897
88813
88791
88781
88769
88763
88733
88685
88679
88626
88622
88611
88586
88524
88462
88383
88378
88281
88215
88166
87871
87857
87841
87810
87593
87542
87525
87402
87400
87373
87211
87209
87183
87152
87114
87088
87051
86952
86845
86839
86800
86796
86757
86676
86548
86543
86451
86407
86381
86320
86230
86218
86136
86093
86092
86091
86091
86068
85899
85850
85820
85783
85760
85712
85638
85617
85574
85555
85537
85502
85490
85382
85307
85301
85298
85138
85129
85100
85093
85082
85079
85028
84867
84815
84799
84726
84678
84627
84619
84513
84452
84452
84383
84256
84188
84170
84153
84137
84107
84012
83999
83931
83930
83930
83916
83738
83628
83622
83601
83557
83508
83373
83240
83166
83142
83103
82909
82904
82761
82719
82577
82381
82362
82358
82330
82317
82264
82230
82167
82122
81949
81921
81915
81804
81793
81789
81775
81755
81745
81631
81567
81539
81529
81516
81461
81418
81407
81390
81354
81347
81293
81160
81157
81070
81055
81037
81029
81023
80824
80709
80592
80532
80463
80398
80392
80390
80351
80135
80042
80022
80014
79924
79917
79897
79848
79732
79724
79720
79690
79581
79504
79429
79347
79247
79117
79062
78998
78964
78962
78948
78928
78885
78838
78792
78788
78742
78672
78644
78544
78487
78484
78463
78156
78113
78009
77943
77924
77885
77747
77732
77574
77563
77543
77421
77415
77388
77204
77204
77184
77153
77094
77018
76981
76924
76922
76775
76738
76692
76541
76479
76474
76471
76454
76449
76417
76295
76281
76270
76212
76122
76087
76046
76042
75956
75940
75884
75877
75860
75754
75739
75722
75682
75496
75456
75448
75427
75313
75287
75252
75225
75184
75170
75159
75144
75143
75040
75018
74929
74865
74801
74762
74759
74670
74662
74614
74502
74302
74294
74225
74152
74149
74107
74050
73977
73969
73912
73830
73806
73788
73756
73752
73701
73608
73468
73411
73256
73198
73128
73017
72861
72822
72792
72753
72745
72693
72603
72595
72567
72550
72502
72488
72430
72418
72364
72284
72261
72203
72174
72131
72130
72058
72051
71994
71988
71974
71925
71886
71876
71865
71812
71763
71642
71436
71431
71268
71240
71118
71089
71067
70956
70950
70950
70941
70750
70716
70665
70425
70403
70391
70375
70371
70353
70345
70329
70267
70257
70239
70189
70149
70146
70128
70127
69908
69894
69871
69677
69665
69621
69591
69588
69581
69568
69544
69347
69334
69202
69140
69133
69110
69081
69076
69051
69025
69000
68954
68950
68944
68909
68903
68877
68868
68743
68741
68736
68724
68671
68627
68573
68551
68423
68287
68280
68199
68176
68114
67958
67781
67755
67709
67581
67437
67414
67408
67372
67350
67311
67282
67266
67240
67232
67220
67174
66999
66922
66867
66748
66741
66696
66678
66661
66498
66476
66385
66374
66319
66309
66230
66206
66185
66161
66130
66034
65917
65748
65664
65555
65498
65484
65482
65350
65347
65322
65215
65187
65169
65086
64996
64980
64917
64887
64850
64813
64779
64751
64744
64688
64668
64622
64620
64619
64615
64585
64582
64485
64428
64391
64246
64088
64036
63906
63888
63819
63756
63756
63454
63393
63392
63327
63327
63258
63167
63108
63048
62973
62968
62942
62922
62890
62882
62771
62770
62769
62754
62740
62725
62716
62605
62554
62472
62472
62457
62454
62435
62371
62352
62287
62253
62234
62210
62191
62189
62012
62008
61994
61987
61929
61831
61784
61739
61730
61716
61664
61648
61434
61384
61340
61226
61214
61210
61073
60995
60962
60957
60935
60851
60830
60813
60806
60759
60743
60704
60692
60608
60593
60528
60480
60475
60454
60453
60444
60368
60360
60329
60295
60225
60161
60133
60076
60027
60017
59933
59897
59887
59851
59822
59774
59740
59723
59613
59612
59610
59562
59511
59449
59434
59405
59301
59234
59163
59080
59077
59071
59038
59011
58991
58972
58964
58937
58811
58784
58735
58689
58669
58634
58628
58614
58537
58462
58377
58316
58298
58297
58257
58215
58198
58163
58156
58154
58075
58050
58037
58029
58015
57992
57941
57939
57897
57891
57852
57851
57771
57764
57716
57688
57657
57439
57421
57391
57388
57292
57203
57119
57079
57051
57002
56990
56904
56900
56863
56800
56799
56713
56649
56640
56596
56542
56486
56465
56462
56434
56421
56279
56277
56193
56128
56040
56038
55939
55918
55901
55824
55810
55734
55610
55580
55525
55448
55440
55405
55328
55261
55222
55174
55161
55108
55062
54812
54791
54773
54748
54716
54714
54702
54678
54676
54656
54592
54591
54584
54531
54529
54460
54254
54164
54158
54136
54076
54055
53949
53935
53759
53663
53643
53397
53305
53291
53283
53081
53060
53020
52925
52879
52837
52836
52684
52623
52569
52561
52541
52515
52513
52493
52340
52321
52296
52215
52106
52104
52052
52043
52010
51862
51821
51774
51536
51418
51216
51189
51172
51104
51087
51083
51079
51036
50901
50901
50871
50859
50858
50689
50638
50628
50392
50293
50276
50269
50200
50016
50008
49991
49942
49824
49777
49732
49679
49646
49539
49443
49327
49243
49097
48987
48939
48766
48766
48753
48730
48609
48543
48539
48429
48352
48328
48302
48302
48295
48261
48259
48115
48095
48008
47935
47865
47838
47812
47798
47453
47438
47331
47308
47274
47238
47219
47196
47143
47142
47121
47086
47085
47006
46977
46935
46929
46907
46800
46692
46628
46606
46428
46112
46071
46058
46058
46014
45979
45948
45877
45845
45841
45791
45758
45749
45699
45674
45668
45605
45553
45516
45496
45495
45377
45318
45289
45176
45156
45154
45148
45138
45134
45093
45082
45038
45014
44910
44734
44726
44701
44675
44534
44494
44458
44456
44423
44421
44403
44393
44393
44361
44330
44280
44272
44262
44251
44227
44220
44040
44002
43996
43930
43845
43829
43795
43742
43690
43626
43516
43484
43450
43436
43371
43327
43244
43230
43139
43132
43129
43094
43085
42972
42847
42777
42758
42613
42368
42355
42261
42222
42218
42199
42141
42045
42022
41945
41771
41718
41709
41700
41681
41641
41539
41508
41479
41456
41434
41390
41346
41331
41321
41304
41284
41191
41185
41172
41151
41144
41064
41047
41015
40979
40871
40766
40686
40640
40626
40533
40513
40511
40505
40466
40460
40408
40361
40360
40356
40310
40284
40125
40063
40014
39972
39957
39914
39896
39792
39759
39700
39659
39653
39566
39562
39559
39457
39425
39376
39352
39331
39314
39278
39223
39203
39164
39142
39086
39078
39029
38976
38950
38754
38734
38699
38664
38663
38657
38586
38566
38421
38408
38373
38370
38297
38252
38167
38130
38068
38040
38034
38005
37962
37879
37870
37864
37861
37829
37581
37560
37259
37210
37145
37113
37113
37059
36989
36981
36953
36945
36809
36716
36691
36643
36630
36580
36579
36496
36489
36485
36383
36230
36101
36055
36024
35981
35972
35969
35957
35941
35896
35858
35853
35822
35801
35690
35651
35645
35603
35600
35466
35359
35314
35290
35104
35019
35019
34978
34871
34857
34848
34808
34787
34770
34738
34720
34676
34645
34615
34611
34520
34487
34439
34183
34173
34172
34160
34024
34002
33866
33864
33729
33654
33551
33506
33477
33461
33436
33420
33360
33325
33255
33225
33220
33207
33091
33083
33050
32981
32973
32948
32904
32798
32728
32706
32702
32590
32583
32524
32518
32474
32385
32352
32291
32288
32184
32158
32091
32030
32003
31950
31948
31709
31608
31571
31569
31557
31542
31532
31492
31469
31464
31349
31302
31265
31216
31180
31016
31007
30967
30948
30911
30867
30825
30786
30776
30730
30639
30548
30386
30359
30261
30256
30242
30198
30197
30173
30131
30121
30097
30095
30062
30018
29984
29977
29961
29883
29872
29865
29840
29690
29663
29658
29539
29529
29486
29449
29379
29350
29290
29279
29156
29127
29109
29089
29077
28914
28881
28827
28824
28809
28778
28747
28728
28718
28714
28603
28577
28540
28535
28492
28447
28405
28374
28362
28260
28218
28110
27926
27803
27764
27726
27705
27550
27542
27524
27462
27426
27424
27319
27242
27208
27137
26990
26989
26932
26831
26814
26800
26765
26745
26743
26741
26736
26594
26567
26503
26473
26448
26440
26340
26309
26301
26296
26281
26229
26170
26142
25927
25773
25656
25652
25487
25425
25404
25370
25247
25236
25229
25149
25141
25140
25027
24975
24966
24965
24950
24928
24817
24810
24806
24777
24761
24735
24508
24507
24443
24395
24391
24352
24350
24318
24308
24286
24174
24142
24141
24130
24111
24043
24018
23948
23870
23676
23653
23615
23611
23557
23550
23398
23344
23188
23161
23120
23035
23024
23019
22955
22949
22897
22861
22851
22737
22717
22686
22656
22646
22591
22568
22501
22499
22459
22446
22441
22431
22369
22318
22230
22166
22143
22070
22033
22008
21932
21919
21827
21827
21803
21781
21772
21758
21755
21742
21685
21603
21599
21566
21311
21303
21154
21119
21034
20955
20931
20868
20832
20792
20746
20739
20722
20718
20672
20627
20620
20536
20465
20416
20408
20207
20138
20121
20057
20002
19972
19937
19926
19834
19812
19802
19743
19715
19664
19532
19470
19437
19357
19287
19272
19107
19023
18940
18923
18874
18768
18727
18597
18585
18513
18441
18437
18388
18235
18214
18049
17954
17938
17900
17878
17847
17829
17791
17776
17765
17711
17668
17645
17580
17497
17425
17376
17371
17346
17314
17234
17179
17108
17106
17074
17025
17023
17003
16868
16859
16758
16748
16701
16696
16668
16621
16616
16575
16481
16337
16247
16214
16153
16096
16072
16062
16058
15939
15935
15911
15813
15813
15673
15646
15629
15462
15417
15387
15316
15217
15198
15184
15174
15083
15079
15032
15013
14943
14938
14930
14928
14888
14875
14858
14757
14731
14567
14449
14419
14418
14379
14355
14332
14292
14195
14126
14085
14069
14064
14037
14026
13963
13956
13950
13944
13921
13826
13812
13558
13552
13506
13280
13233
13219
13167
13035
12854
12711
12673
12672
12555
12525
12508
12496
12488
12481
12469
12257
12200
12190
12187
12178
12123
12090
12022
11997
11949
11856
11815
11801
11733
11592
11481
11479
11425
11391
11374
11298
11047
11032
11010
10965
10795
10720
10658
10640
10639
10548
10508
10462
10432
10332
10302
10301
10301
10295
10228
10207
10147
10110
10062
10047
10044
9990
9934
9919
9898
9896
9823
9744
9577
9539
9537
9509
9471
9459
9333
9333
9246
9190
9168
9088
9084
9024
9023
9020
8977
8966
8854
8829
8814
8800
8774
8726
8652
8489
8462
8454
8431
8420
8378
8305
8261
8158
8155
8130
8110
8090
8022
8020
7958
7932
7850
7763
7710
7701
7605
7589
7561
7432
7329
7278
7207
7106
7073
7050
7039
6986
6980
6893
6752
6710
6701
6695
6687
6681
6668
6659
6608
6529
6374
6306
6291
6284
6240
6144
6101
6091
6084
6061
6023
5982
5970
5940
5930
5790
5753
5712
5607
5563
5544
5528
5512
5503
5403
5369
5336
5183
5136
5106
5071
5065
4989
4986
4726
4725
4697
4645
4634
4604
4450
4393
4382
4374
4357
4335
4198
4121
4100
4083
4074
3944
3918
3839
3705
3649
3504
3479
3459
3409
3396
3276
3155
3133
3049
2984
2910
2902
2677
2629
2577
2477
2460
2427
2376
2315
2023
2018
2018
1982
1978
1868
1705
1617
1587
1527
1388
1382
1375
1344
1325
1303
1287
1214
1186
1113
1111
1075
1004
925
908
851
850
850
788
641
627
510
505
436
406
366
268
190
177
117
25
9
