99993
99950
99873
99853
99829
99819
99802
99764
99737
99571
99534
99387
99382
99238
99228
99182
99174
99159
99016
99011
98999
98991
98930
98925
98854
98574
98573
98515
98485
98421
98401
98328
98290
98235
98199
98195
98083
98016
97924
97900
97760
97738
97661
97657
97630
97580
97574
97500
97497
97304
97301
97292
97229
97198
97185
97169
97026
96950
96918
96895
96826
96613
96569
96555
96542
96540
96485
96464
96399
96328
96261
96235
96116
96093
96071
96065
95952
95931
95777
95692
95599
95564
95473
95441
95320
95285
95259
95233
95043
94964
94960
94934
94875
94817
94658
94556
94495
94494
94431
94424
94424
94419
94417
94404
94402
94220
94220
94190
94102
94075
94062
93986
93983
93930
93911
93896
93831
93768
93755
93626
93619
93574
93535
93435
93321
93299
93220
93177
93169
93157
93085
93079
92992
92951
92948
92882
92845
92842
92809
92773
92772
92745
92729
92711
92604
92565
92555
92474
92450
92449
92341
92332
92323
92173
92076
91994
91940
91842
91825
91816
91804
91757
91749
91678
91548
91544
91524
91457
91421
91393
91360
91338
91319
91264
91261
91245
91231
91199
91173
91133
91128
91068
90826
90481
90471
90459
90450
90363
90296
90262
90244
90109
89992
89975
89938
89922
89886
89884
89862
89816
89782
89718
89692
89629
89533
89528
89525
89463
89386
89372
89332
89305
89162
89122
89097
89087
89014
88926
88896
88862
88847
88789
88783
88770
88768
88742
88740
88736
88689
88560
88541
88533
88488
88467
88349
88335
88316
88266
88220
88168
88116
88114
88052
87987
87861
87769
87750
87659
87581
87562
87458
87405
87366
87356
87200
87191
87134
87116
87073
87064
86985
86897
86889
86789
86780
86613
86563
86497
86479
86436
86420
86418
86375
86375
86361
86355
86349
86331
86194
86145
86111
86110
86080
85966
85860
85763
85645
85603
85569
85542
85537
85531
85484
85438
85424
85294
85231
85222
85218
85199
84916
84913
84871
84802
84793
84792
84769
84687
84659
84557
84463
84463
84422
84348
84291
84272
84190
84172
84164
84084
84033
84018
83990
83922
83883
83855
83811
83756
83704
83665
83642
83622
83601
83584
83520
83519
83503
83432
83348
83347
83339
83328
83325
83274
83271
83225
83209
83096
83083
83067
83008
82989
82988
82920
82893
82892
82828
82791
82760
82758
82665
82605
82589
82521
82517
82510
82499
82427
82395
82382
82372
82293
82187
82165
82121
82052
81959
81904
81898
81859
81749
81740
81722
81625
81583
81479
81453
81367
81324
81212
81195
81172
81167
81085
81066
81056
80984
80926
80917
80776
80759
80694
80659
80638
80603
80525
80450
80445
80434
80426
80385
80324
80217
80178
80070
80012
79870
79828
79815
79788
79783
79727
79719
79686
79548
79473
79419
79391
79388
79281
79276
79260
79148
79140
79123
79098
79021
79011
78902
78876
78851
78830
78715
78590
78561
78461
78442
78369
78189
78173
78069
78048
78045
78040
78017
77817
77764
77738
77682
77509
77420
77252
77247
77237
77047
77028
77005
76899
76873
76797
76763
76736
76664
76637
76563
76473
76439
76326
76284
76227
76127
76093
75979
75823
75699
75601
75526
75517
75515
75485
75482
75457
75423
75422
75361
75317
75264
75228
75186
75156
75156
75083
75077
74993
74947
74907
74905
74841
74834
74827
74732
74583
74580
74575
74398
74288
74282
74230
74081
73978
73926
73850
73792
73777
73730
73700
73675
73621
73429
73428
73393
73391
73386
73300
73209
73115
73054
73054
72922
72844
72728
72724
72660
72645
72584
72536
72507
72473
72471
72433
72387
72337
72283
72200
72163
72156
72131
72130
72067
72032
71975
71974
71953
71917
71871
71798
71789
71789
71752
71675
71664
71616
71519
71491
71478
71438
71365
71337
71320
71314
71296
71216
71200
71140
71092
71090
71019
70996
70929
70819
70809
70742
70513
70493
70369
70272
70248
70221
70123
69968
69967
69900
69834
69793
69784
69619
69360
69300
69299
69252
69243
69233
69213
69140
69129
68986
68970
68913
68883
68882
68807
68804
68783
68745
68679
68649
68548
68489
68398
68375
68258
68223
68222
68207
68179
68103
68087
68049
67977
67951
67950
67942
67857
67838
67808
67720
67614
67584
67577
67500
67384
67353
67309
67299
67170
67125
67030
66853
66682
66494
66485
66381
66371
66258
66209
66126
66065
65982
65957
65945
65833
65753
65742
65724
65723
65676
65636
65595
65515
65480
65462
65426
65416
65408
65366
65352
65339
65310
65260
65155
65139
65127
65083
65059
65034
65000
64935
64904
64663
64604
64553
64450
64358
64334
64257
64253
64222
64176
64153
64087
64081
63982
63971
63933
63783
63761
63714
63691
63656
63632
63533
63468
63361
63232
63215
63153
63087
63084
62890
62876
62821
62792
62791
62788
62609
62556
62383
62374
62370
62305
62242
62184
62081
62022
61951
61927
61913
61830
61829
61800
61789
61747
61562
61506
61488
61464
61461
61452
61416
61118
61107
61049
61021
60997
60932
60863
60829
60793
60784
60717
60705
60669
60657
60608
60605
60563
60518
60511
60491
60463
60453
60323
60319
60309
60302
60250
60113
60106
60029
60027
60007
59962
59944
59866
59840
59732
59705
59634
59628
59623
59608
59586
59583
59522
59462
59445
59411
59224
59201
59200
59200
59198
59179
59162
58997
58902
58839
58750
58745
58677
58633
58585
58546
58541
58493
58476
58475
58464
58355
58351
58284
58168
58157
58135
58094
58078
58047
57950
57941
57876
57839
57725
57651
57631
57545
57449
57434
57434
57433
57414
57404
57367
57364
57357
57292
57181
57126
57096
56854
56759
56696
56664
56574
56504
56477
56474
56409
56402
56401
56391
56373
56354
56301
56250
56159
56131
56113
56016
56011
55981
55980
55967
55944
55928
55894
55859
55822
55762
55677
55659
55551
55459
55451
55389
55164
55104
55093
54984
54979
54963
54930
54918
54906
54835
54829
54787
54588
54585
54493
54421
54374
54163
54150
54149
54101
54098
54076
54046
53986
53922
53907
53707
53659
53609
53490
53430
53341
53336
53299
53017
53008
52987
52884
52852
52728
52574
52558
52534
52503
52500
52451
52409
52353
52298
52263
52181
52177
52175
52169
52151
52140
52106
52049
52049
52030
51960
51893
51825
51679
51665
51578
51577
51524
51428
51416
51247
51237
51204
51198
51194
50981
50901
50900
50785
50770
50584
50505
50474
50351
50324
50323
50323
50321
50212
50090
50060
50006
49908
49836
49830
49802
49793
49772
49734
49586
49373
49372
49330
49282
49254
49205
49188
49055
49046
49012
48920
48888
48747
48718
48702
48689
48678
48645
48576
48562
48535
48462
48426
48413
48299
48263
48252
48229
48195
48124
48090
48070
47969
47963
47958
47930
47923
47897
47831
47782
47759
47651
47613
47600
47598
47584
47513
47449
47390
47387
47345
47232
47144
47105
47071
47042
47013
46994
46985
46983
46919
46818
46801
46741
46714
46713
46690
46633
46625
46487
46446
46292
46276
46156
46056
46006
45841
45829
45794
45791
45737
45715
45709
45641
45441
45408
45278
45248
45240
45219
45208
45206
45198
45193
45162
45073
45012
44968
44960
44924
44849
44799
44739
44692
44545
44521
44515
44502
44369
44274
44246
44238
44223
44215
44195
44155
44150
44139
44139
44117
44111
44026
44019
43985
43940
43835
43830
43808
43666
43561
43553
43465
43399
43392
43278
43193
43171
43065
42930
42920
42853
42841
42831
42807
42700
42603
42483
42482
42466
42462
42367
42352
42351
42263
42243
42171
42118
42105
42012
41875
41845
41739
41696
41672
41666
41638
41617
41553
41543
41376
41354
41347
41288
41265
41202
41192
41187
41073
40943
40901
40802
40793
40746
40701
40656
40632
40566
40542
40488
40453
40448
40336
40333
40325
40304
40253
40141
40127
40077
40014
39994
39982
39943
39845
39778
39733
39704
39592
39557
39509
39449
39315
39273
39252
39245
39239
39111
39109
39104
39101
39085
39067
39046
39018
38859
38853
38754
38718
38661
38643
38592
38516
38478
38308
38305
38200
37859
37772
37720
37631
37537
37505
37459
37412
37375
37337
37251
37214
37208
37162
37113
37096
37095
37089
36959
36958
36873
36792
36789
36789
36743
36707
36638
36410
36336
36292
36289
36181
36175
36103
36064
35843
35830
35794
35777
35775
35736
35595
35586
35526
35374
35304
35271
35174
35050
35039
35014
34974
34905
34881
34847
34721
34700
34695
34681
34617
34541
34534
34510
34419
34315
34302
34219
34129
34016
33978
33976
33926
33914
33892
33870
33780
33768
33760
33614
33594
33537
33505
33500
33495
33488
33429
33399
33323
33290
33177
33131
33122
33092
33079
33032
33008
32989
32945
32851
32816
32665
32645
32539
32499
32419
32404
32395
32371
32247
32145
32067
31989
31947
31924
31903
31807
31772
31772
31734
31680
31672
31632
31579
31579
31579
31576
31529
31486
31386
31342
31263
31242
31105
31088
31064
31049
30934
30887
30815
30788
30773
30755
30717
30664
30629
30624
30619
30608
30604
30580
30351
30342
30199
30151
30106
30075
30029
30004
29997
29845
29785
29767
29744
29683
29595
29546
29507
29353
29334
29329
29239
29205
29200
29171
29104
29063
29019
28995
28952
28944
28939
28685
28682
28629
28599
28544
28523
28435
28407
28398
28331
28329
28329
28292
28269
28259
28238
28192
28178
28114
28059
27860
27817
27806
27699
27698
27552
27540
27517
27286
27217
27182
27125
27081
27059
27053
27010
26957
26792
26786
26761
26753
26728
26696
26610
26441
26424
26411
26369
26317
26291
26258
26214
26066
26060
26011
25973
25943
25848
25809
25742
25741
25684
25508
25470
25441
25438
25418
25372
25368
25325
25198
25191
25106
24998
24941
24892
24885
24884
24804
24764
24744
24608
24606
24458
24318
24312
24276
24252
24211
23991
23976
23973
23965
23931
23902
23860
23858
23800
23789
23740
23695
23682
23638
23594
23577
23193
23174
23172
23167
23131
23082
22969
22898
22880
22852
22733
22694
22606
22606
22527
22448
22445
22437
22249
22167
22156
22154
22149
22110
22042
22022
21983
21955
21933
21920
21859
21814
21772
21652
21632
21543
21527
21519
21508
21498
21371
21261
21152
21150
21145
21091
21088
21082
21042
20995
20785
20773
20681
20668
20644
20494
20407
20326
20322
20315
20283
20155
20091
20074
19950
19908
19888
19875
19870
19859
19810
19694
19665
19552
19551
19436
19366
19314
19116
19106
19090
19019
18972
18939
18916
18831
18790
18789
18641
18604
18560
18536
18462
18452
18449
18412
18411
18185
18099
18035
17991
17951
17922
17904
17868
17758
17734
17701
17665
17552
17490
17451
17448
17432
17429
17294
17294
17276
17249
17219
17215
17180
17172
17154
17128
17081
17068
17049
17043
17039
16950
16913
16908
16866
16848
16845
16773
16735
16682
16667
16646
16517
16473
16434
16432
16432
16430
16416
16400
16367
16299
16249
16132
16127
16050
16030
16020
16019
15965
15955
15897
15829
15756
15693
15677
15647
15413
15411
15408
15354
15168
15079
15044
15005
14835
14818
14763
14762
14731
14696
14664
14648
14610
14581
14573
14538
14406
14358
14308
14240
14202
14174
14094
14053
14045
14038
13980
13965
13954
13938
13818
13805
13703
13583
13555
13550
13504
13366
13363
13345
13321
13225
13212
13157
13148
13109
13081
13080
13039
12964
12876
12751
12723
12688
12644
12579
12564
12541
12412
12378
12346
12320
12269
12205
12200
12197
12195
12178
12177
12081
11922
11730
11726
11701
11695
11683
11651
11588
11549
11482
11369
11304
11218
11142
11044
11027
10951
10908
10872
10844
10746
10688
10663
10623
10503
10469
10449
10395
10357
10288
10267
10224
10144
10081
10070
10043
10032
9970
9922
9914
9861
9855
9842
9766
9559
9551
9545
9475
9464
9366
9343
9296
9294
9233
9212
9115
9078
9016
8997
8989
8961
8935
8928
8927
8529
8448
8259
8251
8165
8160
8037
8003
7997
7955
7928
7781
7766
7706
7668
7655
7499
7487
7402
7359
7271
7253
7217
7179
7163
7009
6879
6870
6813
6813
6737
6722
6635
6602
6545
6509
6433
6386
6364
6361
6340
6336
6335
6324
6319
6291
6288
6259
6078
6033
5977
5925
5901
5754
5679
5523
5518
5510
5423
5404
5368
5228
5227
5180
5134
5111
5078
5055
4933
4872
4784
4780
4777
4677
4641
4639
4633
4617
4571
4541
4464
4462
4453
4354
4335
4183
4173
4155
4146
4122
4096
4084
4081
4076
4047
3959
3931
3912
3880
3851
3769
3725
3550
3515
3335
3321
3300
3289
3263
3216
3203
3037
2992
2958
2927
2858
2851
2819
2817
2812
2801
2741
2690
2655
2608
2578
2484
2441
2397
2389
2299
2224
2162
2048
2042
2013
1902
1896
1815
1762
1641
1442
1379
1357
1279
1272
1243
1213
1159
1112
1078
1033
998
962
960
923
850
835
832
791
730
695
685
659
654
623
561
405
337
305
289
286
237
225
146
111
51
31
19
