99828
99682
99675
99642
99592
99578
99570
99397
99383
99381
99358
99285
99250
99189
99185
99173
99124
99062
99037
98978
98910
98891
98838
98825
98790
98779
98692
98439
98360
98259
98205
98203
98178
98152
98134
98121
98095
98039
97962
97908
97862
97790
97699
97680
97503
97395
97335
97316
97299
97290
97275
97228
97125
97065
97058
97004
96903
96840
96836
96818
96783
96707
96665
96638
96561
96554
96517
96407
96398
96267
96250
96235
96203
96188
96144
96132
96112
96063
96016
95914
95785
95677
95570
95558
95523
95485
95476
95436
95403
95376
95343
95276
95209
95209
95201
95145
95141
95121
95080
95018
95003
94981
94946
94924
94884
94758
94637
94535
94489
94482
94450
94411
94406
94397
94394
94391
94343
94324
94309
94220
94137
94125
94092
94089
94037
93964
93958
93957
93951
93857
93823
93820
93716
93670
93644
93557
93533
93514
93393
93355
93240
93107
93095
93084
93044
93003
92999
92923
92856
92853
92836
92746
92680
92641
92600
92579
92448
92272
92222
92194
92082
92047
92042
92039
92016
92009
91988
91916
91799
91704
91579
91327
91308
91142
91118
91048
90998
90932
90925
90910
90885
90841
90810
90801
90775
90712
90645
90624
90461
90444
90407
90348
90319
90174
89979
89973
89942
89941
89936
89904
89709
89679
89667
89662
89560
89520
89428
89378
89334
89297
89288
89088
89032
89005
89004
88943
88935
88867
88836
88801
88791
88607
88602
88566
88507
88448
88430
88364
88336
88082
88003
87942
87882
87870
87809
87701
87617
87508
87500
87489
87485
87477
87468
87456
87368
87314
87210
87104
87051
87047
87012
86923
86815
86772
86735
86733
86604
86559
86512
86498
86434
86310
86290
86258
86100
86088
86049
86024
85992
85968
85922
85908
85807
85803
85597
85587
85576
85573
85437
85386
85356
85340
85289
85286
85255
85218
85191
85179
85034
84926
84714
84703
84643
84629
84625
84599
84578
84540
84537
84533
84484
84473
84448
84427
84412
84380
84356
84276
84180
84161
84099
84094
84033
83951
83945
83919
83899
83823
83702
83674
83595
83565
83493
83478
83420
83408
83402
83373
83342
83240
83142
83070
82999
82878
82867
82814
82757
82749
82725
82717
82631
82574
82521
82485
82423
82350
82323
82235
82174
82132
82113
82058
82005
81963
81820
81790
81740
81668
81652
81566
81483
81482
81481
81464
81422
81404
81313
81279
81067
81063
80929
80924
80916
80890
80803
80700
80688
80651
80571
80546
80454
80453
80423
80378
80311
80309
80252
80241
80214
80194
80152
80142
80004
79933
79778
79703
79674
79572
79553
79511
79498
79447
79446
79392
79285
79246
79198
79190
79145
79113
79036
78997
78979
78967
78923
78883
78769
78743
78740
78711
78684
78667
78659
78644
78565
78544
78531
78524
78436
78423
78381
78301
78271
78215
78166
78062
78024
78020
77990
77982
77953
77823
77624
77476
77414
77403
77381
77335
77296
77234
77181
77089
76977
76857
76831
76815
76808
76778
76770
76754
76733
76667
76642
76515
76421
76408
76370
76280
76181
76158
76095
76067
76046
76008
75995
75924
75910
75874
75850
75830
75474
75470
75419
75376
75273
75262
75211
75187
75142
75128
75125
75071
75060
75025
74970
74964
74955
74934
74922
74915
74914
74850
74845
74839
74785
74690
74492
74352
74276
74252
74207
74148
74135
74089
74036
73950
73803
73683
73628
73604
73491
73440
73387
73380
73314
73206
73173
73163
73149
73113
72912
72895
72839
72786
72766
72711
72668
72664
72550
72487
72467
72453
72452
72391
72390
72374
72365
72357
72324
72292
72283
72280
72113
72104
72022
72022
71910
71907
71893
71851
71773
71765
71708
71688
71658
71624
71573
71507
71451
71302
71235
71226
71202
71156
71143
71049
71043
71025
70970
70970
70930
70807
70716
70628
70524
70458
70257
70194
70176
70171
70045
69911
69861
69854
69775
69758
69753
69718
69670
69617
69477
69397
69332
69251
69242
69204
69179
69148
69115
69033
68996
68992
68946
68683
68664
68512
68457
68386
68312
68264
68239
68196
68156
68155
68143
68025
68003
67863
67860
67763
67748
67738
67728
67728
67694
67681
67675
67674
67662
67634
67623
67586
67537
67536
67437
67430
67253
67235
67226
67131
67106
67103
66932
66911
66834
66821
66801
66687
66626
66571
66546
66531
66498
66435
66269
66266
66242
66226
66165
66164
66120
66104
66079
66015
66011
65954
65953
65881
65863
65848
65778
65643
65548
65532
65475
65398
65324
65231
65162
65103
65070
64957
64957
64716
64621
64593
64549
64520
64516
64491
64354
64343
64229
64223
64062
64016
63958
63945
63937
63913
63848
63795
63788
63744
63728
63627
63550
63523
63347
63237
63204
63133
63097
62989
62825
62728
62702
62692
62646
62630
62578
62525
62505
62492
62441
62375
62313
62290
62200
62179
62124
62074
62070
62021
61961
61952
61785
61678
61663
61427
61397
61377
61163
61104
61102
61069
61045
61034
60987
60912
60910
60837
60776
60751
60750
60666
60606
60515
60384
60365
60341
60322
60274
60216
60214
60205
60086
60052
60046
59910
59867
59822
59800
59744
59663
59587
59572
59540
59539
59525
59438
59431
59430
59390
59352
59273
59192
59083
59042
59036
58944
58747
58733
58700
58641
58609
58602
58595
58368
58337
58329
58327
58305
58250
58217
58118
58059
58029
57979
57950
57869
57793
57767
57742
57739
57725
57673
57544
57539
57530
57507
57487
57447
57425
57405
57370
57291
57190
57160
57091
57090
57074
56979
56847
56845
56822
56639
56635
56633
56607
56536
56535
56301
56220
56182
56173
56152
56137
56095
56058
55961
55826
55737
55654
55581
55561
55560
55442
55441
55422
55330
55216
55185
55166
55078
55068
55028
55005
54919
54844
54841
54815
54731
54730
54645
54638
54561
54547
54489
54487
54470
54341
54316
54270
54256
54252
54109
54056
54046
54037
53965
53854
53819
53791
53782
53773
53773
53673
53651
53615
53602
53587
53536
53535
53523
53508
53501
53431
53397
53326
53310
53284
53244
53214
53178
53165
53144
53104
53074
53029
52997
52985
52949
52904
52862
52831
52826
52793
52763
52745
52629
52628
52607
52587
52470
52417
52351
52326
52275
52255
52221
52207
52206
52189
52181
52066
52057
52042
52010
51952
51940
51898
51866
51837
51730
51697
51591
51562
51556
51543
51533
51490
51479
51405
51398
51360
51206
51174
51130
51122
51113
51025
51008
50992
50918
50909
50871
50814
50786
50719
50701
50689
50628
50439
50314
50204
50200
49828
49821
49817
49673
49645
49593
49551
49465
49443
49437
49429
49398
49288
49285
49186
49135
49094
49086
49064
49045
49023
49019
49018
49000
48932
48861
48848
48836
48766
48755
48730
48702
48689
48507
48497
48481
48474
48443
48401
48396
48375
48334
48299
48242
48194
48175
48156
48038
47942
47923
47908
47855
47803
47676
47654
47640
47598
47547
47539
47530
47520
47419
47249
47159
47154
47133
47090
47082
46994
46907
46885
46837
46829
46816
46807
46696
46665
46645
46629
46607
46580
46487
46449
46447
46436
46320
46313
46265
46176
46131
46021
46013
45945
45885
45809
45775
45644
45559
45413
45370
45274
45232
45229
45217
45013
45005
44994
44993
44974
44972
44786
44737
44584
44467
44453
44422
44412
44357
44325
44295
44261
44226
44197
44159
44115
44112
44075
43901
43897
43859
43833
43829
43804
43760
43743
43683
43654
43604
43601
43505
43402
43368
43343
43298
43284
43273
43228
43129
43092
42999
42944
42924
42902
42819
42770
42707
42625
42574
42534
42452
42387
42355
42028
41970
41966
41963
41957
41924
41906
41771
41762
41612
41452
41370
41348
41319
41272
41245
41172
41132
41119
41112
41104
41036
40964
40962
40884
40879
40822
40779
40740
40727
40621
40619
40575
40429
40310
40229
40160
40099
40080
40070
40048
40047
40011
39964
39952
39951
39934
39886
39869
39803
39681
39674
39663
39508
39459
39450
39428
39421
39396
39387
39318
39310
39275
39257
39238
39218
39165
39123
39095
39089
39075
39058
38991
38972
38971
38915
38913
38776
38758
38656
38583
38529
38437
38219
38194
38113
38041
38016
37979
37900
37797
37715
37676
37664
37611
37587
37533
37522
37521
37518
37503
37429
37419
37345
37295
37245
37202
37185
37143
37142
37140
37096
37018
37001
36951
36921
36847
36790
36763
36743
36684
36674
36550
36517
36510
36487
36407
36396
36304
36291
36258
36240
36163
35998
35935
35889
35779
35602
35504
35415
35397
35268
35223
35203
35190
35187
35166
35022
35005
34927
34919
34723
34675
34673
34584
34568
34522
34509
34360
34341
34310
34294
34264
34238
34196
34196
34181
34175
34095
34070
33934
33903
33840
33807
33787
33782
33690
33681
33668
33667
33656
33651
33506
33438
33307
33186
33186
33142
33127
33038
33014
32875
32866
32805
32695
32681
32663
32595
32579
32518
32478
32450
32400
32347
32151
32107
32084
31873
31790
31526
31320
31305
31291
31286
31284
31254
31240
31233
31216
31195
31186
31179
31138
31010
30999
30893
30787
30731
30666
30635
30626
30581
30538
30475
30445
30427
30349
30327
30231
30223
30209
30062
29971
29934
29820
29584
29574
29550
29443
29420
29284
29275
29263
29228
29204
29202
29122
29058
29036
29009
28958
28914
28898
28893
28888
28888
28845
28784
28715
28703
28629
28575
28556
28492
28256
28154
28143
28079
28062
28058
28029
27984
27981
27916
27915
27867
27833
27799
27762
27733
27658
27598
27523
27508
27501
27443
27429
27400
27271
27205
27182
27176
27082
27013
26965
26901
26886
26790
26658
26576
26507
26424
26395
26328
26069
26065
25943
25767
25714
25698
25671
25539
25428
25390
25251
25242
25164
25154
25135
25034
25014
24928
24919
24918
24877
24866
24804
24779
24759
24740
24685
24573
24514
24454
24415
24409
24394
24390
24380
24352
24324
24233
24143
24140
24036
24028
23936
23870
23838
23812
23728
23718
23595
23524
23484
23367
23304
23066
23052
23029
23028
22998
22969
22941
22838
22814
22785
22662
22589
22576
22563
22526
22474
22453
22415
22386
22166
21962
21956
21947
21889
21886
21844
21795
21758
21738
21725
21714
21714
21689
21664
21559
21486
21471
21444
21413
21367
21308
21294
21189
21184
21127
21034
21033
20942
20877
20712
20644
20634
20509
20448
20418
20341
20325
20126
20065
19964
19907
19891
19863
19844
19755
19676
19664
19629
19479
19433
19371
19361
19224
19155
19153
19133
19067
18974
18896
18847
18805
18804
18517
18424
18410
18406
18278
18265
18254
18222
18031
18005
17886
17877
17863
17788
17763
17713
17590
17578
17563
17537
17406
17379
17112
17105
16999
16958
16867
16865
16832
16827
16814
16771
16703
16596
16539
16515
16512
16448
16210
16102
15977
15937
15932
15922
15826
15821
15777
15688
15687
15682
15637
15569
15490
15487
15457
15456
15352
15299
15291
15270
15147
15091
15075
15015
14994
14989
14968
14948
14919
14904
14876
14780
14707
14695
14657
14625
14599
14572
14527
14475
14456
14446
14432
14422
14415
14288
14280
14249
14241
14177
14112
14097
14036
14012
13997
13943
13925
13919
13868
13854
13852
13830
13803
13797
13760
13756
13719
13717
13686
13628
13595
13565
13554
13460
13421
13367
13342
13334
13309
13302
13100
13042
13011
13005
12969
12952
12854
12764
12708
12614
12598
12499
12477
12403
12390
12383
12369
12336
12322
12153
12120
12093
11984
11983
11922
11799
11753
11749
11700
11686
11626
11611
11598
11570
11559
11372
11362
11352
11343
11319
11286
11243
11179
11164
11159
11104
11069
11052
11042
11020
10913
10896
10878
10877
10800
10747
10650
10540
10519
10502
10469
10468
10434
10403
10273
10235
10174
10152
10018
9959
9813
9806
9735
9672
9667
9609
9349
9335
9289
9286
9253
9239
9145
8985
8983
8969
8921
8907
8907
8873
8845
8820
8759
8608
8539
8539
8536
8495
8380
8223
8202
8165
8158
8081
8044
8027
8008
7959
7958
7870
7795
7759
7676
7641
7638
7610
7596
7589
7573
7488
7426
7341
7330
7143
7048
7031
7008
6996
6937
6893
6860
6855
6799
6689
6644
6630
6555
6490
6458
6440
6380
6297
6224
6211
6162
6131
6107
6044
6040
5987
5949
5799
5773
5714
5709
5690
5506
5442
5431
5425
5351
5297
5290
5238
5236
5064
5028
4947
4929
4906
4895
4853
4809
4695
4652
4532
4513
4495
4493
4474
4413
4220
4205
4198
4137
4072
4038
3901
3894
3868
3807
3757
3742
3724
3701
3609
3542
3442
3362
3361
3261
3168
3156
3110
2995
2993
2976
2887
2864
2858
2854
2841
2821
2780
2779
2759
2661
2642
2585
2496
2373
2342
2336
2333
2205
2107
2102
2099
2020
2009
1993
1988
1962
1877
1828
1806
1794
1712
1662
1628
1477
1447
1412
1304
1255
1092
1081
1053
888
808
805
702
696
666
601
582
469
452
415
375
363
362
362
351
342
329
322
296
218
161
135
114
