99918
99737
99705
99616
99611
99611
99583
99528
99521
99517
99430
99409
99378
99377
99344
99292
99257
99239
99117
99058
98931
98896
98833
98698
98669
98599
98511
98488
98484
98443
98434
98385
98371
98369
98240
98137
98032
98022
97928
97919
97862
97818
97791
97702
97674
97670
97589
97554
97398
97318
97312
97171
97166
97138
97108
97056
97051
97015
96986
96977
96917
96895
96838
96777
96748
96729
96637
96628
96576
96558
96415
96281
96260
96241
96208
96197
96170
96153
96128
96041
96028
96008
95966
95895
95826
95818
95760
95731
95706
95612
95496
95419
95403
95238
95144
95089
95064
95062
94979
94897
94881
94727
94703
94612
94587
94568
94498
94476
94442
94417
94399
94379
94293
94244
94114
94095
94085
94043
93851
93846
93647
93572
93518
93356
93352
93296
93289
93192
93189
93140
93116
93049
93039
93027
93024
93021
93018
92994
92992
92705
92626
92592
92560
92435
92398
92366
92340
92328
92256
92250
92232
92209
92187
92161
92120
92094
92052
92014
92013
91981
91908
91894
91744
91675
91658
91614
91601
91481
91468
91455
91451
91368
91355
91339
91164
91152
91149
91098
91039
91021
90993
90904
90850
90826
90747
90575
90574
90534
90514
90503
90311
90215
90169
90159
90018
90009
90002
89936
89928
89917
89892
89858
89818
89806
89805
89758
89710
89700
89469
89449
89442
89423
89399
89332
89256
89241
89162
89095
89045
89039
88999
88933
88836
88795
88710
88671
88648
88598
88594
88593
88570
88532
88516
88514
88482
88411
88381
88369
88356
88316
88288
88210
88162
88149
88100
87950
87673
87618
87567
87511
87452
87392
87318
87263
87261
87220
87195
87157
87148
87140
87125
87073
87027
87009
86992
86877
86877
86876
86870
86831
86713
86624
86604
86431
86206
86201
86139
86138
86133
86018
85980
85903
85874
85603
85470
85464
85431
85415
85354
85337
85331
85323
85297
85279
85268
85185
85121
85106
85055
85055
84997
84992
84985
84969
84924
84855
84854
84831
84807
84700
84613
84539
84520
84469
84383
84292
84208
84057
84054
84003
83976
83958
83956
83838
83761
83617
83552
83538
83461
83427
83391
83365
83355
83348
83246
83192
83167
83116
83091
83010
82929
82924
82907
82769
82736
82708
82636
82490
82460
82442
82434
82417
82416
82403
82393
82329
82314
82266
82241
82154
82130
82053
81966
81950
81924
81871
81870
81842
81826
81755
81704
81644
81591
81551
81550
81489
81441
81345
81336
81309
81243
81149
81048
80922
80892
80839
80826
80746
80644
80625
80603
80566
80556
80531
80518
80470
80436
80368
80297
80292
80180
80115
80081
79983
79982
79971
79959
79939
79923
79909
79792
79787
79716
79646
79645
79572
79543
79504
79474
79464
79356
79250
79242
79037
79003
78893
78845
78812
78745
78704
78678
78657
78600
78554
78551
78479
78468
78376
78370
78236
78213
78198
78197
78196
78067
78059
77936
77931
77906
77820
77811
77629
77628
77504
77441
77325
77203
77193
77153
77097
77079
76921
76884
76861
76828
76819
76603
76533
76488
76482
76433
76376
76166
76154
76127
76010
76009
75951
75840
75792
75685
75621
75559
75523
75471
75460
75442
75422
75421
75283
75205
75156
75067
74996
74601
74426
74364
74304
74275
74220
74103
74094
74049
74040
73989
73901
73842
73623
73612
73558
73481
73479
73423
73332
73317
73269
73249
73125
73098
73086
73063
72910
72848
72664
72625
72565
72468
72466
72439
72387
72381
72329
72295
72234
72164
72143
72015
72011
71993
71972
71926
71864
71847
71840
71739
71665
71654
71641
71633
71591
71458
71384
71358
71313
71256
71248
71218
71117
71090
71089
71053
70998
70923
70866
70862
70800
70795
70777
70762
70736
70416
70387
70383
70345
70312
70295
70192
70163
69892
69859
69799
69795
69691
69629
69626
69556
69511
69401
69372
69341
69314
69204
69122
69047
68983
68893
68844
68838
68803
68773
68726
68669
68665
68635
68582
68485
68476
68450
68291
68278
68206
68095
68079
68074
67941
67890
67890
67872
67780
67734
67714
67704
67701
67680
67667
67649
67643
67550
67518
67477
67454
67315
67280
67073
67041
66982
66969
66951
66915
66907
66853
66712
66656
66644
66615
66572
66552
66477
66470
66454
66245
66151
66018
66000
65975
65953
65926
65914
65860
65805
65755
65668
65655
65627
65588
65511
65502
65410
65339
65293
65287
65230
65224
64993
64924
64919
64873
64872
64856
64804
64778
64757
64754
64747
64730
64729
64712
64686
64650
64635
64611
64522
64371
64338
64298
64253
64251
64240
64156
64141
64099
64096
64038
64017
64015
63970
63896
63868
63817
63669
63615
63514
63500
63456
63416
63175
63156
63151
63142
63057
63049
62946
62894
62886
62869
62830
62790
62778
62688
62592
62554
62519
62488
62324
62321
62257
62195
62145
62138
62039
61941
61864
61843
61767
61732
61674
61513
61472
61391
61362
61341
61289
61286
61254
60987
60826
60757
60686
60643
60554
60449
60410
60408
60406
60400
60396
60273
60264
60221
60202
60162
60123
60068
60011
59924
59922
59903
59890
59731
59673
59578
59554
59553
59433
59343
59319
59286
59221
59180
59140
59038
58938
58866
58839
58769
58737
58652
58596
58489
58370
58338
58250
58206
58171
58133
58098
58097
58095
58037
58023
58014
57983
57885
57790
57768
57761
57726
57640
57620
57609
57558
57557
57513
57495
57455
57430
57426
57298
57213
56941
56786
56769
56625
56621
56616
56573
56497
56414
56376
56293
56217
56139
56133
56074
56051
56039
55973
55925
55837
55804
55741
55728
55682
55643
55552
55537
55535
55507
55391
55375
55245
55219
55098
55072
55035
54942
54930
54842
54824
54818
54780
54775
54667
54655
54648
54505
54387
54367
54208
54207
54187
54144
53939
53881
53779
53761
53666
53603
53547
53350
53336
53226
53174
53099
53079
53050
53034
52984
52957
52912
52896
52849
52821
52806
52760
52714
52703
52567
52561
52526
52504
52437
52401
52267
52266
52226
52219
52026
51983
51959
51947
51916
51910
51825
51742
51727
51722
51676
51672
51614
51609
51434
51401
51381
51318
51318
51316
51307
51266
51222
51149
51128
50986
50980
50885
50853
50846
50799
50784
50762
50736
50705
50498
50464
50418
50344
50317
50303
50186
50059
50044
49999
49988
49987
49972
49951
49929
49838
49817
49814
49811
49805
49786
49717
49682
49648
49636
49594
49592
49537
49395
49352
49313
49150
49144
49101
48997
48888
48869
48837
48749
48712
48703
48696
48638
48620
48566
48504
48504
48448
48408
48391
48380
48338
48318
48309
48287
48276
48251
48246
48245
48236
48213
48201
48184
48165
48164
48041
48035
47963
47924
47866
47836
47802
47676
47590
47574
47569
47517
47416
47286
47261
47248
47242
47093
47062
46969
46917
46850
46810
46782
46667
46654
46630
46460
46432
46425
46408
46379
46328
46247
46061
46055
46034
46032
45889
45871
45797
45720
45676
45650
45632
45609
45577
45527
45401
45391
45391
45322
45316
45294
45287
45246
45163
45038
44999
44880
44875
44852
44802
44788
44727
44725
44703
44683
44664
44630
44539
44502
44458
44434
44432
44426
44342
44286
44167
44116
44114
44060
44028
43977
43944
43884
43878
43812
43770
43674
43671
43498
43494
43489
43476
43420
43358
43300
43267
43234
43170
42839
42816
42679
42661
42512
42469
42405
42364
42359
42337
42295
42268
42152
42123
42111
42105
42088
42080
42051
42030
41944
41852
41838
41768
41656
41580
41481
41462
41428
41393
41303
41224
41180
41161
41147
41139
41107
41090
40996
40930
40875
40860
40851
40779
40742
40736
40587
40538
40526
40488
40450
40449
40330
40205
40190
40157
39989
39904
39892
39888
39849
39769
39763
39706
39682
39598
39545
39543
39425
39365
39355
39264
39245
39158
39151
39120
39117
38900
38877
38859
38789
38788
38774
38745
38745
38576
38562
38558
38524
38452
38283
38248
38205
38122
38120
37918
37858
37815
37790
37765
37619
37607
37567
37564
37563
37453
37413
37405
37401
37352
37246
37123
37069
37024
37016
36963
36917
36782
36672
36603
36541
36500
36457
36436
36382
36341
36275
36205
36172
36143
36015
36013
35802
35794
35734
35669
35624
35564
35481
35384
35383
35330
35319
35266
35096
35047
35038
35037
35036
34948
34936
34928
34877
34863
34841
34795
34651
34596
34574
34452
34432
34432
34294
34278
34113
34088
34075
34056
33984
33948
33895
33893
33893
33808
33795
33761
33752
33749
33733
33604
33534
33489
33453
33429
33363
33329
33252
33214
33195
33180
33179
33089
33058
33045
32930
32814
32793
32780
32778
32722
32721
32699
32606
32466
32339
32224
32150
32143
32024
32019
31981
31967
31943
31904
31877
31728
31617
31579
31535
31497
31457
31405
31310
31254
31251
31217
31099
31053
31024
31011
30968
30946
30896
30773
30735
30688
30649
30613
30596
30529
30490
30464
30431
30427
30327
30266
30150
30139
30061
30046
30024
29981
29936
29919
29904
29895
29888
29874
29819
29812
29807
29751
29525
29517
29495
29457
29416
29366
29300
29295
29289
29223
29221
29217
29089
29047
28982
28950
28925
28857
28817
28816
28790
28745
28736
28700
28643
28561
28561
28525
28517
28438
28335
28333
28247
28231
28221
28220
28176
28169
28155
28147
28125
28095
28092
27986
27851
27744
27725
27715
27669
27612
27605
27588
27546
27270
27262
27209
27138
27134
27128
27113
27050
27048
26956
26947
26937
26889
26809
26808
26724
26694
26684
26648
26505
26496
26359
26324
26289
26260
26225
26207
26083
26045
25950
25845
25767
25688
25616
25609
25546
25525
25524
25468
25464
25337
25294
25276
25204
25180
25130
25091
25038
25033
25022
24993
24882
24861
24717
24701
24638
24627
24594
24574
24451
24449
24406
24400
24381
24349
24261
24219
24172
24069
24059
23980
23977
23956
23932
23854
23835
23786
23764
23747
23720
23628
23596
23512
23508
23379
23316
23264
23256
23180
23118
23080
23044
23023
22938
22896
22842
22838
22828
22794
22751
22714
22686
22626
22611
22574
22524
22460
22410
22400
22378
22367
22243
22221
22215
22203
22181
22126
22124
22120
22116
22081
22026
22011
21981
21973
21967
21806
21734
21715
21642
21623
21567
21566
21468
21434
21408
21315
21305
21302
21225
21198
20955
20928
20880
20810
20736
20735
20721
20672
20261
20135
19967
19897
19795
19627
19595
19591
19578
19578
19511
19506
19481
19472
19423
19351
19212
19200
19087
19050
19025
19024
19024
18987
18932
18932
18783
18737
18573
18570
18343
18295
18183
18161
18067
18063
18020
17996
17921
17876
17825
17666
17580
17476
17459
17413
17347
17316
17295
17254
17249
17249
17201
17046
17044
17041
16975
16953
16934
16919
16901
16846
16815
16779
16773
16764
16759
16751
16647
16631
16593
16517
16404
16379
16287
16222
16141
15845
15759
15743
15711
15617
15613
15579
15571
15504
15430
15386
15383
15359
15312
15283
15276
15272
15272
15266
15199
15136
15097
15041
14978
14911
14903
14895
14868
14851
14795
14664
14648
14642
14617
14596
14383
14316
14260
14255
14113
13901
13875
13851
13766
13744
13668
13644
13636
13628
13586
13575
13558
13552
13546
13530
13470
13320
13279
13264
13232
13203
13093
13088
13086
13077
13054
12972
12952
12798
12752
12734
12726
12723
12632
12616
12603
12512
12507
12364
12269
12146
12114
12094
11992
11959
11933
11839
11836
11809
11786
11615
11614
11608
11587
11536
11478
11459
11399
11322
11319
11308
11250
11172
11133
11040
11037
10966
10956
10952
10838
10811
10766
10734
10704
10631
10564
10543
10486
10467
10428
10371
10259
10221
10184
10125
10102
10097
9968
9945
9859
9784
9637
9571
9428
9368
9352
9331
9315
9313
9299
9208
9196
9118
9051
8998
8978
8921
8843
8796
8753
8739
8662
8636
8558
8530
8504
8497
8425
8410
8359
8340
8323
8238
8234
8113
8098
8095
8055
8025
7997
7959
7946
7912
7864
7741
7619
7593
7584
7552
7513
7486
7442
7396
7380
7377
7358
7342
7306
7263
7206
6948
6872
6839
6836
6816
6809
6723
6685
6666
6515
6383
6333
6319
6306
6304
6268
6222
6053
6039
5993
5966
5957
5932
5923
5905
5791
5684
5651
5638
5603
5510
5423
5360
5259
5215
5048
5035
5026
4920
4919
4908
4895
4803
4789
4764
4719
4714
4491
4475
4221
4167
4146
4025
3974
3947
3920
3869
3857
3797
3742
3650
3631
3620
3618
3544
3497
3468
3457
3451
3451
3441
3403
3320
3317
3293
3283
3149
3095
3014
2833
2643
2639
2609
2585
2581
2559
2500
2340
2281
2261
2221
2111
2086
2081
2063
1878
1831
1826
1814
1779
1735
1732
1714
1635
1595
1540
1471
1469
1354
1336
1314
1273
1251
1202
1165
1111
1072
1002
1001
977
940
925
901
889
848
843
806
776
767
756
745
647
622
602
514
486
283
246
198
162
160
148
133
105
104
83
75
74
72
13
8
