99988
99973
99937
99895
99895
99833
99790
99766
99713
99653
99649
99611
99586
99546
99412
99399
99329
99304
99286
99268
99250
99236
99227
99207
99203
99199
99143
99079
99053
99019
99012
98909
98706
98701
98650
98583
98581
98519
98443
98330
98263
98214
98188
98176
98169
98160
98136
98123
98104
98088
98072
98057
98045
98042
97934
97933
97801
97715
97710
97618
97565
97543
97530
97512
97496
97475
97449
97424
97362
97357
97241
97232
97218
97201
97103
97096
97069
97028
97010
96797
96755
96673
96599
96582
96479
96449
96418
96413
96406
96406
96372
96320
96286
96252
96250
96239
96237
96223
96181
96110
96088
95929
95889
95803
95790
95778
95762
95700
95611
95595
95511
95478
95474
95462
95454
95434
95359
95267
95228
95218
95185
95180
95148
95123
94986
94860
94810
94671
94592
94564
94466
94243
94227
94227
94188
94171
94121
94102
94098
94067
93968
93782
93755
93741
93668
93659
93649
93496
93472
93463
93459
93420
93405
93391
93365
93284
93277
93015
92972
92959
92880
92840
92717
92661
92639
92492
92425
92319
92275
92181
92172
92170
92111
92027
91995
91893
91807
91783
91779
91632
91514
91485
91465
91330
91318
91252
91217
91167
91092
90824
90811
90785
90659
90656
90619
90467
90428
90422
90345
90235
90192
90185
90161
89867
89828
89780
89683
89673
89639
89599
89598
89577
89576
89465
89369
89309
89214
89197
89197
89180
89081
89072
89045
89027
88937
88935
88915
88902
88879
88803
88597
88558
88476
88437
88248
88174
88160
88119
88091
87959
87954
87706
87665
87659
87635
87615
87575
87530
87500
87479
87361
87254
87149
87130
86990
86957
86877
86876
86798
86717
86678
86524
86446
86445
86357
86321
86199
86192
86170
86167
86112
86110
85968
85912
85908
85752
85749
85722
85668
85666
85612
85611
85596
85586
85515
85459
85437
85424
85397
85339
85282
85108
85012
84998
84802
84770
84702
84555
84551
84538
84535
84479
84319
84316
84141
84109
84039
84031
84009
84006
83948
83912
83859
83798
83738
83607
83447
83407
83405
83396
83360
83241
83235
83231
83218
83210
83184
83174
83127
83107
83023
83022
82962
82882
82850
82807
82770
82744
82714
82672
82643
82637
82628
82504
82360
82345
82320
82061
82057
81953
81906
81858
81853
81671
81657
81605
81603
81532
81514
81488
81483
81479
81456
81415
81393
81288
81266
81163
81120
81102
81061
81052
81020
80902
80886
80837
80814
80731
80624
80599
80565
80527
80516
80473
80445
80352
80295
80293
80270
80222
80194
80128
80046
79990
79979
79958
79939
79925
79917
79891
79838
79837
79797
79711
79708
79703
79702
79676
79630
79514
79459
79436
79416
79393
79372
79366
79303
79296
79265
79136
79106
79040
78980
78967
78946
78940
78918
78809
78755
78616
78601
78482
78480
78352
78187
78151
78084
77982
77931
77924
77902
77792
77781
77771
77726
77723
77528
77407
77376
77264
77238
77178
77160
77145
77111
77043
77036
76970
76950
76921
76833
76829
76815
76783
76763
76687
76655
76643
76584
76414
76411
76405
76351
76211
76117
76102
76017
75966
75959
75935
75897
75885
75829
75823
75817
75786
75782
75721
75694
75614
75562
75410
75377
75371
75355
75293
75283
75244
75192
75177
75101
75094
75083
75026
75005
74793
74703
74680
74636
74610
74560
74514
74482
74431
74426
74369
74337
74314
74303
74295
74293
74145
74123
74085
74040
74036
74010
73963
73833
73749
73675
73601
73572
73517
73497
73450
73446
73405
73376
73316
73264
73224
73179
73165
73016
72958
72877
72861
72741
72667
72489
72466
72424
72403
72397
72340
72321
72118
72070
72030
71954
71887
71873
71846
71834
71793
71792
71766
71764
71711
71485
71469
71407
71374
71346
71338
71311
71288
71141
71074
70931
70904
70838
70804
70788
70744
70730
70652
70640
70558
70472
70448
70446
70434
70399
70325
70204
70162
70161
70064
70019
70009
70001
69975
69861
69830
69797
69776
69732
69719
69707
69633
69628
69464
69251
69162
69151
69110
69002
68909
68897
68856
68739
68728
68706
68674
68663
68644
68598
68569
68498
68369
68355
68320
68281
68266
68231
68169
67900
67696
67592
67541
67506
67461
67395
67339
67335
67288
67225
67182
67129
67110
67062
67027
67006
66871
66833
66744
66731
66728
66684
66672
66657
66598
66569
66481
66460
66371
66300
66245
66207
66169
66052
65938
65933
65912
65901
65869
65856
65779
65762
65756
65725
65725
65535
65526
65391
65357
65313
65261
65234
65131
64974
64913
64858
64816
64622
64605
64578
64467
64454
64417
64414
64376
64266
64145
64111
64037
63927
63888
63756
63612
63579
63506
63473
63313
63259
63248
63177
63118
63075
62934
62929
62915
62866
62863
62819
62791
62680
62666
62610
62523
62509
62471
62469
62452
62440
62404
62349
62336
62313
62259
62240
62120
62113
62112
62104
62068
62034
61982
61852
61827
61754
61749
61726
61580
61444
61379
61357
61191
61186
61169
61163
61109
61088
61030
61007
60906
60820
60696
60687
60621
60561
60516
60513
60487
60396
60360
60330
60225
60171
60123
60037
59968
59964
59953
59944
59851
59838
59773
59646
59611
59468
59459
59437
59319
59294
59144
59017
58972
58881
58846
58737
58715
58714
58678
58625
58622
58588
58553
58548
58462
58442
58418
58391
58358
58343
58237
58149
58130
58123
58116
58091
58075
57948
57927
57879
57865
57777
57765
57646
57641
57624
57556
57534
57471
57471
57364
57362
57336
57267
57251
57211
57083
57068
57010
56948
56922
56918
56880
56529
56515
56493
56405
56395
56241
56208
56168
56115
56030
56021
55920
55884
55699
55671
55663
55636
55532
55480
55423
55404
55368
55326
55295
55278
55213
55207
55181
55164
55160
55050
55046
55035
54978
54904
54872
54862
54735
54602
54592
54569
54438
54434
54425
54371
54361
54355
54331
54329
54326
54267
54252
54217
54179
54170
54087
54058
54033
54023
54010
53974
53969
53904
53837
53808
53805
53799
53767
53722
53609
53560
53529
53521
53483
53451
53343
53315
53307
53264
53106
53050
53003
52992
52991
52951
52866
52834
52788
52782
52739
52715
52611
52564
52560
52507
52422
52281
52265
52254
52123
52006
51964
51943
51878
51872
51797
51793
51781
51760
51752
51683
51673
51640
51622
51604
51577
51532
51493
51477
51433
51392
51378
51321
51296
51171
51139
51120
51073
51007
51004
50903
50890
50877
50864
50760
50728
50682
50667
50657
50573
50459
50456
50269
50160
50098
50072
50035
49992
49992
49981
49890
49886
49869
49752
49681
49677
49662
49654
49542
49486
49459
49334
49326
49323
49322
49182
49072
49055
49045
49026
48993
48906
48724
48699
48655
48643
48578
48517
48457
48405
48302
48258
48229
48222
48053
47922
47783
47775
47770
47688
47665
47649
47592
47446
47437
47358
47313
47308
47307
47222
47100
47070
47069
46905
46876
46792
46705
46684
46678
46664
46633
46624
46600
46533
46511
46440
46388
46342
46298
46006
45953
45947
45911
45896
45889
45692
45675
45672
45657
45633
45589
45569
45562
45510
45493
45467
45431
45427
45420
45413
45279
45201
44933
44906
44812
44805
44751
44740
44652
44648
44598
44590
44489
44484
44464
44423
44421
44400
44371
44366
44348
44226
44218
44173
44167
44131
44123
44113
44100
44086
44059
44048
44044
43940
43919
43881
43743
43712
43706
43702
43609
43488
43432
43365
43356
43327
43289
43173
43124
42963
42943
42833
42712
42667
42533
42492
42491
42393
42294
42212
42211
42150
42141
42090
41899
41895
41881
41762
41702
41701
41633
41618
41614
41599
41484
41476
41410
41382
41376
41285
41241
41237
41194
41151
41135
41128
41101
41043
41023
40942
40832
40828
40803
40793
40743
40698
40691
40677
40670
40621
40603
40595
40557
40382
40335
40327
40183
40160
40123
40055
40054
40022
39976
39962
39939
39937
39923
39892
39807
39752
39728
39726
39655
39647
39609
39597
39494
39486
39432
39391
39327
39321
39317
39274
39251
39220
39096
39078
39059
38993
38915
38906
38869
38863
38839
38822
38739
38643
38630
38618
38500
38416
38402
38307
38268
38257
38037
37819
37756
37722
37705
37696
37625
37604
37585
37539
37510
37457
37454
37346
37342
37198
37094
37064
37050
37018
36962
36955
36875
36818
36707
36682
36677
36648
36631
36627
36581
36581
36575
36567
36559
36552
36511
36417
36387
36348
36189
36181
36133
36129
36110
36049
36012
35996
35947
35907
35858
35797
35678
35669
35576
35468
35467
35305
35304
35254
35242
35098
35032
34983
34962
34916
34850
34786
34700
34670
34607
34592
34547
34533
34503
34478
34413
34352
34334
34323
34187
34172
34093
34084
34003
33991
33974
33960
33899
33874
33822
33814
33814
33809
33760
33742
33734
33663
33627
33603
33589
33577
33573
33523
33501
33454
33449
33406
33347
33254
33176
33143
33056
33028
32921
32873
32851
32851
32830
32690
32470
32450
32444
32413
32394
32322
32300
32281
32242
32230
32101
31959
31898
31838
31765
31748
31716
31695
31619
31615
31609
31591
31583
31504
31496
31470
31442
31348
31277
31251
31226
31176
31136
31103
30804
30694
30643
30510
30454
30361
30303
30288
30252
30251
30249
30209
30163
30046
29974
29946
29944
29927
29905
29895
29879
29869
29860
29671
29341
29322
29314
29307
29258
29207
29104
29094
28990
28953
28877
28860
28838
28817
28790
28769
28748
28737
28701
28668
28553
28484
28481
28423
28298
28259
28235
28153
28112
28100
28093
28032
27960
27897
27862
27791
27750
27717
27711
27697
27573
27547
27545
27444
27354
27333
27317
27291
27282
27192
27175
27133
27073
26988
26969
26952
26892
26851
26796
26778
26738
26717
26696
26663
26587
26576
26538
26467
26462
26413
26396
26349
26320
26303
26258
26208
26198
26128
26127
26094
26040
26031
25822
25729
25679
25594
25584
25579
25476
25249
25231
25147
25122
25119
25095
25077
25054
25044
25031
25007
25003
24947
24904
24870
24802
24763
24744
24677
24669
24591
24585
24555
24546
24541
24538
24516
24488
24468
24465
24452
24372
24355
24345
24294
24256
24226
24210
24200
24183
24107
24077
23981
23979
23873
23853
23562
23519
23434
23380
23310
23296
23273
23248
23165
23038
23027
22982
22943
22942
22916
22897
22875
22836
22692
22664
22644
22610
22558
22540
22526
22481
22431
22386
22354
22332
22292
22258
22248
22230
22110
22052
22040
21966
21953
21762
21730
21711
21702
21429
21339
21302
21301
21254
21194
21187
21098
21090
21039
21032
20991
20971
20939
20919
20914
20908
20808
20710
20695
20649
20646
20590
20575
20548
20479
20476
20272
20187
20052
19933
19884
19872
19860
19754
19711
19693
19633
19593
19524
19473
19388
19347
19338
19249
19237
19181
19161
19008
18988
18727
18649
18455
18431
18391
18389
18203
18186
18066
18007
17993
17914
17911
17887
17784
17692
17617
17558
17553
17541
17530
17482
17459
17399
17351
17171
16961
16960
16919
16904
16891
16852
16802
16774
16768
16747
16703
16683
16625
16579
16414
16320
16201
16182
16078
15950
15917
15913
15902
15840
15827
15827
15810
15771
15755
15748
15698
15601
15591
15556
15488
15477
15471
15432
15381
15343
15333
15271
15265
15161
15114
15071
15023
14965
14943
14939
14896
14810
14793
14661
14628
14493
14492
14462
14451
14295
14274
14273
14244
14153
14050
14008
13901
13728
13726
13590
13587
13545
13480
13451
13286
13111
13091
13082
13030
13016
13004
12987
12968
12914
12898
12845
12821
12820
12731
12725
12697
12660
12450
12443
12389
12363
12356
12351
12335
12313
12287
12247
12147
12135
12122
11945
11905
11886
11828
11764
11740
11729
11725
11692
11644
11576
11567
11485
11473
11455
11413
11411
11382
11366
11320
11303
11272
11251
11240
11202
11165
11136
11079
10940
10899
10820
10793
10780
10773
10757
10268
10239
10176
10161
10141
10104
10101
9970
9937
9935
9913
9910
9822
9704
9614
9582
9471
9465
9427
9415
9351
9330
9290
9253
9240
9206
9190
9111
9106
9100
9095
8986
8910
8888
8810
8800
8789
8778
8760
8691
8490
8468
8428
8412
8342
8288
8287
8269
8107
7987
7910
7864
7832
7645
7534
7531
7419
7404
7373
7344
7342
7309
7269
7214
7208
7153
7122
7100
7095
6950
6875
6858
6854
6783
6744
6667
6555
6518
6516
6423
6422
6192
6068
6029
5830
5756
5755
5731
5717
5680
5651
5496
5465
5463
5309
5295
5253
5161
5153
5116
5054
5023
4977
4942
4901
4892
4826
4795
4710
4593
4592
4567
4455
4454
4171
4130
4102
4062
3755
3662
3611
3503
3436
3332
3315
3308
3274
3221
3214
3122
3121
3018
2952
2799
2766
2671
2629
2605
2595
2576
2562
2492
2301
2288
2190
2085
2062
2051
2008
1927
1877
1860
1658
1644
1613
1580
1398
1378
1377
1339
1233
1028
975
952
745
687
641
611
550
539
525
441
398
372
355
304
282
276
275
260
24
13
