99988
99979
99958
99909
99885
99859
99844
99814
99786
99650
99637
99426
99383
99301
99275
99166
99156
98954
98947
98932
98860
98803
98675
98659
98567
98495
98400
98375
98335
98222
98157
98057
97931
97863
97791
97779
97755
97724
97662
97637
97554
97364
97356
97335
97290
97258
97240
97112
97111
97094
97072
97022
96961
96885
96821
96792
96775
96742
96696
96673
96628
96592
96541
96490
96449
96394
96310
96286
96284
96234
96231
96201
96199
96156
96152
95970
95903
95849
95816
95807
95668
95624
95477
95386
95290
95259
95146
95130
95084
95056
95013
94967
94934
94933
94931
94922
94911
94886
94763
94755
94725
94699
94658
94520
94424
94263
94254
94249
94238
94222
94208
94172
94159
94148
94084
94033
93985
93973
93876
93832
93762
93709
93518
93372
93193
93079
93035
93030
92954
92896
92843
92836
92783
92781
92721
92655
92622
92610
92532
92513
92445
92420
92354
92341
92217
92206
92164
92162
92029
92016
91886
91821
91811
91749
91715
91647
91606
91477
91381
91334
91176
91157
91014
90984
90945
90891
90814
90711
90655
90597
90578
90440
90439
90406
90327
90288
90218
90203
90181
90112
89995
89917
89882
89867
89789
89772
89745
89705
89677
89663
89650
89554
89522
89517
89503
89288
89235
89085
89047
88982
88954
88945
88919
88910
88906
88817
88809
88808
88788
88761
88732
88727
88660
88631
88514
88509
88436
88391
88371
88293
88292
88133
88130
88100
88079
88025
87991
87956
87950
87935
87831
87829
87797
87789
87667
87660
87634
87512
87335
87315
87209
87167
87166
87064
87003
86996
86963
86884
86874
86847
86746
86626
86623
86545
86488
86420
86358
86326
86286
86256
86244
86233
86229
86204
86201
86146
86085
86085
86052
86039
85967
85853
85797
85748
85664
85653
85512
85198
85046
84878
84849
84724
84721
84712
84690
84663
84484
84405
84390
84376
84375
84368
84268
84042
84007
83991
83953
83876
83854
83836
83825
83788
83582
83580
83575
83501
83494
83403
83307
83279
83091
83003
82966
82935
82927
82829
82785
82765
82749
82679
82653
82631
82535
82513
82486
82474
82426
82284
82215
82147
82115
82112
82070
81995
81986
81919
81751
81707
81697
81650
81630
81557
81541
81527
81460
81448
81417
81292
81243
81160
81123
81116
81089
81026
81004
80933
80922
80900
80889
80861
80860
80811
80782
80735
80730
80689
80684
80660
80480
80357
80299
80163
80118
80102
80093
80058
80052
80046
80030
79896
79854
79815
79796
79783
79769
79700
79658
79633
79629
79628
79576
79552
79484
79409
79343
79340
79281
79267
79250
79238
79216
79184
79182
79089
79029
78999
78994
78922
78909
78857
78827
78752
78690
78624
78498
78477
78461
78433
78222
78179
78115
78092
78066
77976
77806
77734
77660
77567
77559
77537
77463
77457
77416
77411
77340
77195
77126
77055
77031
77022
76942
76866
76810
76807
76787
76625
76560
76546
76544
76541
76528
76510
76488
76448
76232
76232
76217
76217
75838
75767
75738
75705
75700
75661
75624
75560
75503
75452
75431
75412
75386
75336
75184
75083
75023
75002
74860
74821
74779
74770
74702
74662
74593
74461
74403
74363
74347
74329
74302
74192
74132
73984
73884
73742
73719
73626
73587
73517
73314
73226
73120
73020
72999
72978
72978
72870
72810
72761
72722
72510
72484
72433
72329
72269
72242
72222
72133
72098
72030
72016
71868
71830
71798
71761
71727
71663
71659
71460
71397
71391
71343
71329
71307
71307
71305
71234
71192
71190
71161
71113
71044
70992
70957
70930
70906
70855
70724
70690
70654
70648
70627
70551
70448
70422
70253
70178
70168
70132
70087
70059
69950
69931
69909
69798
69693
69692
69548
69526
69353
69349
69340
69238
69167
68958
68877
68855
68848
68834
68685
68628
68604
68584
68541
68493
68450
68402
68341
68322
68217
68166
68137
68098
68072
68011
67943
67920
67771
67739
67725
67721
67717
67703
67696
67666
67609
67542
67492
67444
67431
67428
67371
67326
67307
67289
67236
67214
67145
67085
67016
66939
66928
66921
66917
66887
66833
66828
66770
66735
66722
66656
66637
66556
66475
66433
66399
66292
66168
66099
65893
65645
65641
65585
65266
65121
65111
65107
65101
65068
65063
65048
65044
65013
65009
64845
64834
64805
64772
64655
64644
64641
64641
64615
64599
64597
64573
64528
64500
64331
64328
64245
64076
64064
63958
63956
63931
63914
63911
63847
63846
63797
63713
63698
63669
63654
63524
63507
63483
63482
63476
63443
63415
63365
63302
63143
63142
63082
63045
62960
62911
62804
62698
62532
62519
62461
62402
62335
62317
62311
62280
62259
62200
62180
62175
62164
62090
62082
61960
61901
61795
61762
61761
61680
61571
61529
61382
61369
61337
61309
61144
61049
61044
61007
60872
60831
60823
60694
60638
60634
60623
60549
60539
60529
60519
60467
60460
60427
60389
60322
60304
60285
60259
60255
60149
60149
60048
59981
59747
59707
59698
59692
59592
59583
59479
59423
59354
59340
59266
59265
59206
59203
59191
59154
59135
59110
59102
58972
58962
58937
58866
58725
58622
58618
58531
58501
58404
58331
58280
58274
58225
58149
58132
58107
58003
57936
57927
57920
57884
57810
57779
57755
57710
57685
57679
57659
57628
57613
57477
57327
57296
57133
57091
56903
56870
56799
56776
56696
56663
56640
56567
56534
56398
56388
56386
56334
56309
56252
56237
56221
56209
56189
56085
55839
55826
55786
55783
55750
55743
55701
55632
55574
55451
55352
55317
55307
55212
55190
55077
55045
54969
54886
54828
54808
54774
54755
54735
54719
54715
54689
54687
54552
54514
54422
54358
54351
54347
54267
54131
54093
54024
53990
53920
53899
53887
53863
53862
53861
53748
53699
53675
53652
53597
53588
53529
53432
53424
53386
53346
53326
53289
53286
53229
53178
53040
53032
53029
53020
53018
52988
52900
52896
52853
52848
52708
52646
52613
52610
52551
52537
52529
52517
52487
52474
52468
52460
52405
52391
52296
52257
52228
52197
52149
52146
52064
52043
52030
52006
51862
51856
51823
51805
51803
51737
51709
51591
51566
51412
51407
51352
51267
51095
51095
51083
51007
51003
50985
50958
50895
50731
50729
50706
50554
50427
50426
50416
50409
50387
50385
50375
50375
50366
50362
50360
50238
50191
50185
50167
50132
50115
50095
50087
50066
50061
50046
50023
50021
49990
49960
49900
49856
49836
49818
49744
49712
49685
49667
49625
49471
49363
49343
49265
49258
49150
49081
49022
48957
48852
48832
48828
48751
48732
48701
48635
48617
48541
48501
48495
48470
48311
48257
48236
48213
48199
48082
48056
47997
47942
47928
47910
47879
47708
47536
47525
47456
47421
47384
47378
47339
47282
47260
47166
47161
47139
47091
46941
46904
46579
46526
46495
46443
46420
46419
46367
46327
46241
46222
46154
46089
46034
45994
45944
45940
45933
45914
45852
45801
45765
45689
45653
45499
45474
45397
45287
45270
45232
45220
45191
45190
45184
45179
45167
45101
44924
44899
44867
44858
44826
44825
44789
44701
44643
44640
44616
44571
44550
44548
44535
44491
44491
44469
44430
44393
44382
44277
44202
44123
44102
44095
43999
43788
43770
43767
43740
43685
43640
43505
43483
43481
43256
43185
43168
43081
42994
42986
42865
42805
42754
42697
42652
42635
42635
42579
42525
42506
42245
42244
42231
42225
42101
42098
42085
42049
41952
41906
41899
41866
41758
41747
41730
41700
41685
41498
41461
41420
41318
41280
41213
41158
41104
41067
40987
40983
40924
40893
40767
40705
40684
40682
40608
40541
40537
40481
40450
40410
40404
40345
40323
40191
40124
40052
40002
39944
39867
39826
39826
39667
39579
39535
39522
39496
39451
39432
39414
39406
39382
39363
39288
39288
39277
39098
39095
39061
39055
38966
38962
38832
38726
38650
38638
38608
38586
38511
38420
38320
38268
38258
38196
38175
38114
38039
37942
37942
37938
37931
37860
37755
37742
37672
37631
37573
37522
37464
37387
37290
37284
37223
37041
37019
37018
37016
37011
36998
36981
36948
36933
36911
36911
36865
36855
36848
36736
36724
36687
36638
36626
36613
36567
36562
36393
36384
36378
36290
36194
36155
36106
35804
35803
35774
35708
35703
35693
35648
35623
35530
35457
35396
35380
35380
35175
35055
35039
34916
34851
34771
34758
34751
34732
34722
34653
34622
34610
34559
34396
34314
34253
34193
34106
34084
34083
34082
34062
34019
33973
33897
33892
33833
33804
33782
33769
33631
33613
33578
33576
33465
33431
33415
33364
33270
33268
33244
33108
33009
32960
32948
32900
32876
32840
32820
32796
32796
32792
32746
32678
32598
32534
32488
32478
32457
32410
32389
32277
32251
32246
32193
32183
32182
32145
32018
32001
31972
31919
31875
31865
31829
31777
31675
31664
31605
31507
31477
31456
31426
31397
31380
31349
31230
31095
30971
30778
30720
30693
30656
30620
30612
30606
30604
30557
30484
30470
30445
30405
30396
30323
30319
30285
30251
30022
29849
29800
29766
29740
29664
29625
29616
29599
29579
29570
29450
29362
29271
29184
29153
29149
29148
29131
29064
29007
28996
28876
28784
28738
28687
28683
28679
28658
28573
28394
28354
28324
28289
28274
28229
28175
28172
28171
28146
28103
28070
28054
28034
27882
27843
27833
27701
27596
27579
27539
27532
27479
27458
27443
27425
27413
27329
27275
27230
27225
27176
27108
27072
27065
27016
26823
26792
26783
26783
26618
26567
26525
26505
26468
26343
26271
26221
26165
26110
25995
25937
25927
25857
25818
25798
25560
25554
25462
25416
25376
25369
25351
25336
25187
25142
25137
25118
25084
24970
24956
24890
24850
24837
24824
24809
24742
24557
24537
24516
24514
24438
24421
24414
24288
24003
23962
23887
23845
23835
23799
23739
23709
23555
23421
23413
23402
23303
23208
23143
23044
22854
22850
22719
22708
22618
22409
22398
22311
22280
22203
22157
22134
22123
22119
22116
21957
21946
21899
21897
21891
21847
21820
21798
21749
21645
21618
21563
21515
21436
21421
21388
21383
21314
21251
21249
21239
21227
21223
21146
21081
21057
20985
20883
20805
20795
20749
20712
20665
20466
20397
20314
20301
20296
20265
20244
20202
20134
19983
19977
19917
19842
19833
19790
19785
19780
19776
19633
19620
19529
19495
19433
19432
19387
19309
19264
19189
19167
19119
19074
19070
19048
18990
18940
18939
18892
18806
18795
18715
18631
18452
18295
18275
18260
18229
18119
18046
18043
18042
18017
18010
17796
17745
17738
17730
17724
17596
17494
17419
17410
17409
17395
17387
17354
17334
17310
17281
17246
17211
17153
17120
17105
17080
17021
16997
16997
16868
16868
16833
16810
16615
16601
16567
16534
16502
16481
16479
16454
16414
16242
16142
16111
15950
15877
15871
15800
15770
15732
15688
15667
15653
15593
15545
15467
15446
15425
15407
15279
15158
15132
15124
15114
14976
14956
14941
14858
14732
14695
14642
14604
14553
14532
14528
14500
14470
14431
14334
14320
14294
14282
14255
14184
14159
14158
14097
14068
13996
13887
13861
13842
13819
13814
13794
13770
13732
13709
13708
13707
13707
13688
13647
13641
13640
13525
13478
13440
13393
13385
13326
13314
13303
13290
13223
13216
13195
13181
13137
13069
13026
12984
12967
12949
12938
12922
12903
12859
12734
12720
12703
12700
12693
12640
12419
12326
12311
12311
12147
12139
12087
12018
11898
11890
11806
11719
11710
11681
11619
11496
11468
11462
11421
11415
11346
11319
11312
11272
11183
11136
11067
10992
10959
10912
10903
10896
10884
10813
10776
10730
10699
10659
10582
10522
10474
10438
10377
10361
10156
10155
10077
9953
9855
9821
9697
9697
9693
9645
9539
9537
9458
9424
9336
9270
9258
9161
9015
8993
8990
8970
8905
8850
8819
8805
8793
8780
8748
8725
8702
8585
8501
8396
8336
8302
8291
8148
8033
8005
7951
7912
7699
7697
7692
7598
7563
7562
7561
7516
7490
7484
7405
7380
7215
7206
7117
7093
7024
6972
6861
6827
6825
6762
6727
6727
6723
6702
6674
6666
6665
6642
6529
6479
6465
6328
6324
6204
6162
6098
6003
5978
5845
5827
5823
5763
5755
5746
5694
5687
5656
5644
5643
5589
5580
5489
5478
5276
5245
5154
5126
5115
5100
5091
5046
5001
4959
4793
4783
4740
4694
4656
4604
4597
4571
4493
4335
4275
4275
4250
4212
4197
4193
4153
4144
4114
4076
4064
3975
3951
3938
3931
3927
3831
3554
3547
3510
3469
3449
3448
3447
3431
3291
3271
3228
3200
3140
3107
3068
3040
2978
2953
2949
2917
2912
2889
2850
2748
2709
2647
2646
2644
2638
2624
2603
2553
2479
2479
2455
2413
2379
2293
2260
2224
2116
2003
1949
1890
1741
1624
1606
1539
1496
1425
1355
1308
1210
1205
1091
1040
911
907
902
884
869
819
816
750
690
652
642
637
634
596
567
557
525
499
474
472
433
360
153
114
81
65
38
33
13
