99959
99900
99844
99800
99774
99766
99709
99552
99502
99409
99408
99379
99362
99358
99244
99086
99056
99051
98913
98899
98833
98738
98696
98630
98562
98416
98383
98368
98184
98083
98055
98003
98000
97978
97950
97936
97709
97689
97686
97636
97516
97505
97491
97438
97177
97167
97061
97047
97027
97010
96851
96787
96722
96718
96684
96503
96480
96467
96438
96437
96427
96350
96237
96236
96221
96198
96128
96079
95823
95819
95703
95640
95636
95603
95535
95517
95439
95382
95276
95265
94878
94778
94754
94738
94669
94464
94427
94367
94302
94239
94235
94127
94054
94043
94036
94028
94024
94008
93985
93952
93880
93874
93833
93808
93729
93697
93617
93566
93538
93414
93414
93359
93308
93248
93159
93149
93104
93085
93010
92956
92923
92875
92755
92646
92387
92308
92296
92173
92159
92142
92097
92072
92021
91995
91973
91890
91832
91760
91725
91691
91639
91613
91578
91275
91167
91072
90998
90932
90899
90825
90808
90798
90686
90587
90584
90553
90433
90427
90330
90182
90181
90108
90098
90090
90067
90034
89887
89882
89698
89697
89648
89638
89542
89518
89462
89458
89453
89444
89430
89390
89351
89327
89235
89231
89219
89189
89119
89088
89050
89010
88979
88932
88883
88790
88761
88755
88745
88713
88583
88548
88529
88479
88473
88468
88273
88187
88109
88060
88051
88042
88014
87995
87971
87956
87840
87833
87804
87757
87628
87591
87589
87558
87493
87486
87476
87445
87443
87404
87380
87377
87330
87314
87227
87169
87115
87106
87105
87058
86918
86859
86785
86745
86670
86664
86593
86592
86476
86467
86450
86332
86086
86085
86043
86015
85943
85874
85867
85760
85740
85699
85618
85589
85532
85494
85356
85259
85193
85032
84949
84920
84842
84821
84813
84805
84800
84781
84765
84758
84638
84627
84493
84446
84385
84376
84366
84292
84204
84165
84028
83996
83797
83699
83439
83413
83268
83086
83006
82840
82839
82808
82800
82735
82674
82661
82650
82645
82645
82633
82605
82556
82398
82371
82322
82268
82198
82122
82064
81984
81889
81843
81835
81736
81724
81702
81659
81623
81615
81556
81547
81478
81449
81381
81374
81365
81289
81255
81252
81224
81189
81113
81077
81037
81032
80998
80926
80911
80898
80844
80829
80822
80808
80795
80725
80703
80683
80680
80529
80484
80385
80362
80339
80313
80209
80205
80180
80032
80019
80017
79996
79996
79948
79745
79582
79420
79375
79366
79339
79299
79297
79135
79121
79114
79064
78835
78808
78794
78723
78612
78584
78578
78552
78514
78433
78415
78357
78350
78315
78289
78265
78102
77961
77910
77886
77820
77807
77689
77627
77584
77569
77565
77463
77455
77393
77367
77324
77323
77304
77300
77243
77054
76962
76851
76722
76685
76634
76600
76558
76498
76432
76351
76248
76223
76186
76145
75924
75879
75876
75856
75850
75840
75812
75649
75578
75511
75488
75482
75442
75413
75329
75263
75171
75023
74992
74971
74947
74924
74901
74871
74869
74858
74839
74814
74657
74635
74578
74547
74542
74499
74325
74295
74214
74206
74184
74180
74091
74057
74023
74001
73957
73943
73925
73908
73879
73839
73753
73656
73655
73538
73514
73503
73496
73453
73453
73240
73148
73141
73096
73034
72958
72851
72845
72726
72716
72675
72660
72654
72563
72542
72538
72519
72442
72395
72349
72328
72321
72301
72238
72179
72164
72130
72069
72043
71957
71867
71855
71830
71813
71793
71600
71579
71529
71498
71477
71477
71458
71444
71392
71366
71361
71210
71079
71065
70958
70860
70817
70731
70647
70519
70388
70359
70300
70216
70214
70167
70165
70113
70074
69978
69876
69795
69757
69731
69595
69551
69515
69462
69368
69352
69336
69324
69283
69247
69244
69219
69191
69185
69098
69039
69035
69021
68983
68956
68953
68932
68911
68861
68832
68796
68771
68771
68763
68753
68627
68517
68503
68501
68478
68429
68385
68331
68284
68210
68162
68136
67844
67760
67704
67679
67655
67617
67540
67496
67474
67450
67378
67324
67270
67251
67045
67039
67001
66962
66954
66952
66854
66851
66803
66692
66470
66417
66398
66337
66218
66195
66186
66132
66131
66105
66052
65892
65805
65782
65734
65688
65678
65630
65622
65618
65589
65513
65432
65371
65298
65293
65220
65186
65183
65171
65168
65160
65127
65075
65034
64969
64966
64963
64904
64893
64888
64852
64753
64743
64730
64481
64477
64462
64461
64452
64348
64328
64185
64170
64128
63998
63972
63877
63849
63787
63759
63733
63682
63646
63631
63608
63585
63580
63576
63502
63426
63417
63219
63211
63208
63194
63074
63072
63003
62953
62914
62883
62853
62836
62596
62576
62485
62468
62454
62450
62266
62200
62102
62030
62013
61962
61937
61864
61853
61802
61735
61698
61633
61551
61543
61525
61455
61291
61259
61250
61213
61199
61190
61157
61053
60933
60847
60814
60812
60641
60635
60620
60605
60603
60572
60543
60526
60515
60503
60501
60496
60453
60452
60287
60208
60203
60192
60182
60178
60173
60154
60140
60063
59901
59869
59846
59775
59761
59723
59695
59681
59613
59608
59604
59566
59512
59491
59459
59457
59424
59405
59310
59273
59231
59221
59201
59195
59191
59114
59053
59002
58996
58926
58923
58895
58787
58756
58647
58643
58567
58525
58473
58451
58439
58409
58402
58289
58287
58198
58161
58132
58115
58076
58071
58017
57969
57915
57883
57675
57668
57651
57641
57604
57565
57547
57411
57358
57299
57254
57230
57214
57211
57167
57166
57131
57118
57095
57034
57029
56973
56866
56806
56778
56756
56695
56694
56641
56459
56394
56350
56342
56314
56225
56171
56161
56155
56119
56109
55978
55915
55913
55804
55800
55754
55729
55697
55674
55570
55558
55535
55519
55426
55419
55409
55310
55250
55185
55052
54999
54893
54845
54842
54811
54765
54753
54710
54696
54654
54643
54385
54251
54238
54235
54139
54042
54037
53957
53877
53870
53801
53801
53765
53682
53653
53638
53583
53487
53468
53440
53381
53358
53342
53230
53225
53210
53193
53028
53004
52907
52868
52805
52701
52680
52622
52617
52480
52429
52397
52358
52259
52164
52117
51991
51909
51830
51776
51760
51714
51696
51616
51559
51535
51529
51528
51417
51403
51302
51297
51237
51228
51183
51062
51054
50907
50868
50794
50789
50656
50655
50565
50486
50385
50349
50274
50253
50228
50216
50167
50164
50124
50120
50110
50108
50071
50060
49882
49817
49744
49715
49706
49619
49593
49549
49518
49499
49307
49158
49157
49140
49055
48935
48912
48875
48856
48828
48824
48725
48632
48507
48471
48377
48364
48325
48279
48278
48259
48232
48221
48190
48103
48084
48008
47993
47974
47972
47895
47877
47865
47814
47780
47777
47750
47724
47695
47594
47583
47540
47461
47214
47087
47077
47016
46918
46887
46845
46814
46767
46717
46332
46323
46288
46267
46253
46224
46132
46063
45963
45894
45842
45833
45780
45768
45751
45728
45673
45656
45588
45580
45421
45340
45272
45265
45261
45180
45148
45136
45088
45003
44902
44883
44789
44767
44766
44760
44712
44686
44637
44634
44591
44582
44565
44308
44262
44112
44082
44056
44035
44005
43937
43929
43912
43874
43829
43713
43695
43663
43639
43637
43635
43610
43412
43386
43321
43306
43260
43241
43236
43056
42943
42860
42753
42743
42720
42697
42687
42685
42670
42412
42410
42402
42334
42311
42310
42167
42065
42003
41980
41975
41949
41913
41911
41831
41825
41811
41802
41757
41748
41746
41725
41681
41659
41653
41635
41572
41551
41530
41526
41389
41370
41327
41313
41287
41253
41241
41089
41083
40999
40953
40945
40881
40842
40820
40747
40725
40673
40618
40616
40568
40545
40514
40500
40490
40453
40337
40306
40300
40291
40258
40179
40164
40085
40057
40053
40030
39997
39986
39936
39930
39832
39738
39698
39650
39635
39522
39456
39451
39441
39411
39358
39319
39304
39232
39218
39202
39150
39129
39107
38921
38910
38880
38845
38838
38747
38727
38656
38638
38619
38603
38558
38485
38467
38448
38443
38399
38355
38244
38195
38193
38178
38044
38001
37924
37919
37917
37903
37897
37864
37804
37720
37693
37676
37634
37598
37531
37502
37498
37444
37426
37384
37155
37141
37115
37108
37079
37033
36994
36946
36874
36817
36764
36747
36675
36643
36630
36603
36535
36511
36481
36456
36440
36426
36424
36330
36304
36214
36070
36030
35982
35948
35939
35909
35852
35823
35734
35667
35660
35626
35622
35608
35594
35589
35536
35481
35475
35445
35429
35407
35398
35337
35285
35193
35162
35128
35075
35019
35016
35005
34918
34871
34791
34667
34637
34620
34615
34525
34513
34362
34355
34297
34290
34215
34168
34147
34013
33876
33844
33646
33551
33517
33510
33460
33405
33380
33278
33149
33097
33079
32700
32576
32562
32537
32479
32478
32318
32288
32238
32200
32145
32132
32125
31892
31841
31775
31659
31656
31594
31455
31396
31378
31376
31357
31351
31298
31261
31242
31061
31024
30998
30918
30895
30868
30856
30760
30641
30553
30545
30521
30517
30457
30446
30435
30386
30341
30315
30313
30271
30212
30145
29986
29968
29949
29935
29922
29827
29786
29772
29632
29529
29524
29491
29453
29424
29350
29345
29279
29217
29198
29136
29113
29072
29047
29041
28996
28985
28941
28915
28899
28858
28833
28780
28641
28582
28560
28401
28387
28307
28296
28286
28217
28197
28132
28064
27957
27897
27882
27795
27691
27671
27585
27583
27566
27513
27468
27428
27364
27348
27276
27248
27211
27061
27050
26849
26811
26803
26776
26756
26743
26627
26594
26592
26562
26526
26496
26490
26467
26402
26314
26312
26300
26288
26177
26148
26064
26060
26058
26001
25997
25993
25975
25965
25876
25862
25735
25705
25672
25625
25575
25443
25345
25291
25278
25270
25190
25189
25176
25164
25099
25095
24957
24937
24913
24844
24819
24812
24762
24674
24608
24575
24562
24558
24530
24451
24381
24354
24291
24264
24140
23952
23886
23822
23804
23424
23396
23391
23372
23334
23323
23185
23184
23180
23176
23054
22977
22937
22900
22899
22896
22731
22690
22650
22636
22631
22544
22542
22453
22190
22156
22141
22124
22121
22115
22110
22105
22099
22094
22051
22016
21861
21860
21836
21801
21725
21717
21699
21693
21691
21654
21654
21606
21541
21471
21443
21417
21403
21388
21311
21296
21285
21259
21231
21225
21193
21150
21052
21016
20909
20902
20848
20665
20648
20603
20502
20486
20470
20421
20380
20372
20349
20344
20283
20272
20266
20266
20182
20167
20013
20001
19836
19797
19790
19775
19769
19760
19755
19588
19585
19554
19554
19505
19377
19346
19309
19237
19153
19096
19021
18997
18926
18921
18916
18899
18870
18590
18541
18446
18426
18360
18325
18262
18247
18108
18035
17988
17977
17927
17841
17751
17690
17538
17454
17304
17300
17109
17044
17025
16982
16930
16805
16678
16668
16627
16545
16285
16261
16247
16136
16102
16080
16048
15983
15875
15873
15743
15719
15624
15585
15478
15360
15327
15198
15175
15064
15060
15047
14977
14958
14901
14797
14740
14709
14708
14686
14683
14577
14513
14492
14363
14296
14216
14203
14201
14034
14016
13954
13945
13910
13860
13774
13746
13666
13643
13535
13481
13254
13217
13099
13080
13074
12957
12766
12755
12751
12741
12709
12707
12695
12637
12612
12565
12529
12516
12388
12382
12250
12049
11992
11949
11811
11619
11552
11532
11516
11476
11396
11387
11367
11314
11305
11303
11166
11112
11094
11065
11048
11005
10968
10844
10841
10763
10727
10595
10589
10589
10474
10432
10390
10380
10250
10232
10049
10026
9847
9834
9801
9794
9790
9768
9603
9551
9512
9493
9482
9481
9462
9456
9372
9363
9360
9321
9281
9227
9148
9131
9102
8956
8951
8949
8894
8868
8786
8768
8684
8602
8556
8504
8491
8446
8404
8369
8366
8338
8310
8254
8236
8233
8117
8101
8074
8054
8017
8012
7964
7909
7892
7888
7883
7869
7799
7773
7631
7583
7562
7461
7411
7400
7331
7291
7228
7193
7170
7162
6816
6657
6629
6565
6526
6502
6497
6487
6322
6268
6156
6154
6100
6090
6047
5988
5978
5949
5932
5896
5877
5865
5818
5766
5608
5595
5567
5527
5479
5457
5457
5427
5396
5379
5378
5366
5292
5245
5091
5087
5035
5015
4992
4991
4988
4981
4973
4949
4903
4839
4728
4661
4615
4526
4490
4459
4412
4382
4355
4354
4295
4281
4179
4094
4027
4007
3988
3813
3785
3785
3708
3704
3695
3689
3677
3605
3586
3521
3510
3475
3431
3348
3347
3255
3208
3051
2992
2942
2785
2677
2654
2624
2514
2513
2320
2319
2236
2220
2208
2183
2155
2148
2123
2100
2080
1803
1783
1759
1536
1533
1470
1460
1450
1391
1385
1359
1301
1289
1257
1239
1185
1075
966
926
857
825
796
757
757
667
635
594
588
548
531
515
494
468
408
351
339
334
314
298
256
255
186
181
175
168
11
