100000
99876
99845
99839
99829
99813
99725
99503
99435
99410
99305
99140
99006
98990
98913
98903
98805
98796
98746
98714
98666
98627
98598
98567
98529
98520
98482
98433
98261
98217
98213
98211
98109
98009
97988
97902
97896
97893
97805
97607
97570
97548
97516
97498
97364
97332
97312
97310
97304
97301
97184
97138
97129
97120
97061
97057
96956
96830
96751
96671
96636
96613
96600
96568
96513
96504
96465
96267
96265
96259
96152
96104
96100
96085
95955
95896
95835
95821
95772
95666
95659
95618
95524
95381
95317
95275
95254
95232
95128
94996
94994
94979
94956
94943
94904
94878
94798
94650
94598
94570
94554
94498
94470
94449
94362
94198
94160
94144
94135
94105
93928
93714
93682
93594
93576
93558
93521
93503
93452
93448
93385
93364
93322
93317
93233
93200
93170
93160
93126
93123
93072
93038
92973
92968
92922
92901
92858
92738
92715
92680
92653
92653
92646
92628
92613
92547
92505
92480
92458
92319
92296
92253
92220
92200
92095
92067
91934
91902
91890
91821
91709
91685
91652
91646
91625
91554
91347
91315
91299
91251
91216
91198
91166
91143
91133
90977
90936
90932
90881
90853
90749
90628
90566
90533
90527
90509
90492
90485
90416
90370
90351
90315
90247
90246
90197
90179
90177
90116
90075
89914
89768
89762
89726
89695
89691
89629
89613
89411
89396
89388
89332
89296
89254
89248
89181
89148
89148
89124
89104
88976
88966
88960
88954
88952
88786
88785
88759
88707
88679
88633
88619
88610
88576
88562
88508
88391
88278
88272
88261
88251
88173
88168
88138
88134
87924
87897
87883
87787
87741
87677
87646
87639
87443
87414
87394
87278
87244
87158
87106
87083
87058
86874
86780
86752
86717
86708
86626
86608
86605
86585
86578
86572
86557
86538
86534
86531
86527
86461
86157
86089
86078
86031
86030
86011
85922
85890
85869
85782
85776
85720
85623
85516
85438
85434
85427
85404
85373
85355
85335
85306
85224
85201
85130
85123
85101
85051
85036
85035
84989
84979
84953
84952
84898
84855
84660
84541
84480
84458
84432
84410
84384
84381
84380
84374
84287
84128
84120
84117
84104
84092
84071
84071
83963
83949
83945
83897
83874
83758
83707
83674
83657
83448
83286
83244
83235
83198
83091
83088
83043
82954
82927
82872
82846
82839
82727
82722
82703
82688
82674
82506
82465
82435
82382
82356
82298
82256
82219
82202
82188
82172
82149
82132
82046
81909
81864
81861
81840
81759
81755
81731
81608
81568
81550
81528
81424
81286
81266
81119
81116
81068
81032
80896
80851
80826
80743
80627
80594
80585
80503
80464
80399
80352
80292
80241
80208
80201
80199
79874
79867
79854
79772
79719
79688
79670
79647
79429
79377
79350
79296
79288
79282
79213
79115
79093
79085
79021
79012
78981
78884
78860
78804
78715
78677
78596
78594
78437
78409
78401
78373
78354
78327
78303
78294
78135
78130
78111
77979
77975
77733
77722
77703
77702
77591
77572
77524
77516
77348
77321
77237
77211
77187
77187
77108
77041
77035
77026
77025
76971
76951
76943
76895
76846
76775
76759
76748
76728
76536
76522
76496
76457
76423
76295
76291
76239
76186
76173
75959
75881
75861
75853
75817
75800
75788
75576
75563
75544
75512
75502
75469
75467
75465
75415
75370
75332
75292
74989
74968
74935
74903
74859
74808
74790
74670
74607
74580
74525
74444
74398
74308
74263
74257
74220
74014
74012
73998
73960
73889
73869
73821
73787
73673
73665
73620
73609
73543
73540
73526
73460
73438
73426
73366
73357
73242
73198
73134
73066
73009
72995
72942
72904
72856
72775
72746
72718
72716
72690
72674
72598
72596
72581
72567
72541
72425
72349
72337
72306
72278
72218
72137
72040
71991
71985
71984
71905
71866
71812
71759
71737
71694
71503
71482
71469
71462
71429
71327
71249
71249
71189
71184
71176
71136
71081
71080
70963
70921
70920
70875
70856
70825
70783
70760
70711
70701
70650
70606
70588
70547
70470
70368
70354
70351
70337
70316
70316
70256
70174
70105
69988
69975
69965
69926
69823
69806
69736
69679
69666
69614
69557
69485
69422
69388
69322
69318
69257
69224
69221
69218
69055
68972
68937
68909
68875
68808
68739
68406
68389
68363
68324
68318
68311
68266
68214
68154
68149
68063
68027
68001
67970
67950
67818
67756
67748
67742
67699
67683
67678
67675
67541
67429
67347
67312
67292
67272
67197
67088
67009
67003
66984
66921
66829
66743
66574
66519
66475
66421
66330
66323
66318
66288
66180
66149
66059
66051
66002
65866
65824
65820
65714
65627
65627
65610
65577
65573
65518
65417
65294
65262
65244
65215
65174
65173
65171
65152
65089
65061
64981
64927
64839
64786
64638
64580
64559
64500
64484
64478
64463
64453
64424
64380
64273
64182
64181
64180
64156
64084
64081
63998
63932
63924
63917
63812
63706
63674
63656
63623
63571
63557
63540
63486
63479
63330
63274
63225
63196
63135
63127
63038
62989
62907
62849
62824
62779
62743
62651
62638
62536
62526
62511
62475
62407
62336
62334
62270
62247
62246
62216
62211
62115
62052
62052
62039
62033
61995
61991
61914
61850
61850
61779
61693
61672
61663
61596
61591
61555
61526
61502
61496
61348
61184
61128
61127
61117
61105
61101
61073
61050
61048
60994
60977
60964
60918
60905
60669
60646
60592
60584
60549
60537
60478
60458
60420
60380
60354
60336
60328
60267
60257
60246
60225
60114
60075
59909
59830
59822
59803
59745
59726
59712
59680
59676
59659
59548
59514
59352
59324
59233
59220
59206
59184
59136
59124
58967
58942
58931
58877
58795
58712
58669
58635
58609
58519
58486
58467
58466
58387
58353
58292
58267
58227
58175
58046
58045
58042
57958
57848
57834
57797
57739
57733
57660
57610
57604
57471
57458
57449
57272
57188
57117
57042
56978
56947
56654
56640
56613
56539
56498
56484
56426
56422
56347
56340
56292
56221
56160
56101
56089
55978
55878
55820
55750
55748
55729
55591
55584
55539
55513
55320
55243
55236
55215
55171
55148
55089
55034
55020
55020
54997
54823
54803
54752
54735
54726
54696
54657
54605
54579
54575
54548
54503
54490
54410
54402
54379
54280
54243
54186
54175
54151
54045
53966
53955
53896
53787
53701
53644
53596
53575
53568
53555
53504
53453
53418
53405
53404
53399
53301
53283
53244
53237
53090
53043
53042
53018
52989
52956
52932
52910
52881
52844
52809
52798
52703
52623
52611
52364
52352
52324
52234
52231
52192
52147
52032
52005
52004
51933
51895
51894
51892
51863
51568
51527
51386
51236
51141
51082
51039
51014
50842
50818
50714
50683
50623
50569
50506
50417
50364
50267
50242
50212
50208
50128
50043
49982
49939
49870
49840
49793
49792
49662
49637
49619
49550
49519
49480
49436
49405
49398
49298
49271
49265
49213
49205
49199
49185
49153
49135
49134
49130
49030
49023
48899
48850
48814
48800
48741
48728
48691
48681
48629
48540
48434
48415
48360
48358
48334
48157
48132
48030
47776
47677
47626
47539
47467
47393
47390
47352
47325
47298
47281
47214
47155
47071
46995
46975
46947
46906
46814
46630
46505
46394
46251
46235
46229
46101
46028
46009
45898
45769
45723
45714
45711
45691
45665
45630
45616
45593
45461
45359
45311
45303
45266
45232
45216
45151
45050
45007
44984
44894
44859
44796
44730
44670
44653
44625
44531
44508
44489
44350
44324
44283
44275
44275
44255
44135
44135
44103
44093
43992
43950
43892
43865
43846
43804
43784
43757
43690
43680
43638
43636
43520
43510
43496
43418
43337
43335
43269
43202
43085
43027
42970
42943
42935
42919
42863
42819
42809
42760
42693
42684
42594
42576
42505
42442
42393
42324
42252
42212
42154
41988
41946
41893
41854
41726
41703
41680
41627
41607
41605
41589
41565
41544
41532
41454
41431
41399
41280
41151
41103
41081
41065
41057
41054
41016
40978
40798
40705
40617
40579
40579
40575
40564
40530
40494
40443
40352
40289
40284
40276
40121
39941
39912
39884
39877
39847
39834
39804
39751
39729
39722
39651
39626
39599
39523
39498
39467
39371
39351
39335
39289
39253
39194
39071
39054
39039
38975
38960
38935
38869
38841
38799
38765
38727
38666
38649
38513
38324
38313
38197
38170
38158
38113
38065
38037
38036
38035
38023
38022
38017
38011
38001
37728
37703
37641
37585
37413
37411
37410
37386
37357
37355
37348
37308
37274
37190
37173
37166
37124
37117
37042
36946
36928
36900
36886
36820
36796
36741
36738
36730
36624
36588
36565
36558
36557
36555
36438
36416
36411
36401
36317
36309
36285
36221
36174
36136
36092
36092
36061
35931
35894
35844
35812
35803
35754
35719
35676
35674
35408
35385
35369
35345
35238
35229
35204
35184
35123
35043
34977
34950
34925
34825
34818
34804
34742
34735
34707
34651
34615
34519
34457
34416
34399
34328
34239
34218
34128
34121
33980
33935
33933
33912
33897
33879
33871
33839
33809
33755
33721
33713
33642
33635
33597
33493
33401
33339
33078
32989
32951
32900
32879
32865
32791
32742
32713
32698
32657
32628
32606
32558
32465
32424
32342
32259
32252
32070
32014
31986
31952
31868
31866
31690
31684
31659
31584
31545
31525
31356
31222
31092
31090
31033
31018
30941
30923
30900
30872
30832
30805
30770
30765
30701
30657
30653
30518
30505
30440
30414
30307
30298
30250
30165
30130
30086
29926
29909
29899
29893
29859
29795
29716
29643
29640
29614
29575
29518
29480
29479
29430
29417
29340
29325
29173
29150
29099
29082
28963
28962
28920
28911
28829
28758
28662
28632
28586
28499
28482
28444
28388
28295
28190
28125
28068
28027
27982
27964
27910
27892
27889
27886
27882
27876
27779
27688
27682
27681
27641
27494
27478
27471
27416
27378
27263
27252
27240
27173
27090
26835
26810
26779
26779
26736
26721
26718
26689
26671
26604
26477
26472
26191
26155
26150
26046
26040
25946
25870
25858
25794
25762
25666
25592
25584
25494
25423
25418
25402
25332
25323
25311
25266
25238
25192
25161
25085
25042
25008
24984
24907
24900
24883
24781
24743
24737
24693
24681
24658
24608
24593
24582
24551
24496
24437
24326
24274
24203
24180
24150
24138
24135
24116
24084
23984
23886
23824
23795
23547
23511
23456
23391
23342
23267
23192
23165
23068
22966
22950
22941
22836
22649
22530
22519
22490
22489
22447
22336
22301
22290
22138
21996
21983
21945
21926
21924
21919
21916
21883
21836
21828
21803
21779
21762
21702
21650
21616
21517
21513
21512
21501
21493
21397
21350
21231
21220
21189
21157
21136
21044
21028
20986
20941
20913
20789
20750
20667
20666
20651
20608
20506
20479
20445
20437
20430
20406
20338
20322
20229
20197
20192
20081
20013
19876
19812
19754
19651
19648
19641
19638
19616
19615
19531
19514
19464
19341
19270
19217
19194
19131
19112
19086
19037
18886
18825
18715
18714
18638
18625
18564
18470
18417
18409
18373
18287
18080
18079
18034
17982
17962
17920
17827
17720
17651
17622
17502
17436
17279
17163
17025
16999
16947
16937
16679
16659
16513
16345
16305
16265
16234
16212
16125
16076
16072
16001
15853
15842
15747
15744
15693
15658
15545
15526
15448
15432
15426
15403
15328
15319
15194
15178
15165
15141
15059
15013
14989
14878
14865
14865
14745
14666
14626
14471
14443
14434
14397
14374
14215
14162
13914
13908
13807
13558
13547
13435
13418
13409
13393
13352
13333
13285
13277
13202
13178
13028
13023
12900
12882
12850
12804
12772
12724
12707
12685
12597
12300
12270
12187
12169
12162
12028
12027
12017
12011
12000
11814
11777
11763
11725
11698
11693
11672
11660
11422
11415
11407
11379
11316
11283
11282
11272
11235
11192
11123
11118
10957
10908
10877
10833
10820
10798
10756
10750
10656
10614
10573
10492
10438
10363
10352
10329
10296
10205
10135
10090
10066
9989
9989
9870
9828
9772
9727
9634
9624
9585
9568
9565
9520
9516
9379
9333
9315
9255
9208
9061
9049
8984
8920
8917
8865
8848
8778
8751
8710
8631
8582
8555
8380
8329
8310
8267
8265
8218
8199
8168
8022
8005
7915
7814
7808
7792
7737
7681
7584
7496
7424
7389
7321
7197
7183
7114
7048
7039
6983
6970
6951
6879
6837
6815
6802
6621
6612
6564
6528
6482
6371
6342
6230
6213
6207
6090
6088
6083
6074
6063
6048
6022
5977
5937
5861
5822
5751
5662
5644
5520
5431
5391
5326
5188
5142
5073
5043
5016
4984
4949
4876
4843
4754
4719
4642
4587
4499
4283
4265
4205
4092
4006
3974
3952
3930
3913
3850
3844
3755
3695
3666
3628
3623
3610
3609
3544
3488
3423
3356
3338
3312
3273
3180
3165
3091
3039
2939
2914
2887
2880
2719
2631
2530
2486
2471
2452
2405
2398
2355
2306
2305
2250
2243
2053
2048
1953
1931
1911
1874
1839
1826
1693
1626
1586
1501
1090
1086
983
917
878
871
806
806
733
647
568
506
425
411
408
349
304
240
135
78
53
41
29
11
10
