99919
99819
99778
99747
99725
99676
99635
99618
99535
99477
99417
99277
99275
99237
99193
99149
99118
99099
99080
99073
99063
99059
99044
98982
98776
98717
98609
98507
98467
98433
98392
98389
98279
98247
98184
98144
98119
98024
97980
97755
97704
97611
97523
97498
97421
97336
97333
97255
97206
97149
97135
97128
97121
97091
97081
97001
96919
96885
96838
96777
96712
96699
96684
96647
96512
96456
96285
96279
96263
96255
96252
96221
96185
96164
96062
95897
95825
95782
95727
95708
95703
95669
95571
95571
95521
95454
95419
95378
95350
95255
95224
95180
95081
95055
95031
95028
95018
94942
94895
94875
94850
94846
94844
94649
94604
94600
94582
94568
94553
94549
94457
94456
94456
94449
94435
94423
94277
94251
94244
94206
94155
93990
93927
93903
93673
93672
93655
93579
93563
93403
93382
93227
93163
93092
93039
92999
92959
92942
92939
92832
92791
92778
92634
92488
92427
92312
92280
92267
92212
92179
92172
92166
92007
91960
91914
91673
91633
91594
91547
91507
91383
91371
91369
91358
91292
91125
91043
91021
91016
90988
90953
90924
90875
90865
90803
90751
90698
90686
90675
90656
90597
90561
90538
90439
90358
90344
90298
90187
90165
90112
90082
90074
89960
89956
89812
89777
89739
89711
89626
89624
89594
89575
89566
89564
89463
89370
89341
89326
89300
89224
89171
89122
89073
89031
89009
88924
88919
88884
88838
88837
88798
88794
88633
88618
88595
88549
88542
88521
88380
88322
88271
88199
88182
88175
88100
88098
88085
88058
87981
87975
87909
87836
87797
87791
87754
87646
87640
87468
87450
87415
87406
87405
87301
87173
86936
86836
86801
86691
86686
86455
86449
86440
86438
86297
86277
86232
86204
86171
86163
86077
85960
85926
85800
85506
85374
85315
85311
85309
85294
85275
85173
85099
85083
85078
85019
84992
84968
84960
84816
84799
84786
84769
84732
84697
84651
84624
84605
84573
84542
84477
84465
84416
84392
84309
84283
84276
84268
84194
84150
84128
84025
83903
83850
83816
83758
83710
83675
83652
83635
83612
83594
83582
83497
83423
83414
83381
83325
83318
83285
83216
83134
83131
83073
82954
82908
82893
82845
82810
82791
82789
82762
82695
82694
82673
82641
82625
82554
82508
82494
82494
82472
82266
82264
82154
82134
82131
82100
82072
82064
82034
81944
81916
81714
81527
81495
81485
81467
81428
81377
81265
81231
81208
81164
81089
80928
80835
80754
80714
80685
80553
80534
80508
80411
80403
80347
80317
80224
80214
80187
80133
80082
80062
80049
80023
80017
79971
79902
79823
79674
79573
79551
79511
79481
79426
79424
79420
79354
79319
79307
79302
79288
79287
79248
79238
79222
79218
79197
79090
78944
78923
78905
78884
78820
78804
78717
78597
78565
78540
78408
78389
78364
78343
78293
78229
78228
78197
78149
78140
78082
78054
78054
78008
77999
77868
77856
77760
77729
77658
77633
77599
77577
77548
77431
77402
77346
77284
77272
77237
77227
77098
77088
77087
77066
77050
76954
76851
76812
76799
76758
76741
76658
76611
76610
76541
76533
76499
76458
76403
76395
76379
76361
76353
76290
75999
75944
75874
75846
75839
75736
75729
75572
75540
75478
75440
75433
75421
75365
75199
75195
75158
75148
75146
75142
75069
74831
74737
74697
74642
74564
74546
74544
74498
74493
74487
74443
74400
74383
74379
74296
74197
74173
74117
74087
74068
74062
74002
73965
73903
73767
73676
73556
73525
73523
73442
73390
73347
72961
72917
72899
72884
72831
72816
72803
72779
72757
72690
72589
72480
72473
72444
72290
72274
72270
72255
72220
72218
72192
72091
72040
71976
71827
71812
71705
71626
71611
71498
71484
71480
71462
71439
71433
71374
71324
71272
71224
70948
70765
70633
70619
70575
70558
70471
70380
70283
70146
70131
70045
70024
69986
69980
69973
69919
69876
69849
69831
69805
69750
69748
69598
69538
69386
69318
69206
69204
69003
68948
68899
68851
68797
68743
68707
68662
68521
68488
68474
68402
68394
68336
68289
68279
68258
68254
68225
68025
68011
68005
67962
67933
67925
67909
67896
67887
67884
67790
67701
67682
67546
67524
67504
67493
67476
67430
67334
67243
67229
67108
67031
66926
66837
66815
66792
66789
66749
66722
66719
66637
66600
66577
66494
66442
66384
66372
66291
66285
66269
66132
66031
65958
65948
65901
65871
65859
65811
65751
65740
65691
65663
65623
65614
65548
65526
65522
65475
65424
65396
65373
65261
65253
65242
65179
65116
65007
64962
64738
64702
64623
64378
64361
64198
64145
64138
64097
64007
63961
63905
63898
63890
63875
63609
63602
63587
63560
63519
63392
63390
63359
63326
63291
63220
63144
63117
63055
63046
63041
63030
63026
63012
62965
62943
62881
62873
62864
62789
62731
62719
62717
62703
62535
62429
62406
62401
62364
62347
62289
62087
61983
61947
61884
61747
61738
61720
61693
61588
61421
61306
61302
61184
61152
61085
61064
61044
61006
60932
60923
60895
60817
60766
60595
60557
60545
60539
60503
60450
60401
60400
60318
60299
60208
60092
60088
59986
59915
59822
59806
59764
59726
59703
59530
59449
59387
59384
59365
59339
59335
59299
59282
59242
59204
59152
59113
59086
59080
59079
59072
58877
58838
58698
58693
58619
58591
58571
58535
58521
58421
58307
58288
58253
58197
58164
58104
58066
58029
57993
57931
57902
57607
57567
57540
57510
57505
57471
57395
57302
57094
57078
57054
56960
56855
56801
56746
56649
56646
56617
56612
56599
56457
56453
56450
56430
56429
56394
56364
56302
56293
56292
56248
56240
56203
56083
56043
56016
56012
55970
55907
55850
55791
55680
55637
55621
55595
55466
55431
55406
55311
55309
55296
55266
55253
55252
55204
55160
55137
54986
54947
54887
54767
54740
54729
54628
54584
54475
54462
54426
54400
54386
54271
54238
54168
54082
54023
54017
53810
53790
53746
53703
53695
53656
53576
53542
53542
53524
53514
53513
53492
53433
53430
53413
53305
53286
53270
53260
53204
53126
53116
53083
53065
52944
52937
52932
52605
52481
52357
52313
52278
52262
52245
52237
52139
52138
52116
52085
52027
51958
51909
51831
51784
51753
51715
51675
51643
51587
51586
51579
51566
51453
51420
51417
51385
51331
51299
51288
51236
51219
51158
51147
51102
51091
51009
50991
50970
50951
50946
50907
50820
50812
50808
50805
50705
50703
50655
50615
50593
50590
50513
50508
50493
50487
50466
50450
50428
50410
50409
50405
50392
50280
50262
50224
50201
50150
50126
50117
50055
50018
50016
50014
49873
49777
49746
49624
49595
49494
49365
49310
49283
49243
49191
49183
49171
49124
49098
49033
48952
48947
48767
48724
48684
48673
48636
48419
48334
48283
48282
48276
48217
48160
48156
47965
47886
47826
47797
47792
47769
47698
47684
47656
47538
47536
47532
47514
47346
47288
47218
47131
47116
47112
47105
47102
47049
47046
47011
46966
46756
46711
46702
46473
46454
46330
46325
46236
46233
46222
46205
46070
46048
46045
46038
45997
45990
45960
45922
45878
45865
45759
45737
45603
45582
45518
45503
45461
45436
45390
45283
45160
45060
45035
44992
44867
44789
44783
44728
44703
44590
44587
44584
44577
44572
44502
44411
44395
44354
44283
44257
44254
44191
44178
44177
44146
44093
44038
44007
43978
43945
43939
43798
43732
43698
43692
43678
43618
43600
43520
43474
43392
43363
43300
43262
43198
43183
43125
43103
43026
42968
42913
42855
42768
42707
42660
42638
42637
42627
42619
42601
42599
42545
42532
42518
42477
42246
42163
42097
42059
42055
41912
41856
41816
41810
41805
41768
41762
41725
41694
41621
41535
41486
41373
41368
41343
41312
41254
41238
41203
41201
41142
41126
41012
40864
40798
40769
40703
40699
40617
40519
40511
40503
40455
40444
40419
40418
40393
40377
40311
40307
40053
40038
39978
39955
39882
39882
39805
39712
39685
39660
39617
39557
39523
39415
39336
39314
39282
39237
39207
39149
39123
39103
38871
38825
38720
38695
38670
38650
38559
38517
38510
38506
38489
38447
38314
38312
38264
38247
38214
38104
38042
38031
38003
37988
37951
37929
37892
37856
37813
37737
37629
37626
37602
37585
37568
37453
37349
37310
37213
36982
36927
36918
36916
36819
36766
36760
36647
36477
36332
36210
36159
36147
36138
36035
36014
35988
35846
35823
35788
35744
35728
35728
35720
35716
35670
35571
35473
35425
35411
35389
35370
35359
35304
35242
35232
35223
35210
35139
35135
35023
35008
34935
34934
34917
34887
34807
34786
34784
34759
34738
34727
34660
34651
34599
34598
34595
34577
34538
34534
34508
34488
34465
34431
34382
34225
34216
34129
34037
33943
33741
33700
33682
33652
33451
33441
33410
33375
33318
33274
33264
33259
33223
33207
33176
33163
33159
33151
33098
33037
33002
32990
32947
32918
32893
32678
32601
32558
32558
32502
32455
32394
32323
32308
32296
32292
32244
32131
32125
32067
32045
32045
32023
31958
31863
31638
31635
31633
31525
31460
31388
31350
31301
31243
31138
31117
31093
31076
30954
30906
30797
30786
30742
30730
30665
30644
30627
30593
30555
30511
30433
30403
30351
30304
30163
30137
30122
30029
30018
29999
29960
29929
29893
29862
29862
29767
29759
29715
29685
29585
29566
29556
29453
29444
29442
29425
29421
29395
29368
29357
29171
29109
29069
28876
28665
28604
28592
28513
28506
28493
28444
28413
28311
28192
28191
28176
28136
28135
27788
27743
27723
27688
27586
27470
27369
27335
27262
27256
27248
27226
27152
27069
27017
26997
26935
26901
26864
26767
26752
26673
26460
26453
26365
26357
26336
26267
26221
26216
26179
26127
26034
25985
25952
25951
25927
25914
25824
25785
25742
25657
25625
25608
25599
25557
25497
25314
25233
25185
25180
25068
25053
25007
24989
24985
24962
24952
24911
24903
24846
24825
24804
24763
24762
24746
24587
24525
24523
24495
24431
24416
24327
24306
24304
24277
24265
24221
24220
24173
24080
23890
23889
23781
23778
23753
23614
23535
23470
23457
23361
23295
23175
23105
23064
23031
23010
22976
22960
22931
22898
22893
22853
22811
22808
22672
22655
22598
22580
22483
22449
22412
22318
22305
22304
22297
22037
21785
21720
21679
21619
21552
21498
21487
21482
21458
21434
21421
21420
21397
21391
21362
21347
21331
21303
21260
21231
21228
21146
21139
21094
21087
21011
20995
20994
20993
20795
20761
20741
20693
20682
20664
20631
20617
20513
20448
20416
20412
20402
20294
20224
20090
20076
20064
20043
20031
20013
19962
19925
19899
19832
19685
19670
19648
19617
19581
19554
19433
19341
19269
19199
19143
19021
18939
18897
18785
18735
18682
18582
18403
18396
18323
18288
18270
18171
18170
17848
17670
17591
17566
17476
17241
17215
17196
17172
17131
17116
17000
16953
16949
16795
16725
16677
16599
16568
16484
16439
16413
16413
16395
16364
16353
16343
16270
16175
16153
16097
16075
16015
15986
15828
15717
15652
15634
15472
15447
15439
15379
15340
15285
15125
15119
14991
14985
14970
14955
14885
14848
14815
14767
14741
14712
14711
14706
14678
14669
14668
14641
14584
14553
14549
14537
14490
14487
14396
14324
14315
14282
14216
14167
14152
14128
14041
13919
13830
13825
13738
13725
13722
13722
13678
13673
13632
13552
13491
13447
13348
13329
13281
13250
13215
13164
13105
13027
13017
12797
12794
12722
12657
12607
12425
12385
12264
12239
12227
12143
12116
12055
12039
11946
11891
11795
11790
11718
11626
11624
11616
11572
11548
11520
11403
11368
11335
11283
11275
11254
11238
11112
11012
11011
10980
10934
10920
10844
10752
10737
10718
10691
10683
10660
10530
10509
10464
10396
10393
10371
10331
10287
10194
10141
10094
10093
10049
9964
9958
9925
9900
9799
9795
9590
9583
9354
9316
9172
9159
9120
9063
9007
8911
8879
8790
8734
8697
8570
8547
8475
8466
8315
8277
8239
8142
8074
7980
7953
7934
7899
7855
7666
7629
7606
7502
7470
7351
7272
7260
7247
7123
7077
7059
7019
6954
6927
6892
6863
6759
6687
6631
6588
6502
6446
6399
6337
6307
6275
6260
6243
6185
6159
6080
6073
6072
6018
5967
5922
5905
5846
5834
5751
5709
5668
5606
5560
5463
5461
5368
5279
5252
5191
5123
5118
5109
5102
4969
4968
4966
4867
4806
4703
4656
4562
4507
4477
4379
4366
4320
4296
4294
4286
4169
4147
4136
3992
3938
3917
3848
3767
3754
3747
3721
3662
3626
3608
3547
3537
3484
3470
3459
3447
3434
3407
3394
3394
3378
3361
3352
3331
3294
3228
3198
3190
3184
3041
3025
2974
2973
2911
2854
2796
2738
2696
2656
2570
2544
2527
2479
2465
2390
2382
2365
2359
2355
2136
2136
1996
1946
1887
1880
1851
1832
1812
1777
1705
1603
1387
1383
1356
1214
1144
1113
1048
945
939
936
878
863
844
826
799
789
754
661
531
490
469
416
380
334
245
155
149
15
