100000
99988
99968
99961
99864
99741
99716
99687
99671
99645
99621
99609
99580
99521
99455
99238
99153
99148
99123
99096
99076
99054
99022
99001
98927
98907
98887
98863
98747
98697
98683
98672
98530
98499
98469
98429
98321
98319
98268
98229
98225
98224
98097
98079
98065
98008
97976
97920
97881
97809
97797
97725
97687
97624
97624
97534
97534
97486
97422
97382
97209
97192
97168
97139
97087
97035
97012
96958
96816
96782
96762
96761
96729
96705
96686
96633
96599
96581
96465
96366
96339
96288
96283
96053
96046
95996
95985
95930
95929
95914
95847
95821
95706
95694
95607
95568
95417
95411
95409
95405
95355
95263
95140
95056
95022
94938
94917
94903
94878
94833
94726
94723
94684
94682
94670
94612
94595
94581
94539
94520
94357
94346
94258
94224
94179
94166
94060
93957
93835
93781
93769
93612
93603
93592
93505
93440
93326
93318
93300
93278
93248
93243
93212
93034
92964
92888
92820
92730
92706
92617
92611
92610
92501
92492
92451
92345
92342
92269
92244
92235
92144
92110
91993
91969
91956
91818
91754
91675
91533
91507
91459
91453
91367
91343
91320
91311
91174
91174
91168
91164
91159
90999
90952
90936
90917
90867
90824
90820
90808
90796
90716
90706
90693
90579
90529
90505
90486
90476
90359
90296
90163
90133
90131
90115
89972
89968
89713
89710
89627
89600
89528
89457
89451
89312
89268
89176
89106
89049
89037
89007
88991
88954
88948
88833
88776
88632
88619
88604
88427
88427
88404
88398
88390
88336
88194
88153
88153
88091
88012
88009
87998
87966
87961
87888
87855
87855
87833
87821
87754
87728
87532
87358
87320
87256
87252
87200
87110
87086
87040
87002
86967
86848
86816
86792
86639
86589
86557
86394
86378
86186
86037
86013
86012
85973
85872
85867
85608
85599
85585
85583
85572
85549
85539
85538
85499
85448
85389
85334
85241
85212
85066
85033
84914
84910
84874
84793
84697
84627
84584
84555
84522
84455
84451
84400
84311
84231
84208
84195
84182
84074
84009
83977
83827
83781
83752
83605
83586
83577
83544
83528
83526
83467
83350
83340
83322
83288
83268
83238
83207
83038
83037
82912
82862
82790
82752
82728
82703
82634
82634
82618
82610
82455
82415
82319
82301
82286
82157
82133
82128
81980
81914
81911
81864
81856
81848
81765
81388
81382
81374
81331
81313
81293
81267
81252
81201
81190
81147
81072
81047
81038
80978
80931
80741
80678
80597
80587
80579
80501
80498
80370
80250
80176
80161
80155
80144
80137
80083
80036
79936
79906
79819
79817
79777
79738
79731
79646
79635
79592
79556
79555
79421
79371
79367
79206
79162
79090
79054
78958
78896
78805
78797
78793
78667
78624
78552
78548
78496
78488
78391
78332
78325
78222
78174
78095
78037
78003
77979
77939
77894
77777
77770
77729
77615
77587
77549
77532
77487
77421
77397
77360
77283
77205
77183
77179
77117
76983
76931
76817
76782
76778
76765
76742
76713
76701
76687
76668
76633
76620
76533
76502
76445
76408
76387
76353
76332
76174
76136
76116
76112
75973
75867
75861
75768
75729
75718
75662
75640
75623
75590
75511
75489
75471
75337
75271
75266
75261
75253
75204
75162
75150
75123
75092
75045
74871
74851
74705
74695
74659
74648
74604
74594
74448
74397
74393
74374
74282
74279
74278
74274
74249
74183
74081
74066
74031
73994
73860
73832
73829
73788
73749
73730
73714
73714
73703
73637
73597
73592
73530
73517
73321
73254
73224
73212
73199
73046
73025
73001
72996
72922
72919
72901
72882
72822
72821
72815
72802
72783
72708
72699
72580
72522
72484
72332
72303
72255
72218
72085
72023
72023
72012
71963
71954
71946
71789
71735
71710
71655
71602
71554
71466
71405
71366
71353
71352
71343
71289
71282
71260
71109
71047
71040
71012
70995
70986
70966
70906
70897
70885
70867
70783
70777
70690
70674
70641
70634
70545
70500
70343
70324
70312
70290
70288
70145
70140
70044
70009
69995
69957
69704
69686
69533
69433
69413
69361
69340
69335
69326
69324
69271
69243
69224
69159
69080
69043
69038
68943
68936
68934
68900
68877
68872
68861
68854
68802
68695
68677
68645
68561
68456
68394
68362
68211
68149
68135
68064
68057
68031
67927
67910
67878
67821
67790
67761
67733
67732
67500
67493
67465
67383
67302
67281
67269
67248
67187
67168
67088
67019
66915
66896
66854
66840
66733
66674
66650
66523
66377
66362
66320
66308
66279
66242
66207
66189
66081
66052
66043
66012
65979
65936
65934
65906
65759
65742
65654
65628
65611
65545
65491
65431
65255
65119
64973
64934
64882
64876
64826
64805
64792
64723
64597
64467
64463
64415
64385
64185
64180
64110
64095
63934
63889
63882
63877
63865
63844
63789
63768
63758
63703
63691
63656
63650
63633
63457
63439
63426
63421
63405
63388
63197
63065
62955
62953
62903
62857
62832
62816
62758
62745
62709
62598
62524
62518
62467
62440
62424
62402
62351
62317
62312
62248
62238
62185
62023
62010
61990
61980
61945
61847
61821
61757
61652
61646
61644
61612
61429
61417
61409
61277
61245
61211
61197
61134
61003
60962
60930
60915
60906
60904
60826
60807
60763
60685
60681
60630
60466
60393
60366
60344
60241
60212
60114
60076
60054
60054
60022
59912
59911
59838
59781
59774
59766
59704
59692
59620
59612
59598
59579
59522
59465
59352
59316
59195
59137
59108
59095
59090
59052
59038
58959
58952
58924
58725
58620
58591
58584
58489
58470
58370
58341
58321
58304
58108
58052
58031
57989
57934
57918
57807
57768
57757
57695
57678
57628
57490
57473
57461
57444
57388
57370
57370
57315
57212
57200
57178
57156
57139
57136
57068
57035
56973
56964
56916
56906
56825
56794
56694
56620
56584
56571
56569
56530
56485
56431
56343
56322
56256
56135
56061
55923
55882
55863
55853
55765
55684
55676
55648
55599
55594
55585
55409
55408
55364
55315
55229
55145
55127
55101
55039
55000
54998
54996
54990
54867
54860
54796
54736
54727
54717
54713
54665
54649
54635
54620
54592
54583
54566
54555
54525
54508
54446
54374
54350
54284
54221
54193
54166
54147
54102
54088
54069
53915
53874
53846
53771
53711
53587
53563
53540
53529
53494
53490
53424
53370
53359
53340
53245
53096
53071
53027
52977
52837
52832
52780
52669
52580
52540
52527
52449
52421
52392
52371
52366
52349
52270
52218
52070
52007
51979
51930
51879
51857
51848
51777
51767
51743
51716
51689
51686
51637
51635
51610
51586
51552
51525
51517
51441
51360
51262
51229
51136
51096
51095
51041
51027
50899
50858
50857
50856
50837
50832
50812
50797
50785
50768
50705
50693
50672
50607
50595
50430
50397
50356
50295
50254
50248
50243
50209
50196
50063
50037
50034
49878
49731
49685
49685
49545
49515
49502
49502
49495
49487
49454
49445
49433
49374
49364
49282
49213
49206
49178
49141
49126
49091
49044
49016
48987
48861
48825
48789
48752
48751
48662
48616
48482
48480
48477
48369
48333
48320
48182
48101
47976
47935
47861
47852
47779
47656
47619
47605
47565
47531
47496
47456
47445
47375
47367
47322
47308
47287
47260
47248
47237
47123
47061
46996
46982
46916
46887
46882
46842
46829
46787
46697
46661
46592
46566
46562
46436
46434
46434
46351
46344
46299
46222
46212
46207
46169
46119
45966
45958
45911
45879
45795
45782
45750
45697
45665
45642
45635
45591
45589
45538
45498
45496
45489
45397
45350
45308
45284
45258
45226
45063
45026
45021
44991
44984
44982
44950
44911
44815
44804
44789
44777
44683
44679
44598
44581
44494
44380
44372
44348
44340
44118
44067
44057
43955
43929
43895
43889
43831
43827
43670
43652
43614
43535
43411
43360
43307
43210
43164
43018
43014
42760
42699
42637
42303
42041
41986
41966
41857
41835
41764
41639
41558
41510
41468
41440
41435
41413
41210
40992
40982
40981
40897
40825
40753
40715
40679
40634
40555
40430
40362
40345
40325
40310
40285
40216
40126
40111
40028
39960
39925
39907
39698
39636
39536
39512
39478
39464
39456
39390
39358
39310
39281
39251
39244
39238
39204
39184
39109
38966
38965
38947
38792
38478
38458
38452
38418
38337
38279
38049
38022
37866
37784
37764
37750
37706
37575
37484
37436
37413
37331
37302
37278
37234
37141
36928
36918
36888
36854
36840
36750
36721
36712
36636
36624
36554
36484
36434
36412
36406
36357
36356
36233
36103
36087
36004
35928
35836
35679
35643
35627
35626
35418
35273
35205
35158
35085
35023
34974
34913
34858
34824
34822
34731
34723
34667
34652
34510
34500
34439
34436
34397
34376
34305
34271
34138
34113
33979
33978
33972
33901
33894
33848
33796
33790
33693
33665
33590
33478
33460
33452
33438
33413
33391
33381
33375
33368
33275
33261
33226
33116
33016
32976
32963
32917
32875
32860
32786
32709
32689
32672
32660
32352
32299
32215
32198
32119
31972
31970
31943
31902
31891
31890
31857
31836
31813
31799
31794
31693
31634
31620
31585
31551
31517
31498
31465
31441
31417
31316
31315
31308
31283
31155
31073
31056
30929
30864
30837
30828
30818
30784
30705
30693
30689
30679
30569
30569
30426
30342
30339
30232
29950
29916
29882
29779
29761
29735
29731
29670
29667
29629
29603
29578
29534
29454
29450
29400
29397
29335
29214
29072
28969
28948
28936
28899
28846
28827
28813
28729
28689
28640
28609
28465
28451
28405
28375
28253
28058
28033
27956
27951
27944
27930
27891
27839
27826
27821
27698
27685
27677
27627
27612
27605
27541
27402
27388
27160
27131
27094
27025
26996
26943
26896
26770
26732
26727
26708
26599
26577
26545
26532
26501
26326
26271
26257
26222
26173
26099
26095
26028
26023
25941
25722
25681
25573
25524
25474
25346
25316
25279
25228
25132
24948
24938
24933
24918
24871
24837
24805
24771
24741
24672
24533
24438
24331
24247
24169
24130
24120
23990
23961
23887
23873
23860
23827
23759
23747
23737
23710
23680
23628
23583
23547
23271
23258
23207
23192
23151
23143
23127
23122
23118
23087
23077
23077
23037
23033
22990
22984
22945
22938
22923
22876
22873
22844
22822
22714
22681
22660
22607
22604
22571
22517
22508
22494
22473
22450
22442
22393
22353
22263
22089
22011
22004
21886
21847
21764
21755
21750
21646
21570
21557
21557
21544
21480
21382
21158
21155
21085
20936
20926
20920
20906
20893
20838
20800
20769
20751
20723
20706
20697
20682
20670
20633
20506
20481
20479
20406
20386
20309
20268
20267
20253
20247
20176
20152
20098
20039
20015
20008
19960
19911
19894
19752
19743
19625
19485
19332
19320
19303
19275
19241
19219
19192
19171
19147
19099
19083
18872
18871
18847
18696
18693
18692
18651
18597
18581
18519
18435
18301
18176
18147
18057
18017
17907
17903
17836
17829
17779
17706
17650
17644
17632
17610
17572
17494
17477
17376
17282
17272
17209
17209
17190
16999
16998
16893
16867
16854
16840
16786
16742
16712
16654
16522
16483
16347
16324
16288
16286
16268
16261
16188
16071
16059
16001
15969
15796
15719
15701
15686
15666
15665
15649
15624
15605
15604
15525
15492
15444
15418
15231
15220
15148
14983
14977
14827
14803
14783
14659
14639
14604
14604
14494
14347
14292
14247
14138
14113
14096
14063
14037
13991
13968
13958
13822
13778
13764
13715
13655
13579
13554
13508
13489
13457
13435
13361
13288
13262
13190
13181
13155
13005
12832
12761
12717
12670
12601
12573
12536
12519
12460
12452
12391
12368
12336
12304
12294
12271
12262
12155
12129
12111
12076
12062
12047
12041
11934
11923
11911
11910
11900
11866
11775
11768
11652
11651
11632
11473
11369
11313
11254
11093
11036
11014
10908
10791
10612
10575
10371
10294
10149
10064
9914
9897
9889
9877
9795
9753
9738
9701
9652
9609
9499
9325
9325
9238
9081
8974
8887
8842
8819
8734
8680
8675
8564
8553
8510
8476
8364
8302
8273
8238
8236
8144
8050
7917
7899
7862
7817
7790
7784
7717
7716
7691
7654
7590
7549
7497
7445
7421
7403
7345
7261
7238
7049
6992
6973
6944
6927
6720
6700
6698
6629
6554
6412
6323
6308
6280
6254
6134
6122
6049
6031
6026
6022
5968
5922
5908
5867
5764
5750
5686
5623
5588
5578
5541
5433
5433
5407
5389
5366
5304
5264
5210
5157
5119
5057
5057
4939
4905
4851
4834
4818
4742
4741
4731
4671
4671
4475
4415
4403
4347
4305
4250
4230
4189
4150
4117
3964
3930
3885
3716
3705
3698
3683
3653
3548
3481
3461
3460
3438
3388
3295
3290
3112
3076
3057
3041
3006
3001
2957
2942
2800
2790
2728
2689
2682
2640
2609
2605
2598
2592
2528
2478
2468
2355
2335
2332
2260
2254
2213
2187
2147
2083
2055
2051
1994
1939
1895
1859
1784
1776
1757
1645
1618
1610
1522
1409
1409
1394
1273
1256
1246
1111
1049
1015
961
947
946
946
878
824
823
796
718
714
671
649
591
555
466
447
441
431
387
203
139
54
19
