99993
99958
99814
99801
99748
99701
99698
99681
99610
99596
99472
99450
99436
99412
99270
99229
99188
99161
99154
99151
99133
99065
99057
99023
98940
98884
98822
98819
98776
98758
98704
98678
98648
98617
98408
98365
98359
98349
98227
98224
98210
98175
98148
98125
98084
98054
98038
98033
98010
97970
97942
97933
97861
97815
97467
97365
97326
97202
97165
97061
97050
97030
97006
97005
96973
96821
96798
96751
96721
96556
96491
96482
96470
96428
96304
96195
96094
96088
96069
95983
95945
95907
95822
95818
95634
95602
95596
95575
95486
95481
95468
95342
95286
95271
95255
95188
95098
95079
95078
95027
94919
94908
94893
94733
94692
94691
94614
94513
94432
94431
94427
94382
94372
94235
94229
94159
94138
94119
94004
93955
93814
93814
93795
93752
93656
93644
93642
93629
93582
93497
93471
93468
93460
93457
93405
93322
93112
93099
93032
93023
93022
92978
92927
92903
92895
92880
92863
92832
92828
92805
92797
92748
92728
92690
92639
92598
92410
92394
92355
92327
92316
92149
92125
92110
92003
91960
91957
91833
91741
91726
91614
91557
91390
91357
91310
91202
91159
91146
91082
91056
91026
91006
91006
91001
90996
90822
90788
90754
90713
90695
90676
90673
90549
90523
90501
90439
90376
90368
90360
90245
90131
90102
90078
90065
90054
89995
89970
89856
89832
89798
89794
89726
89710
89709
89705
89645
89603
89527
89513
89482
89428
89277
89249
89242
89235
89219
89149
89146
89135
89103
89096
89041
89030
89007
88989
88970
88873
88860
88831
88801
88789
88765
88738
88638
88637
88613
88606
88541
88531
88526
88478
88447
88350
88206
88107
88082
88033
87988
87895
87869
87853
87850
87842
87779
87761
87750
87746
87728
87724
87656
87626
87545
87495
87355
87195
87140
87108
87101
87099
87099
87056
86963
86888
86862
86850
86667
86580
86559
86362
86356
86327
86241
86240
86089
86044
86022
86022
85988
85972
85965
85941
85635
85631
85578
85553
85464
85365
85130
85107
85028
84983
84912
84824
84814
84812
84774
84766
84737
84719
84679
84669
84663
84595
84556
84513
84356
84300
84259
84132
84109
84088
84084
84064
84061
84055
84003
84000
83970
83882
83776
83726
83636
83598
83583
83435
83419
83307
83306
83269
83264
83230
83191
83173
83134
83089
83050
83043
83000
82987
82978
82942
82811
82746
82694
82250
82176
82171
82135
82116
82032
82023
82014
81961
81923
81784
81703
81693
81645
81631
81614
81585
81583
81503
81423
81360
81285
81251
81193
81112
80989
80966
80966
80954
80943
80913
80848
80829
80671
80560
80483
80443
80425
80409
80320
80282
80211
80144
80112
80107
80082
80052
80034
79980
79967
79918
79843
79830
79809
79575
79547
79541
79508
79503
79474
79427
79374
79237
79228
79203
79183
79150
79119
79101
79005
78973
78833
78783
78752
78636
78611
78555
78482
78428
78405
78377
78372
78367
78266
78257
78243
78159
78126
78090
77972
77949
77940
77824
77820
77811
77733
77698
77654
77615
77579
77576
77483
77451
77444
77419
77406
77377
77365
77332
77238
77085
77077
77056
77049
77013
76998
76944
76790
76770
76749
76691
76647
76508
76457
76436
76372
76270
76251
76170
76143
76066
76009
76006
75953
75952
75950
75829
75828
75824
75823
75789
75702
75651
75640
75585
75508
75502
75433
75373
75365
75364
75336
75302
75300
75156
75145
75099
75096
75080
75079
75029
75028
74951
74951
74871
74865
74726
74585
74537
74514
74449
74430
74332
74185
74133
74082
74066
74063
74053
74026
73928
73806
73796
73770
73683
73581
73550
73506
73472
73470
73357
73353
73317
73312
73297
73195
73124
73124
73101
73100
72897
72874
72856
72824
72735
72715
72666
72662
72575
72545
72532
72465
72454
72409
72401
72370
72277
72218
72097
72076
72024
71947
71881
71793
71780
71750
71744
71632
71613
71611
71531
71509
71436
71420
71390
71299
71271
71238
71232
71199
71165
71150
71052
71041
71034
71029
70994
70897
70861
70828
70611
70571
70525
70488
70431
70400
70314
70292
70138
70131
70123
70084
70053
69871
69769
69677
69477
69473
69463
69436
69362
69319
69180
69173
68962
68851
68801
68790
68764
68707
68697
68628
68587
68503
68472
68379
68358
68335
68331
68230
68215
68208
68168
68137
68063
67989
67974
67962
67850
67844
67783
67706
67687
67671
67630
67566
67500
67446
67418
67357
67248
67223
67222
67193
67192
67178
67145
67109
67045
66971
66945
66937
66914
66869
66857
66840
66840
66824
66787
66747
66732
66710
66676
66672
66596
66548
66494
66481
66464
66280
66278
66011
65964
65890
65857
65758
65755
65750
65746
65720
65661
65654
65648
65627
65621
65620
65574
65552
65417
65375
65372
65334
65323
65263
65014
65012
64950
64890
64789
64784
64735
64591
64591
64561
64509
64501
64464
64449
64405
64349
64303
64253
64148
64082
64031
63994
63976
63950
63932
63898
63797
63793
63687
63652
63498
63493
63438
63397
63341
63331
63321
63253
63248
63153
63125
63069
62998
62775
62741
62633
62518
62500
62469
62412
62399
62347
62347
62304
62301
62280
62275
62135
62122
62098
61986
61865
61821
61732
61685
61654
61599
61590
61589
61535
61488
61465
61463
61440
61387
61292
61223
61109
61034
60939
60877
60845
60822
60601
60572
60512
60421
60391
60377
60367
60302
60197
60182
60104
60048
60014
59995
59966
59900
59806
59799
59740
59729
59715
59706
59677
59536
59512
59499
59475
59413
59378
59359
59330
59319
59179
59102
59095
59069
59045
58928
58889
58869
58835
58741
58712
58656
58639
58566
58565
58481
58473
58458
58390
58364
58327
58313
58301
58291
58286
58240
58120
57725
57680
57645
57636
57635
57515
57493
57478
57426
57382
57379
57369
57350
57336
57303
57131
57092
57026
57019
57017
56859
56754
56729
56565
56479
56453
56437
56265
56225
56217
56201
56184
56174
56150
55991
55938
55928
55898
55896
55869
55866
55732
55723
55702
55693
55634
55613
55608
55551
55494
55489
55421
55421
55360
55358
55317
55297
55290
55194
55125
55066
55039
55016
54890
54809
54731
54728
54547
54537
54506
54497
54495
54472
54467
54392
54323
54312
54248
54224
54216
54213
54201
54153
54134
54129
54032
54020
53913
53877
53875
53859
53795
53725
53704
53673
53623
53496
53452
53425
53400
53388
53380
53329
53324
53310
53251
53100
53064
53052
53051
53028
52987
52922
52900
52879
52822
52652
52575
52507
52490
52358
52326
52323
52262
52251
52166
52151
52128
52066
52013
51948
51885
51877
51828
51779
51751
51617
51488
51267
51245
51182
51158
51105
51036
50944
50931
50912
50891
50883
50800
50697
50682
50629
50595
50554
50499
50488
50373
50217
50193
50146
50063
50047
50046
50021
50006
49942
49899
49855
49734
49697
49637
49547
49478
49466
49460
49371
49361
49324
49287
49192
49177
49131
49001
48955
48923
48885
48850
48796
48795
48778
48754
48551
48492
48428
48407
48405
48368
48300
48298
48243
48185
48050
47859
47776
47738
47665
47660
47632
47586
47575
47570
47569
47458
47296
47283
47268
47231
47147
46930
46910
46867
46712
46590
46584
46562
46531
46508
46472
46467
46393
46378
46374
46351
46329
46327
46190
46189
46142
46077
46027
46026
45943
45939
45819
45787
45499
45458
45407
45377
45250
45228
45205
45146
45137
45058
45044
44935
44855
44843
44825
44759
44748
44715
44710
44702
44689
44678
44655
44594
44353
44334
44309
44306
44226
44215
44188
44174
44170
44165
44129
44099
44065
44033
44028
43981
43964
43810
43809
43775
43759
43740
43684
43655
43633
43549
43535
43346
43271
43240
43220
43209
43086
43070
42974
42891
42814
42738
42707
42663
42359
42295
42291
42102
42098
42073
42050
42030
41997
41961
41956
41885
41686
41634
41620
41608
41558
41466
41449
41445
41400
41322
41318
41281
41151
41114
41004
40920
40890
40807
40637
40595
40567
40564
40532
40512
40420
40419
40400
40285
40206
40198
40194
40162
40023
40006
39994
39909
39876
39812
39762
39728
39696
39685
39663
39657
39570
39529
39450
39443
39346
39343
39339
39312
39305
39280
39270
39263
39229
39212
39207
39171
39163
39132
39093
39090
39067
39027
39006
39005
38931
38852
38779
38713
38646
38533
38525
38519
38479
38469
38463
38456
38270
38249
38238
38174
38137
38078
38008
37928
37860
37838
37769
37733
37692
37541
37491
37486
37325
37308
37265
37097
36919
36828
36759
36719
36697
36644
36618
36572
36490
36482
36442
36301
36290
36243
36214
36212
36157
36118
36097
36084
36050
36041
36020
35903
35886
35867
35828
35778
35747
35660
35480
35458
35435
35426
35423
35420
35405
35383
35361
35253
35236
35217
35177
35177
35141
35082
34997
34887
34860
34822
34796
34636
34603
34543
34499
34487
34465
34292
34215
34045
33988
33945
33943
33860
33788
33737
33719
33639
33507
33459
33433
33293
33250
33241
33028
33011
32994
32903
32877
32870
32788
32589
32582
32538
32520
32508
32488
32393
32379
32377
32353
32351
32309
32235
32171
32150
32056
31999
31997
31924
31874
31867
31835
31695
31668
31651
31619
31509
31414
31414
31387
31378
31369
31347
31310
31266
31253
31247
31150
31118
31090
31052
31020
30809
30731
30685
30589
30581
30574
30434
30409
30387
30297
30260
30228
30187
30170
30153
30142
30073
30021
29941
29914
29886
29861
29854
29800
29790
29744
29699
29680
29660
29489
29477
29387
29318
29269
29113
29105
29081
29030
29010
28956
28945
28928
28863
28856
28829
28797
28776
28501
28495
28389
28300
28233
28185
28044
28002
27979
27925
27901
27835
27832
27814
27775
27775
27731
27679
27653
27628
27614
27613
27448
27385
27382
27354
27326
27115
27075
27039
26929
26925
26818
26755
26669
26667
26591
26581
26577
26514
26457
26348
26288
26261
26223
26221
26219
26166
26145
26114
26059
25851
25848
25831
25710
25639
25576
25563
25547
25536
25486
25376
25367
25357
25309
25135
25122
25100
25065
25006
24962
24890
24830
24716
24648
24603
24579
24432
24419
24392
24375
24364
24357
24276
24212
24157
24095
24083
24018
24002
24000
23990
23930
23870
23861
23746
23717
23694
23671
23616
23533
23505
23471
23460
23409
23375
23366
23159
23147
23144
23116
23067
23056
23026
23016
22969
22939
22937
22915
22913
22910
22881
22829
22713
22693
22652
22439
22413
22301
22240
22204
22201
22177
22114
22106
22026
21967
21965
21961
21852
21796
21726
21680
21609
21512
21489
21489
21474
21420
21411
21391
21344
21287
21262
21246
21228
21210
21194
21189
21172
21055
20978
20973
20946
20876
20832
20822
20650
20609
20557
20520
20400
20364
20323
20213
20189
20181
20153
20142
20118
20092
20051
20044
19971
19943
19928
19908
19872
19762
19693
19657
19555
19459
19442
19410
19402
19401
19393
19307
19275
19262
19259
19226
19147
19107
18915
18815
18796
18793
18750
18726
18690
18656
18618
18511
18475
18365
18352
18332
18306
18304
18274
18248
18242
18126
18071
18000
17910
17833
17813
17746
17697
17679
17646
17634
17413
17372
17359
17309
17303
17261
17220
17196
17159
17139
16995
16936
16709
16678
16670
16619
16610
16600
16502
16381
16369
16319
16312
16305
16268
16225
16211
16172
16050
16006
15892
15824
15757
15690
15601
15527
15494
15458
15334
15310
15137
15058
15046
15018
15006
14887
14863
14655
14563
14543
14453
14428
14209
14141
14135
14069
13950
13921
13819
13791
13781
13635
13597
13577
13525
13524
13503
13470
13207
13192
13177
13167
13160
13155
13076
13017
12985
12980
12962
12920
12918
12911
12899
12884
12750
12741
12482
12480
12392
12337
12175
12145
12114
12011
11992
11968
11929
11729
11697
11595
11511
11405
11250
11204
11163
11115
11036
11020
10883
10841
10820
10714
10708
10624
10606
10559
10474
10376
10339
10132
9959
9866
9841
9785
9777
9764
9670
9650
9543
9540
9536
9526
9513
9506
9496
9455
9388
9298
9261
9213
9123
9096
8848
8848
8770
8763
8717
8713
8698
8666
8642
8553
8552
8537
8492
8327
8275
8182
8119
8069
8057
8052
8044
8033
8014
7872
7722
7657
7563
7554
7530
7530
7476
7362
7127
7123
7109
7070
7055
7017
6944
6933
6837
6798
6724
6653
6557
6531
6501
6412
6365
6354
6301
6287
6282
6273
6195
6091
6009
6006
5896
5868
5816
5755
5733
5682
5640
5635
5560
5441
5302
5248
5174
5157
5135
5107
5085
5085
5018
4964
4964
4882
4801
4789
4785
4686
4682
4531
4508
4503
4478
4472
4452
4412
4294
4231
4201
4153
3980
3939
3905
3852
3801
3732
3718
3679
3589
3579
3507
3406
3397
3336
3290
3256
3064
3045
3026
2998
2932
2859
2839
2784
2779
2766
2731
2722
2706
2672
2671
2670
2668
2554
2516
2481
2337
2334
2239
2202
2041
1846
1845
1691
1658
1603
1526
1512
1456
1387
1367
1133
1001
984
852
832
722
688
617
565
501
264
180
93
50
