99768
99754
99741
99726
99672
99574
99537
99500
99471
99434
99408
99259
99186
99103
99042
99012
98980
98928
98908
98891
98888
98886
98828
98739
98624
98473
98392
98379
98263
98227
98209
98160
97992
97936
97836
97827
97685
97681
97674
97493
97415
97409
97405
97370
97234
97152
97128
97116
97078
97052
97031
96965
96797
96739
96568
96566
96539
96531
96514
96513
96423
96385
96329
96286
96257
96256
96236
96176
96112
96090
96043
95913
95827
95801
95783
95751
95680
95671
95429
95328
95198
95165
95127
95080
95068
95007
95006
94997
94848
94805
94785
94767
94761
94618
94596
94492
94451
94426
94360
94328
94313
94281
94230
94218
94125
94013
93929
93830
93821
93812
93754
93715
93673
93663
93649
93611
93589
93566
93471
93467
93432
93403
93400
93370
93338
93330
93281
93251
93249
93224
93180
93125
93016
92970
92951
92780
92768
92756
92737
92715
92569
92535
92494
92453
92386
92329
92327
92322
92215
92204
92164
92052
92050
92001
91995
91987
91902
91895
91845
91837
91791
91762
91735
91643
91615
91564
91433
91275
91216
91208
91160
91089
91011
90951
90884
90838
90824
90819
90818
90782
90768
90672
90611
90593
90557
90484
90456
90422
90404
90385
90357
90354
90245
90207
90194
90181
90088
90079
90041
89872
89844
89834
89770
89706
89664
89641
89629
89619
89614
89578
89571
89571
89522
89447
89404
89358
89163
89153
89121
89068
89034
88969
88969
88941
88912
88839
88833
88753
88709
88705
88686
88654
88546
88545
88540
88487
88429
88422
88365
88317
88313
88256
88174
88164
88001
87994
87952
87849
87771
87759
87732
87702
87542
87494
87345
87321
87266
87213
87139
87085
86956
86879
86719
86687
86660
86611
86446
86303
86244
86159
86027
85971
85926
85843
85838
85838
85761
85696
85645
85638
85627
85589
85588
85523
85466
85403
85374
85306
85277
85176
85166
84923
84900
84881
84858
84773
84765
84716
84713
84666
84642
84595
84570
84540
84525
84525
84499
84488
84438
84284
84282
84227
84178
84159
84097
84054
83922
83825
83819
83777
83774
83719
83716
83632
83604
83558
83548
83525
83499
83369
83285
83228
83199
83157
83154
83143
83072
82990
82983
82955
82865
82831
82658
82657
82640
82616
82571
82495
82439
82378
82276
82276
82267
82264
82213
82213
82168
82149
82068
81879
81789
81657
81655
81603
81578
81527
81434
81376
81358
81224
81154
81129
81101
81077
81018
81005
80941
80936
80909
80822
80799
80790
80751
80719
80662
80436
80431
80373
80279
80201
80183
80150
80135
79978
79961
79906
79792
79696
79690
79687
79686
79553
79517
79511
79492
79469
79424
79308
79232
79169
79153
79131
79093
79085
79036
79036
78902
78849
78787
78754
78731
78658
78588
78564
78548
78540
78485
78470
78461
78298
78243
78187
78180
78167
78162
78160
78151
78125
78074
78026
78010
77905
77825
77769
77762
77746
77669
77591
77501
77443
77367
77347
77259
77170
77151
77136
77109
77108
76818
76769
76696
76688
76585
76583
76583
76456
76393
76334
76280
76225
76194
76119
76112
76017
75922
75906
75886
75858
75835
75734
75732
75657
75655
75564
75556
75524
75519
75304
75276
75183
75151
75102
75033
74977
74929
74871
74720
74660
74647
74643
74606
74574
74554
74486
74482
74445
74425
74419
74353
74312
74269
74208
74074
74042
74041
74011
74008
73914
73906
73776
73774
73744
73668
73645
73567
73558
73522
73518
73518
73440
73382
73336
73299
73205
73135
73125
73071
72963
72939
72874
72854
72791
72712
72629
72469
72425
72313
72298
72290
72252
72237
72234
72231
72147
72147
72089
72078
72065
72047
71994
71932
71926
71924
71868
71815
71812
71772
71740
71555
71544
71510
71479
71475
71348
71311
71209
71089
70978
70840
70820
70819
70790
70704
70663
70663
70588
70574
70569
70567
70504
70350
70348
70217
70108
70101
70015
69959
69845
69806
69788
69733
69675
69646
69620
69605
69578
69549
69529
69518
69504
69482
69358
69286
69211
69176
69048
69025
68962
68930
68912
68906
68824
68816
68777
68618
68567
68290
68270
68188
68172
68142
68026
67803
67689
67685
67552
67500
67495
67418
67375
67347
67263
67229
67108
67053
67041
66985
66940
66891
66884
66869
66869
66816
66795
66784
66734
66720
66657
66654
66650
66600
66595
66547
66541
66531
66520
66513
66511
66442
66442
66438
66404
66366
66305
66240
66192
66163
66149
66065
65916
65878
65787
65731
65644
65635
65592
65520
65511
65490
65466
65428
65409
65272
65195
65178
65112
65035
65023
64933
64822
64690
64572
64558
64537
64495
64241
64173
64061
63996
63751
63741
63700
63687
63641
63586
63575
63510
63465
63382
63371
63352
63281
63272
63271
63256
63122
63110
63101
63085
63015
62995
62972
62921
62610
62473
62448
62418
62208
62191
62186
62142
62030
61957
61954
61925
61925
61910
61879
61867
61838
61820
61791
61719
61697
61591
61553
61539
61501
61494
61447
61421
61394
61274
61251
61081
61055
60969
60920
60868
60866
60844
60802
60785
60740
60709
60668
60625
60548
60543
60531
60514
60357
60238
60219
60189
60167
60123
59989
59969
59935
59906
59876
59844
59843
59807
59800
59784
59750
59744
59732
59715
59658
59646
59595
59517
59509
59445
59440
59347
59230
59218
59117
59080
58991
58973
58762
58752
58748
58721
58655
58644
58519
58477
58471
58429
58412
58350
58307
58288
58235
57988
57891
57789
57722
57703
57672
57622
57615
57584
57543
57513
57437
57427
57381
57352
57311
57257
57246
57237
57186
57142
56934
56795
56753
56751
56745
56677
56676
56626
56613
56613
56578
56556
56535
56529
56505
56501
56500
56409
56401
56199
56144
56137
56129
56120
56025
55986
55931
55889
55801
55742
55738
55703
55684
55674
55660
55590
55527
55484
55388
55316
55215
55099
54956
54939
54904
54881
54860
54784
54478
54424
54421
54415
54414
54359
54354
54350
54326
54128
54110
54071
53996
53983
53964
53844
53807
53732
53706
53606
53522
53489
53448
53382
53232
53170
53086
53002
53001
52995
52909
52891
52879
52841
52771
52736
52615
52597
52577
52576
52551
52501
52493
52470
52430
52326
52296
52291
52257
52232
52082
52067
52057
52043
51987
51981
51937
51861
51804
51784
51681
51658
51631
51618
51611
51567
51504
51453
51426
51395
51367
51347
51345
51253
51224
51217
51189
51167
51158
51075
51064
50996
50933
50828
50622
50615
50570
50507
50458
50416
50412
50397
50306
50301
50229
50175
50153
50125
50093
50020
50013
49976
49963
49700
49662
49591
49489
49464
49450
49437
49364
49338
49300
49292
49168
49149
49138
49123
49086
49026
48945
48928
48789
48701
48572
48572
48564
48368
48364
48351
48218
48201
48138
48112
48108
48106
48081
47957
47906
47829
47825
47812
47808
47806
47771
47770
47720
47704
47688
47653
47555
47549
47502
47497
47467
47446
47414
47259
47257
47067
46906
46856
46853
46842
46840
46815
46716
46669
46588
46504
46474
46464
46388
46348
46348
46330
46325
46238
46207
46156
46138
46117
46115
46111
46094
46091
46039
46035
46003
45991
45946
45942
45914
45894
45890
45774
45712
45695
45688
45649
45534
45529
45509
45480
45454
45440
45285
45233
45228
45218
45214
45214
45168
45167
45133
45114
45106
45046
45044
45028
45023
44952
44910
44860
44823
44777
44776
44624
44614
44600
44549
44507
44499
44497
44467
44385
44385
44343
44330
44330
44316
44275
44266
44262
44261
44256
44243
44237
44206
44126
44094
44032
43920
43915
43900
43898
43892
43772
43719
43700
43540
43361
43191
43184
42946
42924
42899
42838
42796
42788
42780
42726
42672
42650
42630
42445
42311
42246
42192
42100
42003
41996
41954
41932
41907
41754
41716
41714
41693
41634
41620
41567
41529
41519
41431
41424
41178
41014
40997
40996
40934
40922
40760
40701
40681
40611
40580
40558
40485
40446
40442
40393
40376
40374
40311
40309
40279
40262
40175
40174
40100
40093
39866
39826
39772
39744
39514
39509
39486
39476
39371
39250
39239
39138
39079
39027
39003
38996
38995
38898
38859
38767
38766
38766
38682
38620
38583
38552
38439
38350
38330
38320
38260
38075
38016
37952
37932
37875
37823
37805
37563
37414
37335
37141
37109
37026
36975
36950
36921
36866
36817
36801
36799
36798
36750
36678
36641
36634
36611
36580
36576
36570
36555
36530
36503
36501
36452
36451
36427
36414
36396
36393
36337
36208
36177
36153
36027
36014
35996
35897
35877
35817
35724
35720
35704
35533
35448
35419
35403
35394
35351
35255
35159
35079
34960
34936
34933
34873
34833
34822
34717
34568
34525
34455
34441
34435
34377
34362
34337
34277
34273
34201
34120
34079
34051
33974
33929
33923
33887
33887
33810
33717
33673
33673
33641
33592
33418
33416
33356
33309
33278
33152
33108
33105
32952
32767
32720
32717
32716
32699
32670
32658
32488
32483
32444
32416
32372
32365
32330
32305
32277
32095
31904
31858
31841
31779
31683
31672
31610
31598
31563
31555
31520
31402
31376
31348
31325
31134
31118
31091
31036
30699
30698
30597
30574
30459
30445
30363
30233
30143
30114
30076
30045
30034
29993
29938
29938
29912
29892
29867
29811
29512
29431
29406
29323
29212
29127
29127
29073
29049
29006
28988
28979
28934
28911
28847
28824
28821
28804
28490
28448
28399
28396
28395
28347
28326
28274
28272
28223
28222
28164
28159
28153
28100
28041
28038
27953
27877
27778
27726
27724
27661
27632
27560
27537
27489
27461
27341
27269
27264
27261
27227
27211
27183
27160
27142
27113
27094
27051
27048
26806
26753
26689
26666
26650
26574
26560
26560
26556
26493
26459
26425
26378
26358
26308
26302
26200
26187
26139
26015
26014
25957
25900
25875
25777
25749
25734
25662
25617
25556
25388
25274
25112
25073
25051
25002
24971
24916
24895
24799
24769
24763
24709
24686
24524
24484
24475
24459
24439
24389
24172
24104
24011
23868
23774
23768
23763
23685
23648
23576
23539
23511
23385
23340
23338
23088
22996
22957
22953
22796
22705
22609
22601
22555
22482
22445
22330
22072
22041
21914
21874
21855
21831
21753
21711
21659
21525
21341
21339
21308
21218
21072
21070
21034
21022
20970
20935
20875
20867
20832
20811
20702
20665
20637
20582
20572
20567
20457
20455
20448
20397
20383
20380
20338
20069
20032
19898
19896
19881
19850
19846
19825
19794
19786
19717
19687
19675
19655
19640
19624
19583
19533
19492
19397
19390
19345
19312
19303
19283
19276
19219
19142
19131
18989
18975
18919
18908
18860
18771
18727
18664
18656
18652
18620
18560
18547
18531
18526
18516
18488
18453
18352
18258
18194
18181
18173
18158
18123
18084
18082
17909
17894
17858
17834
17752
17707
17683
17630
17460
17453
17434
17255
17255
17249
17152
17068
17053
16894
16887
16727
16725
16721
16713
16636
16580
16556
16549
16528
16504
16415
16333
16328
16320
16311
16284
16235
16210
16167
16152
16137
16109
16035
15989
15940
15860
15813
15783
15759
15618
15567
15537
15530
15485
15483
15403
15362
15321
15313
15243
15225
15225
15066
15060
15002
14941
14867
14815
14773
14756
14719
14645
14561
14543
14542
14454
14400
14241
14220
14199
14038
13989
13975
13972
13949
13803
13689
13677
13591
13543
13474
13392
13366
13287
13179
13118
12784
12722
12627
12529
12510
12471
12447
12353
12277
12219
12201
12178
12177
12169
12140
12131
12124
12091
12074
12048
11964
11906
11829
11778
11746
11734
11623
11620
11603
11552
11529
11519
11506
11491
11410
11362
11306
11301
11292
11268
11160
11064
11002
10969
10966
10932
10904
10889
10881
10873
10871
10827
10792
10723
10591
10364
10233
10225
10083
10075
10066
10055
10003
9982
9933
9817
9799
9796
9745
9729
9714
9627
9567
9506
9420
9367
9251
9188
9078
8959
8876
8876
8859
8856
8852
8776
8764
8739
8732
8649
8645
8625
8610
8574
8533
8532
8524
8497
8456
8436
8417
8403
8390
8329
8285
8273
8162
8154
8096
7974
7917
7909
7899
7850
7722
7703
7692
7609
7560
7541
7437
7425
7334
7321
7297
7293
7274
7131
7128
7042
6936
6909
6794
6675
6641
6609
6564
6558
6550
6504
6462
6347
6258
6167
6080
6065
6007
5987
5961
5869
5849
5769
5767
5595
5466
5441
5254
5197
5172
5139
5118
5105
5101
5099
5058
5040
5011
4893
4804
4802
4762
4621
4540
4449
4421
4302
4298
4287
4234
4176
4074
4008
3872
3828
3827
3813
3689
3622
3568
3557
3514
3448
3433
3427
3345
3335
3243
3205
3149
3144
2927
2894
2867
2864
2700
2680
2609
2604
2601
2598
2550
2530
2502
2465
2444
2444
2423
2401
2332
2283
2279
2260
2171
2104
2074
2046
1832
1795
1789
1706
1599
1595
1487
1485
1474
1407
1404
1377
1236
1201
1064
940
883
872
862
859
856
832
812
753
673
631
623
584
570
566
566
560
519
491
488
424
405
400
334
65
