99911
99751
99714
99661
99642
99587
99531
99430
99405
99339
99327
99313
99246
99220
99175
99139
99038
98993
98959
98953
98953
98933
98899
98878
98790
98752
98751
98748
98731
98676
98606
98563
98514
98492
98318
98261
98243
98229
98203
98176
98168
98159
98141
98114
98109
98100
97986
97867
97854
97792
97732
97662
97581
97557
97519
97506
97368
97365
97343
97321
97262
97251
97047
96936
96895
96893
96887
96842
96762
96741
96657
96636
96635
96589
96553
96459
96441
96356
96354
96352
96346
96324
96262
96143
96128
96117
96083
96063
96058
95842
95677
95670
95616
95456
95267
95207
95171
95111
95065
95002
94984
94862
94840
94824
94782
94771
94740
94719
94692
94581
94577
94541
94389
94367
94160
94140
94133
94114
94073
94060
94041
93993
93925
93845
93833
93750
93697
93672
93570
93556
93510
93420
93275
93230
93112
93084
93073
93051
92998
92988
92981
92887
92631
92603
92573
92542
92484
92480
92423
92275
92274
92210
92206
92188
92143
92093
92066
92022
91875
91841
91804
91791
91714
91687
91631
91618
91616
91581
91485
91473
91456
91396
91289
91288
91239
91213
91180
91169
91161
91011
91003
90960
90959
90879
90823
90780
90611
90596
90541
90525
90427
90422
90353
90304
90301
90197
90064
90056
89979
89964
89928
89866
89803
89783
89777
89753
89733
89693
89664
89661
89655
89590
89558
89515
89470
89456
89430
89429
89312
89292
89273
89201
89165
89151
89125
89123
89110
89043
88971
88948
88933
88915
88850
88699
88679
88554
88498
88497
88496
88472
88345
88302
88290
88284
88247
88244
88184
88095
88003
87951
87878
87834
87657
87608
87606
87575
87557
87542
87446
87436
87416
87353
87337
87269
86986
86978
86917
86857
86800
86772
86724
86690
86677
86652
86644
86602
86553
86540
86471
86429
86427
86330
86198
86151
86030
85992
85933
85904
85891
85888
85831
85715
85652
85650
85619
85619
85589
85501
85412
85353
85266
85256
85166
85162
85153
84931
84925
84761
84721
84631
84582
84418
84417
84356
84315
84244
84221
84215
84171
84166
84139
83997
83973
83905
83873
83860
83850
83848
83813
83766
83718
83637
83616
83490
83395
83272
83244
83224
83205
83185
83172
83051
82986
82985
82947
82913
82801
82798
82767
82741
82728
82620
82606
82586
82585
82560
82536
82353
82264
82262
82251
82193
82179
82178
82161
82161
82105
82036
82028
81997
81822
81675
81648
81514
81427
81425
81412
81371
81348
81339
81317
81291
81267
81118
81055
80918
80860
80776
80758
80742
80704
80588
80581
80516
80438
80437
80423
80398
80376
80206
80185
80152
80134
80120
80096
80073
79903
79799
79742
79725
79709
79671
79647
79628
79557
79552
79519
79489
79427
79407
79294
79230
79200
79150
79146
78999
78920
78846
78760
78659
78551
78541
78510
78505
78436
78359
78334
78298
78203
77958
77949
77942
77896
77849
77829
77717
77693
77609
77580
77545
77373
77353
77290
77216
77213
77134
77126
77007
77001
76976
76946
76945
76937
76927
76890
76837
76638
76613
76525
76487
76466
76435
76394
76372
76336
76329
76162
76062
76039
76035
76030
76013
75980
75907
75864
75805
75774
75764
75667
75661
75469
75466
75460
75394
75358
75333
75330
75306
75250
75062
74875
74828
74660
74571
74511
74501
74434
74409
74356
74346
74313
74295
74248
74239
74212
74201
74133
74070
74062
74042
74008
73937
73914
73802
73734
73720
73658
73609
73606
73600
73577
73517
73498
73481
73430
73403
73377
73183
73156
73125
72969
72948
72914
72789
72684
72649
72639
72635
72498
72479
72408
72372
72360
72152
72146
72083
71847
71846
71760
71742
71705
71705
71703
71699
71688
71668
71661
71617
71566
71455
71392
71381
71306
71304
71287
71140
71059
71006
70913
70810
70716
70630
70610
70595
70590
70563
70437
70367
70355
70351
70235
70221
70193
70176
70116
70098
70084
70006
69952
69941
69871
69843
69827
69650
69551
69528
69463
69376
69212
69199
69176
69168
69135
69132
69119
68996
68993
68991
68968
68945
68877
68759
68722
68697
68634
68550
68549
68479
68408
68296
68252
68242
68139
68119
68087
67874
67818
67768
67727
67703
67648
67556
67543
67494
67478
67405
67310
67300
67214
67210
67184
67128
67123
67121
66984
66830
66779
66716
66520
66401
66394
66357
66124
66122
66105
66085
66046
66028
65990
65976
65896
65881
65862
65819
65671
65663
65608
65572
65534
65431
65426
65381
65315
65263
65245
65240
65220
65177
65164
65153
65134
65100
65021
64996
64873
64871
64866
64840
64815
64785
64683
64655
64607
64588
64578
64444
64426
64396
64392
64354
64312
64154
64130
64089
64057
64027
63930
63904
63899
63890
63866
63850
63821
63757
63689
63668
63568
63549
63456
63455
63354
63351
63310
63285
63280
63265
63250
63134
63038
63030
62994
62913
62823
62656
62598
62598
62534
62502
62487
62467
62395
62345
62304
62254
62198
62107
62099
62035
62028
62002
61959
61954
61939
61931
61778
61762
61755
61599
61540
61501
61453
61438
61390
61263
61242
60958
60956
60887
60883
60855
60845
60835
60807
60803
60787
60735
60646
60605
60462
60431
60419
60406
60259
60243
60217
60170
60148
60119
60072
60064
59835
59831
59771
59728
59593
59589
59526
59446
59388
59380
59370
59355
59353
59304
59296
59260
59251
59223
59033
59032
58957
58928
58869
58763
58661
58581
58575
58542
58529
58453
58450
58364
58349
58347
58289
58278
58278
58258
58245
58184
58138
58032
57949
57895
57846
57829
57582
57508
57502
57485
57483
57382
57359
57336
57259
57181
57178
57164
57146
57022
56940
56892
56877
56824
56821
56716
56709
56707
56690
56574
56546
56457
56424
56397
56390
56357
56265
56255
56249
56125
56109
56088
56022
55948
55861
55847
55845
55821
55783
55742
55730
55716
55713
55668
55629
55615
55612
55610
55533
55516
55511
55470
55386
55249
55101
55101
55095
55062
55057
55048
55036
55025
54915
54911
54905
54882
54849
54698
54682
54523
54476
54408
54313
54297
54207
54090
54073
54072
54007
53916
53870
53869
53867
53795
53777
53743
53674
53619
53566
53453
53385
53282
53258
53223
52978
52949
52944
52856
52767
52696
52655
52619
52571
52561
52496
52479
52460
52373
52366
52361
52232
52134
52109
52062
52026
52019
52012
51753
51685
51526
51322
51139
51099
51062
51047
51017
51003
50971
50967
50963
50927
50886
50866
50862
50817
50783
50541
50493
50484
50403
50388
50386
50358
50342
50318
50251
50117
50093
50044
49873
49823
49739
49609
49529
49519
49504
49490
49489
49465
49328
49272
49228
49130
49120
49098
49054
49039
49005
48985
48923
48856
48786
48766
48725
48616
48229
48137
48117
48096
48088
48029
48021
47915
47828
47762
47603
47586
47570
47511
47497
47374
47338
47265
47221
47075
47050
46967
46867
46848
46820
46792
46791
46723
46716
46691
46619
46607
46387
46335
46320
46172
45987
45981
45904
45861
45770
45761
45674
45642
45565
45468
45375
45348
45270
45266
45233
45158
45090
45021
45001
44978
44929
44838
44770
44670
44593
44538
44477
44437
44372
44326
44307
44298
44291
44167
44120
44037
43869
43849
43835
43792
43785
43759
43745
43640
43619
43541
43532
43504
43486
43486
43457
43396
43322
43287
43240
43235
43222
43189
43171
43160
43116
42998
42929
42885
42834
42806
42799
42755
42701
42688
42599
42581
42462
42375
42317
42264
42256
42236
42236
42234
42230
42215
42133
42085
42033
42024
42005
42001
41989
41987
41985
41972
41950
41907
41895
41841
41765
41729
41699
41684
41669
41632
41596
41570
41560
41273
41267
41261
41233
41224
41159
41092
41033
40937
40918
40916
40831
40732
40681
40532
40502
40491
40427
40403
40376
40302
40295
40271
40236
40177
40168
40167
40093
40062
40011
39992
39991
39911
39886
39880
39818
39786
39760
39655
39278
39275
39203
39199
39114
38962
38913
38878
38856
38817
38763
38754
38685
38633
38597
38564
38524
38494
38389
38315
38285
38276
38261
38260
38244
38160
38156
38147
38113
38110
38020
37987
37866
37853
37810
37615
37583
37575
37566
37516
37435
37406
37399
37172
37166
37152
37147
37087
37049
36924
36882
36868
36806
36788
36780
36767
36744
36709
36701
36610
36433
36330
36276
36123
36113
35983
35978
35917
35865
35855
35840
35795
35744
35703
35698
35662
35655
35612
35409
35315
35211
35113
35080
35062
35033
34996
34953
34640
34564
34534
34484
34120
34097
34093
34066
34056
34037
34019
34009
34008
33977
33975
33920
33913
33886
33865
33853
33846
33748
33654
33574
33478
33422
33362
33231
33171
33138
33127
33115
33081
33047
33039
33037
33020
32997
32979
32967
32925
32918
32778
32686
32526
32472
32449
32400
32333
32300
32172
32168
32162
32124
32097
32033
32015
31895
31600
31559
31435
31425
31350
31243
31236
31181
31158
31100
31095
31051
31019
31011
30957
30936
30908
30898
30879
30839
30827
30826
30753
30752
30690
30630
30579
30539
30488
30460
30329
30187
30140
30093
30068
30036
30021
30005
29950
29922
29915
29901
29871
29747
29743
29727
29614
29607
29585
29553
29414
29399
29313
29266
29219
29168
29067
29022
28995
28995
28959
28949
28883
28846
28785
28759
28735
28715
28637
28599
28577
28568
28461
28385
28356
28250
28231
28229
28176
28166
28137
28107
28097
28079
28038
28037
27960
27952
27946
27940
27922
27906
27826
27762
27743
27737
27550
27413
27383
27252
27227
27184
27114
27096
27095
27087
26973
26972
26882
26860
26608
26590
26512
26406
26402
26399
26364
26349
26322
26309
26184
26169
26158
26061
25985
25977
25965
25891
25714
25635
25596
25586
25539
25519
25519
25453
25401
25386
25314
25245
25195
25146
25063
25018
25010
24989
24933
24862
24817
24790
24706
24554
24503
24439
24423
24372
24358
24349
24336
24260
24216
24125
24100
24061
24015
23820
23810
23799
23741
23605
23562
23518
23438
23425
23421
23378
23356
23320
23311
23286
23278
23239
23223
23185
23173
23163
23156
23154
23087
23067
23042
22920
22882
22838
22790
22770
22734
22723
22663
22655
22622
22408
22349
22348
22325
22314
22262
22253
22083
21926
21828
21691
21678
21643
21633
21530
21526
21497
21269
21266
21252
21251
21249
21233
21193
21177
21161
21087
21066
21043
20965
20942
20825
20813
20800
20756
20723
20652
20641
20583
20571
20551
20538
20390
20322
20239
20207
20137
20045
20018
19854
19770
19755
19747
19701
19642
19614
19595
19578
19516
19508
19463
19282
19242
19223
19200
19174
19049
19047
19017
18991
18754
18738
18676
18675
18651
18622
18551
18541
18508
18504
18468
18264
18181
18110
18077
17975
17959
17915
17894
17793
17743
17741
17702
17642
17579
17414
17406
17397
17315
17263
17160
17074
16985
16836
16809
16746
16679
16623
16556
16536
16510
16443
16230
16181
16039
15971
15930
15913
15911
15906
15892
15834
15791
15758
15645
15552
15552
15480
15416
15348
15348
15282
15231
15226
15189
15168
15153
15096
15089
15083
15059
14976
14941
14889
14752
14740
14635
14536
14511
14429
14393
14383
14343
14210
14183
14140
14062
14003
13959
13884
13739
13730
13722
13668
13635
13629
13615
13551
13476
13422
13377
13363
13356
13355
13342
13316
13193
13159
13155
13132
13131
13025
12995
12977
12962
12924
12749
12725
12662
12599
12570
12562
12528
12498
12476
12312
12250
12234
12226
12158
12116
12049
12048
12027
12013
12001
11919
11905
11901
11832
11759
11736
11685
11635
11370
11353
11345
11328
11326
11304
11199
11196
11166
11147
11123
11088
11080
11068
11059
11026
10971
10928
10912
10878
10768
10705
10692
10633
10553
10508
10428
10408
10305
10273
10241
10231
10188
10164
10006
9976
9976
9968
9846
9828
9785
9780
9742
9658
9621
9544
9531
9506
9386
9376
9362
9339
9245
9201
9195
9149
9118
9117
9108
9032
8973
8934
8917
8884
8869
8847
8806
8661
8658
8575
8555
8552
8501
8474
8330
8328
8231
8165
8065
8037
8023
7988
7957
7753
7694
7645
7554
7455
7450
7396
7256
7244
7178
7164
7099
7095
7068
7060
6912
6909
6805
6755
6735
6716
6686
6638
6617
6616
6524
6484
6445
6329
6267
6261
6183
6135
6125
6050
5957
5901
5832
5793
5765
5664
5664
5661
5591
5582
5549
5442
5395
5272
5271
5082
5078
5048
4968
4905
4663
4650
4472
4461
4443
4405
4382
4365
4315
4235
4227
4205
4093
3870
3753
3708
3707
3665
3660
3557
3545
3532
3471
3449
3408
3397
3349
3327
3324
3301
3298
3287
3200
3176
3156
3124
3073
3072
3041
2997
2980
2962
2927
2926
2869
2850
2769
2745
2729
2638
2577
2370
2284
2159
2150
2095
2070
2043
1931
1891
1876
1764
1751
1716
1665
1542
1474
1413
1393
1371
1213
1212
1197
1140
1035
943
936
703
546
468
421
409
340
285
235
190
187
184
173
168
158
147
124
111
108
59
40
