99999
99984
99982
99949
99627
99554
99548
99275
99233
99222
99133
99126
99017
99013
98936
98932
98851
98841
98812
98761
98750
98711
98682
98675
98618
98558
98477
98461
98414
98356
98344
98276
98224
98212
98197
98139
98010
97927
97882
97864
97857
97812
97777
97773
97732
97602
97530
97508
97458
97456
97448
97421
97308
97279
97158
97136
97048
97010
97001
96921
96913
96850
96776
96648
96616
96565
96512
96369
96303
96301
96254
96241
96177
96132
96098
96074
96060
96053
96052
95749
95664
95653
95638
95633
95578
95570
95525
95516
95472
95469
95465
95420
95419
95408
95204
95189
95119
95108
95042
95039
95024
94982
94967
94747
94744
94730
94634
94611
94531
94468
94410
94391
94183
94141
94060
94045
93836
93822
93747
93685
93666
93627
93574
93511
93469
93462
93390
93229
93221
93214
93105
93103
93088
93073
93039
93022
92996
92913
92741
92700
92690
92681
92627
92621
92578
92479
92473
92403
92388
92359
92351
92315
92289
92287
92286
92245
92175
92132
92126
92118
92069
92049
92004
91754
91748
91707
91678
91556
91550
91511
91506
91500
91460
91449
91407
91193
91160
91080
91064
91020
91017
90903
90886
90885
90796
90778
90772
90742
90680
90606
90593
90583
90492
90492
90440
90381
90303
90289
90263
90243
90107
90041
90027
89960
89914
89821
89704
89699
89590
89570
89525
89464
89399
89269
89176
89171
89150
89117
89019
89016
88984
88954
88949
88915
88909
88685
88605
88586
88579
88576
88497
88467
88359
88264
88242
88193
88138
88114
88054
87989
87864
87734
87718
87657
87627
87604
87565
87493
87298
87278
87122
87028
86933
86928
86856
86842
86715
86683
86643
86637
86493
86362
86323
86286
86265
86191
86158
86156
86134
86115
86053
85855
85813
85764
85745
85718
85622
85604
85552
85466
85409
85404
85204
85158
85145
85137
85126
85102
85000
84941
84893
84804
84802
84653
84651
84590
84548
84415
84385
84372
84349
84346
84245
84220
84192
84061
84047
84009
83876
83809
83771
83758
83744
83687
83681
83613
83520
83494
83458
83406
83375
83332
83284
83197
83160
83098
83091
83091
83065
83061
82929
82800
82654
82612
82591
82576
82524
82517
82513
82493
82463
82430
82307
82190
82183
82156
82115
82094
82025
81986
81945
81903
81843
81801
81775
81715
81638
81585
81404
81382
81382
81381
81297
81295
81244
81185
81065
80971
80950
80877
80838
80752
80627
80620
80519
80473
80440
80271
80229
80189
80186
80109
80093
79970
79951
79858
79844
79779
79732
79722
79679
79644
79597
79558
79470
79363
79358
79343
79262
79160
79108
79097
79007
78902
78855
78808
78646
78605
78536
78497
78491
78471
78470
78465
78359
78213
78041
78022
77988
77951
77902
77813
77691
77683
77587
77491
77404
77369
77300
77165
77133
77110
77012
76893
76865
76579
76516
76472
76419
76401
76366
76317
76268
76229
76148
76059
75899
75878
75861
75779
75723
75701
75684
75675
75658
75609
75475
75459
75440
75192
75123
75042
75029
75022
74982
74907
74829
74770
74671
74596
74588
74550
74510
74494
74461
74453
74436
74370
74295
74290
74277
74041
73933
73919
73876
73874
73853
73840
73644
73612
73547
73521
73516
73432
73419
73260
73249
73143
73013
73001
72918
72897
72882
72757
72709
72690
72674
72638
72631
72476
72374
72341
72336
72323
72309
72296
72253
72239
72196
72195
72158
71935
71875
71846
71694
71686
71681
71626
71442
71411
71364
71356
71355
71252
71234
71132
71112
71110
70942
70913
70896
70812
70782
70649
70555
70531
70496
70389
70305
70265
70255
70252
70250
70215
70199
70197
70186
70126
70117
70035
70029
69984
69970
69946
69926
69855
69840
69774
69761
69739
69717
69698
69637
69634
69387
69374
69343
69340
69257
69230
69199
69187
69119
69066
69010
68987
68977
68923
68920
68905
68902
68816
68783
68668
68632
68494
68433
68301
68270
68238
68224
68198
68183
68162
68156
68150
68139
68135
68112
68110
68013
67922
67869
67850
67791
67773
67747
67731
67730
67546
67434
67428
67339
67313
67299
67295
67283
67159
67149
67136
67131
67103
67053
66978
66974
66958
66923
66911
66814
66767
66750
66737
66683
66677
66638
66545
66531
66506
66504
66471
66319
66216
66197
66134
66111
65989
65954
65858
65848
65774
65739
65717
65668
65656
65638
65624
65620
65610
65600
65426
65400
65376
65342
65319
65192
65190
65184
65166
65151
65112
65059
65047
64997
64924
64867
64710
64626
64579
64576
64564
64464
64382
64352
64313
64286
64177
64058
64057
63981
63933
63901
63765
63754
63741
63715
63698
63687
63473
63406
63378
63317
63280
63246
63220
63207
63150
63128
63128
63073
63033
62843
62829
62796
62786
62715
62613
62605
62562
62542
62513
62490
62403
62262
62131
62067
62058
62022
62006
61974
61958
61953
61804
61737
61693
61672
61650
61627
61443
61422
61408
61360
61246
61215
61120
61107
61080
60904
60892
60882
60870
60861
60804
60733
60702
60697
60674
60654
60578
60502
60340
60338
60314
60250
60225
60216
60184
60180
60169
60069
59991
59987
59983
59979
59920
59913
59824
59820
59790
59721
59672
59524
59471
59453
59409
59398
59376
59277
59268
59111
59062
58989
58938
58937
58925
58894
58764
58750
58713
58606
58588
58559
58489
58482
58469
58429
58417
58415
58378
58370
58367
58301
58237
58144
58068
58047
58012
57999
57991
57948
57868
57848
57789
57638
57620
57602
57523
57522
57514
57506
57481
57408
57391
57324
57305
57289
57260
56860
56801
56799
56756
56692
56690
56689
56588
56523
56520
56466
56446
56399
56367
56360
56178
56118
56026
56009
55976
55919
55894
55839
55839
55768
55732
55720
55708
55683
55658
55628
55623
55556
55534
55534
55527
55454
55378
55353
55328
55315
55273
55271
55237
55232
55220
55063
55037
55010
55007
54803
54753
54737
54730
54703
54651
54616
54600
54531
54494
54450
54437
54309
54268
54237
54201
54153
54101
54037
54015
54000
53948
53928
53924
53903
53811
53786
53725
53695
53666
53665
53612
53599
53581
53497
53497
53483
53470
53399
53395
53374
53328
53286
53212
53179
53052
53034
52963
52822
52769
52762
52744
52717
52693
52617
52605
52575
52526
52436
52349
52337
52299
52246
52115
51997
51938
51892
51833
51775
51749
51722
51631
51562
51512
51501
51491
51472
51449
51399
51378
51364
51275
51259
51176
51174
51116
51110
51072
51058
51017
51004
51000
50950
50942
50935
50930
50923
50822
50818
50774
50599
50555
50503
50472
50426
50407
50355
50341
50315
50309
50296
50270
50222
50183
50180
50134
50109
49978
49924
49900
49819
49776
49739
49717
49677
49669
49669
49503
49446
49440
49372
49366
49364
49341
49284
49258
49255
49237
49170
49121
49025
48916
48822
48591
48588
48566
48416
48416
48393
48254
48233
48211
48167
48137
48127
48033
48008
47939
47936
47906
47870
47860
47841
47740
47659
47649
47646
47640
47588
47523
47451
47399
47381
47330
47324
47313
47223
47221
47205
47201
47179
47079
47075
47029
47021
47019
46969
46859
46831
46753
46734
46613
46514
46513
46272
46169
46053
46045
45956
45956
45847
45846
45820
45749
45660
45577
45440
45421
45390
45348
45328
45320
45221
45206
45141
45141
45109
45025
45007
45005
45003
44987
44941
44937
44933
44781
44733
44702
44677
44672
44657
44590
44572
44551
44550
44545
44482
44481
44431
44419
44374
44284
44256
44050
44037
43982
43952
43938
43815
43804
43723
43637
43594
43468
43446
43218
43199
43056
42903
42900
42841
42832
42822
42727
42607
42510
42506
42466
42428
42416
42240
42226
42219
42157
42112
42071
42049
41954
41945
41886
41876
41748
41656
41465
41447
41435
41434
41320
41256
41238
41096
41064
41003
41001
40879
40867
40865
40865
40860
40858
40813
40788
40694
40653
40514
40511
40449
40424
40373
40351
40266
40212
40189
40149
40068
40033
39961
39952
39837
39825
39750
39697
39690
39685
39564
39537
39527
39492
39478
39395
39366
39337
39334
39186
39176
39170
39136
39120
39097
39033
38995
38941
38892
38824
38772
38666
38605
38472
38457
38383
38364
38364
38352
38325
38301
38277
38221
38190
38188
38109
37948
37903
37890
37861
37838
37800
37732
37681
37622
37517
37514
37462
37422
37261
37245
37198
37186
37184
37178
37008
36853
36848
36804
36687
36684
36647
36644
36631
36571
36564
36436
36387
36372
36324
36313
36308
36280
36230
36055
35949
35943
35801
35707
35696
35589
35544
35537
35407
35292
35259
35012
34975
34953
34936
34892
34840
34838
34700
34693
34649
34609
34545
34520
34484
34369
34191
34130
34100
34010
34001
33973
33919
33858
33852
33850
33847
33761
33711
33662
33622
33531
33500
33465
33424
33424
33389
33283
33231
33204
33201
33131
33084
33078
32907
32727
32655
32576
32530
32481
32443
32216
32200
32149
32146
32122
32088
32014
31917
31679
31621
31472
31280
31253
31229
31187
31141
31131
31127
31099
31057
31011
30919
30885
30877
30864
30816
30669
30561
30559
30549
30479
30446
30362
30329
30277
30226
30195
30074
30017
29984
29979
29973
29900
29851
29823
29815
29683
29660
29623
29566
29546
29355
29346
29341
29279
29272
29241
29238
29209
29202
29201
29183
29134
29002
28928
28906
28846
28821
28814
28790
28740
28725
28671
28650
28550
28478
28306
28302
28267
28263
28255
28205
28142
27945
27822
27800
27779
27753
27717
27577
27562
27532
27521
27378
27355
27333
27301
27252
27223
27189
27183
27095
27037
27037
26914
26888
26774
26767
26692
26658
26654
26644
26624
26534
26507
26507
26496
26483
26480
26472
26465
26404
26263
26160
26056
26004
25983
25956
25937
25756
25742
25739
25645
25600
25587
25494
25434
25431
25385
25350
25322
25174
25131
25130
25080
25034
25030
25003
24771
24754
24640
24627
24579
24550
24544
24525
24465
24417
24343
24207
24181
24178
24159
24095
24035
24028
23989
23842
23716
23654
23649
23603
23578
23574
23535
23502
23500
23456
23442
23432
23407
23318
23281
23267
22933
22902
22896
22882
22857
22845
22800
22792
22710
22690
22671
22617
22613
22564
22546
22527
22526
22497
22322
22308
22286
22273
22228
22205
22149
22118
21969
21884
21804
21777
21722
21680
21639
21634
21603
21586
21580
21562
21449
21444
21393
21380
21292
21257
21211
21204
21158
20923
20890
20889
20838
20752
20740
20716
20708
20692
20655
20517
20507
20386
20331
20263
20258
20233
20190
20167
20162
20121
20034
20006
19991
19989
19949
19943
19935
19857
19782
19748
19739
19729
19684
19681
19630
19617
19570
19446
19440
19353
19326
19200
19196
19126
19110
19107
19055
19021
18856
18832
18777
18758
18582
18570
18567
18555
18516
18469
18403
18350
18347
18322
18312
18181
18167
18159
18123
18112
18058
18034
17979
17968
17938
17937
17894
17775
17765
17699
17659
17618
17585
17515
17453
17294
17212
17184
17080
17042
17014
16885
16860
16699
16670
16611
16601
16585
16580
16550
16542
16532
16405
16380
16376
16371
16273
16257
16207
16174
16160
16131
16085
15972
15956
15927
15680
15608
15595
15415
15415
15282
15056
15039
15007
14998
14868
14867
14732
14639
14608
14596
14564
14499
14471
14382
14358
14327
14194
14185
14164
14144
14091
14086
14051
14042
14026
13921
13863
13827
13814
13789
13771
13722
13646
13628
13450
13422
13358
13328
13325
13296
13096
12994
12931
12841
12823
12787
12708
12691
12682
12573
12507
12495
12439
12434
12324
12296
12286
12273
12219
12167
12149
12148
12147
12137
12096
12025
11874
11872
11838
11776
11768
11764
11714
11698
11678
11549
11388
11261
11126
11125
11114
11096
11067
10954
10894
10646
10644
10639
10581
10529
10516
10493
10486
10442
10326
10296
10182
10094
10080
10046
10040
10031
9973
9923
9889
9718
9692
9683
9675
9590
9467
9184
9172
9152
9144
9131
9082
9053
9037
8969
8961
8948
8916
8888
8800
8774
8734
8711
8617
8524
8524
8385
8385
8307
8292
8238
8199
8148
8010
7994
7957
7946
7918
7845
7844
7838
7827
7767
7568
7545
7533
7530
7424
7420
7420
7372
7349
7308
7244
7124
7123
7094
7071
7052
7051
7018
7004
6979
6949
6941
6932
6877
6845
6683
6644
6620
6584
6570
6518
6504
6495
6352
6337
6287
6274
6254
6240
6041
5952
5928
5909
5908
5862
5751
5626
5566
5520
5411
5375
5327
5303
5037
5027
4982
4975
4969
4956
4900
4877
4869
4840
4823
4803
4732
4730
4700
4651
4489
4372
4245
4238
4153
4149
4130
4035
3940
3813
3745
3653
3644
3632
3599
3573
3496
3343
3139
3130
3070
3065
3042
2992
2874
2870
2800
2790
2766
2760
2735
2698
2697
2623
2568
2488
2476
2453
2430
2379
2270
2024
1986
1902
1886
1796
1718
1691
1557
1476
1430
1391
1354
1292
1255
1143
961
862
842
818
770
620
553
531
461
376
345
343
336
210
193
171
151
25
17
