99993
99832
99735
99721
99602
99560
99543
99479
99184
99179
99062
98993
98973
98917
98907
98868
98816
98793
98719
98678
98602
98600
98559
98454
98428
98343
98261
98254
98243
98220
98200
98197
98155
98122
98110
98072
98003
97984
97907
97863
97840
97806
97654
97645
97534
97521
97392
97386
97352
97351
97348
97270
97165
97087
97045
96971
96923
96830
96778
96724
96718
96681
96602
96561
96497
96486
96290
96283
96280
96265
96170
96129
96084
96062
96045
95953
95914
95865
95835
95765
95706
95626
95592
95553
95502
95445
95421
95389
95370
95347
95186
95078
95064
94995
94966
94856
94774
94659
94589
94464
94446
94445
94270
94258
94147
94040
94007
93996
93994
93720
93676
93625
93607
93574
93185
92978
92878
92856
92832
92724
92723
92707
92660
92596
92540
92535
92522
92468
92448
92398
92365
92362
92343
92302
92255
92234
92214
92152
92143
92139
92104
92090
92054
91939
91594
91581
91528
91479
91477
91456
91455
91334
91327
91238
91183
91056
90981
90953
90902
90887
90830
90806
90799
90711
90673
90621
90511
90410
90393
90294
90215
90023
89993
89900
89893
89889
89860
89825
89763
89723
89549
89505
89475
89399
89293
89052
89037
89005
88891
88884
88810
88802
88774
88707
88685
88617
88367
88309
88304
88246
88229
88219
88213
88211
88163
88109
88108
88045
87993
87992
87988
87960
87949
87939
87938
87878
87863
87785
87715
87675
87659
87484
87470
87466
87439
87414
87376
87360
87354
87266
87217
87148
87146
87135
87017
86985
86979
86786
86626
86570
86550
86466
86446
86435
86423
86420
86373
86301
86297
86278
86254
86203
86197
86184
86141
86041
86036
86031
86022
86018
85996
85993
85988
85966
85961
85887
85840
85826
85809
85614
85612
85484
85432
85408
85361
85259
85232
85193
85180
85126
84957
84869
84849
84795
84748
84538
84519
84497
84404
84343
84236
84185
84034
83995
83913
83873
83863
83830
83773
83759
83673
83572
83502
83454
83452
83432
83411
83396
83294
83287
83279
83227
83172
83170
83164
83163
83101
83081
83043
82969
82955
82873
82838
82708
82576
82539
82475
82363
82300
82251
82154
82139
82062
82054
82000
81967
81966
81902
81871
81845
81841
81774
81745
81727
81693
81665
81569
81554
81545
81519
81446
81342
81331
81325
81269
81218
81207
81165
81163
81082
81072
80832
80827
80779
80771
80746
80662
80561
80527
80434
80382
80380
80365
80277
80249
80167
80138
80014
79992
79987
79976
79825
79812
79809
79750
79629
79577
79558
79536
79474
79473
79401
79394
79373
79365
79338
79268
79233
79157
79146
79107
79096
79096
79095
79041
79012
79011
78976
78892
78844
78825
78801
78800
78784
78597
78457
78433
78406
78279
78208
78198
78141
78135
78112
78001
77980
77929
77922
77888
77821
77794
77782
77701
77636
77586
77584
77481
77341
77332
77313
77268
77182
77153
77093
77070
77057
77044
77028
77014
76983
76945
76941
76935
76919
76835
76761
76733
76621
76576
76514
76511
76493
76440
76393
76267
76224
76183
76164
76063
76053
76051
75968
75932
75916
75876
75759
75633
75508
75492
75449
75391
75358
75243
75201
75105
75016
74986
74875
74780
74732
74726
74708
74665
74632
74631
74612
74589
74530
74506
74470
74422
74362
74323
74321
74306
74171
74107
73859
73845
73761
73691
73561
73516
73504
73483
73423
73393
73385
73367
73316
73199
73131
73123
73042
72991
72964
72956
72939
72887
72850
72811
72761
72705
72670
72615
72612
72575
72507
72464
72461
72457
72454
72452
72362
72320
72302
72293
72273
72271
72191
72164
72156
72113
72062
72009
71943
71935
71925
71853
71852
71761
71757
71749
71704
71702
71618
71521
71503
71349
71335
71301
71252
71155
71149
71119
71034
70986
70921
70847
70806
70704
70704
70683
70670
70579
70546
70477
70447
70422
70387
70300
70282
70141
70140
70076
70073
69971
69929
69892
69866
69662
69632
69611
69585
69548
69467
69400
69370
69329
69087
69011
68935
68904
68827
68736
68690
68627
68299
68291
68050
68050
67829
67581
67551
67529
67472
67393
67377
67319
67309
67203
67186
67160
67148
67065
67055
66891
66888
66877
66873
66825
66820
66703
66674
66545
66539
66517
66352
66325
66255
66206
66178
66172
66170
66155
66093
66064
65998
65992
65890
65793
65723
65715
65657
65535
65505
65498
65353
65283
65252
65206
65192
65107
65066
64959
64932
64911
64907
64902
64818
64806
64681
64643
64643
64627
64608
64569
64552
64502
64480
64440
64405
64403
64382
64374
64145
64106
64083
63964
63960
63879
63836
63760
63756
63709
63680
63668
63589
63583
63562
63520
63425
63379
63360
63350
63338
63317
63317
63258
63127
63102
63076
63051
63010
62993
62955
62938
62927
62857
62810
62810
62807
62799
62766
62530
62524
62310
62199
62191
62135
62121
62066
62061
62050
61979
61851
61824
61824
61659
61649
61647
61636
61595
61590
61583
61554
61550
61469
61404
61385
61378
61248
61221
61218
61186
61164
61092
61089
61087
61054
61031
61011
60944
60930
60923
60918
60849
60822
60793
60773
60742
60706
60699
60696
60659
60634
60503
60503
60476
60428
60243
60242
60212
60207
60196
60192
60180
60172
60138
60014
59923
59893
59843
59842
59810
59712
59641
59606
59585
59513
59494
59398
59359
59228
59114
59109
59085
59045
58970
58942
58833
58748
58638
58607
58532
58212
58185
58165
58097
58064
58032
57981
57925
57892
57889
57875
57815
57782
57644
57583
57541
57540
57484
57443
57310
57305
57284
57263
57258
57243
57198
57054
56987
56965
56816
56811
56698
56617
56607
56594
56535
56533
56529
56517
56509
56486
56479
56475
56464
56443
56424
56401
56394
56325
56225
56178
56169
56149
56105
56061
56045
55975
55948
55887
55736
55676
55668
55667
55451
55445
55423
55397
55388
55235
55192
55190
55168
55167
55110
55104
55086
55072
55071
55046
54939
54885
54882
54830
54716
54716
54665
54663
54651
54642
54601
54564
54478
54349
54330
54322
54302
54244
54198
54113
54085
54053
53841
53829
53807
53776
53730
53675
53593
53587
53458
53403
53259
53250
53166
53153
53151
53059
52983
52975
52890
52883
52846
52826
52820
52768
52625
52557
52522
52505
52282
52196
52178
52127
52065
52043
52035
52028
51984
51970
51959
51927
51919
51827
51827
51824
51776
51772
51772
51760
51711
51690
51624
51521
51518
51386
51377
51311
51296
51275
51237
51198
51187
51133
51098
51083
51067
51002
50976
50966
50872
50843
50807
50742
50591
50543
50422
50253
50170
49986
49935
49881
49856
49855
49812
49719
49528
49444
49413
49409
49409
49314
49299
49270
49210
49191
49132
49057
48945
48931
48909
48893
48810
48795
48772
48714
48686
48585
48579
48575
48541
48502
48454
48398
48327
48305
48256
48217
48205
48203
48197
48174
48125
48108
48105
48050
48042
47937
47931
47918
47874
47711
47627
47603
47594
47562
47479
47379
47360
47288
47287
47272
47218
47192
47057
47011
46995
46885
46880
46687
46634
46625
46561
46546
46488
46440
46422
46363
46260
46241
46158
46082
46043
46042
45971
45951
45942
45842
45839
45813
45783
45721
45711
45590
45486
45440
45376
45317
45312
45291
45227
45209
45201
45129
45109
45097
44955
44929
44926
44840
44828
44818
44789
44783
44729
44721
44679
44666
44620
44546
44516
44486
44460
44440
44428
44426
44406
44328
44271
44268
44207
44184
44158
44049
44034
43998
43930
43878
43875
43863
43848
43842
43811
43720
43642
43598
43597
43595
43567
43490
43413
43367
43347
43323
43258
43239
43221
43192
43122
43075
43062
43047
42831
42676
42562
42540
42481
42477
42458
42397
42375
42077
42059
41968
41890
41866
41800
41790
41719
41690
41677
41567
41566
41549
41471
41458
41433
41409
41397
41353
41347
41342
41269
41212
41141
41074
41021
41008
40949
40925
40851
40798
40582
40552
40529
40521
40514
40484
40445
40439
40423
40370
40350
40348
40332
40316
40216
40175
40167
40089
40076
40056
40053
40001
39981
39968
39908
39804
39794
39779
39711
39575
39557
39550
39541
39474
39422
39413
39376
39207
39087
39058
38949
38923
38919
38915
38721
38700
38668
38484
38411
38348
38250
37989
37988
37973
37927
37906
37889
37822
37821
37758
37724
37712
37708
37694
37668
37547
37545
37501
37328
37260
37134
37069
37058
37028
37001
36996
36995
36944
36917
36888
36849
36810
36695
36692
36648
36599
36553
36515
36504
36494
36463
36313
36265
35986
35956
35882
35778
35650
35614
35604
35582
35430
35414
35391
35297
35161
35152
35128
35025
34960
34907
34869
34848
34823
34792
34741
34628
34563
34502
34471
34459
34457
34292
34236
34176
34110
34076
34056
33990
33752
33668
33547
33538
33532
33457
33410
33337
33335
33326
33204
33196
33164
33066
33047
32979
32964
32932
32835
32683
32599
32562
32539
32530
32445
32402
32363
32360
32306
32299
32286
32221
32171
32130
32111
32109
32081
32020
31898
31815
31798
31796
31755
31700
31532
31516
31498
31453
31440
31420
31418
31241
31152
31021
31010
31006
30969
30892
30871
30870
30814
30799
30736
30529
30519
30464
30389
30349
30288
30258
30247
30242
30228
30198
30162
30116
30087
30070
30033
29994
29923
29848
29771
29753
29726
29718
29557
29468
29443
29239
29205
29199
29094
29021
29017
28941
28902
28883
28878
28821
28814
28788
28757
28751
28727
28708
28703
28691
28687
28609
28542
28538
28513
28434
28291
28281
28275
28268
28268
28233
28123
28040
28002
27957
27943
27924
27876
27844
27837
27820
27804
27791
27636
27552
27528
27517
27444
27415
27398
27393
27368
27358
27351
27292
27287
27206
27160
27059
26954
26880
26677
26597
26459
26386
26347
26276
26239
26227
26190
25993
25965
25931
25711
25704
25539
25523
25493
25384
25375
25361
25343
25268
25267
25022
24985
24938
24923
24841
24823
24725
24672
24605
24574
24573
24571
24519
24366
24331
24272
24267
24257
24190
24155
24109
24057
24055
24047
24011
24001
23862
23790
23705
23675
23650
23574
23487
23379
23318
23224
23196
23188
22821
22799
22783
22781
22773
22762
22736
22728
22690
22669
22660
22658
22629
22603
22518
22448
22446
22369
22347
22298
22294
22279
22232
22218
22148
22142
22122
21992
21953
21895
21881
21857
21788
21718
21671
21616
21496
21490
21373
21183
21173
21161
21119
21101
21050
21028
20970
20917
20908
20885
20865
20854
20745
20742
20738
20714
20602
20512
20488
20469
20322
20308
20292
20274
20139
20098
20013
19993
19825
19796
19755
19727
19715
19684
19554
19505
19343
19340
19331
19144
19110
19074
19070
19061
18963
18940
18898
18894
18865
18732
18698
18693
18657
18630
18514
18441
18412
18331
18254
18225
18195
18163
17945
17934
17862
17812
17743
17671
17593
17576
17549
17528
17443
17442
17441
17408
17375
17317
17113
17025
16977
16878
16843
16807
16806
16788
16780
16767
16749
16736
16695
16492
16489
16442
16366
16323
16243
16216
16213
16209
16155
15924
15907
15854
15828
15707
15654
15619
15537
15478
15453
15450
15256
15214
15189
15091
15063
15008
15005
14996
14960
14941
14930
14903
14804
14760
14701
14687
14637
14569
14401
14354
14267
14259
14235
14221
14205
14087
14020
13995
13953
13889
13853
13845
13705
13680
13639
13615
13576
13438
13422
13203
13183
13174
13126
13098
12989
12977
12948
12848
12692
12665
12547
12544
12481
12355
12341
12340
12320
12286
12268
12252
12188
12146
12140
12126
12094
12051
12002
11992
11880
11744
11737
11707
11674
11586
11572
11554
11550
11501
11406
11375
11370
11351
11303
11251
11183
11136
11133
11118
11063
11019
11000
10922
10813
10796
10713
10701
10595
10591
10549
10538
10532
10415
10344
10307
10275
10231
10180
10170
10155
10136
10105
10097
10043
10039
10023
10002
9890
9871
9704
9654
9447
9397
9376
9361
9360
9241
9192
9168
9057
9047
8958
8907
8765
8750
8726
8572
8504
8484
8451
8380
8373
8356
8347
8310
8280
8217
8072
8010
8006
8003
7972
7938
7898
7864
7828
7820
7783
7718
7703
7698
7640
7619
7577
7558
7507
7455
7361
7206
7024
6943
6932
6926
6905
6858
6848
6839
6790
6786
6785
6747
6741
6707
6677
6605
6573
6496
6434
6430
6350
6348
6221
6131
6117
6110
6039
6013
6004
5889
5765
5709
5708
5662
5655
5652
5595
5575
5501
5467
5459
5355
5097
5081
5061
5011
4979
4975
4908
4850
4850
4652
4577
4512
4420
4411
4376
4325
4323
4186
4095
4088
4043
4030
4029
3963
3875
3824
3786
3721
3719
3609
3477
3465
3107
3098
3072
3043
2987
2956
2924
2918
2913
2794
2718
2659
2648
2646
2511
2468
2440
2425
2387
2329
2259
2159
2124
2119
2087
1990
1933
1830
1813
1790
1761
1704
1600
1492
1477
1452
1345
1289
1259
1247
1196
1152
971
958
852
805
706
660
660
637
598
543
519
419
415
288
219
98
97
81
