99956
99937
99930
99911
99841
99834
99831
99722
99706
99689
99567
99561
99544
99512
99475
99429
99391
99381
99263
99205
99156
99108
99072
99006
98960
98923
98849
98810
98809
98754
98700
98676
98621
98609
98598
98544
98538
98432
98246
98237
98221
98177
98176
98131
98075
98075
98059
98046
97997
97934
97860
97693
97681
97534
97456
97451
97429
97373
97357
97353
97285
97198
97148
96978
96791
96789
96788
96686
96660
96616
96610
96558
96534
96496
96473
96469
96421
96417
96415
96379
96311
96249
96233
96222
96218
96141
96120
96107
96018
95985
95968
95963
95940
95850
95845
95716
95634
95594
95570
95508
95346
95226
95223
95214
95119
95113
95066
94990
94980
94941
94879
94866
94848
94754
94716
94690
94649
94626
94625
94606
94603
94509
94440
94421
94393
94376
94359
94253
94192
94157
94142
94071
94066
94007
94005
93996
93877
93822
93796
93787
93690
93663
93640
93588
93542
93469
93406
93299
93296
93282
93280
93266
93149
93136
93121
93004
92969
92959
92955
92910
92816
92814
92698
92624
92586
92582
92545
92537
92424
92381
92373
92328
92326
92284
92269
92233
92151
92087
92074
92072
92023
91940
91900
91899
91890
91799
91798
91750
91671
91658
91658
91634
91598
91526
91506
91453
91447
91434
91374
91326
91279
91227
91117
91093
91091
90956
90775
90725
90682
90653
90611
90602
90509
90464
90429
90395
90322
90237
90217
90160
90156
90127
90111
90091
90083
90024
90014
89967
89966
89906
89901
89881
89281
89275
89219
89216
88955
88877
88853
88849
88837
88795
88764
88741
88694
88653
88630
88603
88584
88563
88483
88479
88422
88360
88321
88273
88148
88131
88118
88086
88084
88067
88059
87952
87937
87892
87853
87846
87787
87780
87743
87676
87507
87493
87304
87294
87231
87098
87090
87056
87009
86933
86845
86794
86791
86778
86757
86745
86736
86735
86717
86570
86557
86524
86479
86475
86380
86303
86295
86262
86230
86229
86121
86050
86041
85995
85928
85916
85877
85815
85802
85792
85781
85647
85621
85617
85578
85500
85442
85401
85390
85313
85266
85124
85097
85064
85020
85009
84956
84849
84815
84683
84674
84643
84636
84610
84477
84470
84425
84423
84306
84252
84197
84129
84073
84008
83911
83855
83752
83668
83650
83633
83608
83604
83599
83561
83512
83464
83350
83251
83209
83161
83139
83085
82913
82843
82779
82689
82592
82589
82589
82588
82564
82528
82488
82404
82336
82321
82250
82230
82230
82191
82150
82078
82077
81848
81803
81718
81661
81639
81577
81565
81557
81513
81477
81295
81280
81269
81234
81209
81028
80954
80843
80743
80684
80658
80623
80581
80561
80491
80450
80367
80356
80212
80142
80103
80059
80001
79987
79984
79882
79860
79826
79793
79742
79725
79692
79687
79676
79672
79651
79622
79592
79555
79497
79486
79484
79471
79238
79121
78973
78918
78913
78829
78810
78751
78719
78562
78521
78518
78468
78451
78314
78310
78293
78291
78276
78087
78007
77990
77974
77949
77909
77900
77874
77800
77699
77692
77684
77652
77638
77601
77542
77331
77299
77286
77258
77243
77218
77105
77104
77092
77059
77026
76985
76912
76907
76906
76906
76844
76744
76740
76701
76621
76489
76370
76285
76217
76189
76095
75940
75739
75679
75553
75525
75444
75386
75341
75309
75254
75238
75237
75161
75136
75090
75029
74870
74700
74627
74579
74538
74460
74459
74445
74430
74409
74318
74226
74165
74161
74133
74127
74059
74025
73995
73909
73878
73828
73821
73791
73606
73214
73180
73170
73157
73145
73133
73122
73096
72989
72988
72957
72940
72932
72832
72821
72758
72718
72669
72615
72613
72542
72480
72453
72360
72339
72318
72296
72239
72211
72204
72141
72085
72076
71996
71991
71957
71941
71935
71882
71862
71824
71806
71804
71739
71649
71638
71606
71526
71517
71476
71474
71427
71384
71329
71312
71246
71178
71171
71129
71092
71071
71029
71009
70992
70975
70924
70909
70839
70795
70667
70425
70415
70396
70386
70276
70144
70138
70031
70026
69906
69879
69846
69787
69731
69579
69572
69548
69517
69507
69402
69383
69280
69276
69132
69001
68990
68936
68925
68834
68822
68709
68699
68696
68688
68678
68677
68671
68607
68563
68522
68506
68485
68336
68258
68243
68236
68223
68215
68091
68066
68061
67979
67959
67943
67892
67889
67883
67770
67686
67673
67588
67439
67390
67314
67135
67066
67038
67000
66948
66868
66841
66705
66686
66657
66597
66480
66473
66454
66392
66389
66374
66322
66306
66280
66260
66083
66023
66023
66008
66008
65985
65902
65901
65845
65766
65743
65729
65729
65729
65621
65617
65616
65610
65606
65576
65537
65527
65370
65326
65296
65279
65157
65146
65119
65029
65016
65003
64912
64837
64735
64570
64539
64520
64460
64456
64450
64400
64358
64295
64192
64126
64120
64099
64076
64059
64050
63903
63793
63770
63711
63574
63531
63509
63507
63404
63391
63370
63324
63306
63274
63270
63267
63264
63261
63123
62941
62902
62883
62865
62849
62706
62665
62625
62577
62560
62448
62438
62405
62277
62193
62148
62041
61984
61929
61915
61911
61817
61362
61266
61258
61217
61196
61185
60997
60936
60886
60840
60790
60702
60647
60641
60601
60564
60517
60478
60476
60459
60287
60265
60235
60197
60195
60188
60173
59948
59917
59860
59860
59818
59817
59764
59743
59717
59703
59680
59637
59615
59595
59315
59254
59244
59225
59212
59177
59154
59138
59136
59081
59024
59018
59005
58946
58854
58835
58791
58774
58744
58733
58702
58679
58660
58644
58613
58588
58575
58477
58461
58418
58414
58361
58359
58338
58306
58272
58269
58268
58227
58217
58171
58145
58079
58064
58023
57958
57940
57936
57919
57917
57881
57826
57823
57794
57753
57722
57690
57544
57534
57508
57474
57440
57428
57418
57392
57299
57280
57268
57263
57233
57226
57226
57082
57033
56876
56847
56800
56784
56755
56657
56630
56584
56541
56533
56386
56358
56274
56269
56216
56198
56192
56175
56136
56130
56041
56025
55999
55990
55878
55812
55710
55661
55603
55553
55550
55530
55455
55437
55362
55352
55231
55127
55124
55065
55003
54997
54996
54983
54870
54866
54793
54747
54737
54657
54649
54523
54515
54453
54413
54354
54220
54101
54095
54062
54034
54029
53948
53911
53896
53882
53879
53748
53618
53610
53506
53422
53352
53329
53192
53144
53129
53014
52769
52757
52625
52342
52324
52193
52103
51922
51850
51770
51677
51629
51627
51617
51605
51551
51520
51513
51402
51258
51252
51153
51152
51030
50994
50921
50911
50884
50844
50777
50557
50503
50452
50429
50252
50220
50204
50202
50170
50110
50031
50030
49978
49977
49968
49850
49824
49702
49644
49348
49326
49319
49281
49220
49195
49088
49038
48994
48962
48930
48921
48833
48832
48776
48776
48735
48709
48668
48663
48646
48607
48452
48451
48392
48390
48371
48356
48347
48309
48269
48238
48190
48137
48109
48057
48044
48033
48018
47989
47930
47850
47836
47814
47675
47673
47667
47591
47583
47529
47522
47458
47322
47243
47223
47211
47189
47087
47006
46954
46942
46852
46757
46736
46656
46556
46246
46240
46236
46222
46161
46157
46140
46103
46085
46017
45999
45881
45831
45817
45801
45799
45724
45718
45683
45632
45546
45526
45509
45505
45472
45466
45458
45364
45350
45278
45199
45155
45125
45091
45054
45024
45011
44984
44928
44901
44846
44800
44747
44708
44697
44427
44327
44315
44236
44097
44092
44080
44071
44043
43937
43933
43930
43834
43707
43668
43568
43476
43431
43415
43385
43339
43320
43263
43229
43187
43153
43130
43093
43069
43008
43000
42983
42923
42889
42867
42836
42800
42789
42780
42773
42709
42709
42691
42672
42647
42583
42530
42529
42522
42466
42465
42454
42415
42392
42387
42293
42266
42232
42228
42205
42125
42067
42040
42023
41970
41928
41822
41702
41671
41617
41615
41600
41586
41533
41439
41394
41352
41348
41294
41201
41176
41146
41144
41140
41057
41056
41024
40917
40848
40727
40582
40485
40433
40231
40170
40078
40057
40048
39958
39928
39890
39801
39693
39671
39633
39631
39603
39551
39388
39388
39364
39299
39297
39284
39263
39138
39099
39067
39061
38999
38982
38966
38956
38843
38801
38740
38677
38634
38630
38511
38494
38477
38347
38325
38230
38182
38150
38139
38130
38027
38007
37948
37946
37797
37756
37752
37751
37665
37635
37607
37376
37352
37215
37210
37152
37099
37035
36888
36884
36882
36871
36765
36751
36612
36509
36428
36385
36323
36293
36157
36089
36071
36061
35948
35932
35825
35795
35716
35600
35588
35538
35417
35415
35363
35354
35293
35210
35204
35202
35189
34937
34886
34743
34705
34694
34691
34486
34431
34426
34390
34377
34319
34177
34167
34072
34063
34043
34035
33951
33902
33802
33794
33783
33682
33652
33582
33574
33555
33524
33479
33471
33349
33312
33294
33261
33254
33223
33142
33114
33071
33039
33013
32921
32897
32895
32839
32819
32819
32743
32725
32713
32638
32600
32514
32505
32389
32334
32319
32230
32226
32144
32137
32124
32025
32005
31934
31886
31882
31874
31803
31549
31525
31522
31458
31343
31336
31318
31309
31151
31005
30968
30949
30940
30939
30923
30834
30763
30761
30708
30529
30412
30394
30392
30337
30320
30216
30186
30157
30071
30039
30032
30002
29996
29972
29866
29736
29672
29630
29599
29511
29266
29237
29034
29016
28936
28918
28889
28874
28733
28729
28722
28635
28473
28417
28393
28377
28366
28353
28263
28239
28199
28111
27995
27808
27788
27730
27671
27625
27568
27356
27339
27203
27195
27168
26992
26985
26932
26913
26828
26825
26674
26647
26360
26358
26337
26236
26209
26164
26158
26041
26017
25996
25936
25919
25836
25797
25765
25632
25627
25596
25570
25418
25393
25256
25249
25241
25227
25189
25082
25068
25059
24975
24969
24911
24853
24674
24661
24652
24621
24620
24587
24552
24500
24399
24133
24093
24045
24033
24028
24017
24016
23969
23920
23876
23837
23730
23726
23712
23669
23640
23593
23467
23352
23298
23283
23279
23271
23259
23254
23133
23092
23063
23043
22942
22868
22866
22826
22578
22537
22487
22345
22330
22167
22096
22078
22011
21995
21962
21817
21810
21765
21730
21665
21611
21584
21555
21491
21446
21283
21263
21251
21146
21119
21096
21056
21048
21025
21021
20974
20969
20919
20768
20733
20669
20655
20639
20595
20551
20531
20481
20470
20367
20340
20247
20164
20162
20156
20141
20110
20065
20017
19972
19967
19933
19811
19744
19744
19625
19577
19405
19345
19276
19228
19213
19076
19068
18972
18962
18834
18825
18757
18741
18579
18568
18512
18496
18171
18165
18113
18085
18072
18065
18049
18042
17904
17813
17758
17750
17694
17662
17657
17608
17451
17406
17365
17363
17221
17161
17155
17143
17130
17095
17066
17014
16949
16938
16831
16781
16678
16670
16642
16639
16511
16369
16363
16324
16319
16309
16170
16143
16108
16095
16030
15962
15921
15807
15747
15718
15704
15684
15652
15600
15578
15433
15362
15358
15268
15259
15199
15188
15156
15015
14958
14749
14621
14604
14590
14572
14457
14371
14218
14043
14035
14002
13997
13970
13947
13851
13772
13759
13756
13681
13675
13531
13514
13490
13428
13404
13392
13390
13340
13257
13193
13176
13173
13167
13153
13144
13054
12964
12877
12833
12800
12779
12681
12667
12633
12601
12592
12589
12535
12486
12477
12470
12406
12397
12221
12218
12207
12192
12165
12152
12143
12118
12098
12072
12059
12025
11941
11892
11819
11779
11753
11723
11680
11574
11538
11530
11502
11499
11427
11417
11400
11318
11297
11233
11206
10947
10782
10771
10766
10763
10684
10479
10414
10395
10391
10348
10347
10344
10093
10085
9901
9817
9673
9639
9599
9596
9540
9486
9478
9471
9453
9442
9433
9404
9383
9334
9317
9311
9242
9184
9160
9118
9073
9063
9035
9016
8951
8943
8889
8818
8801
8765
8756
8754
8747
8692
8575
8560
8481
8455
8439
8430
8429
8388
8354
8320
8295
8286
8198
8165
8141
8117
8071
8069
7979
7949
7852
7753
7620
7585
7498
7486
7474
7473
7402
7366
7344
7311
7272
7213
7141
7079
7064
7052
6943
6915
6856
6787
6748
6709
6686
6584
6504
6449
6448
6370
6175
6125
6062
6005
5799
5685
5675
5629
5559
5542
5533
5474
5373
5363
5264
5172
5058
5054
4988
4979
4899
4761
4761
4716
4667
4663
4497
4486
4400
4345
4332
4312
4155
4139
4022
3972
3938
3929
3921
3796
3579
3571
3568
3540
3515
3475
3367
3304
3223
3201
3188
3129
3084
3069
3063
3052
2897
2833
2776
2670
2668
2609
2533
2426
2387
2326
2322
2295
2236
2179
2176
2157
2127
2120
2041
2026
2014
1914
1906
1885
1856
1809
1700
1698
1658
1560
1552
1546
1536
1326
1283
1105
1044
1006
944
941
890
844
839
816
810
754
737
646
609
573
511
467
395
199
116
