99865
99845
99813
99661
99535
99491
99390
99387
99344
99275
99244
99244
99233
99132
99113
99051
98982
98971
98947
98945
98934
98847
98815
98801
98789
98763
98707
98683
98683
98655
98630
98574
98562
98542
98538
98506
98470
98445
98393
98220
98215
98138
98133
98022
97897
97875
97778
97771
97751
97600
97497
97339
97302
97276
97098
97046
97003
96856
96751
96654
96581
96492
96476
96451
96414
96380
96346
96313
96287
96264
96195
96179
96176
96144
96133
96079
96003
95960
95895
95887
95827
95791
95757
95755
95721
95690
95646
95640
95328
95314
95271
95230
95181
95163
94987
94912
94879
94875
94859
94802
94773
94686
94659
94640
94591
94212
94183
94150
94119
94094
94073
94060
93972
93972
93965
93907
93774
93671
93621
93568
93434
93431
93429
93411
93361
93355
93334
93321
93161
93135
93127
93053
93022
92910
92791
92776
92663
92648
92638
92634
92558
92516
92476
92461
92419
92399
92247
92235
92219
92157
92073
91950
91929
91926
91804
91703
91649
91619
91596
91594
91592
91553
91545
91508
91396
91385
91366
91323
91246
91106
91080
91061
91020
91003
90996
90977
90952
90750
90661
90614
90591
90590
90588
90524
90404
90374
90286
90236
90060
90050
90046
90038
89953
89892
89837
89757
89715
89693
89660
89589
89439
89350
89229
89197
89176
89058
89007
88901
88889
88762
88743
88707
88669
88638
88532
88454
88414
88365
88360
88354
88334
88149
88077
88022
88000
87913
87911
87902
87814
87799
87775
87771
87764
87713
87680
87644
87575
87448
87418
87416
87403
87323
87320
87279
87265
87245
87217
87104
87100
86969
86939
86882
86786
86777
86749
86621
86614
86551
86542
86534
86530
86503
86427
86355
86328
86279
86244
86166
86158
86047
86029
86025
85871
85849
85832
85743
85685
85537
85419
85369
85357
85356
85339
85191
85185
85183
85179
85145
85116
84977
84886
84804
84787
84745
84740
84732
84661
84619
84509
84455
84369
84368
84362
84333
84310
84275
84259
84070
84052
84018
83984
83961
83928
83925
83903
83894
83844
83755
83710
83692
83608
83591
83564
83549
83529
83446
83407
83351
83346
83331
83283
83263
83256
83165
83115
83031
82880
82721
82674
82589
82432
82386
82328
82249
82244
82219
82192
82148
82109
82038
81950
81940
81922
81798
81590
81548
81529
81240
81211
81193
81152
81059
80969
80968
80965
80913
80901
80844
80811
80713
80702
80675
80650
80641
80572
80570
80542
80542
80533
80522
80507
80445
80411
80377
80339
80325
80290
80089
80039
80036
79949
79896
79845
79815
79808
79782
79782
79745
79727
79723
79586
79571
79570
79517
79480
79461
79402
79365
79341
79326
79301
79263
79262
79196
79176
79161
79142
79059
79033
78989
78793
78709
78691
78503
78375
78341
78309
78279
78268
78229
78111
77829
77778
77699
77671
77616
77460
77447
77429
77402
77348
77331
77290
77264
77239
77218
77200
77170
77153
77152
77097
76947
76911
76839
76825
76800
76621
76611
76466
76446
76392
76342
76308
76244
76078
76061
76027
76007
75972
75860
75856
75825
75797
75747
75731
75669
75634
75617
75537
75424
75422
75422
75417
75400
75384
75328
75325
75312
75258
75254
75175
75127
75126
75097
75078
75063
75063
75028
74971
74947
74937
74837
74802
74694
74664
74643
74552
74512
74499
74492
74454
74442
74409
74370
74294
74187
74173
74147
74118
74088
74067
74056
74031
74001
73992
73952
73886
73827
73800
73724
73721
73717
73656
73611
73527
73482
73423
73266
73202
73124
73098
73073
73050
72979
72955
72953
72889
72889
72808
72768
72757
72743
72735
72594
72559
72541
72528
72508
72404
72383
72339
72321
72306
72289
72259
72258
72211
72142
72127
72118
72107
72104
72048
71992
71986
71985
71924
71864
71781
71746
71717
71691
71645
71596
71585
71542
71431
71384
71315
71217
71145
71069
71039
70986
70778
70637
70568
70564
70528
70418
70245
70227
70079
70077
70019
69941
69765
69756
69660
69546
69441
69430
69377
69362
69353
69299
69289
69174
69087
69018
69010
68874
68822
68773
68768
68712
68574
68554
68521
68509
68481
68455
68449
68439
68419
68409
68371
68367
68351
68336
68130
68018
67989
67967
67890
67803
67775
67693
67675
67669
67652
67621
67501
67458
67433
67421
67234
67086
67050
67047
66958
66894
66878
66869
66737
66720
66711
66511
66485
66409
66389
66386
66273
66245
66166
66141
66136
66097
66092
66054
66053
65964
65866
65855
65720
65664
65603
65602
65598
65591
65587
65508
65473
65452
65370
65317
65271
64828
64759
64691
64672
64620
64617
64596
64497
64476
64476
64371
64355
64298
64276
64275
64218
64204
64195
64158
64039
63916
63910
63778
63776
63659
63598
63596
63560
63506
63492
63476
63437
63307
63299
63138
63047
63025
63002
62998
62942
62912
62854
62824
62726
62688
62684
62669
62621
62609
62588
62569
62512
62388
62386
62382
62363
62344
62252
62187
62177
62161
61828
61750
61693
61664
61559
61436
61359
61294
61131
61021
60977
60950
60949
60929
60903
60857
60843
60790
60778
60738
60699
60601
60565
60511
60510
60508
60456
60455
60427
60388
60351
60337
60267
60093
60080
60074
60069
59971
59935
59875
59828
59803
59708
59469
59431
59267
59263
59231
59215
59208
59141
59109
59053
59013
58985
58856
58816
58696
58578
58573
58570
58485
58369
58341
58276
58243
58184
58087
58073
57985
57969
57906
57808
57759
57670
57668
57665
57626
57589
57529
57509
57456
57435
57432
57365
57304
57169
57167
57161
57031
57020
56982
56951
56939
56708
56639
56582
56554
56527
56505
56489
56422
56394
56229
56210
56143
56000
55992
55955
55906
55884
55846
55834
55814
55784
55743
55732
55665
55647
55495
55434
55407
55357
55345
55242
55177
55146
55069
55001
54967
54967
54818
54791
54645
54561
54516
54439
54435
54426
54314
54247
54229
54228
54212
54207
54193
54100
53918
53877
53789
53734
53685
53664
53626
53576
53535
53507
53499
53454
53438
53432
53406
53357
53356
53286
53198
53102
53071
52917
52855
52833
52830
52797
52792
52785
52749
52679
52642
52573
52527
52460
52354
52328
52281
52135
52124
52107
52020
51961
51894
51879
51835
51740
51717
51653
51537
51479
51478
51464
51437
51304
51270
51260
51053
50940
50920
50903
50895
50624
50611
50470
50451
50416
50405
50375
50364
50297
50248
50210
50182
50136
50114
50065
50029
50011
49866
49861
49850
49821
49815
49798
49754
49751
49711
49685
49570
49493
49476
49455
49453
49422
49420
49420
49345
49287
49261
49256
49216
49120
48968
48916
48914
48763
48628
48517
48510
48475
48399
48366
48313
48283
48205
47900
47806
47754
47744
47608
47578
47436
47403
47343
47263
47243
47205
47148
47095
47043
47017
46925
46841
46759
46605
46595
46572
46559
46504
46501
46496
46495
46466
46446
46428
46418
46188
46146
46102
45976
45911
45777
45627
45620
45615
45574
45534
45524
45515
45512
45484
45419
45418
45408
45362
45304
45199
44989
44933
44816
44704
44698
44639
44598
44564
44549
44515
44478
44446
44395
44373
44356
44254
44222
44170
44167
44103
44022
44009
43969
43902
43901
43785
43706
43407
43398
43368
43227
43198
43097
43078
43065
43049
42937
42874
42841
42769
42738
42734
42728
42700
42617
42609
42562
42554
42531
42454
42415
42379
42364
42360
42245
42136
42056
41881
41858
41829
41825
41798
41723
41709
41694
41610
41606
41588
41439
41418
41402
41348
41158
41106
41101
41062
41042
40988
40880
40841
40753
40681
40646
40624
40508
40441
40435
40299
40274
40226
40151
40150
40147
40104
40091
39952
39925
39911
39897
39780
39773
39722
39696
39685
39673
39636
39597
39470
39363
39301
39282
39183
39131
38954
38865
38851
38841
38827
38821
38816
38784
38762
38576
38527
38464
38380
38332
38235
38211
38201
38173
38154
37977
37955
37946
37920
37899
37849
37720
37639
37477
37446
37435
37344
37224
37219
37216
37171
37160
37068
37062
37010
36933
36871
36863
36676
36673
36647
36551
36471
36371
36340
36289
36269
36267
36172
36110
36110
36091
35992
35926
35924
35896
35796
35787
35775
35774
35760
35696
35695
35585
35394
35387
35355
35337
35332
35325
35302
35286
35158
35152
35134
35067
35043
35011
34960
34727
34659
34658
34641
34630
34594
34588
34397
34310
34279
34258
34228
34156
34088
34044
33915
33904
33888
33883
33862
33610
33568
33503
33489
33472
33420
33397
33343
33329
33282
33184
33045
33038
33011
32989
32983
32966
32942
32913
32907
32900
32793
32663
32618
32552
32527
32527
32452
32411
32406
32401
32352
32322
32306
32247
32196
32135
32121
32079
31988
31969
31931
31902
31865
31832
31805
31717
31641
31562
31545
31543
31534
31530
31445
31413
31363
31321
31286
31281
31261
31130
31077
30929
30841
30791
30785
30687
30633
30476
30425
30409
30389
30311
30309
30210
30203
30192
30175
30170
30159
30144
30004
30001
29942
29936
29879
29851
29806
29783
29708
29665
29589
29522
29441
29268
29209
29196
29189
29177
29043
29037
28988
28974
28973
28907
28902
28884
28880
28864
28852
28839
28804
28615
28497
28428
28425
28395
28352
28256
28078
28017
27934
27900
27893
27872
27853
27836
27810
27803
27752
27640
27586
27422
27359
27336
27295
27279
27216
27211
27178
27134
27108
27011
26997
26930
26898
26837
26831
26813
26753
26742
26719
26700
26570
26498
26483
26466
26405
26325
26288
26245
26171
26141
26087
26044
26018
25991
25976
25890
25890
25870
25851
25755
25733
25648
25629
25595
25516
25505
25409
25374
25339
25309
25288
25272
25238
25235
25202
25187
25058
25037
25014
24990
24953
24897
24809
24794
24780
24742
24698
24624
24603
24579
24519
24496
24419
24289
24262
24249
24205
24119
24115
24093
24007
23997
23927
23889
23837
23831
23773
23757
23625
23587
23578
23565
23558
23488
23478
23468
23445
23420
23367
23284
23176
23123
23051
23046
22973
22853
22805
22756
22735
22574
22531
22525
22491
22460
22456
22407
22389
22307
22301
22273
22054
21967
21846
21811
21747
21738
21636
21459
21449
21282
21248
21234
21220
21218
21094
20886
20874
20781
20735
20705
20684
20678
20637
20528
20477
20475
20351
20334
20260
20210
20174
20172
20163
20056
20025
19970
19966
19897
19822
19777
19542
19520
19491
19485
19480
19318
19288
19242
19238
19234
19225
19181
19134
19107
19085
19043
19037
19032
19007
18897
18872
18853
18850
18836
18817
18766
18757
18722
18628
18606
18596
18585
18558
18556
18539
18379
18331
18210
18154
18153
18133
18133
18116
18111
18081
18059
17999
17987
17967
17960
17895
17872
17851
17683
17668
17663
17646
17586
17523
17493
17480
17370
17354
17280
17278
17248
17218
17077
17021
16929
16725
16671
16650
16548
16542
16510
16406
16381
16341
16316
16308
16303
16183
16144
16135
16097
16091
16044
16031
16012
15841
15833
15819
15744
15676
15596
15569
15568
15558
15545
15539
15509
15508
15474
15431
15420
15372
15358
15349
15333
15297
15292
15267
15225
15130
15077
15040
15036
14999
14985
14899
14824
14821
14816
14793
14720
14488
14485
14397
14264
14191
14182
14080
14080
13918
13904
13878
13794
13777
13769
13735
13720
13671
13568
13401
13292
13265
13230
13193
13102
13061
13044
13002
12912
12887
12788
12726
12712
12708
12660
12615
12534
12526
12489
12445
12409
12400
12382
12348
12345
12344
12322
12195
12173
12156
12139
12077
12057
12003
11898
11824
11818
11815
11778
11757
11752
11702
11700
11606
11545
11468
11420
11339
11243
11195
11194
11186
11152
11133
11099
10977
10937
10929
10831
10707
10703
10567
10553
10533
10509
10469
10456
10445
10360
10337
10209
10181
10176
10172
10067
10047
9956
9951
9898
9834
9829
9808
9790
9784
9738
9702
9559
9526
9453
9410
9363
9328
9104
9066
8954
8904
8708
8682
8652
8606
8589
8512
8498
8417
8401
8383
8326
8265
8235
8214
8186
8145
8137
7836
7801
7719
7681
7528
7456
7450
7306
7215
7144
7142
7101
7040
6990
6922
6856
6771
6766
6750
6664
6654
6565
6503
6488
6433
6194
6157
6146
6065
6054
5985
5949
5804
5800
5793
5730
5717
5701
5681
5680
5582
5498
5431
5400
5307
5300
5273
5175
5069
5056
5036
4904
4867
4866
4854
4808
4804
4803
4762
4562
4526
4407
4402
4370
4302
4213
4171
4171
4137
4026
3949
3934
3847
3840
3805
3796
3786
3775
3757
3714
3673
3611
3586
3505
3470
3424
3306
3258
3203
3163
3119
3037
3025
3006
3004
2975
2933
2929
2836
2818
2725
2710
2568
2531
2464
2456
2436
2373
2355
2334
2311
2281
2229
2183
2138
2121
2101
2035
2017
1987
1957
1935
1885
1866
1689
1681
1546
1536
1465
1460
1460
1434
1319
1284
1227
1188
1157
1129
1054
1038
929
926
854
830
768
677
618
612
608
592
579
490
451
419
402
374
346
291
281
271
270
