99963
99929
99898
99895
99875
99868
99853
99826
99825
99738
99728
99714
99656
99618
99601
99541
99499
99463
99405
99383
99343
99273
99237
99223
99218
99107
99057
98953
98945
98912
98899
98827
98811
98784
98720
98669
98658
98604
98580
98430
98398
98391
98192
97984
97932
97919
97900
97866
97846
97825
97815
97779
97655
97632
97601
97545
97536
97535
97513
97487
97460
97416
97166
97138
97101
97062
96929
96911
96894
96852
96709
96646
96627
96614
96611
96603
96500
96330
96279
96257
96242
96067
96032
95962
95942
95901
95817
95812
95766
95653
95587
95563
95481
95392
95392
95291
95253
95101
95066
95032
94948
94864
94769
94693
94687
94607
94601
94586
94571
94485
94313
94289
94190
94023
93988
93823
93645
93623
93560
93542
93527
93487
93369
93310
93289
93276
93208
93110
92961
92822
92821
92819
92818
92786
92779
92752
92740
92587
92502
92483
92462
92447
92361
92342
92189
92175
92167
92080
92068
91992
91984
91936
91889
91869
91851
91832
91799
91711
91704
91701
91691
91669
91632
91630
91557
91535
91524
91491
91404
91367
91342
91325
91223
91096
91063
91060
90785
90746
90596
90487
90407
90402
90396
90382
90341
90319
90222
90200
90122
90069
89984
89896
89876
89844
89841
89761
89700
89699
89655
89531
89500
89225
89213
89157
89114
89087
89001
88971
88969
88919
88874
88859
88814
88800
88671
88576
88572
88508
88415
88282
88281
88229
88198
88100
87959
87931
87796
87779
87696
87599
87558
87553
87503
87357
87160
87144
87103
87062
87006
87001
86955
86750
86732
86667
86658
86599
86444
86395
86324
86302
86295
86237
86229
86178
86158
86136
86118
86014
85989
85919
85906
85875
85848
85791
85767
85753
85751
85737
85658
85635
85569
85507
85506
85505
85505
85499
85433
85399
85364
85247
85229
85169
85148
85145
85105
84922
84917
84851
84768
84750
84714
84695
84597
84441
84431
84423
84389
84382
84370
84368
84308
84227
84175
84173
84167
84166
84156
84143
84136
84135
84125
84125
84117
84085
84070
84013
83963
83930
83910
83814
83813
83803
83779
83760
83723
83668
83633
83492
83466
83456
83422
83392
83349
83332
83286
83273
83236
83164
83121
83088
83086
83081
83063
82984
82972
82937
82821
82819
82643
82625
82613
82551
82547
82536
82505
82467
82426
82393
82221
82186
82045
81944
81901
81896
81881
81780
81752
81748
81681
81646
81613
81428
81364
81238
81216
81154
81140
81115
81005
80895
80862
80843
80812
80747
80684
80606
80539
80482
80452
80436
80422
80351
80309
80283
80224
80212
80115
80096
79999
79981
79977
79956
79895
79799
79735
79617
79617
79332
79317
79225
79179
79171
79120
79104
79072
79007
78925
78906
78868
78817
78771
78764
78741
78674
78571
78474
78380
78377
78217
78078
78051
77988
77950
77922
77747
77715
77651
77641
77426
77419
77409
77360
77298
77198
77144
77125
77107
77105
77103
77085
77077
77015
76936
76891
76870
76831
76804
76730
76711
76701
76600
76524
76511
76404
76313
76308
76292
76203
76098
76045
76032
76012
75899
75852
75843
75820
75778
75733
75669
75584
75569
75539
75488
75443
75423
75409
75205
75191
75087
75085
74902
74743
74703
74667
74649
74559
74512
74495
74345
74331
74276
74196
74143
74092
73928
73906
73771
73739
73648
73592
73583
73366
73276
73231
73227
73203
73170
73081
73061
72890
72865
72850
72846
72834
72797
72741
72717
72566
72489
72446
72424
72266
72219
72186
72153
72092
72035
72021
71946
71943
71881
71764
71763
71756
71731
71658
71491
71477
71423
71302
71299
71164
71116
71079
70955
70944
70833
70757
70693
70553
70546
70511
70460
70419
70374
70368
70262
70112
70070
70015
69995
69953
69939
69871
69863
69845
69770
69662
69621
69593
69582
69518
69475
69351
69341
69301
69045
69024
69003
68956
68902
68878
68837
68828
68808
68799
68796
68711
68690
68682
68663
68631
68622
68620
68597
68502
68486
68453
68412
68410
68377
68372
68365
68278
68242
68193
68098
68097
67989
67954
67947
67805
67779
67741
67558
67555
67365
67237
67135
67109
67015
66963
66960
66869
66859
66796
66787
66735
66670
66637
66606
66593
66549
66537
66442
66430
66371
66261
66228
66166
66137
66136
66039
65961
65947
65917
65883
65871
65863
65848
65843
65718
65689
65645
65563
65484
65465
65462
65446
65410
65337
65288
65203
65036
64928
64920
64902
64702
64665
64630
64531
64524
64509
64450
64397
64364
64318
64280
64209
64197
64141
64023
63980
63908
63903
63877
63819
63772
63770
63770
63670
63624
63610
63571
63511
63471
63454
63396
63314
63262
63245
63194
63083
63063
63019
62935
62929
62876
62796
62758
62740
62713
62579
62486
62479
62374
62371
62364
62358
62302
62274
62239
62224
62189
62169
61988
61974
61938
61870
61753
61733
61722
61678
61548
61546
61544
61529
61522
61449
61305
61280
61280
61217
61147
61112
60963
60928
60921
60839
60814
60779
60603
60531
60270
60138
60135
60069
59967
59902
59883
59840
59802
59769
59749
59682
59670
59670
59620
59587
59549
59543
59472
59466
59460
59392
59386
59353
59306
59261
59223
59168
59147
59045
59006
58993
58905
58803
58675
58652
58598
58561
58559
58453
58423
58363
58280
58200
58173
58110
58080
58070
58069
57971
57971
57854
57814
57760
57721
57717
57656
57631
57583
57499
57447
57190
57164
57114
57086
57025
57021
56991
56981
56974
56940
56907
56832
56802
56643
56528
56500
56419
56392
56320
56268
56223
56197
56194
56175
56150
56139
56125
55998
55973
55963
55882
55858
55807
55764
55759
55741
55685
55625
55624
55599
55576
55570
55512
55468
55462
55410
55313
55162
55134
55121
55121
55087
55053
55002
54962
54941
54872
54853
54847
54822
54815
54790
54727
54687
54514
54427
54395
54380
54247
54219
54082
54053
53935
53780
53741
53670
53666
53639
53621
53588
53547
53483
53452
53400
53309
53182
53042
53012
52901
52878
52753
52750
52727
52586
52574
52525
52445
52443
52428
52389
52375
52290
52154
52126
52086
52070
52067
51972
51965
51918
51865
51808
51628
51499
51485
51455
51360
51348
51314
51081
51031
51009
50943
50896
50885
50868
50696
50629
50618
50535
50528
50519
50501
50470
50362
50348
50266
50261
50188
50183
50161
50149
50126
50069
50038
50013
49953
49909
49881
49870
49819
49783
49730
49685
49629
49622
49622
49506
49439
49399
49381
49347
49277
49276
49245
49232
49213
49194
49187
49140
49076
49048
49016
48993
48979
48866
48792
48743
48724
48709
48682
48654
48556
48544
48537
48527
48458
48415
48387
48370
48338
48328
48322
48305
48126
48048
48042
48019
47996
47948
47929
47899
47895
47892
47760
47615
47577
47552
47551
47521
47446
47405
47401
47386
47354
47330
47285
47194
47176
47022
47019
47011
46892
46735
46656
46616
46599
46588
46578
46519
46503
46463
46455
46402
46371
46362
46221
46209
46169
46063
46034
45950
45839
45764
45698
45514
45513
45507
45336
45324
45294
45227
45225
45200
45194
45064
44962
44937
44865
44856
44853
44791
44731
44710
44708
44707
44700
44696
44658
44651
44619
44618
44586
44507
44346
44307
44301
44298
44281
44193
44146
44049
44010
43967
43946
43930
43917
43779
43775
43749
43671
43568
43458
43432
43413
43334
43333
43166
43126
43110
43048
42941
42875
42853
42786
42764
42746
42698
42609
42600
42588
42521
42499
42459
42426
42418
42397
42392
42386
42377
42268
42197
42193
42192
42171
42109
42051
42041
42029
41962
41954
41932
41897
41896
41821
41806
41801
41742
41729
41668
41580
41560
41518
41494
41479
41425
41407
41402
41362
41334
41331
41313
41273
41244
41223
41202
41044
41028
41019
40986
40909
40906
40889
40876
40862
40821
40770
40715
40701
40688
40679
40604
40448
40326
40314
40266
40233
40169
40163
39980
39977
39939
39780
39643
39572
39526
39526
39381
39334
39301
39253
39214
39084
39080
38996
38947
38946
38938
38929
38889
38876
38863
38840
38807
38767
38765
38757
38730
38622
38525
38426
38387
38372
38359
38325
38285
38228
38158
38123
38087
38060
38041
38023
37908
37884
37875
37868
37843
37761
37583
37546
37496
37475
37358
37348
37214
37194
37102
36996
36927
36914
36851
36849
36751
36692
36690
36662
36623
36447
36426
36423
36372
36334
36245
36206
36169
36126
36117
36111
36097
36094
36045
36004
35982
35954
35939
35933
35887
35832
35810
35734
35659
35630
35620
35613
35474
35396
35361
35298
35291
35172
35149
35146
35129
35102
35096
35085
34975
34962
34859
34857
34770
34730
34704
34697
34697
34687
34610
34558
34508
34450
34346
34341
34246
34054
33954
33929
33893
33883
33881
33798
33705
33572
33556
33548
33534
33494
33491
33467
33375
33353
33350
33330
33280
33054
32964
32932
32929
32901
32884
32757
32694
32690
32655
32633
32546
32523
32476
32463
32462
32395
32327
32274
32246
32194
31964
31935
31923
31775
31708
31702
31696
31653
31649
31642
31582
31572
31470
31465
31449
31439
31428
31381
31365
31345
31286
31265
31198
31143
31095
31069
31062
30995
30993
30958
30873
30845
30748
30673
30625
30599
30546
30501
30475
30444
30396
30362
30292
30265
30259
30115
30067
30033
30017
29942
29807
29805
29798
29777
29776
29717
29704
29667
29652
29591
29508
29447
29190
29159
29119
29113
29099
29073
29012
28953
28950
28920
28892
28865
28770
28706
28653
28648
28645
28623
28510
28486
28087
27969
27945
27938
27910
27904
27874
27794
27781
27673
27627
27557
27508
27468
27446
27428
27355
27322
27270
27254
27232
27144
27078
27007
26987
26855
26843
26812
26808
26761
26738
26656
26607
26587
26571
26520
26462
26433
26376
26183
26072
25933
25878
25786
25783
25780
25727
25712
25696
25652
25612
25606
25546
25529
25479
25306
25290
25254
25251
25237
25164
25046
25004
24965
24940
24882
24868
24843
24625
24580
24533
24498
24473
24445
24402
24401
24182
24140
23969
23921
23873
23869
23853
23808
23764
23756
23728
23723
23699
23681
23636
23607
23579
23552
23498
23395
23388
23362
23328
23321
23244
23181
23071
23070
23057
23033
23025
23023
22995
22988
22984
22877
22746
22746
22701
22656
22534
22519
22429
22377
22326
22222
22130
22065
21982
21914
21877
21857
21789
21696
21523
21455
21425
21373
21223
21155
21136
21123
21112
21108
20992
20948
20906
20759
20756
20598
20565
20533
20468
20452
20332
20325
20319
20205
20098
19980
19893
19861
19848
19768
19674
19666
19576
19545
19471
19364
19357
19351
19270
19149
19113
18975
18940
18936
18923
18895
18854
18840
18812
18800
18742
18698
18692
18681
18577
18528
18465
18368
18261
18146
18023
18022
17953
17906
17892
17872
17805
17698
17697
17676
17674
17531
17495
17473
17381
17348
17322
17232
17217
17056
17052
17050
17023
16896
16870
16835
16802
16681
16635
16605
16596
16457
16401
16370
16349
16264
16258
16239
16091
15997
15990
15977
15800
15778
15726
15685
15641
15622
15407
15322
15320
15248
15234
15224
15220
15167
15158
15138
15108
14906
14768
14749
14745
14734
14732
14698
14598
14524
14426
14415
14370
14363
14340
14333
14296
14260
14102
14074
14062
13952
13868
13656
13647
13636
13630
13573
13566
13487
13442
13419
13327
13302
13208
13192
13132
13120
13089
13083
13048
13008
12951
12947
12923
12918
12911
12899
12879
12805
12797
12777
12732
12600
12512
12506
12252
12040
12014
11999
11864
11861
11808
11772
11740
11728
11685
11683
11661
11607
11551
11514
11447
11431
11427
11358
11289
11249
11215
10971
10956
10956
10886
10827
10770
10750
10679
10637
10595
10576
10540
10497
10492
10419
10398
10375
10371
10365
10365
10275
10210
10025
10009
9962
9875
9844
9839
9748
9676
9636
9634
9507
9499
9484
9478
9428
9383
9331
9320
9308
9249
9222
9200
9174
9138
9064
8999
8998
8965
8918
8855
8853
8828
8790
8787
8783
8776
8766
8453
8380
8306
8294
8198
8173
8161
8081
8049
8010
8004
7952
7784
7771
7740
7700
7659
7583
7572
7510
7483
7476
7460
7446
7389
7294
7279
7223
7044
7043
6997
6989
6898
6837
6780
6752
6742
6714
6563
6423
6386
6381
6325
6319
6315
6268
6247
6130
6129
6052
6045
5993
5954
5884
5848
5764
5637
5634
5624
5531
5511
5492
5460
5109
4990
4983
4851
4831
4829
4812
4787
4738
4730
4725
4666
4609
4592
4550
4479
4464
4436
4418
4399
4399
4397
4338
4315
4191
4150
4142
4093
4013
3996
3976
3931
3775
3724
3637
3612
3594
3561
3521
3429
3392
3353
3312
3275
3132
3083
2987
2969
2945
2943
2917
2904
2801
2797
2793
2703
2674
2626
2593
2486
2475
2422
2418
2360
2315
2281
2258
2209
2135
2039
1962
1834
1553
1463
1086
1080
1060
1031
984
955
912
823
787
760
735
726
668
647
591
552
485
483
384
250
207
167
157
118
96
38
