99942
99831
99801
99767
99760
99719
99712
99703
99511
99488
99410
99340
99273
99266
99222
99195
99172
99010
98981
98908
98907
98895
98792
98773
98710
98692
98671
98570
98458
98439
98372
98338
98246
98203
98141
98141
98019
97972
97965
97925
97904
97825
97690
97680
97632
97612
97595
97586
97579
97495
97420
97347
97315
97102
97081
97060
97033
97031
97017
97000
96936
96880
96846
96685
96656
96649
96544
96460
96436
96401
96398
96310
96166
96134
96115
96105
96006
95981
95871
95751
95723
95608
95606
95573
95495
95484
95426
95411
95407
95364
95350
95339
95306
95298
95225
95100
94988
94977
94825
94799
94765
94646
94641
94601
94485
94475
94230
94192
94148
94112
94097
94048
94030
94022
93968
93966
93933
93870
93852
93847
93828
93799
93734
93671
93654
93637
93499
93442
93408
93407
93340
93251
93138
93030
92888
92762
92657
92547
92502
92453
92438
92383
92360
92231
92201
92186
92160
92138
92035
92026
91882
91881
91853
91780
91663
91659
91648
91633
91608
91606
91572
91500
91472
91459
91414
91256
91212
91192
91152
91127
90974
90963
90659
90430
90411
90361
90348
90334
90318
90277
90276
90271
90215
90212
90102
90055
90044
90035
89987
89961
89883
89870
89813
89812
89730
89724
89710
89690
89570
89497
89484
89412
89393
89371
89245
89240
89209
89168
89162
89162
89051
88954
88950
88932
88891
88883
88754
88705
88703
88680
88509
88380
88336
88319
88233
88219
88207
88158
88157
88090
88060
87908
87845
87820
87784
87771
87596
87560
87551
87436
87435
87410
87400
87356
87274
87270
87165
87101
87071
86991
86987
86918
86883
86853
86803
86798
86733
86727
86726
86689
86675
86664
86648
86646
86185
86164
86131
86097
86087
86007
85997
85965
85927
85834
85807
85756
85742
85606
85575
85569
85563
85521
85494
85430
85423
85340
85298
85108
84978
84880
84808
84748
84722
84696
84644
84592
84528
84525
84508
84499
84487
84399
84256
84208
84207
84198
84104
83953
83952
83915
83807
83696
83651
83523
83323
83180
83168
83098
83089
83057
82975
82952
82948
82864
82810
82807
82795
82550
82497
82497
82458
82436
82391
82384
82381
82375
82278
82269
82259
82212
82103
81975
81956
81909
81868
81839
81833
81828
81778
81726
81565
81536
81506
81460
81261
81017
80973
80957
80743
80698
80640
80590
80570
80557
80540
80504
80503
80441
80430
80394
80172
80082
80080
80054
80034
79976
79960
79830
79810
79806
79778
79689
79666
79640
79579
79563
79470
79434
79400
79399
79367
79344
79310
79299
79289
79268
79261
79175
79147
79125
79105
79047
78902
78897
78775
78773
78718
78707
78687
78647
78590
78553
78451
78440
78344
78332
78301
78267
78224
78164
78149
78013
77999
77946
77831
77740
77670
77637
77599
77550
77520
77417
77391
77371
77261
77247
77224
77167
77157
77074
77056
77025
77017
76886
76874
76861
76698
76677
76665
76632
76627
76572
76530
76488
76454
76449
76428
76423
76400
76329
76217
76214
76207
76129
76076
76065
76038
76015
75940
75924
75900
75875
75837
75818
75799
75794
75792
75746
75648
75636
75600
75570
75567
75558
75549
75521
75494
75460
75443
75437
75385
75374
75370
75254
75161
75124
75031
75008
74950
74944
74885
74882
74880
74864
74834
74812
74811
74794
74737
74719
74647
74642
74622
74535
74507
74408
74394
74330
74271
74251
74245
74175
74166
74125
74002
73997
73975
73965
73865
73865
73782
73775
73754
73639
73496
73487
73472
73403
73347
73344
73230
73197
73111
73097
73082
73047
73008
72982
72935
72908
72879
72841
72804
72801
72622
72603
72596
72567
72512
72480
72466
72415
72412
72207
72191
72190
72153
72026
71988
71965
71887
71884
71825
71739
71665
71569
71569
71371
71345
71314
71286
71263
71240
71172
71164
71112
71093
71040
71022
70988
70965
70897
70819
70710
70672
70670
70584
70553
70510
70237
70203
70182
70172
70169
70132
70060
69990
69866
69799
69763
69661
69619
69594
69582
69442
69417
69413
69367
69211
69159
69153
69127
68979
68978
68939
68844
68833
68754
68695
68680
68617
68521
68398
68396
68380
68380
68359
68319
68264
68093
67958
67949
67942
67936
67928
67849
67843
67804
67688
67672
67664
67569
67543
67496
67261
67201
67142
67130
67116
67106
66965
66819
66653
66549
66478
66474
66432
66396
66387
66369
66319
66317
66265
66186
66139
66135
66109
66083
66065
66051
66029
66029
65979
65977
65975
65934
65898
65850
65847
65846
65821
65656
65643
65410
65280
65273
65252
65220
65162
65155
65123
65076
65062
65014
64993
64856
64832
64801
64795
64612
64597
64573
64563
64413
64370
64341
64311
64271
64254
64237
64193
64173
64152
64115
64114
64029
64010
63891
63875
63874
63855
63848
63820
63772
63715
63649
63628
63617
63598
63539
63396
63385
63345
63337
63278
63269
63217
63209
63161
63034
62966
62909
62754
62743
62700
62617
62574
62551
62528
62526
62505
62497
62447
62435
62425
62421
62405
62365
62354
62295
62221
62205
62177
62065
62001
61967
61932
61804
61734
61688
61638
61617
61615
61510
61448
61431
61387
61310
61222
61209
61185
61138
61128
61099
61050
60951
60932
60822
60769
60693
60650
60615
60596
60589
60513
60502
60372
60319
60308
60285
60235
60221
60130
60071
60066
60041
59951
59945
59890
59860
59723
59662
59428
59404
59396
59347
59299
59218
59208
59191
59161
59123
58996
58961
58887
58863
58858
58848
58779
58746
58730
58596
58552
58548
58496
58480
58472
58377
58275
58214
58206
58070
57964
57897
57813
57797
57708
57598
57588
57558
57495
57479
57432
57329
57287
57227
57195
57163
57095
57054
56932
56931
56803
56787
56757
56757
56671
56643
56639
56558
56487
56378
56070
55979
55926
55880
55857
55732
55502
55435
55345
55221
55188
55167
54956
54844
54657
54635
54587
54532
54513
54498
54449
54408
54310
54278
54209
53907
53819
53789
53735
53703
53675
53667
53656
53639
53544
53478
53462
53451
53427
53425
53368
53349
53300
53233
53194
53190
53160
53139
53108
53068
53013
52965
52960
52958
52889
52885
52800
52737
52722
52646
52639
52605
52528
52520
52500
52437
52320
52292
52222
52178
52145
52085
51728
51708
51677
51603
51569
51548
51476
51417
51410
51373
51256
51240
51214
51151
51143
50970
50795
50786
50591
50556
50532
50511
50495
50473
50389
50306
50141
50039
49985
49983
49792
49752
49730
49693
49596
49593
49457
49441
49427
49425
49396
49295
49260
49167
49145
49129
49075
49010
48913
48869
48844
48844
48727
48723
48723
48685
48649
48649
48626
48451
48386
48366
48345
48303
48261
48156
48138
48038
48001
47950
47925
47923
47912
47882
47845
47828
47756
47752
47698
47631
47600
47581
47575
47389
47374
47360
47346
47314
47300
47257
47174
47151
47126
47038
47013
47002
46989
46971
46862
46856
46840
46835
46834
46775
46716
46680
46572
46569
46555
46420
46331
46293
46247
46244
46213
46212
46190
46179
46154
46149
46140
46139
46099
46089
46028
45941
45938
45868
45859
45816
45804
45702
45687
45567
45566
45547
45354
45249
45225
45179
45140
45101
44885
44807
44790
44783
44695
44598
44566
44562
44522
44491
44471
44439
44425
44420
44364
44313
44286
44160
44130
44054
44031
43935
43927
43909
43898
43856
43851
43808
43779
43779
43725
43720
43707
43561
43557
43377
43261
43247
43045
43026
42953
42935
42794
42766
42644
42635
42612
42463
42359
42288
42179
42163
42120
42115
42108
41975
41918
41845
41815
41791
41743
41707
41644
41619
41619
41546
41445
41343
41319
41294
41259
41194
41182
41135
40848
40804
40647
40634
40594
40546
40505
40479
40442
40322
40228
40080
40052
39901
39832
39812
39709
39653
39643
39518
39376
39313
39301
39255
39230
39114
39037
38998
38976
38911
38889
38806
38712
38652
38631
38349
38328
38232
38197
38182
38119
38080
38028
37890
37804
37777
37770
37741
37716
37715
37651
37557
37548
37522
37488
37478
37424
37413
37409
37399
37258
37180
37081
37067
36984
36979
36714
36712
36643
36601
36534
36502
36370
36341
36210
36195
36192
36161
36124
36058
36039
36024
35947
35944
35910
35863
35839
35773
35705
35639
35603
35527
35518
35511
35440
35414
35388
35382
35316
35270
35144
35119
35056
35019
34942
34934
34849
34849
34849
34831
34775
34773
34757
34718
34706
34659
34474
34431
34307
34262
34229
34196
34190
34118
34057
34031
33870
33821
33819
33805
33401
33375
33293
33263
33247
33227
33196
33104
33014
32950
32713
32706
32656
32582
32513
32480
32403
32332
32247
32234
32162
32160
31980
31924
31903
31850
31800
31590
31558
31468
31327
31311
31152
31147
31126
31118
31062
31005
31001
30913
30909
30898
30741
30693
30662
30643
30641
30611
30568
30509
30293
30184
30166
30122
30055
30021
30004
29934
29931
29846
29769
29765
29727
29716
29699
29695
29572
29553
29470
29423
29384
29361
29300
29252
29244
29243
29220
29158
29106
29095
29087
29080
29071
29059
29058
28961
28955
28954
28930
28817
28813
28788
28698
28679
28622
28588
28588
28581
28546
28500
28485
28461
28302
28298
28253
28251
28237
28222
28218
28198
28070
28043
28027
27939
27909
27786
27765
27606
27585
27542
27481
27468
27452
27441
27425
27313
27311
27299
27293
27217
27215
27191
27173
27160
27113
26793
26789
26723
26718
26701
26621
26529
26464
26456
26307
26244
26066
25971
25908
25862
25858
25846
25823
25774
25738
25654
25628
25613
25597
25595
25577
25574
25539
25514
25406
25358
25342
25280
25140
25137
25125
25061
25025
24975
24970
24827
24826
24731
24665
24606
24599
24587
24555
24512
24481
24409
24342
24329
24190
24133
24122
24114
24100
24071
24068
24051
24016
23927
23874
23852
23830
23805
23573
23543
23506
23495
23491
23472
23354
23348
23321
23261
23192
23048
22982
22956
22949
22942
22903
22879
22869
22867
22814
22759
22748
22684
22678
22613
22609
22503
22473
22361
22168
22093
22068
22041
22036
21918
21911
21839
21808
21786
21741
21484
21350
21288
21281
21198
21121
21088
21063
21046
21037
20926
20875
20729
20722
20668
20558
20551
20408
20397
20380
20280
20212
20166
20163
20012
20002
19979
19964
19899
19893
19807
19802
19796
19778
19736
19692
19651
19511
19508
19488
19469
19467
19342
19295
19225
19193
19163
19097
18951
18887
18783
18702
18686
18649
18637
18450
18362
18340
18322
18297
18290
18254
18253
18185
18081
17994
17985
17952
17939
17923
17921
17889
17832
17771
17682
17663
17625
17578
17546
17543
17431
17415
17414
17352
17174
17168
17059
17052
16906
16852
16799
16792
16784
16782
16715
16697
16661
16635
16626
16595
16527
16518
16499
16471
16454
16424
16386
16360
16191
16161
16113
16094
16043
15927
15895
15880
15856
15725
15564
15548
15516
15500
15498
15476
15364
15321
15251
15158
15138
15076
15051
15020
14960
14942
14938
14925
14732
14697
14599
14597
14593
14581
14504
14502
14500
14449
14399
14364
14344
14339
14311
14308
14253
14220
14157
14143
13844
13836
13759
13740
13678
13576
13453
13441
13379
13322
13307
13286
13211
13204
13159
13099
12955
12951
12948
12936
12813
12802
12742
12656
12638
12613
12521
12502
12348
12227
12223
12183
12042
12038
12035
12006
12001
11786
11737
11718
11702
11699
11640
11610
11560
11428
11409
11398
11385
11369
11368
11366
11204
11099
11068
11025
11014
10959
10875
10806
10738
10687
10655
10591
10516
10512
10442
10358
10343
10332
10292
10288
10261
10257
10253
10146
10136
10109
10079
10060
10057
10000
9953
9798
9720
9702
9627
9607
9528
9521
9420
9408
9405
9346
9311
9292
9289
9255
9245
9193
9111
9107
9083
9044
8911
8898
8752
8731
8643
8586
8566
8481
8404
8359
8325
8324
8320
8311
8293
8261
8246
8217
8120
8119
8093
8078
7983
7955
7876
7773
7758
7641
7597
7517
7505
7464
7393
7370
7358
7357
7353
7343
7309
7299
7236
7150
7149
7130
7118
7062
6972
6896
6813
6789
6785
6767
6683
6654
6611
6605
6549
6408
6400
6281
6268
6256
6213
6202
6187
6176
6156
6117
6022
6014
5980
5973
5957
5881
5844
5678
5570
5473
5463
5406
5345
5316
5310
5310
5309
5304
5289
5181
5164
5136
5126
5010
4914
4913
4820
4791
4767
4750
4744
4733
4673
4611
4557
4548
4457
4400
4335
4284
4172
4126
4091
3942
3930
3809
3800
3766
3635
3609
3601
3328
3300
3275
3238
3226
3220
3139
3134
3088
3036
3016
2928
2917
2853
2846
2840
2783
2763
2675
2661
2614
2611
2478
2406
2336
2334
2303
2256
2168
2162
2124
2116
2073
1912
1807
1784
1781
1773
1767
1745
1739
1726
1707
1697
1612
1596
1584
1501
1492
1470
1305
1273
1271
1253
1229
1166
1157
1081
993
984
900
887
801
801
729
713
711
655
610
490
444
434
347
277
226
183
118
23
