99999
99989
99766
99510
99502
99444
99429
99425
99395
99299
99288
99126
99093
98949
98938
98933
98901
98869
98863
98831
98827
98754
98643
98629
98590
98589
98570
98544
98534
98485
98459
98367
98305
98227
98149
98094
98065
97961
97868
97784
97618
97586
97530
97512
97467
97442
97420
97261
97146
97037
96940
96840
96826
96753
96624
96525
96450
96417
96416
96406
96369
96139
96103
96088
96032
95948
95912
95910
95877
95761
95611
95562
95506
95504
95487
95443
95403
95318
95227
95129
95128
95128
95120
95078
94948
94916
94856
94809
94798
94777
94718
94660
94568
94519
94371
94314
94297
94277
94265
94201
94198
94077
94046
93959
93883
93803
93765
93761
93676
93626
93483
93426
93423
93418
93389
93384
93357
93345
93306
93237
93228
93083
93075
93060
92956
92836
92732
92710
92610
92596
92595
92524
92479
92475
92393
92299
92298
92271
92247
92008
91979
91974
91911
91726
91654
91498
91475
91390
91387
91196
91132
91131
91118
91110
91107
91094
91067
91033
91001
90973
90921
90880
90782
90762
90736
90734
90677
90528
90509
90343
90271
90238
90210
90194
90138
90045
89935
89671
89650
89523
89495
89424
89357
89336
89279
89241
89224
89210
89170
89088
89065
88974
88949
88934
88910
88909
88774
88683
88538
88529
88498
88387
88322
88290
88248
88217
88134
87997
87923
87874
87855
87811
87706
87673
87558
87551
87530
87528
87509
87496
87444
87436
87332
87281
87188
87161
87123
87059
87015
86991
86969
86941
86881
86853
86809
86780
86747
86718
86707
86699
86677
86605
86592
86582
86538
86530
86513
86494
86448
86423
86377
86336
86278
86250
86205
86179
86118
86101
85940
85927
85822
85607
85461
85425
85418
85326
85271
85268
85245
85197
84844
84755
84737
84710
84705
84685
84683
84625
84533
84355
84354
84344
84249
84239
84177
84137
84097
84071
83810
83738
83714
83710
83650
83609
83554
83530
83480
83467
83431
83430
83325
83274
83271
83179
83158
83146
83129
83101
83042
83027
83026
83023
83023
83016
82985
82841
82743
82578
82541
82510
82480
82427
82331
82243
82224
82156
81987
81949
81843
81776
81776
81749
81743
81700
81692
81683
81605
81484
81236
81221
81215
81186
81169
81024
81017
81007
80982
80896
80887
80859
80797
80760
80709
80705
80665
80560
80557
80450
80425
80368
80287
80166
80107
80088
80073
80028
80012
79731
79668
79583
79556
79540
79434
79212
79157
79118
79037
78952
78951
78941
78912
78882
78820
78751
78735
78710
78704
78647
78402
78353
78261
78249
78194
78150
77993
77954
77876
77875
77859
77761
77741
77717
77703
77591
77558
77549
77529
77471
77464
77463
77331
77320
77285
77184
77179
77175
77149
77082
77050
77029
76973
76780
76778
76770
76762
76709
76654
76558
76554
76532
76375
76169
76168
76113
76110
76093
76091
75976
75827
75814
75739
75725
75685
75646
75636
75601
75544
75438
75399
75394
75201
75193
75144
75136
74921
74918
74843
74780
74776
74738
74673
74652
74612
74605
74540
74493
74451
74442
74431
74414
74387
74337
74263
74251
74239
74223
74211
74150
74147
74129
74120
74112
74084
74083
74063
74020
73940
73876
73873
73856
73855
73779
73583
73558
73548
73491
73483
73460
73454
73337
73280
73233
73050
73007
72980
72870
72854
72713
72601
72432
72431
72406
72380
72375
72373
72330
72319
72275
72262
72194
72074
72059
72056
72043
71742
71711
71659
71651
71586
71543
71499
71403
71384
71351
71309
71261
71258
71200
71164
71113
71093
71073
70984
70973
70958
70957
70941
70914
70894
70833
70800
70741
70717
70604
70590
70567
70563
70551
70507
70507
70503
70455
70442
70412
70349
70294
70233
70226
70199
70156
70119
70113
70012
70006
69979
69770
69692
69674
69670
69629
69567
69531
69460
69451
69439
69370
69364
69284
69246
69214
69147
69046
68913
68863
68839
68786
68767
68709
68702
68637
68553
68451
68421
68394
68276
68221
68221
68215
68203
67993
67990
67819
67727
67614
67590
67553
67456
67434
67423
67422
67321
67281
67270
67236
67234
67213
67187
67110
67103
67003
66989
66932
66904
66865
66819
66797
66768
66744
66733
66677
66670
66643
66512
66472
66452
66451
66431
66399
66270
66245
66095
66095
66025
65907
65892
65854
65853
65737
65709
65707
65626
65606
65548
65531
65381
65331
65319
65267
65201
65199
65188
65045
65015
64990
64968
64841
64830
64764
64751
64671
64649
64486
64481
64443
64416
64250
64195
64154
64111
63977
63968
63919
63918
63772
63745
63742
63684
63649
63609
63608
63554
63438
63433
63419
63162
63149
63107
63092
62952
62952
62901
62870
62786
62736
62580
62528
62459
62440
62407
62399
62335
62198
62195
62180
62030
62025
61983
61958
61866
61843
61821
61747
61721
61675
61653
61648
61593
61590
61589
61564
61549
61544
61528
61440
61391
61176
61149
61133
61081
61040
61030
61030
60983
60895
60872
60860
60848
60815
60742
60685
60664
60646
60544
60457
60452
60374
60182
60094
60091
60084
60032
59994
59926
59921
59881
59874
59851
59826
59824
59819
59677
59581
59563
59553
59520
59518
59475
59454
59415
59329
59311
59302
59283
59269
59221
59188
59094
59048
59033
59022
59021
58982
58835
58808
58801
58739
58720
58697
58686
58616
58517
58450
58330
58220
58190
58167
58143
58037
57956
57894
57852
57825
57798
57795
57780
57756
57658
57627
57557
57530
57524
57514
57378
57334
57326
57252
57237
57228
57218
57188
57144
57135
57131
57096
57074
57034
57030
57011
57000
56977
56899
56898
56887
56857
56790
56672
56660
56607
56592
56568
56552
56472
56451
56405
56404
56210
56195
56180
56159
56058
56008
55919
55831
55818
55746
55718
55689
55596
55582
55454
55449
55370
55315
55232
55226
55147
55132
55014
54919
54918
54887
54886
54848
54832
54793
54791
54647
54638
54576
54504
54470
54458
54441
54392
54387
54326
54324
54319
54296
54279
54198
54172
54161
54136
54110
54101
54083
54062
54036
54010
53950
53756
53693
53687
53675
53582
53541
53358
53308
53280
53127
53078
53029
53029
53014
52979
52894
52822
52785
52761
52736
52605
52462
52456
52433
52321
52196
52191
52167
52155
52078
52055
52040
51964
51907
51850
51715
51641
51611
51597
51536
51483
51452
51444
51230
51202
51147
51118
51072
51055
50969
50965
50814
50806
50733
50714
50629
50596
50505
50400
50357
50317
50193
50143
50098
50087
50075
50057
50036
50003
49972
49939
49914
49838
49770
49764
49760
49751
49733
49718
49698
49623
49609
49602
49599
49575
49552
49372
49132
49131
49120
49082
49059
49044
49040
48996
48976
48969
48765
48764
48659
48622
48559
48557
48501
48498
48495
48472
48433
48413
48299
48260
48240
48145
48144
48051
48012
47951
47937
47919
47827
47656
47653
47605
47597
47587
47541
47535
47406
47397
47375
47169
47019
46946
46833
46803
46697
46631
46617
46602
46530
46484
46358
46354
46259
46256
46230
46103
45878
45867
45853
45838
45815
45789
45787
45770
45699
45658
45638
45596
45559
45552
45549
45518
45486
45481
45459
45436
45427
45310
45238
45237
45227
45222
45206
45152
45079
45028
45009
44973
44970
44917
44892
44845
44764
44717
44669
44531
44439
44342
44196
44079
44068
44062
44062
44053
44044
43987
43962
43863
43807
43787
43664
43656
43621
43620
43543
43500
43495
43480
43469
43453
43380
43255
43004
42954
42921
42913
42903
42898
42862
42812
42731
42649
42471
42457
42449
42441
42386
42382
42359
42352
42326
42248
42230
42171
42159
42113
42078
42005
41997
41935
41881
41876
41867
41798
41764
41701
41661
41659
41627
41595
41559
41538
41516
41504
41494
41440
41430
41403
41398
41357
41351
41249
41215
41205
41034
41019
40855
40848
40827
40823
40719
40676
40675
40653
40646
40624
40516
40488
40442
40410
40336
40285
40219
40175
40123
39996
39981
39958
39948
39931
39923
39860
39845
39735
39664
39580
39537
39508
39497
39409
39378
39326
39230
39060
39054
39015
39009
38980
38968
38952
38915
38731
38698
38691
38654
38576
38541
38520
38465
38410
38400
38364
38329
38235
38133
38101
38081
38070
38008
37992
37905
37887
37855
37818
37738
37324
37244
37169
37147
36940
36935
36891
36682
36594
36524
36506
36457
36337
36333
36272
36256
36250
36161
36157
36149
36119
36028
36000
35998
35845
35777
35759
35729
35725
35655
35623
35601
35516
35499
35433
35254
35192
35115
35112
35112
35032
34894
34851
34804
34734
34593
34562
34549
34515
34491
34361
34325
34246
34193
34180
34134
34089
34045
34043
34029
33971
33958
33928
33913
33901
33886
33822
33804
33619
33609
33583
33554
33528
33470
33411
33361
33358
33351
33206
33205
33166
33141
33132
33128
33102
33067
33002
32987
32974
32969
32924
32893
32841
32827
32755
32703
32678
32491
32464
32464
32448
32413
32395
32349
32279
32199
32191
32186
32125
32112
32024
32000
31956
31881
31824
31776
31735
31721
31715
31674
31627
31581
31513
31406
31287
31154
31144
31137
30974
30909
30824
30793
30753
30725
30704
30661
30642
30628
30627
30516
30245
30206
30019
30017
29972
29861
29648
29642
29577
29549
29548
29512
29471
29467
29450
29297
29296
29144
28903
28897
28885
28826
28804
28794
28684
28618
28588
28580
28517
28506
28485
28485
28430
28404
28389
28351
28214
28150
28141
28140
28120
28066
28050
27874
27624
27602
27584
27583
27439
27424
27402
27303
27300
27227
27200
27172
27156
27128
27068
27001
26884
26835
26714
26644
26607
26507
26318
26306
26254
26234
26163
26142
25953
25888
25862
25784
25764
25750
25745
25673
25659
25581
25576
25391
25371
25232
25169
25136
25017
25016
24969
24954
24919
24889
24873
24819
24748
24709
24673
24650
24631
24500
24449
24362
24355
24349
24217
24203
24195
24185
24083
24082
23969
23902
23841
23814
23810
23803
23796
23788
23773
23743
23737
23736
23643
23627
23607
23602
23577
23496
23425
23389
23388
23383
23256
23148
23056
23051
22976
22955
22899
22821
22792
22696
22659
22604
22601
22551
22476
22428
22399
22308
22208
22172
22155
22126
21854
21850
21800
21764
21748
21705
21619
21502
21447
21408
21391
21371
21318
21294
21286
21283
21188
21186
21125
21123
21117
21107
21080
21007
20927
20859
20794
20783
20707
20545
20522
20513
20494
20395
20341
20321
20312
20228
20224
20220
20136
20116
20070
20034
20008
19943
19801
19663
19647
19606
19586
19530
19468
19447
19376
19372
19309
19243
19227
19222
19203
19194
19186
19163
19162
19132
19125
19120
19095
19046
19008
18975
18930
18839
18669
18653
18632
18622
18574
18562
18540
18529
18517
18441
18418
18404
18239
18193
18141
18139
18128
18112
18108
18089
18012
17992
17945
17916
17872
17794
17790
17763
17700
17694
17658
17595
17582
17546
17535
17480
17475
17465
17457
17443
17420
17418
17402
17352
17304
17194
17181
17117
17095
17066
17051
17050
16975
16948
16916
16896
16863
16765
16711
16619
16577
16493
16451
16446
16407
16395
16364
16175
16131
16074
16042
15931
15868
15835
15791
15740
15646
15617
15617
15522
15481
15477
15470
15462
15362
15313
15218
15116
15072
14893
14812
14750
14710
14701
14695
14672
14647
14466
14389
14343
14335
14335
14295
14187
14182
14097
14078
13977
13917
13857
13768
13753
13730
13680
13655
13646
13612
13599
13582
13554
13476
13463
13445
13419
13351
13245
13196
13194
13188
13163
13150
13150
13102
13095
13071
13043
13020
13015
13009
12925
12867
12660
12638
12593
12446
12434
12357
12299
12102
12083
12046
12040
12016
11919
11688
11644
11611
11572
11469
11441
11440
11388
11105
11066
11041
11027
10918
10807
10754
10727
10713
10693
10682
10657
10654
10453
10406
10402
10349
10254
10190
10183
10155
10154
10152
10075
10016
9976
9917
9912
9902
9900
9750
9669
9560
9540
9525
9312
9298
9158
9124
9073
9005
8983
8973
8934
8766
8749
8618
8526
8458
8429
8407
8348
8301
8298
8292
8172
8166
8163
8120
8098
8033
7915
7907
7904
7886
7774
7753
7689
7638
7584
7540
7521
7492
7472
7338
7211
7165
7143
7075
7070
7018
6998
6972
6942
6871
6801
6758
6713
6671
6591
6465
6426
6421
6333
6316
6306
6259
6247
6202
6157
6131
6113
5998
5890
5762
5662
5630
5521
5487
5430
5265
5259
5134
5076
5059
5046
5022
4985
4955
4926
4832
4804
4788
4777
4730
4714
4642
4398
4394
4374
4118
4049
3976
3967
3962
3817
3810
3809
3778
3658
3632
3581
3462
3451
3377
3341
3241
3239
3228
3205
3154
3117
3080
3055
3005
2988
2954
2943
2941
2787
2766
2705
2701
2602
2563
2548
2529
2488
2444
2162
2018
2014
1898
1860
1827
1776
1462
1379
1303
1297
1294
1293
1272
1241
1198
1177
1173
1068
1044
1030
1024
957
906
897
806
746
708
689
614
519
514
492
404
357
349
259
218
213
212
166
53
