99935
99905
99891
99843
99805
99795
99760
99651
99621
99612
99588
99577
99538
99533
99432
99318
99184
99177
99079
99070
99042
98943
98939
98912
98891
98881
98687
98676
98574
98483
98476
98462
98365
98332
98321
98315
98295
98218
98184
98181
98092
98031
98012
97923
97878
97842
97769
97759
97752
97736
97407
97390
97318
97218
97163
97128
97049
97010
97007
96981
96973
96928
96901
96900
96884
96783
96747
96634
96579
96534
96410
96352
96303
96284
96254
96215
96198
96139
96065
96057
96041
95859
95805
95708
95691
95649
95629
95591
95461
95383
95339
95131
95048
95035
94991
94917
94836
94776
94692
94677
94637
94612
94583
94556
94533
94493
94493
94491
94400
94377
94197
94170
94086
94028
94010
93959
93950
93945
93870
93869
93845
93731
93705
93676
93648
93564
93514
93487
93483
93474
93438
93415
93414
93322
93174
93149
93107
93062
93056
93035
92966
92850
92795
92715
92714
92686
92667
92608
92542
92503
92499
92431
92403
92333
92273
92273
92163
92151
92146
92116
92115
92053
92044
91992
91942
91927
91892
91881
91865
91853
91846
91825
91739
91731
91651
91618
91613
91572
91506
91459
91236
91181
91167
91092
90902
90836
90814
90767
90760
90739
90712
90680
90579
90504
90503
90502
90469
90388
90355
90337
90321
90215
90210
90194
90166
90147
90105
90083
90063
90047
90016
89944
89935
89930
89922
89904
89787
89763
89742
89687
89621
89495
89444
89374
89259
89257
89217
89204
89038
89021
89015
89009
89004
88993
88950
88739
88726
88714
88686
88676
88661
88659
88536
88473
88287
88269
88210
88116
88022
87961
87922
87877
87803
87769
87746
87746
87741
87695
87668
87568
87546
87475
87356
87343
87325
87306
87269
87175
87158
87141
87063
87035
86994
86982
86970
86807
86690
86655
86533
86484
86464
86449
86438
86421
86380
86315
86302
86270
86244
86197
86166
86160
86159
86147
86146
86090
86052
86031
85952
85900
85886
85808
85784
85754
85742
85706
85692
85678
85607
85597
85579
85444
85410
85390
85374
85282
85267
85078
85048
85040
85039
85030
85027
84976
84976
84966
84894
84808
84772
84682
84637
84624
84584
84567
84511
84433
84393
84378
84322
84285
84252
84225
84171
84162
84128
84047
84016
83959
83882
83879
83800
83754
83750
83727
83687
83678
83648
83605
83583
83556
83551
83498
83489
83449
83432
83415
83262
83079
82984
82931
82923
82890
82832
82776
82729
82662
82589
82559
82467
82389
82370
82325
82244
82187
82144
82079
82054
82019
82014
81703
81607
81515
81485
81426
81423
81422
81385
81349
81255
81253
81250
81177
81162
81111
80975
80940
80924
80922
80920
80824
80804
80692
80641
80553
80532
80487
80461
80391
80359
80355
80350
80323
80285
80276
80260
80253
80153
80138
80093
79942
79876
79808
79760
79757
79576
79557
79474
79260
79230
79192
79173
79151
79144
79132
79126
79067
79019
78949
78895
78843
78780
78766
78765
78704
78692
78624
78609
78597
78505
78480
78403
78381
78313
78187
78102
78094
78023
78020
78018
77982
77912
77862
77829
77616
77605
77577
77485
77420
77174
77044
76986
76973
76951
76947
76939
76854
76853
76810
76792
76761
76744
76719
76711
76658
76657
76639
76637
76616
76563
76534
76475
76452
76432
76384
76375
76284
76270
76169
76104
76024
75808
75770
75678
75590
75459
75453
75429
75414
75374
75308
75190
75097
74986
74964
74944
74910
74892
74843
74841
74729
74662
74633
74585
74571
74484
74471
74430
74420
74156
74129
74123
74118
74061
73898
73832
73816
73814
73809
73756
73726
73688
73647
73637
73621
73573
73550
73413
73338
73333
73241
73173
73100
73094
73045
72945
72875
72851
72844
72798
72757
72682
72642
72620
72617
72598
72550
72490
72427
72402
72278
72190
72153
72150
72099
72076
71990
71854
71852
71842
71827
71772
71756
71725
71722
71682
71607
71575
71555
71478
71464
71391
71384
71377
71363
71273
71272
71220
71194
71061
71049
70844
70836
70832
70818
70773
70676
70663
70613
70554
70522
70522
70521
70327
70218
70209
70178
70172
70063
69983
69905
69864
69853
69834
69795
69791
69721
69698
69666
69338
69271
69243
69163
69158
69063
69004
68965
68942
68904
68850
68835
68808
68754
68653
68555
68548
68523
68444
68440
68410
68345
68299
68274
68165
68124
68054
68047
68010
67971
67907
67885
67845
67811
67771
67761
67742
67663
67538
67536
67513
67479
67476
67389
67365
67253
67231
67224
67210
67109
67097
67081
67068
67038
66970
66965
66922
66888
66827
66825
66788
66518
66502
66494
66320
66308
66183
66045
66029
65985
65938
65929
65874
65867
65856
65751
65709
65703
65689
65621
65574
65498
65327
65257
65232
65079
65050
65034
65017
65001
64881
64816
64746
64733
64697
64651
64626
64558
64542
64483
64407
64403
64174
64123
63988
63969
63782
63757
63346
63316
63168
63150
63131
63076
63076
63056
63047
63010
62914
62807
62785
62734
62676
62666
62581
62495
62437
62425
62400
62395
62370
62309
62293
62276
62198
62172
62131
62107
62091
62085
62023
61953
61916
61894
61894
61881
61843
61810
61765
61762
61720
61718
61690
61619
61617
61574
61571
61561
61555
61555
61522
61504
61484
61480
61472
61443
61435
61384
61276
61198
61167
61121
61056
60916
60871
60867
60863
60829
60758
60680
60640
60634
60402
60398
60285
60220
60213
60015
60007
59990
59938
59938
59910
59850
59789
59774
59761
59739
59689
59653
59649
59571
59418
59389
59361
59351
59345
59327
59317
59289
59058
59007
58946
58930
58773
58763
58691
58676
58570
58517
58489
58485
58400
58400
58328
58261
58232
58196
58147
58118
58095
58088
58082
58054
58012
57989
57775
57747
57737
57737
57706
57695
57627
57563
57532
57484
57482
57447
57420
57107
57084
57068
56989
56980
56969
56969
56930
56861
56838
56815
56721
56672
56656
56554
56542
56494
56485
56470
56462
56451
56408
56364
56286
56184
55921
55796
55761
55748
55653
55597
55545
55539
55538
55509
55463
55422
55328
55290
55269
55249
55164
55045
54904
54770
54714
54703
54699
54671
54656
54634
54600
54479
54344
54151
54126
54105
54014
54004
53990
53953
53804
53757
53740
53718
53709
53691
53680
53666
53618
53616
53594
53586
53585
53565
53550
53497
53468
53425
53377
53374
53291
53229
53215
53123
53107
53102
53062
53037
53032
53026
52967
52914
52862
52825
52688
52677
52672
52628
52599
52474
52342
52341
52228
52134
52061
52037
51995
51993
51815
51807
51797
51762
51733
51726
51689
51672
51663
51657
51629
51625
51447
51418
51391
51344
51243
51216
51115
51094
51037
51009
50974
50921
50843
50731
50697
50697
50666
50631
50617
50581
50538
50519
50353
50341
50302
50250
50203
50158
50083
49887
49828
49822
49788
49782
49761
49701
49648
49628
49611
49611
49559
49382
49356
49336
49233
49202
49177
49158
49111
49088
49022
49019
48986
48910
48835
48692
48602
48561
48393
48353
48295
48246
48239
48218
48127
48117
48045
47905
47872
47834
47750
47748
47715
47696
47610
47589
47566
47541
47516
47493
47412
47361
47322
47252
47201
47198
47083
46991
46889
46866
46861
46815
46675
46666
46648
46605
46559
46525
46519
46480
46473
46404
46362
46333
46305
46199
46090
46067
45931
45912
45894
45872
45865
45777
45761
45684
45646
45591
45567
45479
45453
45443
45425
45393
45382
45303
45227
45098
45032
45009
44953
44881
44801
44798
44688
44679
44675
44653
44648
44575
44565
44564
44548
44347
44315
44309
44266
44174
44123
44107
43947
43833
43805
43793
43707
43701
43679
43659
43650
43631
43602
43548
43548
43437
43429
43339
43324
43275
43242
43211
43201
43024
42973
42893
42886
42885
42844
42796
42762
42697
42693
42627
42608
42592
42542
42516
42492
42439
42369
42279
42240
42149
42027
41979
41944
41880
41849
41823
41723
41713
41358
41306
41294
41293
41235
41123
41087
41071
41055
41054
41017
40994
40962
40941
40937
40930
40849
40829
40754
40670
40659
40612
40546
40489
40448
40360
40306
40271
40194
40189
40174
40173
40160
40141
40123
40064
40005
39956
39932
39929
39876
39840
39837
39812
39758
39668
39661
39118
39108
39062
39021
38987
38973
38920
38788
38723
38714
38601
38566
38557
38513
38478
38208
38149
38083
38037
38030
37843
37754
37737
37699
37664
37653
37593
37589
37527
37256
37220
37181
37074
36997
36970
36913
36890
36849
36847
36814
36780
36752
36688
36575
36517
36485
36459
36367
36278
36270
36263
36134
36130
36009
35961
35959
35778
35743
35490
35377
35244
35203
35187
35171
35112
34726
34710
34692
34652
34605
34514
34487
34445
34380
34321
34281
34174
34171
34083
34065
33993
33897
33857
33787
33775
33773
33751
33614
33515
33402
33361
33346
33318
33310
33212
33190
33133
33072
33023
32968
32877
32867
32843
32738
32557
32536
32420
32387
32381
32330
32329
32320
32288
32267
32239
32079
32039
32018
31956
31926
31917
31847
31745
31736
31684
31627
31538
31429
31409
31398
31370
31222
31221
31163
31152
31082
31065
31042
31015
30981
30905
30885
30807
30803
30748
30739
30699
30654
30638
30547
30315
30290
30272
30230
30138
30043
29999
29985
29812
29668
29617
29492
29488
29464
29357
29288
29260
29149
29087
28910
28897
28853
28833
28728
28637
28629
28566
28545
28451
28349
28338
28325
28271
28229
28216
28184
28179
28125
28098
27955
27950
27863
27862
27838
27753
27719
27543
27495
27320
27241
27192
27111
26918
26878
26866
26839
26831
26809
26792
26781
26753
26715
26715
26546
26385
26349
26346
26280
26263
26249
26230
26189
26177
26051
26030
26016
25998
25983
25981
25937
25926
25878
25800
25792
25710
25700
25689
25477
25443
25386
25274
25238
25194
25149
25141
25064
25062
25038
24932
24930
24891
24833
24773
24756
24695
24682
24667
24647
24633
24625
24605
24603
24560
24557
24482
24305
24302
24227
24204
24166
24122
24094
24052
23977
23920
23914
23895
23889
23845
23842
23758
23739
23691
23653
23600
23561
23452
23450
23437
23431
23405
23285
23279
23156
23034
22992
22934
22933
22921
22916
22847
22831
22766
22764
22749
22732
22653
22631
22547
22496
22306
22277
22228
22210
22140
22067
22053
21996
21987
21974
21927
21866
21774
21646
21541
21472
21432
21382
21339
21175
21160
21117
21112
21009
20994
20966
20957
20921
20817
20718
20710
20684
20676
20653
20528
20525
20518
20517
20467
20464
20430
20429
20417
20362
20338
20311
20281
20209
20201
20130
20096
20071
19983
19976
19965
19926
19889
19886
19806
19751
19731
19633
19627
19586
19579
19553
19464
19422
19419
19404
19337
19292
19279
19270
19190
19143
19141
19100
19063
19049
18880
18860
18746
18656
18654
18592
18542
18444
18444
18435
18251
18162
17995
17840
17832
17828
17818
17751
17724
17648
17610
17599
17506
17460
17446
17284
17142
17141
17108
17068
16973
16934
16930
16900
16840
16832
16818
16769
16728
16667
16648
16648
16625
16506
16506
16489
16390
16337
16268
16263
16261
16207
16134
15989
15911
15899
15793
15648
15639
15618
15605
15538
15462
15433
15412
15386
15302
15226
15211
15080
15060
15037
15029
14711
14675
14656
14568
14503
14474
14458
14425
14226
14210
14198
14196
14127
14081
13961
13937
13840
13709
13695
13596
13568
13466
13444
13407
13356
13356
13319
13252
13239
13151
13133
13113
13109
13011
12968
12915
12886
12811
12748
12678
12648
12621
12581
12438
12420
12399
12368
12197
12184
12181
12163
12162
12074
12005
11970
11915
11840
11693
11626
11599
11560
11547
11538
11510
11457
11447
11395
11340
11263
11226
11178
11108
11048
11039
10938
10925
10908
10887
10839
10559
10508
10451
10410
10367
10341
10202
10124
10051
9949
9944
9916
9913
9911
9857
9802
9771
9717
9607
9593
9493
9481
9462
9451
9417
9415
9412
9393
9274
9181
9051
9036
9028
8959
8946
8860
8769
8721
8709
8685
8653
8563
8548
8541
8457
8267
8174
8116
8114
8005
7951
7902
7895
7872
7769
7689
7673
7653
7629
7628
7580
7530
7355
7354
7280
7246
7218
7209
7110
7089
7085
6962
6913
6912
6872
6788
6667
6644
6600
6589
6589
6578
6563
6527
6478
6474
6455
6324
6195
6164
6130
6061
5930
5904
5888
5773
5770
5705
5677
5651
5560
5487
5369
5327
5248
5171
5077
5049
4979
4952
4905
4787
4785
4709
4607
4578
4576
4566
4473
4441
4320
4258
4026
4019
3999
3911
3891
3879
3869
3845
3821
3799
3693
3636
3628
3598
3580
3575
3529
3516
3447
3441
3435
3385
3262
3245
3244
2993
2918
2809
2711
2681
2642
2522
2486
2431
2422
2406
2328
2294
2285
2244
1973
1931
1873
1719
1691
1580
1511
1483
1364
1175
1160
1094
1079
1018
997
967
953
903
863
849
807
719
650
421
407
364
358
302
273
271
270
252
126
113
89
67
66
64
51
44
23
