99895
99602
99588
99570
99542
99364
99237
99164
99154
99133
99126
99023
99003
98991
98970
98970
98919
98878
98804
98799
98723
98720
98690
98664
98277
98256
98186
98169
98086
98010
97986
97912
97907
97869
97862
97858
97841
97776
97768
97701
97555
97554
97495
97457
97417
97397
97364
97342
97318
97273
97118
97048
97034
97022
96977
96956
96940
96925
96859
96843
96831
96808
96670
96471
96395
96349
96220
96099
96058
95919
95851
95837
95717
95673
95521
95508
95406
95405
95371
95028
94949
94913
94904
94805
94751
94747
94686
94634
94614
94498
94489
94469
94423
94395
94229
94225
94190
94157
94128
94066
94042
93891
93875
93874
93856
93772
93723
93660
93636
93625
93623
93443
93441
93404
93302
93293
93293
93235
93230
92883
92865
92826
92748
92725
92713
92594
92550
92490
92482
92446
92382
92341
92170
92111
92108
92072
92052
92040
92023
91986
91950
91723
91457
91446
91424
91375
91363
91311
91265
91259
91241
91152
91151
91131
91061
91052
91021
90992
90914
90897
90893
90708
90648
90540
90503
90436
90362
90339
90312
90273
90272
90218
90155
90141
90131
90127
90117
90100
89902
89884
89879
89780
89734
89719
89642
89527
89405
89325
89232
89215
89119
89067
88941
88935
88893
88828
88778
88661
88636
88627
88460
88376
88181
88144
88118
87978
87974
87936
87900
87880
87843
87831
87824
87714
87651
87560
87553
87545
87436
87358
87336
87329
87250
87216
87205
87195
87185
87173
86971
86761
86757
86647
86597
86514
86510
86460
86403
86395
86359
86354
86339
86337
86332
86313
86293
86292
86246
86196
86186
86069
85965
85930
85850
85789
85770
85767
85761
85710
85705
85699
85584
85507
85485
85460
85214
85211
85204
85195
85154
85152
85111
85060
85029
85015
85004
84894
84880
84872
84859
84757
84736
84725
84705
84694
84680
84667
84655
84642
84560
84547
84532
84508
84506
84496
84400
84398
84398
84254
84247
84238
84187
84175
84085
84051
84032
83867
83716
83713
83636
83606
83523
83515
83499
83468
83428
83427
83343
83303
83297
83239
83203
83181
83170
83121
83092
83087
82901
82845
82822
82801
82787
82756
82702
82692
82604
82558
82547
82514
82496
82451
82399
82394
82229
82198
82193
82191
82124
82099
82067
82010
81967
81868
81815
81647
81597
81504
81501
81406
81263
81239
81220
81205
81199
81170
81166
81143
81124
81112
81073
81060
81046
81021
80938
80789
80778
80714
80682
80651
80453
80442
80409
80324
80316
80316
80275
80272
80231
80205
80087
80057
80031
80027
80026
80021
79904
79851
79840
79810
79743
79724
79688
79617
79601
79588
79571
79559
79540
79540
79501
79391
79364
79260
79061
78983
78862
78835
78791
78717
78694
78665
78655
78585
78525
78502
78465
78409
78365
78292
78281
78266
78253
78227
78168
78145
77950
77914
77908
77895
77894
77884
77820
77662
77660
77633
77623
77583
77417
77383
77367
77313
77175
77030
77004
77000
76922
76887
76872
76858
76808
76771
76691
76650
76587
76570
76523
76503
76499
76449
76435
76408
76374
76274
76231
76025
75997
75902
75872
75852
75838
75766
75756
75702
75652
75488
75473
75465
75463
75461
75314
75100
75096
75072
75070
75014
74976
74935
74930
74910
74905
74849
74739
74711
74550
74546
74520
74519
74457
74449
74440
74398
74369
74332
74316
74303
74272
74263
74197
74185
74060
74017
73921
73895
73874
73817
73701
73697
73673
73651
73611
73592
73558
73545
73522
73489
73424
73404
73375
73342
73339
73299
73228
73205
73175
73070
73058
72890
72857
72826
72820
72712
72567
72560
72462
72457
72390
72257
72256
72235
72229
72228
72195
72160
72043
71982
71911
71893
71883
71797
71774
71730
71711
71659
71630
71565
71542
71533
71459
71457
71456
71452
71447
71419
71276
71259
71257
71207
71167
71077
71018
71015
70998
70827
70744
70712
70639
70575
70538
70516
70507
70479
70475
70139
70026
69973
69856
69782
69772
69771
69766
69757
69749
69522
69499
69417
69374
69358
69354
69352
69309
69299
69235
69201
69119
69118
68868
68840
68816
68798
68751
68735
68716
68702
68642
68629
68620
68607
68600
68583
68535
68522
68502
68487
68396
68293
68256
68250
68247
68213
68202
68109
68098
68042
68039
68018
68014
67994
67931
67864
67818
67723
67630
67619
67619
67616
67600
67551
67508
67498
67492
67446
67391
67386
67354
67347
67319
67179
67147
67143
67099
67090
67087
66994
66982
66972
66931
66866
66850
66801
66753
66687
66660
66581
66558
66416
66407
66375
66337
66255
66246
66214
66177
66177
66131
66121
66063
66062
66050
66044
66023
66002
65942
65926
65917
65838
65819
65805
65801
65684
65648
65634
65621
65608
65607
65600
65572
65537
65487
65475
65473
65398
65353
65291
65188
65113
65027
64984
64934
64921
64803
64766
64751
64744
64721
64715
64699
64691
64668
64629
64615
64470
64360
64257
64227
64225
64048
63898
63875
63858
63741
63699
63616
63585
63555
63527
63420
63370
63293
63254
63235
63231
63224
63222
63173
63157
63122
63093
63054
63027
62979
62949
62810
62669
62652
62651
62647
62590
62563
62489
62479
62419
62382
62338
62308
62170
62162
62149
62054
61967
61859
61688
61681
61436
61337
61315
61162
61110
61075
61043
60836
60812
60795
60794
60689
60616
60565
60535
60451
60412
60302
60263
60128
59938
59918
59817
59715
59505
59488
59463
59459
59433
59376
59359
59323
59164
59118
59074
59059
59036
58868
58815
58795
58684
58652
58650
58634
58622
58618
58521
58463
58232
58194
58164
58152
58131
58110
58019
57990
57939
57913
57892
57812
57700
57699
57609
57449
57309
57297
57072
57065
57024
57006
56982
56854
56797
56761
56726
56726
56546
56507
56422
56343
56325
56314
56189
56082
56080
56048
56001
55947
55907
55902
55874
55863
55741
55737
55602
55537
55529
55463
55457
55432
55337
55310
55201
55118
54990
54937
54835
54817
54798
54704
54632
54599
54597
54541
54512
54469
54456
54380
54338
54330
54324
54318
54311
54244
54204
54075
54005
53919
53907
53818
53817
53802
53728
53665
53640
53613
53611
53586
53534
53445
53331
53313
53264
53173
53165
53109
53082
52969
52959
52910
52789
52766
52729
52689
52640
52594
52576
52494
52492
52365
52300
52295
52261
52217
52180
52139
52033
52003
51936
51935
51891
51883
51849
51797
51769
51744
51731
51681
51642
51601
51559
51451
51352
51275
51260
51224
51135
51119
51062
51037
50863
50790
50673
50670
50632
50623
50456
50407
50399
50373
50341
50328
50301
50269
50223
50208
50192
50101
50070
50004
49927
49893
49829
49753
49674
49551
49529
49521
49509
49339
49324
49290
49276
49254
49220
49184
48877
48875
48866
48854
48853
48813
48805
48710
48687
48628
48623
48611
48605
48564
48506
48491
48450
48441
48411
48411
48371
48295
48279
48271
48240
48237
48172
48169
48143
47970
47899
47890
47789
47786
47698
47612
47600
47581
47532
47506
47498
47421
47241
47142
47099
47094
46930
46789
46735
46549
46477
46447
46422
46339
46334
46155
46034
45966
45901
45844
45841
45840
45805
45803
45741
45650
45594
45527
45513
45457
45421
45338
45279
45215
45209
45111
45016
44999
44915
44899
44881
44881
44736
44733
44716
44637
44521
44448
44412
44253
44244
44119
44086
44055
43956
43930
43921
43913
43899
43801
43794
43692
43684
43596
43549
43458
43430
43424
43381
43375
43333
43229
43209
43058
43052
43002
42992
42847
42838
42810
42788
42783
42772
42732
42694
42683
42657
42571
42549
42504
42479
42430
42349
42306
42246
42220
42064
42026
41947
41859
41824
41811
41746
41621
41607
41562
41472
41379
41213
41177
40995
40984
40959
40934
40920
40910
40902
40847
40773
40769
40696
40553
40501
40470
40434
40250
40236
40129
40050
39994
39956
39853
39739
39723
39722
39690
39659
39614
39553
39452
39427
39410
39385
39254
39242
39066
39045
39022
38983
38952
38904
38889
38817
38789
38766
38734
38629
38563
38399
38355
38343
38289
38194
38161
38063
37910
37821
37793
37772
37770
37489
37478
37433
37254
37225
36989
36972
36953
36867
36808
36768
36749
36664
36638
36627
36619
36559
36461
36408
36340
36319
36282
36262
36241
36217
36116
36072
36061
36027
35883
35843
35812
35793
35772
35728
35720
35677
35533
35446
35429
35396
35257
35237
35033
35010
34767
34711
34682
34630
34618
34596
34531
34505
34463
34433
34387
34363
34341
34276
34246
34152
34087
34075
34046
33997
33723
33706
33700
33693
33684
33649
33630
33589
33444
33349
33262
33249
33185
33181
33177
33136
33132
33125
33108
33093
33080
32993
32991
32833
32810
32768
32706
32687
32662
32620
32537
32515
32513
32476
32433
32300
32248
32218
32192
32139
32083
32020
32004
31992
31991
31974
31924
31921
31863
31825
31792
31674
31668
31629
31622
31595
31585
31572
31496
31434
31407
31362
31243
31211
31119
31118
31094
31076
31007
30963
30913
30886
30833
30807
30800
30681
30600
30589
30432
30305
30289
30258
30228
30193
30137
30085
29989
29941
29902
29855
29775
29597
29532
29516
29498
29495
29473
29455
29449
29447
29418
29363
29361
29345
29322
29261
29228
29216
29157
29068
28994
28892
28830
28768
28763
28636
28632
28611
28577
28541
28536
28441
28401
28397
28385
28352
28245
28239
28213
28170
28087
28015
27943
27891
27832
27819
27812
27787
27720
27687
27567
27480
27464
27188
27146
27142
27141
27100
26887
26769
26708
26688
26580
26546
26501
26485
26435
26377
26352
26279
26267
26228
26201
26182
26160
26157
26134
26130
26082
25976
25974
25973
25972
25878
25866
25728
25638
25566
25449
25445
25436
25424
25418
25371
25349
25273
25248
25237
25209
25200
25136
25123
25110
24992
24991
24915
24905
24885
24861
24751
24688
24647
24572
24552
24491
24469
24450
24414
24407
24380
24311
24281
24234
24224
24221
24049
23922
23908
23863
23832
23829
23794
23761
23719
23705
23675
23635
23550
23418
23403
23366
23243
23239
23220
23143
23025
22990
22903
22850
22779
22770
22745
22732
22685
22680
22654
22543
22500
22450
22448
22434
22431
22425
22420
22414
22399
22384
22289
22287
22242
22227
22174
22173
22130
22126
22063
22048
22027
21937
21901
21874
21611
21556
21509
21421
21405
21400
21385
21375
21248
21212
21166
21107
20961
20908
20867
20864
20813
20810
20808
20795
20762
20711
20651
20617
20464
20461
20437
20415
20375
20369
20366
20287
20280
20237
20225
20172
20057
19992
19938
19880
19864
19696
19644
19612
19494
19238
19225
19201
19154
19032
18962
18959
18927
18870
18862
18859
18802
18717
18685
18684
18625
18582
18508
18459
18407
18391
18329
18233
18195
18194
18111
17938
17901
17897
17678
17627
17569
17542
17501
17477
17366
17309
17240
17239
17142
17108
17098
17087
17014
16911
16728
16720
16649
16642
16627
16621
16552
16543
16445
16424
16394
16360
16301
16258
16248
16115
15996
15949
15838
15779
15267
15152
15116
15110
15063
15008
14952
14928
14902
14792
14763
14699
14633
14625
14508
14507
14500
14482
14447
14385
14376
14314
14221
14193
14178
14161
14094
14009
14006
13940
13870
13826
13803
13797
13767
13679
13668
13466
13458
13374
13299
13290
13201
13103
13066
13057
13046
12943
12893
12861
12795
12778
12738
12727
12685
12600
12501
12437
12378
12367
12332
12193
12099
12093
12067
11971
11943
11915
11885
11875
11807
11645
11626
11592
11555
11479
11456
11367
11354
11281
11262
11221
11182
11180
11151
11114
11009
10959
10838
10815
10800
10688
10681
10638
10519
10518
10478
10411
10220
10209
10156
10145
9964
9952
9931
9875
9871
9866
9856
9823
9724
9718
9718
9670
9544
9537
9457
9380
9294
9257
9187
9149
9138
9130
9042
9019
9007
8882
8861
8850
8780
8753
8743
8740
8696
8690
8590
8549
8484
8480
8457
8292
8267
8265
8204
8128
7986
7967
7935
7933
7823
7809
7788
7749
7739
7711
7702
7673
7635
7585
7504
7410
7342
7299
7297
7276
7158
7143
7109
7065
7059
7002
6976
6844
6803
6711
6683
6670
6651
6643
6604
6489
6448
6302
6282
6274
6270
6218
6160
6154
6143
6132
6114
6076
6076
6053
5959
5869
5783
5696
5661
5647
5634
5603
5570
5548
5494
5484
5353
5185
5180
5117
5095
5061
5053
5014
4955
4954
4950
4926
4909
4833
4808
4789
4769
4663
4617
4581
4543
4434
4381
4259
4237
4224
4192
4187
4172
4073
4045
4010
3993
3983
3961
3931
3869
3725
3686
3673
3669
3669
3625
3488
3428
3419
3399
3377
3360
3358
3319
3313
3312
3244
3132
3111
2831
2820
2767
2688
2669
2666
2654
2481
2426
2299
2217
2210
2206
2187
2128
2051
1823
1775
1771
1726
1649
1630
1630
1602
1573
1531
1520
1482
1426
1396
1378
1343
1135
1031
1015
860
780
743
730
712
653
601
583
580
490
352
325
210
204
193
162
63
47
