99985
99889
99803
99793
99785
99768
99766
99705
99669
99626
99610
99599
99584
99576
99488
99429
99418
99391
99367
99345
99313
99312
99303
99201
99155
99110
99049
99005
99002
98998
98972
98888
98858
98817
98808
98730
98654
98571
98523
98512
98491
98338
98325
98294
98273
98266
98241
98225
98197
98150
98087
98081
98074
97984
97966
97729
97721
97705
97651
97562
97494
97461
97450
97399
97303
97284
97205
97149
97050
96973
96973
96967
96888
96859
96817
96659
96654
96599
96591
96584
96575
96503
96481
96378
96277
96232
96231
96224
96143
96108
96103
96069
96064
96004
95979
95978
95966
95950
95813
95791
95775
95702
95652
95515
95471
95462
95460
95374
95322
95256
95217
95215
95168
95079
95003
94965
94950
94862
94782
94782
94726
94576
94451
94445
94333
94184
94093
94068
94058
94028
94000
93925
93916
93691
93685
93642
93632
93597
93458
93435
93329
93293
93216
93214
93094
93093
92990
92961
92866
92846
92834
92803
92749
92726
92716
92703
92586
92566
92548
92464
92451
92407
92366
92245
92169
92050
92011
91952
91883
91879
91850
91847
91819
91788
91684
91682
91613
91442
91363
91332
91304
91292
91216
91165
91117
91047
90951
90938
90823
90819
90815
90811
90782
90746
90717
90604
90541
90520
90472
90436
90421
90368
90337
90313
90308
90162
90135
90079
90072
90044
90031
90010
89938
89800
89785
89596
89492
89488
89423
89361
89343
89244
88839
88802
88720
88700
88688
88665
88663
88654
88644
88559
88555
88486
88459
88424
88387
88261
88255
88204
88170
88159
88145
88135
88114
88101
87964
87931
87924
87910
87881
87859
87803
87716
87541
87510
87436
87408
87324
87303
87258
87241
87239
87217
87192
87016
86977
86946
86917
86803
86800
86777
86742
86662
86647
86529
86292
86232
86187
86164
86149
85978
85935
85861
85854
85794
85748
85732
85577
85495
85387
85131
85057
85003
84996
84995
84977
84975
84952
84916
84881
84876
84679
84608
84560
84500
84482
84428
84423
84338
84308
84239
84230
84202
84144
84094
84051
84022
84015
83983
83964
83956
83897
83892
83883
83790
83758
83754
83688
83586
83564
83384
83379
83241
83231
83195
83183
83155
83087
83081
83039
82882
82853
82584
82494
82376
82365
82276
82244
82243
82216
82214
82176
82151
82116
81984
81976
81937
81915
81854
81850
81786
81733
81716
81683
81665
81654
81635
81607
81507
81416
81415
81338
81306
81288
81232
81157
81099
81075
81014
80989
80932
80740
80705
80679
80461
80390
80386
80380
80331
80319
80278
80257
80206
80108
80076
80053
79910
79901
79876
79809
79754
79731
79730
79683
79599
79557
79525
79437
79353
79178
79170
79151
79103
78911
78908
78882
78868
78861
78860
78855
78843
78761
78706
78653
78651
78640
78610
78554
78525
78453
78407
78383
78374
78341
78312
78307
78271
78174
78113
77863
77854
77849
77749
77667
77662
77555
77554
77547
77535
77522
77520
77452
77437
77391
77380
77368
77365
77345
77341
77340
77335
77308
77298
77254
77241
77216
77117
76982
76947
76886
76862
76828
76706
76506
76377
76343
76297
76287
76275
76270
76245
76186
76146
76136
75975
75868
75864
75846
75784
75769
75756
75752
75684
75589
75580
75576
75516
75502
75480
75458
75446
75316
75239
75165
75114
75097
75083
75080
75060
75015
74991
74985
74909
74893
74885
74749
74747
74743
74731
74724
74715
74674
74667
74581
74558
74390
74140
74077
73969
73933
73923
73911
73877
73707
73683
73671
73627
73519
73479
73425
73412
73383
73376
73194
73194
73157
73087
73049
73041
72987
72875
72793
72676
72675
72539
72538
72409
72339
72333
72322
72286
72285
72168
72162
72023
71991
71987
71945
71940
71795
71793
71781
71690
71681
71649
71554
71508
71506
71435
71390
71357
71328
71307
71173
71096
71047
71037
71006
70931
70774
70771
70620
70607
70572
70556
70441
70415
70390
70344
70310
70309
70212
70162
70151
70142
70142
70049
69960
69909
69836
69794
69737
69572
69559
69457
69451
69373
69367
69291
69249
69180
68989
68987
68976
68951
68892
68842
68814
68588
68570
68520
68463
68296
68264
68262
68245
68220
68136
68026
68001
67907
67651
67601
67549
67492
67436
67386
67233
67227
67193
67060
67056
66933
66685
66632
66494
66432
66338
66301
66194
66150
66145
66090
65941
65925
65904
65895
65877
65861
65850
65789
65774
65748
65731
65665
65642
65582
65579
65530
65430
65386
65381
65364
65361
65323
65314
65076
64952
64804
64735
64733
64714
64619
64497
64408
64405
64323
64276
64268
64264
64200
64165
64086
64033
63877
63825
63775
63769
63723
63648
63614
63611
63610
63600
63590
63525
63491
63424
63378
63266
63217
63205
63150
63129
63111
63110
63089
63057
63033
63024
62999
62961
62919
62682
62676
62559
62417
62305
62231
62205
62179
62167
62154
62150
62080
62030
62028
62019
61997
61940
61825
61821
61804
61792
61593
61564
61494
61325
61288
61166
61068
61044
61019
61003
60946
60923
60866
60863
60854
60851
60841
60764
60654
60577
60562
60464
60412
60364
60319
60316
60147
60090
60071
60038
59996
59981
59865
59813
59810
59752
59697
59635
59633
59557
59465
59429
59289
59287
59159
59064
59038
58934
58907
58872
58834
58749
58713
58702
58632
58618
58594
58594
58584
58568
58540
58536
58511
58486
58422
58421
58333
58274
58122
58089
58045
57984
57982
57931
57907
57897
57807
57787
57769
57706
57685
57675
57671
57653
57647
57622
57455
57446
57405
57364
57309
57217
57175
57132
57078
57076
56883
56878
56843
56837
56833
56814
56814
56661
56632
56614
56547
56522
56518
56494
56476
56463
56433
56427
56397
56245
56203
56201
56201
56118
56115
56035
55935
55910
55760
55748
55724
55657
55582
55525
55387
55301
55291
55290
55286
55064
55052
54879
54762
54753
54744
54661
54639
54604
54545
54523
54468
54429
54400
54324
54318
54228
54127
54122
54100
53942
53861
53841
53822
53776
53755
53686
53636
53623
53565
53561
53528
53441
53393
53348
53329
53224
53190
53188
53179
53141
53132
53108
53050
53048
53032
53010
52870
52850
52807
52773
52716
52714
52686
52658
52623
52590
52589
52391
52352
52208
51965
51930
51811
51773
51713
51647
51633
51629
51622
51581
51570
51521
51495
51197
51138
51106
51096
51089
51068
51004
50953
50829
50828
50753
50674
50642
50638
50616
50480
50449
50419
50398
50373
50371
50337
50322
50285
50259
50243
50230
50189
50188
50187
50125
50097
49890
49848
49697
49684
49620
49619
49607
49593
49568
49529
49510
49450
49435
49329
49317
49268
49209
49206
49175
49163
49163
49150
49023
49017
48943
48913
48708
48702
48691
48683
48649
48636
48615
48561
48500
48482
48457
48422
48395
48287
48158
48101
48051
48031
47981
47951
47896
47838
47831
47799
47778
47763
47672
47591
47581
47577
47471
47416
47361
47257
47208
47180
47099
47091
47019
47002
46838
46829
46735
46683
46584
46564
46454
46447
46385
46368
46343
46330
46137
46083
46055
45931
45720
45693
45597
45531
45497
45487
45442
45427
45355
45230
45206
45203
45181
45146
45145
45127
45119
45091
45017
44974
44899
44856
44803
44754
44657
44572
44554
44525
44518
44316
44185
44174
44161
44122
44111
44094
44067
43990
43901
43837
43717
43658
43650
43399
43352
43317
43312
43164
43129
43079
43077
42916
42774
42733
42557
42543
42530
42434
42401
42388
42316
42245
42204
42186
42186
42184
42043
41961
41918
41916
41874
41797
41792
41784
41749
41745
41734
41725
41604
41567
41544
41523
41522
41464
41396
41385
41359
41290
41245
41237
41120
41032
40914
40910
40845
40823
40467
40337
40313
40250
40173
40148
40077
40074
40049
39958
39949
39904
39875
39820
39799
39746
39572
39556
39550
39485
39296
39292
39273
39241
39199
39134
39100
39054
39049
38920
38886
38840
38788
38633
38527
38449
38428
38414
38350
38243
38218
38198
38174
38169
38143
38139
38111
38047
38014
38007
37960
37957
37956
37915
37906
37735
37665
37587
37476
37476
37454
37322
37243
37240
37234
37219
37210
37165
37158
37018
37010
36989
36971
36914
36821
36764
36748
36747
36567
36362
36312
36282
36282
36279
36220
36136
36134
36134
36128
36090
36016
35976
35946
35858
35842
35776
35767
35713
35707
35660
35657
35622
35567
35532
35447
35421
35336
35280
35212
35186
35129
35087
35063
35062
35057
35043
35039
34879
34831
34791
34771
34760
34707
34608
34586
34554
34472
34453
34389
34380
34349
34337
34336
34330
34179
34174
34161
34003
33985
33984
33937
33920
33912
33902
33856
33825
33800
33787
33787
33734
33667
33615
33589
33485
33463
33302
33168
33145
33086
32996
32967
32941
32920
32831
32739
32722
32704
32636
32629
32552
32515
32401
32249
32217
32098
32060
32039
31974
31955
31830
31792
31741
31717
31626
31605
31535
31435
31402
31231
31191
31187
31146
31128
31123
31097
31073
30924
30825
30791
30770
30726
30686
30685
30668
30618
30618
30612
30556
30549
30512
30506
30489
30486
30476
30451
30381
30374
30348
30345
30308
30275
30178
30039
30011
29973
29904
29842
29751
29718
29706
29689
29518
29497
29218
29201
29178
29168
29070
29057
28994
28969
28922
28742
28741
28679
28578
28557
28439
28394
28358
28338
28310
28292
28263
28244
28178
28120
28101
28093
28039
27992
27991
27888
27821
27790
27735
27732
27589
27332
27296
27288
27263
27146
27137
27118
27081
27024
27007
26978
26836
26834
26833
26771
26738
26704
26677
26632
26628
26618
26507
26506
26497
26440
26417
26394
26317
26291
26286
26253
26163
26101
26074
26071
25985
25904
25866
25835
25812
25805
25740
25733
25666
25628
25568
25549
25533
25531
25524
25484
25445
25437
25399
25307
25277
25222
25196
25176
25134
25110
25015
24886
24877
24792
24761
24731
24715
24693
24632
24629
24596
24596
24489
24364
24307
24183
24133
24126
24037
23982
23960
23802
23757
23671
23653
23651
23628
23486
23398
23359
23288
23253
23230
23201
23182
23175
23125
23041
22895
22870
22857
22836
22809
22787
22787
22732
22451
22433
22399
22392
22391
22330
22283
22261
22246
22154
22121
22108
22046
22037
21920
21919
21894
21702
21677
21487
21223
21207
21140
21030
20965
20935
20927
20881
20835
20833
20751
20736
20736
20719
20615
20524
20501
20489
20421
20225
20196
20140
20130
20128
20099
20043
20007
19872
19803
19800
19745
19735
19663
19605
19580
19574
19565
19475
19462
19422
19414
19406
19370
19339
19252
19249
19197
19166
19109
19013
18946
18882
18843
18737
18712
18683
18671
18566
18498
18494
18474
18343
18235
18089
18064
18026
18006
17976
17975
17874
17873
17864
17832
17742
17726
17699
17643
17625
17613
17552
17521
17512
17419
17411
17342
17293
17239
17226
17163
17159
17115
17092
16999
16968
16877
16819
16804
16742
16684
16580
16451
16414
16388
16322
16243
16236
16168
16159
16150
16113
16110
16063
16060
16016
15990
15985
15927
15684
15635
15496
15495
15477
15463
15443
15431
15425
15398
15372
15355
15299
15249
15244
15196
15167
15077
15070
15049
15042
14965
14954
14924
14879
14878
14842
14820
14705
14649
14639
14612
14579
14510
14448
14444
14423
14413
14370
14359
14346
14263
14252
14166
14155
14018
13984
13976
13956
13843
13804
13724
13691
13690
13682
13643
13586
13569
13505
13465
13437
13437
13425
13302
13299
13248
13228
13162
13146
13140
12963
12870
12797
12743
12721
12691
12538
12427
12415
12390
12383
12306
12266
12232
12185
12179
12134
12113
12036
12033
11974
11969
11932
11914
11900
11832
11798
11779
11706
11535
11518
11329
11327
11264
11259
11220
11186
11134
11073
10930
10917
10859
10743
10547
10474
10444
10398
10289
10241
10069
10022
10000
9989
9983
9867
9855
9839
9795
9652
9644
9638
9581
9544
9475
9465
9464
9334
9303
9234
9147
9110
9097
9095
9086
9013
8985
8950
8944
8941
8906
8884
8870
8851
8746
8729
8645
8619
8608
8601
8593
8586
8579
8576
8350
8313
8265
8170
8142
7976
7862
7827
7798
7732
7667
7618
7614
7604
7537
7515
7511
7440
7394
7392
7246
7232
7032
7018
6976
6904
6821
6756
6747
6620
6495
6420
6386
6335
6322
6271
6229
6216
6197
6073
6057
6044
5985
5909
5904
5673
5667
5662
5547
5481
5402
5380
5363
5297
5141
5084
4979
4957
4877
4796
4748
4726
4694
4651
4491
4488
4476
4470
4394
4293
4238
4227
4189
4056
4047
4039
3955
3862
3852
3810
3767
3742
3710
3670
3555
3426
3229
3157
3018
2964
2962
2944
2849
2800
2768
2766
2763
2690
2530
2521
2503
2490
2484
2383
2341
2308
2303
2299
2257
2247
2082
2034
2020
1923
1715
1701
1620
1610
1592
1568
1543
1534
1523
1501
1492
1478
1372
1326
1253
1231
1216
1193
1134
1134
947
853
729
675
641
631
627
621
581
507
486
334
312
234
176
42
15
