99875
99857
99814
99791
99783
99693
99382
99333
99271
99166
99004
98977
98935
98847
98826
98737
98735
98734
98722
98677
98622
98615
98555
98554
98530
98510
98371
98361
98344
98297
98295
98166
98131
98060
98053
98021
97999
97959
97778
97599
97551
97541
97435
97372
97063
97057
97055
96923
96920
96870
96822
96768
96763
96729
96719
96717
96656
96620
96482
96474
96471
96464
96440
96408
96366
96192
96192
96184
96177
96169
96153
96006
95899
95877
95847
95845
95802
95732
95667
95627
95577
95414
95393
95375
95356
95221
95141
95115
95043
95036
95018
94978
94891
94813
94757
94740
94739
94722
94707
94669
94653
94549
94472
94428
94346
94310
94309
94295
94287
94224
94223
94146
94141
94133
94037
93965
93904
93860
93787
93752
93736
93724
93714
93694
93563
93561
93508
93507
93474
93471
93194
93174
93143
93034
93004
92938
92881
92849
92778
92687
92628
92603
92597
92595
92491
92490
92487
92387
92190
92012
92000
91929
91891
91846
91842
91721
91710
91552
91538
91537
91521
91507
91459
91436
91423
91350
91325
91206
91194
91170
91046
91031
90860
90855
90849
90837
90646
90615
90567
90493
90348
90282
90255
90237
90097
90093
89913
89887
89821
89811
89800
89761
89719
89593
89546
89528
89480
89365
89343
89322
89314
89280
89227
89222
89201
89165
89152
89147
89140
89112
89109
89095
89076
89060
89028
89006
88978
88891
88883
88751
88701
88691
88554
88531
88326
88234
88231
88156
88155
88065
88059
87973
87963
87923
87850
87829
87823
87682
87542
87423
87419
87413
87388
87309
87109
87075
87062
87050
87028
87020
87012
86898
86793
86759
86739
86673
86600
86596
86592
86568
86554
86552
86515
86486
86416
86362
86274
86234
86182
86131
86107
86106
86083
86068
85945
85911
85815
85698
85686
85628
85592
85535
85494
85442
85405
85360
85345
85248
85242
85190
85158
85145
85142
85054
85034
84933
84902
84876
84864
84728
84711
84529
84515
84407
84367
84321
84292
84208
84205
84144
84138
84051
84020
84017
83901
83895
83800
83791
83769
83695
83690
83683
83680
83677
83629
83595
83585
83534
83512
83502
83495
83436
83300
83278
83255
83233
83215
83206
83181
83146
83114
83050
82954
82931
82729
82719
82680
82584
82569
82567
82552
82552
82542
82490
82389
82384
82375
82363
82299
82278
82083
82003
81981
81979
81902
81876
81787
81777
81725
81708
81693
81637
81617
81564
81522
81493
81419
81378
81321
81238
81219
81171
81019
80996
80983
80879
80834
80833
80727
80642
80630
80599
80571
80518
80464
80415
80360
80336
80330
80316
80209
80144
80133
80098
80015
79996
79908
79857
79783
79757
79730
79636
79629
79580
79553
79542
79470
79446
79424
79422
79352
79328
79136
79054
79010
79001
78973
78925
78823
78777
78754
78696
78641
78481
78467
78422
78317
78294
78285
78224
78116
78034
77934
77902
77648
77645
77612
77553
77508
77456
77399
77353
77348
77347
77272
77258
77241
77234
77145
77109
77089
77007
76979
76969
76912
76891
76875
76832
76816
76761
76739
76724
76699
76427
76320
76290
76273
76244
76204
76150
76097
76055
76053
76010
75998
75970
75888
75843
75827
75815
75797
75722
75697
75579
75505
75505
75463
75456
75350
75273
75231
75217
75195
75191
75190
75171
75161
75148
75091
75006
74963
74950
74765
74761
74714
74686
74686
74646
74639
74484
74477
74465
74450
74446
74147
74139
74128
74086
74059
74006
73917
73882
73861
73851
73785
73744
73530
73467
73462
73313
73293
73213
73197
72745
72727
72701
72693
72688
72636
72588
72489
72434
72290
72262
72256
72225
72222
72186
72118
72115
72040
72014
71948
71733
71672
71604
71553
71483
71479
71465
71448
71399
71351
71301
71229
71066
70993
70944
70922
70856
70812
70804
70759
70753
70716
70680
70614
70581
70545
70540
70493
70477
70391
70329
70262
70109
70100
70031
70021
69985
69981
69964
69901
69894
69757
69738
69711
69706
69608
69572
69533
69529
69495
69493
69460
69435
69433
69408
69356
69344
69313
69251
69225
69128
69030
69013
68984
68832
68823
68747
68724
68691
68568
68519
68513
68298
68289
68194
68190
68079
68019
67991
67976
67878
67852
67714
67661
67591
67401
67348
67256
67124
67064
67027
66989
66970
66969
66960
66943
66939
66938
66823
66747
66745
66707
66705
66624
66614
66597
66587
66520
66389
66362
66271
66237
66211
66180
66153
66123
66119
65987
65987
65970
65865
65694
65675
65661
65655
65646
65590
65511
65433
65392
65387
65314
65302
65265
65217
65137
65106
65057
65030
64948
64936
64832
64810
64786
64733
64686
64657
64619
64575
64541
64299
64296
64287
64286
64266
64138
64074
63930
63906
63900
63875
63856
63847
63737
63631
63566
63525
63462
63462
63397
63300
63050
63044
62983
62913
62894
62889
62870
62820
62781
62648
62526
62517
62514
62514
62469
62427
62403
62381
62381
62356
62246
62231
62206
62118
62102
61884
61871
61857
61850
61833
61827
61789
61663
61625
61604
61578
61487
61338
61226
61154
61146
61105
60977
60920
60881
60795
60776
60740
60698
60641
60632
60577
60557
60552
60545
60319
60250
60248
60241
60206
60101
60079
60049
59994
59988
59949
59900
59559
59527
59509
59422
59353
59330
59326
59302
59287
59183
59151
59126
59050
58993
58855
58817
58797
58764
58744
58737
58703
58684
58603
58531
58450
58413
58382
58357
58353
58295
58268
58163
58148
57984
57969
57932
57918
57908
57864
57829
57719
57660
57620
57542
57504
57494
57473
57423
57384
57367
57363
57362
57329
57293
57101
57088
57064
56954
56890
56863
56735
56636
56611
56464
56449
56290
56192
56171
56119
56091
56075
56052
56023
55907
55799
55794
55790
55771
55683
55682
55682
55618
55543
55542
55512
55370
55315
55295
55272
55270
55210
55125
55122
55094
55091
55031
55025
54961
54938
54902
54897
54895
54781
54721
54565
54539
54539
54530
54463
54452
54451
54440
54383
54279
54174
54157
54124
54123
54052
54037
53999
53975
53961
53946
53852
53790
53773
53758
53692
53661
53606
53563
53555
53526
53482
53473
53434
53406
53403
53224
53104
53072
53048
53042
52987
52951
52941
52936
52641
52495
52487
52307
52260
52217
52120
52114
51944
51939
51919
51918
51895
51873
51847
51689
51670
51626
51625
51504
51488
51436
51337
51314
51265
51100
51027
50946
50898
50874
50872
50823
50706
50407
50397
50396
50145
50098
50037
50037
50024
49995
49954
49950
49940
49902
49627
49599
49472
49443
49406
49368
49200
49180
49165
49157
49070
48926
48877
48850
48828
48698
48616
48589
48533
48512
48503
48463
48408
48397
48389
48376
48347
48157
48156
48025
47947
47833
47809
47673
47572
47544
47541
47505
47403
47401
47377
47303
47245
47176
47154
47134
47127
47103
47090
47034
47022
46996
46976
46939
46902
46846
46839
46783
46667
46619
46523
46460
46456
46394
46383
46146
46089
46067
46042
46006
46005
46000
45912
45819
45793
45766
45680
45572
45567
45558
45448
45377
45358
45351
45342
45335
45278
45273
45218
45213
45204
45190
45030
45026
45014
44945
44929
44874
44846
44832
44761
44725
44691
44690
44669
44589
44496
44451
44413
44319
44268
44188
44184
44143
44050
44048
43997
43990
43932
43901
43893
43875
43871
43864
43816
43794
43704
43655
43580
43576
43545
43452
43271
43262
43208
43206
43175
43045
42988
42981
42933
42930
42888
42864
42847
42837
42785
42551
42476
42331
42313
42249
42180
42166
42074
42067
42061
41953
41940
41854
41847
41699
41661
41546
41510
41493
41468
41457
41216
41214
41162
41143
41112
41061
41054
41044
40945
40855
40843
40834
40698
40690
40624
40571
40470
40436
40418
40380
40313
40143
40105
40051
39845
39836
39833
39764
39691
39681
39671
39665
39410
39373
39321
39287
39275
39184
39129
39011
38976
38833
38728
38725
38656
38552
38510
38499
38498
38400
38377
38312
38262
38215
38108
38001
37894
37893
37862
37848
37844
37819
37794
37791
37749
37647
37631
37630
37477
37405
37353
37309
37306
37299
37275
37264
37229
37225
37051
37037
36970
36923
36909
36908
36904
36883
36555
36532
36433
36336
36265
36246
36215
36165
36081
36079
36045
36031
35932
35904
35787
35776
35757
35745
35739
35615
35608
35599
35528
35504
35392
35391
35337
35235
35188
34934
34916
34855
34696
34670
34657
34470
34317
34306
34169
34081
34047
33957
33925
33883
33882
33856
33703
33695
33678
33639
33591
33573
33526
33495
33463
33415
33262
33189
33182
33169
33143
33140
33128
33123
33117
33080
32974
32944
32914
32851
32834
32828
32789
32781
32781
32747
32721
32671
32636
32624
32574
32560
32543
32511
32491
32473
32473
32459
32454
32446
32406
32389
32295
32258
32149
32127
32049
32049
32043
32030
31951
31950
31867
31839
31806
31708
31673
31632
31567
31520
31459
31402
31343
31264
31262
31236
31218
31206
31187
31166
31133
31117
31112
31012
30949
30855
30797
30737
30734
30686
30612
30566
30540
30537
30499
30456
30379
30351
30347
30338
30301
30267
30231
30193
30087
30079
29950
29900
29859
29780
29760
29714
29667
29645
29604
29603
29589
29548
29529
29521
29459
29310
29305
29221
29107
29029
28943
28942
28896
28821
28784
28758
28748
28732
28697
28622
28594
28575
28324
28323
28302
28226
28146
28083
28063
28054
28003
27945
27827
27821
27785
27716
27595
27567
27505
27432
27405
27398
27205
27191
27136
27123
27091
26904
26879
26870
26811
26781
26775
26516
26493
26479
26460
26459
26232
26123
26103
26084
26023
25965
25890
25851
25709
25689
25675
25660
25544
25535
25477
25476
25326
25318
25299
25264
25263
25168
25168
25053
24976
24924
24884
24757
24713
24713
24552
24548
24539
24476
24475
24435
24396
24359
24276
24203
24009
23963
23935
23882
23815
23781
23766
23718
23716
23671
23631
23524
23496
23465
23408
23405
23316
23304
23286
23205
23190
23154
23128
23032
22860
22855
22851
22823
22729
22719
22690
22680
22536
22493
22452
22411
22384
22273
22243
22147
22095
22088
22080
22074
22026
22025
21855
21845
21839
21798
21773
21772
21760
21736
21600
21551
21530
21350
21267
21123
21000
20891
20860
20825
20822
20795
20734
20558
20515
20507
20457
20453
20441
20393
20373
20089
20073
20053
20049
19987
19976
19941
19919
19916
19749
19662
19583
19559
19529
19514
19511
19488
19393
19331
19296
19263
19235
19100
19036
19027
18975
18970
18946
18945
18894
18877
18832
18794
18787
18768
18701
18645
18589
18555
18418
18407
18357
18284
18209
18181
18009
18000
17871
17865
17830
17816
17605
17578
17535
17419
17315
17237
17229
17219
17182
17143
17068
17043
16993
16969
16932
16888
16773
16753
16746
16746
16681
16636
16523
16472
16285
16246
16171
16170
16127
16074
16072
15996
15980
15896
15881
15866
15865
15856
15834
15822
15594
15570
15454
15406
15360
15338
15259
15223
15171
15136
15136
15016
14901
14874
14752
14732
14628
14607
14580
14430
14404
14382
14294
14284
14222
14221
14205
14178
14171
14147
14143
14049
14019
13927
13832
13596
13582
13561
13541
13540
13494
13434
13393
13384
13342
13282
13180
13072
13033
13033
13006
12935
12934
12928
12816
12709
12693
12681
12628
12607
12602
12580
12579
12564
12555
12552
12509
12464
12459
12433
12402
12239
12208
12173
12149
12109
11977
11970
11851
11644
11495
11439
11428
11374
11311
11305
11290
11287
11279
11189
11168
11117
11032
11015
10977
10972
10950
10876
10847
10821
10645
10622
10576
10562
10553
10521
10512
10496
10447
10442
10418
10408
10371
10306
10205
10066
10020
9851
9820
9779
9767
9752
9676
9584
9545
9498
9454
9414
9399
9398
9308
9168
9125
9060
9018
9014
9006
8991
8974
8925
8762
8727
8704
8691
8676
8590
8580
8550
8538
8532
8453
8419
8403
8307
8135
8102
7972
7943
7942
7895
7872
7846
7787
7785
7755
7699
7694
7638
7548
7544
7532
7495
7426
7391
7369
7347
7346
7308
7280
7264
7185
7058
7024
7009
6997
6912
6889
6885
6877
6805
6795
6785
6779
6704
6701
6689
6681
6652
6616
6496
6478
6354
6336
6257
6248
6216
6069
6028
5997
5930
5870
5848
5823
5506
5398
5379
5358
5330
5329
5230
5133
5106
5104
5083
5080
5037
5034
4876
4875
4815
4794
4723
4665
4580
4548
4541
4525
4438
4421
4409
4362
4332
4327
4284
4257
4253
4231
4177
4089
4079
4073
4016
3996
3949
3719
3712
3706
3690
3536
3490
3455
3432
3408
3383
3298
3274
3193
3182
3126
3037
3013
2984
2908
2758
2700
2591
2577
2561
2484
2442
2420
2215
2049
2040
2029
1999
1986
1957
1936
1916
1858
1845
1820
1810
1773
1758
1746
1733
1722
1685
1611
1449
1441
1440
1408
1402
1401
1287
1204
1168
1160
1054
1046
916
798
774
772
764
634
552
533
429
422
342
325
301
286
269
256
87
19
