99916
99906
99872
99843
99740
99712
99583
99535
99504
99444
99369
99318
99315
99276
99249
99224
99134
99116
99023
99022
99006
98999
98907
98888
98828
98818
98810
98800
98742
98671
98642
98631
98624
98619
98573
98466
98387
98382
98376
98328
98311
98264
98256
98132
98037
98018
97946
97929
97914
97886
97886
97828
97825
97813
97758
97604
97567
97543
97534
97521
97449
97430
97390
97348
97320
97317
97282
97269
97239
97156
97045
96927
96908
96904
96893
96859
96780
96523
96501
96487
96381
96372
96320
96272
96190
96149
96127
96117
96077
96020
96017
96002
96002
95988
95967
95912
95795
95694
95602
95551
95544
95403
95363
95273
95247
95161
95017
95000
94985
94974
94904
94871
94703
94690
94676
94675
94674
94573
94534
94481
94463
94453
94246
94238
94182
94145
94053
94000
93907
93906
93862
93756
93728
93707
93702
93681
93673
93666
93663
93630
93601
93525
93477
93453
93419
93390
93256
93221
93168
93156
93131
93121
93119
93084
93067
92893
92878
92860
92816
92808
92782
92770
92737
92609
92568
92528
92479
92467
92392
92380
92362
92349
92331
92283
92276
92240
92089
92051
91947
91889
91842
91809
91802
91673
91637
91635
91618
91603
91600
91589
91580
91553
91545
91496
91403
91327
91322
91315
91214
91197
91162
91127
91108
91060
91020
90908
90693
90679
90426
90344
90344
90330
90246
90234
90230
90198
90193
90088
90088
89978
89976
89973
89970
89968
89868
89856
89840
89835
89779
89758
89738
89709
89589
89535
89438
89406
89329
89249
89226
89215
89149
89111
89075
89027
88967
88819
88745
88658
88613
88589
88587
88578
88564
88553
88504
88471
88468
88399
88389
88226
88162
88002
87866
87857
87844
87795
87795
87783
87771
87496
87453
87452
87414
87126
86972
86957
86914
86887
86859
86857
86842
86775
86693
86669
86596
86577
86560
86548
86532
86495
86459
86453
86237
86229
86223
86184
86166
86102
86010
85902
85789
85755
85694
85688
85673
85636
85631
85492
85396
85373
85275
85272
85229
85140
85136
85053
85004
84936
84902
84845
84845
84570
84528
84503
84367
83998
83953
83934
83889
83828
83761
83745
83585
83562
83553
83493
83440
83245
83228
83011
82999
82957
82876
82833
82806
82707
82591
82540
82501
82498
82466
82460
82437
82382
82225
82168
82147
82115
81976
81971
81928
81893
81875
81853
81765
81751
81748
81706
81489
81488
81359
81324
81319
81254
81207
81169
81072
81032
81014
80974
80932
80922
80790
80715
80679
80653
80573
80550
80461
80451
80437
80355
80321
80251
80233
80155
80093
80064
80038
79958
79928
79847
79795
79784
79728
79726
79723
79697
79686
79617
79598
79560
79548
79526
79474
79449
79333
79226
79225
79216
79167
79130
79120
79009
79007
78961
78954
78874
78832
78822
78753
78531
78514
78513
78510
78478
78384
78321
78286
78077
78025
78025
77996
77991
77978
77937
77901
77899
77874
77829
77818
77795
77791
77777
77754
77752
77716
77701
77694
77565
77475
77441
77423
77422
77249
77147
77123
77115
77092
77042
76957
76933
76827
76814
76809
76689
76689
76684
76677
76659
76640
76614
76554
76533
76491
76397
76370
76312
76293
76271
76236
76226
76214
76094
76082
76063
75998
75928
75876
75865
75842
75772
75766
75760
75717
75663
75621
75575
75372
75264
75252
75222
75213
75190
75189
75158
75144
75137
75118
75079
74869
74792
74773
74541
74488
74272
74263
74212
74142
74010
73993
73931
73922
73869
73846
73815
73779
73752
73726
73695
73648
73645
73515
73446
73407
73398
73359
73341
73305
73273
73259
73259
73247
73069
73046
72998
72959
72899
72832
72825
72762
72744
72646
72646
72503
72374
72361
72291
72159
72149
72147
72142
72140
72136
72130
72050
72032
72031
71963
71921
71846
71845
71805
71781
71768
71707
71599
71437
71426
71308
71255
71127
71122
71046
71005
70972
70969
70911
70890
70851
70819
70818
70776
70714
70708
70516
70499
70475
70423
70358
70303
70293
70283
70178
70173
70153
70150
70095
69935
69913
69875
69778
69768
69747
69719
69702
69701
69686
69664
69644
69590
69499
69469
69429
69320
69259
69217
69196
69168
69060
69010
69010
68882
68842
68749
68716
68683
68624
68506
68467
68465
68441
68422
68416
68081
68018
67955
67798
67734
67705
67609
67496
67487
67447
67442
67336
67315
67281
67278
67173
67170
67158
67102
66837
66827
66782
66661
66653
66635
66481
66424
66371
66342
66311
66176
66129
66123
65990
65794
65703
65682
65556
65523
65519
65515
65504
65456
65395
65318
65283
65177
65114
65077
65055
65019
65001
64963
64958
64950
64879
64808
64709
64508
64408
64398
64389
64387
64375
64172
64159
64147
64115
64080
63997
63961
63841
63815
63783
63725
63614
63607
63574
63540
63534
63397
63375
63263
63160
63128
63107
63055
62983
62946
62944
62912
62904
62740
62735
62641
62575
62544
62517
62493
62455
62417
62358
62324
62293
62238
62171
62157
62120
62102
62059
62024
61999
61974
61945
61838
61787
61738
61737
61725
61721
61587
61536
61340
61339
61307
61302
61264
61169
61167
61128
61071
60863
60791
60775
60712
60578
60552
60512
60338
60324
60093
60065
60063
60008
59934
59916
59829
59794
59770
59768
59717
59665
59638
59616
59604
59559
59534
59442
59396
59313
59280
59265
59206
59153
59114
59000
58996
58804
58762
58737
58640
58638
58620
58572
58547
58527
58416
58401
58310
58287
58259
58170
58160
57939
57834
57687
57485
57476
57453
57402
57398
57378
57368
57336
57321
57316
57267
57143
57081
56946
56825
56798
56655
56639
56630
56513
56504
56457
56415
56386
56349
56342
56328
56299
56275
56262
56255
56183
56164
56123
56118
56093
56039
55893
55881
55877
55873
55677
55637
55453
55366
55358
55316
55254
55249
55236
55230
55220
55194
55165
55160
55053
55046
54983
54878
54851
54840
54756
54694
54692
54578
54568
54561
54552
54522
54408
54401
54362
54258
54201
54192
54111
54108
54106
54075
54016
53958
53939
53923
53914
53898
53835
53701
53697
53638
53511
53456
53385
53239
53215
53147
53022
53009
52964
52922
52844
52824
52763
52698
52690
52462
52456
52445
52393
52375
52324
52306
52287
52272
52256
52234
52105
52087
52056
52024
51988
51954
51894
51781
51780
51658
51602
51586
51574
51509
51503
51380
51304
51213
51212
51090
51043
50996
50922
50869
50862
50816
50812
50801
50785
50774
50696
50656
50560
50546
50510
50484
50398
50246
50158
50143
50092
50063
49989
49957
49936
49921
49898
49868
49713
49638
49627
49602
49571
49541
49526
49516
49394
49381
49322
49296
49237
49168
49111
49023
49008
48944
48940
48917
48881
48855
48796
48706
48668
48607
48497
48400
48340
48273
48261
48202
48163
47959
47929
47885
47857
47677
47640
47625
47617
47546
47512
47497
47458
47378
47375
47334
47285
47259
47171
47147
47105
47094
47004
46892
46890
46880
46802
46674
46671
46652
46382
46379
46370
46233
46149
46119
46117
46046
46000
45942
45931
45854
45817
45814
45781
45706
45690
45676
45641
45595
45585
45446
45361
45344
45342
45300
45296
45187
45147
45111
45110
44927
44927
44873
44827
44748
44744
44612
44569
44565
44497
44434
44381
44266
44217
44200
44190
44142
44043
44020
43984
43953
43892
43826
43820
43697
43694
43650
43609
43596
43473
43426
43425
43420
43406
43383
43374
43305
43298
43287
43252
43214
43161
43092
43089
43045
43023
42923
42817
42737
42711
42603
42591
42528
42432
42428
42384
42383
42372
42360
42319
42317
42304
42296
42279
42254
42209
42098
42038
41956
41889
41845
41820
41617
41552
41452
41450
41428
41411
41336
41329
41255
41202
41105
41068
41035
40935
40728
40632
40431
40387
40360
40355
40283
40275
40270
40221
40190
40189
40181
40149
40130
40090
40004
39769
39749
39695
39695
39690
39679
39675
39667
39667
39526
39401
39360
39325
39323
39212
39211
39168
39099
39062
39057
39011
38934
38890
38813
38808
38706
38698
38698
38681
38623
38530
38473
38460
38435
38422
38385
38367
38221
38126
38112
38091
38005
38004
37971
37870
37841
37816
37812
37760
37755
37734
37732
37722
37617
37609
37570
37553
37535
37390
37387
37381
37371
37342
37307
37287
37182
37167
37033
37000
36892
36881
36860
36830
36731
36725
36697
36620
36606
36576
36573
36480
36459
36450
36431
36405
36319
36276
36185
36101
36078
35950
35916
35913
35907
35902
35827
35816
35734
35680
35667
35662
35564
35543
35490
35475
35278
35179
35163
35112
35053
35027
34962
34922
34921
34911
34904
34820
34817
34810
34783
34705
34688
34611
34598
34581
34524
34524
34453
34424
34417
34408
34398
34305
34096
34074
34021
34012
33965
33868
33738
33643
33447
33402
33371
33342
33277
33259
33251
33200
33147
33102
32936
32901
32737
32711
32707
32584
32491
32488
32477
32465
32447
32403
32397
32381
32332
32229
32143
32139
32096
32060
32038
31989
31858
31701
31619
31613
31555
31452
31255
31247
31235
31213
31212
31119
31094
30965
30934
30901
30900
30805
30692
30678
30627
30538
30350
30260
30136
30066
30013
30003
29987
29852
29781
29666
29638
29624
29568
29539
29432
29333
29283
29204
29184
29173
29163
29161
29141
29089
29002
28998
28864
28833
28829
28820
28816
28794
28781
28775
28758
28757
28730
28720
28634
28627
28567
28560
28542
28503
28467
28461
28440
28362
28277
28270
28237
28230
28229
28207
28198
28188
28144
28094
28034
27975
27894
27783
27770
27747
27722
27611
27601
27574
27479
27383
27297
27282
27238
27051
27020
26950
26947
26877
26843
26796
26757
26643
26593
26469
26440
26275
26211
26201
26165
25974
25967
25934
25931
25906
25818
25708
25706
25682
25676
25666
25664
25656
25557
25426
25416
25318
25306
25204
25140
25116
25084
25056
24989
24964
24959
24949
24925
24914
24902
24874
24838
24792
24755
24740
24684
24681
24630
24626
24603
24585
24566
24560
24550
24538
24528
24524
24492
24480
24463
24458
24403
24371
24314
24264
24232
24102
24020
24002
23983
23816
23792
23764
23721
23702
23694
23689
23662
23637
23534
23506
23428
23372
23338
23335
23326
23313
23292
23253
23213
23044
23021
23017
22950
22924
22856
22844
22810
22745
22734
22677
22646
22643
22545
22498
22402
22401
22392
22329
22319
22194
22150
22129
22059
21831
21807
21795
21735
21649
21572
21555
21528
21479
21468
21392
21357
21304
21249
21206
21204
21184
21068
20879
20838
20826
20810
20731
20707
20706
20700
20540
20533
20461
20415
20375
20367
20304
20288
20262
20234
20231
20220
20191
20186
20185
20148
20079
20062
19780
19656
19518
19504
19455
19442
19358
19287
19197
19160
19054
18993
18936
18834
18734
18690
18614
18517
18513
18505
18421
18416
18283
18262
18214
18190
18165
18156
18123
18120
18083
18082
18037
18024
17945
17944
17819
17818
17778
17753
17634
17602
17496
17491
17423
17348
17343
17286
17172
17150
17044
16935
16920
16784
16670
16591
16530
16443
16403
16403
16362
16253
16241
16233
16220
16215
16112
16052
16038
16030
15831
15798
15782
15772
15756
15700
15698
15616
15551
15543
15483
15424
15284
15165
15104
15047
14892
14878
14754
14731
14697
14591
14562
14456
14443
14390
14387
14230
14172
14131
14067
14022
13871
13857
13821
13693
13692
13654
13508
13450
13419
13379
13376
13351
13246
13160
12981
12970
12969
12895
12877
12840
12818
12776
12751
12679
12586
12572
12467
12406
12319
12301
12279
12215
12170
12091
12016
11909
11864
11847
11829
11799
11732
11726
11669
11656
11584
11550
11550
11525
11473
11465
11436
11433
11350
11294
11287
11086
11013
11006
10915
10886
10873
10841
10779
10775
10731
10717
10657
10619
10576
10432
10389
10303
10192
10119
10071
9983
9922
9891
9844
9723
9512
9424
9391
9297
9235
9208
9170
9064
8925
8900
8863
8834
8763
8676
8608
8482
8379
8359
8357
8220
8199
8095
8079
8056
7972
7958
7905
7903
7807
7768
7751
7748
7728
7717
7655
7570
7423
7318
7282
7196
7192
7103
7069
7031
6971
6941
6917
6828
6755
6751
6739
6626
6599
6565
6518
6423
6422
6360
6242
6089
6013
5991
5967
5967
5899
5776
5766
5741
5683
5629
5594
5526
5403
5393
5344
5330
5285
5182
5091
5050
5047
4962
4855
4845
4779
4732
4703
4691
4649
4646
4623
4601
4578
4563
4534
4296
4282
4280
4254
4252
4245
4235
4203
4085
4069
4052
4046
3990
3828
3690
3680
3656
3648
3586
3541
3500
3352
3305
3270
3233
3228
3146
3122
3081
3024
3012
3008
3005
2982
2907
2893
2834
2784
2758
2725
2700
2677
2607
2579
2503
2472
2459
2339
2278
2222
2134
2043
2030
2021
1959
1949
1941
1912
1845
1812
1808
1670
1557
1544
1542
1521
1490
1435
1300
1290
1146
1109
1084
1073
999
997
883
870
864
799
784
717
589
564
555
532
462
390
330
285
140
135
