99966
99891
99887
99854
99845
99719
99688
99590
99565
99548
99424
99396
99370
99358
99341
99340
99320
99297
99250
99210
99178
99148
99051
99020
98926
98913
98906
98776
98652
98506
98434
98422
98390
98381
98376
98352
98287
98227
98192
98175
98169
98137
98107
98056
98026
97987
97956
97927
97835
97802
97757
97689
97620
97402
97389
97374
97314
97241
97236
97203
97125
97102
96927
96890
96840
96789
96787
96785
96770
96746
96687
96679
96672
96665
96643
96591
96572
96502
96498
96475
96436
96352
96291
96129
96127
96090
95959
95952
95871
95753
95632
95554
95550
95526
95403
95317
95309
95268
95255
95198
95179
95032
94972
94951
94918
94912
94644
94580
94520
94516
94365
94364
94305
94268
94254
94179
94170
94149
94111
93993
93973
93972
93919
93895
93871
93760
93753
93735
93618
93558
93511
93485
93465
93379
93346
93313
93290
93253
93247
93230
93220
93200
93169
93125
93109
93095
93031
92991
92978
92938
92863
92855
92805
92754
92751
92729
92672
92662
92643
92623
92597
92597
92585
92555
92516
92498
92388
92317
92303
92258
92232
92202
92172
92118
92061
92018
92003
91930
91908
91865
91762
91729
91708
91230
91190
91174
91124
90966
90928
90891
90863
90775
90738
90715
90641
90631
90415
90350
90290
90275
90235
90215
90196
90185
90153
90144
90130
90126
90076
90033
90020
90007
89950
89892
89874
89831
89813
89720
89705
89673
89631
89441
89335
89331
89279
89269
89182
89167
89160
89040
88909
88858
88770
88548
88442
88189
88181
88170
88112
88104
88094
88059
87997
87911
87793
87785
87708
87667
87647
87633
87598
87558
87551
87541
87497
87486
87230
87102
87063
86959
86940
86846
86819
86775
86770
86740
86725
86663
86642
86634
86595
86556
86537
86474
86469
86469
86452
86401
86319
86146
86100
85993
85981
85966
85728
85598
85502
85482
85451
85394
85306
85221
85220
85121
85084
85057
85031
85020
85013
85007
84997
84868
84848
84797
84760
84682
84658
84652
84568
84520
84440
84335
84284
84197
84173
84004
83964
83933
83922
83842
83805
83544
83509
83481
83413
83406
83383
83279
83249
83218
83185
83105
83089
83006
82967
82921
82745
82625
82608
82546
82508
82414
82340
82273
82197
81995
81964
81856
81854
81836
81801
81790
81750
81746
81729
81699
81421
81407
81321
81258
81227
81213
81157
81121
81044
80941
80928
80913
80911
80874
80870
80812
80804
80731
80679
80666
80636
80528
80437
80335
80273
80094
80094
80092
80037
80035
79979
79824
79756
79716
79703
79519
79335
79280
79258
79201
79201
79195
79193
79151
79133
79036
78929
78907
78900
78874
78765
78620
78601
78587
78544
78516
78506
78498
78377
78360
78313
78257
78225
78096
78077
78008
77952
77934
77845
77783
77665
77634
77618
77504
77500
77439
77420
77353
77349
77337
77299
77292
77270
77240
77172
77138
77130
77129
77095
77074
77034
77034
76990
76920
76917
76912
76903
76872
76819
76612
76585
76508
76446
76439
76270
76244
76238
76161
76137
76089
76086
76033
76008
76006
75944
75819
75806
75755
75754
75636
75554
75525
75492
75434
75257
75199
75193
75178
75115
75072
75049
74988
74853
74777
74676
74661
74632
74627
74615
74599
74576
74446
74442
74394
74324
74319
74300
74278
74209
74181
74020
73939
73928
73883
73830
73812
73800
73796
73779
73728
73658
73658
73631
73451
73410
73389
73341
73254
73199
73169
73091
72974
72958
72927
72841
72800
72763
72680
72635
72508
72471
72456
72433
72414
72375
72373
72218
72193
72028
71976
71975
71972
71936
71903
71894
71834
71602
71588
71569
71552
71259
71237
71228
71167
71133
71093
71014
70963
70949
70860
70859
70851
70839
70835
70756
70703
70689
70626
70586
70514
70506
70484
70465
70464
70381
70238
70104
70099
69992
69956
69945
69862
69636
69582
69570
69559
69513
69483
69443
69420
69388
69381
69341
69322
69291
69286
69269
69258
69209
69170
69008
68957
68902
68883
68876
68846
68787
68728
68709
68708
68704
68639
68625
68617
68440
68333
68318
68293
68287
68247
68237
68185
68077
68066
68028
68014
68013
68011
67997
67925
67894
67837
67701
67699
67670
67639
67617
67569
67514
67513
67450
67401
67397
67395
67393
67370
67236
67169
67161
66959
66946
66873
66851
66716
66618
66512
66387
66211
66166
66141
66067
66028
65985
65966
65956
65954
65953
65953
65940
65923
65737
65677
65615
65588
65525
65515
65494
65405
65222
65147
65014
64988
64940
64940
64920
64908
64863
64829
64829
64821
64745
64672
64527
64511
64397
64368
64339
64285
64200
64104
64073
64038
64008
63940
63906
63854
63774
63718
63716
63688
63664
63647
63635
63625
63619
63606
63596
63538
63483
63433
63392
63382
63356
63337
63318
63292
63262
63238
63205
63199
63110
62993
62881
62825
62798
62795
62715
62538
62502
62441
62436
62389
62371
62362
62245
62235
62230
62165
62087
61959
61903
61881
61869
61827
61799
61798
61614
61530
61468
61431
61347
61338
61247
61243
61135
61065
61036
60982
60972
60958
60940
60883
60773
60761
60678
60627
60588
60561
60559
60555
60515
60442
60404
60360
60238
60199
60195
60116
59923
59820
59798
59795
59687
59587
59561
59479
59452
59386
59363
59336
59261
59249
59232
59226
59184
59141
59086
59064
59049
58979
58967
58965
58927
58841
58838
58772
58738
58685
58673
58625
58621
58573
58524
58396
58323
58311
58204
58199
58041
57978
57975
57935
57930
57869
57809
57752
57739
57668
57628
57589
57569
57569
57526
57511
57487
57432
57418
57408
57390
57351
57277
57239
57236
57225
57190
57123
56940
56871
56813
56752
56714
56709
56697
56685
56685
56606
56558
56442
56409
56398
56368
56308
56287
56234
56222
56093
56064
56007
55981
55967
55960
55923
55905
55895
55829
55723
55700
55674
55639
55627
55557
55497
55260
55225
55207
55195
55158
55116
55034
55026
55024
54871
54805
54747
54741
54685
54588
54584
54550
54375
54313
54292
54147
53921
53847
53822
53800
53727
53560
53442
53442
53319
53306
53274
53268
53243
53233
53206
53180
53149
53090
53066
53016
52898
52893
52779
52770
52763
52733
52664
52608
52596
52555
52433
52422
52412
52369
52198
52114
52016
51991
51989
51927
51874
51828
51679
51678
51644
51587
51545
51498
51498
51472
51446
51430
51396
51394
51359
51087
50908
50632
50627
50604
50497
50421
50352
50317
50194
50180
50138
50106
50103
50089
49973
49957
49868
49855
49846
49834
49806
49704
49564
49535
49420
49351
49347
49328
49285
49229
49210
49176
49163
49141
49055
49046
49031
48971
48859
48841
48793
48779
48752
48748
48715
48695
48690
48650
48636
48632
48600
48567
48530
48490
48464
48451
48413
48398
48330
48274
48198
48183
48060
47872
47838
47829
47799
47730
47728
47707
47695
47675
47591
47586
47577
47524
47517
47514
47446
47427
47391
47371
47357
47269
47228
47171
47133
47132
47041
46961
46744
46739
46499
46477
46432
46407
46188
46184
46147
46126
46076
46045
46035
45974
45939
45916
45831
45810
45791
45745
45741
45741
45696
45597
45587
45202
45192
45111
45074
45061
44908
44880
44787
44664
44641
44564
44521
44446
44413
44379
44360
44343
44329
44207
44162
44141
44035
43953
43944
43881
43661
43500
43482
43468
43444
43436
43382
43379
43346
43298
43243
43220
43085
43041
42937
42884
42861
42845
42761
42695
42650
42619
42566
42556
42506
42505
42355
42346
42274
42247
42165
42119
42097
42088
42056
41986
41941
41812
41767
41748
41724
41713
41706
41696
41633
41539
41448
41366
41277
41264
41244
41178
41174
40945
40928
40854
40827
40808
40784
40752
40699
40684
40658
40654
40551
40522
40521
40450
40434
40398
40386
40308
40282
40259
40244
40231
40225
40192
40189
40171
40168
40143
40134
40116
40110
40098
39993
39903
39876
39859
39846
39807
39691
39558
39506
39386
39322
39147
39048
39048
39046
39007
39002
38929
38877
38816
38801
38734
38683
38665
38657
38606
38537
38525
38481
38389
38382
38313
38299
38278
38249
38210
38199
38081
38069
38068
38027
37920
37734
37731
37641
37575
37574
37409
37289
37273
37254
37212
37190
37095
37089
37035
37006
36852
36818
36806
36783
36627
36610
36607
36587
36507
36502
36497
36466
36416
36391
36369
36225
36159
36109
36064
35926
35890
35877
35870
35793
35699
35668
35524
35480
35437
35415
35380
35334
35319
35317
35310
35292
35289
35276
35249
35234
35208
35205
35198
35182
35133
35097
35089
35040
35005
34857
34821
34797
34763
34716
34632
34561
34554
34463
34428
34301
34290
34253
34166
34136
34028
34022
33947
33922
33878
33705
33683
33659
33642
33629
33532
33491
33451
33423
33345
33236
33158
33086
33030
33025
33023
33016
32964
32950
32880
32873
32872
32826
32797
32783
32750
32738
32685
32559
32519
32461
32388
32320
32270
32146
32103
32051
32028
31933
31905
31894
31822
31801
31708
31686
31646
31638
31576
31487
31465
31442
31381
31343
31341
31341
31340
31306
31205
31190
31067
31006
30923
30901
30842
30814
30801
30796
30772
30734
30687
30612
30566
30530
30440
30431
30400
30396
30368
30351
30262
30254
30229
30161
30124
30039
29954
29899
29887
29880
29868
29811
29785
29737
29733
29700
29677
29675
29575
29453
29426
29298
29083
29051
29017
28797
28793
28783
28760
28695
28636
28578
28496
28492
28210
28161
28148
28128
28120
28098
28088
28009
27972
27856
27837
27740
27740
27738
27720
27659
27624
27540
27520
27510
27341
27231
27220
27056
27017
27008
26996
26992
26957
26904
26901
26832
26826
26821
26669
26583
26366
26210
26182
26180
26158
26118
26071
26046
26023
26001
25964
25942
25895
25751
25687
25672
25630
25577
25431
25356
25354
25342
25314
25205
25090
25077
25056
25038
24980
24801
24799
24791
24715
24640
24613
24565
24526
24517
24510
24400
24340
24297
24173
24150
24077
24044
24032
24031
24006
23977
23902
23795
23676
23665
23522
23521
23485
23464
23442
23397
23376
23353
23334
23232
23154
23146
23056
23012
22947
22833
22769
22757
22719
22653
22613
22609
22404
22287
22228
22025
21972
21940
21919
21909
21844
21819
21787
21676
21303
21289
21193
21173
21054
21040
20859
20852
20852
20820
20791
20774
20693
20634
20610
20590
20218
20166
20144
20125
20113
19917
19854
19802
19673
19672
19649
19596
19567
19459
19406
19360
19314
19268
19188
19176
19052
18975
18861
18857
18831
18771
18756
18743
18677
18648
18635
18598
18576
18518
18478
18474
18406
18387
18364
18301
18300
18235
18216
18125
18100
17937
17903
17841
17803
17779
17689
17592
17573
17521
17497
17462
17368
17360
17275
17197
17181
17121
17075
17053
17039
17012
16980
16917
16888
16866
16814
16787
16752
16730
16567
16559
16517
16496
16481
16453
16359
16355
16252
16233
16228
16218
16202
16193
16147
16086
16083
16043
16031
15971
15943
15912
15834
15781
15762
15653
15632
15619
15516
15465
15348
15311
15247
15075
15073
14973
14951
14884
14787
14782
14715
14640
14620
14602
14552
14464
14373
14341
14248
14153
14058
13970
13916
13869
13758
13704
13669
13647
13633
13530
13521
13489
13400
13374
13350
13248
13221
13215
13206
13189
13166
13111
13008
12953
12952
12928
12898
12838
12800
12658
12644
12560
12539
12518
12513
12424
12396
12361
12343
12241
12203
12200
12197
12152
12127
12085
11925
11693
11686
11595
11586
11584
11575
11536
11525
11522
11383
11323
11214
11206
11182
11055
11040
10956
10955
10912
10838
10714
10645
10581
10494
10393
10308
10143
10102
10093
10087
10053
10028
10002
9996
9993
9868
9852
9839
9821
9816
9766
9747
9722
9721
9700
9630
9609
9595
9558
9486
9426
9414
9397
9397
9297
9291
9189
9154
9023
8975
8915
8887
8885
8880
8809
8706
8655
8571
8571
8556
8342
8314
8297
8289
8259
8251
8186
8186
8015
7998
7931
7930
7918
7736
7723
7656
7645
7643
7637
7504
7472
7447
7435
7401
7395
7382
7299
7292
7280
7246
7188
7132
7017
6998
6861
6742
6657
6626
6549
6540
6523
6453
6427
6301
6286
6278
6249
6152
6075
6060
5948
5930
5924
5865
5863
5842
5835
5793
5792
5671
5526
5503
5399
5308
5268
5220
5196
5179
5126
5016
4901
4896
4814
4795
4776
4745
4736
4667
4646
4638
4626
4618
4597
4549
4491
4481
4481
4450
4443
4436
4234
4231
4227
4205
4171
4104
4100
4079
4073
4066
4029
4008
3907
3904
3866
3859
3815
3784
3679
3676
3666
3631
3574
3522
3502
3482
3248
3205
3174
3129
3122
3103
2990
2938
2911
2853
2848
2784
2716
2695
2667
2652
2604
2596
2557
2534
2532
2431
2369
2278
2177
2128
2125
2091
2090
2082
2060
1916
1882
1820
1774
1710
1693
1619
1512
1511
1379
1195
1142
1136
1109
1025
954
767
640
566
500
494
489
399
341
320
311
279
116
94
74
30
28
