99927
99798
99784
99759
99734
99712
99632
99569
99428
99363
99271
99236
99166
99084
99067
98995
98876
98872
98833
98826
98813
98761
98744
98738
98730
98730
98693
98616
98609
98553
98542
98533
98471
98441
98440
98385
98352
98331
98319
98305
98299
98212
98172
98126
97983
97886
97804
97794
97725
97659
97607
97600
97570
97546
97429
97405
97344
97334
97192
97120
97099
97086
97074
96816
96814
96792
96775
96721
96630
96621
96617
96609
96432
96391
96374
96191
96144
96144
96126
96123
96012
96010
95942
95913
95885
95850
95672
95584
95514
95388
95343
95341
95258
95107
95068
95049
95045
94807
94804
94786
94725
94713
94687
94650
94596
94513
94481
94439
94438
94433
94405
94385
94299
94297
94230
94228
94195
94164
94151
94121
94113
93885
93770
93761
93698
93658
93644
93612
93531
93400
93380
93352
93305
93260
93191
93165
93131
93126
93115
93087
92919
92870
92857
92729
92721
92671
92611
92593
92484
92404
92310
92275
92274
92253
92039
92025
91977
91913
91788
91770
91731
91617
91525
91286
91255
91241
91173
91143
91136
91131
91039
90992
90935
90780
90744
90642
90612
90555
90476
90385
90121
90116
90076
90067
90051
90031
89923
89857
89839
89795
89720
89697
89616
89553
89483
89419
89390
89366
89322
89110
89084
89006
88939
88891
88857
88845
88842
88832
88741
88740
88650
88630
88623
88620
88516
88476
88408
88372
88359
88299
88264
88241
88212
88183
88182
88177
88175
88172
88138
88128
88112
88075
87975
87931
87918
87897
87788
87782
87761
87720
87580
87578
87577
87561
87461
87380
87334
87321
87286
87157
87151
87060
87046
86828
86801
86769
86684
86591
86547
86543
86514
86468
86464
86430
86371
86274
86233
86128
86112
86070
85995
85994
85958
85850
85823
85821
85816
85768
85726
85706
85701
85693
85678
85630
85598
85530
85494
85473
85438
85434
85424
85395
85354
85294
85285
85238
85172
85135
85118
85117
85040
85013
85005
84954
84906
84872
84790
84747
84696
84649
84647
84623
84537
84533
84509
84501
84488
84469
84452
84446
84385
84263
84125
84045
84031
83966
83951
83950
83947
83941
83926
83916
83892
83891
83876
83782
83754
83747
83743
83720
83594
83569
83479
83377
83358
83345
83327
83208
83204
83181
83176
83157
83029
82961
82908
82895
82716
82711
82667
82599
82483
82460
82420
82343
82336
82272
82232
82230
82195
82179
82141
82129
82116
82093
82041
81964
81932
81903
81861
81857
81825
81799
81733
81648
81601
81583
81531
81515
81439
81421
81392
81317
81244
81220
80975
80815
80804
80783
80777
80766
80733
80726
80725
80673
80630
80590
80588
80574
80568
80476
80458
80439
80415
80403
80394
80296
80295
80207
80170
80153
80087
80079
80061
80040
80016
80008
79981
79968
79921
79902
79861
79792
79754
79695
79637
79535
79516
79496
79494
79455
79449
79429
79417
79393
79372
79347
79336
79324
79295
79267
79164
79144
79093
79086
79072
79012
78954
78879
78837
78787
78783
78718
78680
78605
78563
78460
78368
78350
78302
78288
78272
78264
78259
78185
78139
78070
78056
77991
77979
77941
77934
77913
77874
77749
77695
77652
77554
77317
77291
77224
77170
77083
77044
76884
76844
76819
76753
76660
76649
76647
76567
76565
76501
76386
76350
76349
76249
76156
75919
75908
75852
75823
75755
75755
75733
75730
75714
75713
75668
75577
75555
75477
75419
75405
75353
75263
75126
75081
75070
75033
75018
74966
74847
74785
74782
74633
74588
74389
74156
74088
74074
73987
73983
73971
73966
73930
73885
73875
73872
73845
73790
73723
73707
73691
73677
73657
73628
73620
73609
73540
73528
73508
73502
73145
73103
73036
72931
72916
72914
72798
72793
72784
72727
72680
72654
72604
72602
72569
72539
72459
72306
72303
72179
72147
72138
72043
71916
71905
71831
71816
71734
71672
71631
71608
71606
71575
71545
71483
71473
71459
71371
71357
71349
71236
71153
71133
71091
71070
71051
70985
70823
70790
70725
70718
70701
70693
70651
70621
70543
70500
70442
70412
70386
70363
70325
70322
70235
70199
70068
69935
69922
69893
69868
69765
69750
69737
69692
69580
69441
69427
69278
69255
69217
69101
69034
69011
68860
68841
68833
68813
68788
68710
68690
68675
68640
68554
68468
68362
68361
68285
68231
68048
68018
67929
67854
67829
67825
67777
67766
67739
67716
67682
67673
67661
67643
67600
67542
67432
67426
67411
67399
67355
67348
67313
67246
67241
67195
67161
67120
67066
67050
67038
66985
66962
66905
66819
66798
66754
66742
66739
66710
66650
66646
66606
66582
66560
66472
66403
66285
66234
66110
66081
66056
65981
65946
65858
65723
65706
65685
65667
65614
65612
65568
65474
65472
65445
65435
65395
65326
65314
65284
65219
65216
65200
65160
65146
65145
65100
65025
64974
64962
64938
64866
64781
64708
64698
64683
64672
64549
64539
64533
64490
64462
64408
64402
64380
64349
64198
64183
64153
64072
63898
63870
63796
63743
63591
63522
63497
63428
63298
63241
63196
63130
63094
63068
63029
63016
62915
62832
62749
62746
62684
62674
62642
62450
62325
62279
62220
62198
61864
61859
61671
61671
61649
61637
61586
61502
61465
61416
61390
61271
61268
61258
61159
61061
61012
61006
60986
60904
60797
60774
60730
60672
60628
60591
60472
60449
60364
60337
60302
60298
60279
60275
60248
60229
60153
60137
60124
60123
60097
60095
60066
60033
59978
59929
59805
59646
59631
59598
59590
59540
59539
59492
59382
59357
59306
59278
59272
59090
59069
59063
59010
58952
58915
58901
58877
58825
58802
58787
58641
58565
58527
58460
58440
58362
58349
58288
58284
58243
58169
58138
58107
58052
58025
57973
57970
57955
57829
57802
57768
57763
57749
57690
57681
57646
57430
57346
57344
57297
57280
57261
57231
57007
56920
56902
56891
56862
56840
56833
56820
56590
56532
56451
56401
56401
56400
56366
56352
56320
56263
56183
56078
56077
55963
55856
55855
55735
55729
55716
55689
55650
55643
55628
55564
55528
55496
55462
55427
55394
55351
55327
55325
55307
55241
55100
55091
55048
55014
54961
54912
54859
54835
54828
54819
54797
54604
54552
54545
54541
54517
54480
54432
54340
54323
54198
54098
54032
54027
54021
53965
53949
53901
53713
53685
53644
53634
53592
53566
53425
53423
53092
53080
53060
53037
52953
52926
52861
52769
52696
52671
52662
52659
52649
52637
52498
52408
52383
52378
52293
52197
52149
52052
51980
51962
51876
51867
51705
51675
51639
51630
51544
51538
51496
51489
51444
51442
51436
51364
51276
51161
51055
51014
50986
50868
50848
50698
50578
50556
50533
50478
50438
50355
50259
50253
50204
49907
49895
49832
49815
49743
49704
49661
49637
49632
49624
49559
49529
49484
49450
49442
49430
49416
49414
49274
49178
49156
49056
48959
48947
48716
48677
48608
48604
48577
48562
48521
48484
48478
48473
48433
48314
48291
48284
48280
48228
48161
47964
47945
47937
47934
47852
47809
47803
47767
47763
47761
47705
47618
47512
47429
47317
47287
47271
47269
47223
47218
47176
47137
47095
47066
47041
46982
46892
46862
46842
46807
46705
46701
46628
46617
46491
46469
46454
46413
46366
46262
46223
46187
46185
46082
46066
46039
46032
46007
45959
45839
45797
45610
45459
45393
45390
45262
45246
45238
45236
45184
45014
44922
44821
44788
44778
44707
44692
44638
44637
44619
44556
44443
44406
44371
44340
44207
44155
44082
44082
44015
44006
44002
43967
43824
43790
43747
43718
43691
43670
43550
43510
43299
43234
43182
43157
43150
42981
42908
42897
42850
42799
42760
42760
42738
42689
42599
42591
42555
42539
42505
42487
42482
42384
42364
42335
42300
42293
42288
42282
42247
42229
42110
42074
42030
42023
42015
42003
41987
41961
41924
41832
41801
41765
41481
41407
41365
41356
41334
41232
41228
41224
41198
41154
41151
41135
41130
41012
40850
40837
40771
40717
40709
40687
40649
40610
40524
40515
40465
40429
40417
40357
40236
40196
40118
40058
40013
39977
39918
39908
39897
39878
39859
39697
39578
39553
39547
39508
39494
39455
39410
39393
39337
39251
39227
39199
39175
39149
39083
39076
38999
38976
38956
38935
38716
38674
38618
38592
38581
38499
38368
38329
38211
38151
38120
38106
38088
38079
38071
38046
37911
37901
37888
37689
37685
37680
37666
37624
37610
37556
37456
37363
37359
37275
37181
37140
37039
36936
36907
36885
36819
36773
36684
36634
36634
36622
36615
36553
36514
36508
36467
36389
36365
36329
36232
36138
36089
36060
35944
35937
35922
35919
35840
35803
35802
35708
35687
35667
35605
35581
35569
35319
35164
35118
35115
34937
34858
34790
34753
34634
34629
34485
34446
34408
34376
34189
34176
34167
34147
34049
34043
33977
33962
33956
33943
33924
33854
33832
33800
33783
33778
33751
33583
33515
33341
33237
33115
33004
32990
32972
32939
32917
32914
32890
32888
32874
32866
32825
32825
32765
32726
32663
32644
32641
32587
32546
32541
32519
32494
32390
32354
32206
32162
32065
32047
32044
31915
31892
31804
31767
31655
31654
31515
31460
31391
31381
31248
31215
31173
31133
31116
31077
30912
30847
30838
30759
30750
30717
30715
30688
30647
30475
30432
30246
30221
30218
30113
30110
30104
30086
30084
30058
29953
29923
29910
29861
29846
29801
29713
29626
29602
29591
29491
29462
29459
29404
29371
29340
29325
29288
29246
29236
29191
29144
29061
28979
28963
28962
28915
28910
28857
28856
28713
28693
28500
28399
28382
28267
28226
28119
28055
28049
28008
27949
27941
27878
27785
27780
27770
27736
27693
27650
27616
27569
27539
27495
27481
27267
27202
27143
27118
27087
27036
27027
26989
26893
26887
26862
26794
26663
26548
26525
26512
26426
26402
26366
26355
26355
26305
26287
26244
26203
26101
25992
25979
25969
25941
25902
25674
25642
25641
25608
25588
25533
25517
25428
25373
25189
25166
25065
25048
25047
25018
25004
24977
24820
24773
24724
24714
24657
24642
24611
24592
24508
24463
24317
24304
24258
24236
24233
24215
24209
24189
24090
24085
23901
23889
23867
23863
23862
23703
23686
23672
23650
23639
23443
23353
23277
23199
23145
23080
23054
22967
22954
22953
22892
22805
22734
22578
22571
22507
22437
22435
22399
22326
22322
22256
22230
22100
22071
21936
21908
21875
21866
21839
21833
21827
21773
21667
21601
21572
21567
21555
21506
21482
21472
21386
21337
21215
21139
21135
20991
20979
20961
20813
20724
20690
20667
20657
20587
20584
20575
20575
20415
20404
20364
20335
20216
20162
20150
20077
19906
19897
19850
19838
19806
19592
19591
19555
19553
19536
19485
19422
19405
19338
19332
19298
19282
19156
19154
19150
18931
18929
18885
18845
18808
18728
18680
18569
18566
18514
18507
18502
18436
18371
18303
18298
18252
18047
18046
18012
18006
18002
17972
17957
17939
17922
17828
17803
17772
17768
17711
17704
17700
17652
17633
17603
17377
17340
17299
17266
17252
17189
17160
17051
17047
17014
16962
16939
16936
16933
16905
16888
16754
16746
16743
16569
16557
16519
16486
16435
16432
16423
16271
16231
16203
16143
16055
15992
15878
15862
15827
15800
15630
15608
15579
15568
15564
15504
15457
15381
15379
15265
15195
15168
15123
15099
14976
14952
14891
14806
14802
14664
14570
14556
14515
14464
14460
14459
14442
14439
14064
14062
14032
14009
13997
13975
13825
13825
13809
13801
13660
13642
13385
13376
13353
13316
13277
13237
13107
13083
13082
12958
12952
12936
12921
12914
12903
12872
12836
12714
12628
12599
12271
12257
12168
12112
12092
11993
11992
11974
11959
11931
11925
11804
11775
11647
11589
11528
11511
11502
11497
11295
11132
11095
11061
11038
10915
10876
10845
10759
10653
10640
10521
10508
10492
10482
10462
10435
10394
10363
10351
10243
10227
10142
9992
9909
9781
9713
9636
9629
9627
9575
9536
9514
9489
9470
9419
9372
9339
9259
9235
9113
8918
8905
8766
8726
8693
8682
8574
8569
8481
8447
8424
8375
8327
8287
8261
8177
8071
7916
7908
7807
7679
7623
7512
7473
7442
7440
7415
7390
7388
7207
7207
7105
7041
7007
6978
6966
6898
6872
6805
6728
6721
6641
6602
6589
6584
6584
6455
6323
6217
6210
6150
6092
6066
5863
5748
5730
5715
5416
5365
5355
5350
5343
5283
5247
5233
5227
5199
5011
5008
4959
4916
4812
4671
4657
4615
4562
4553
4472
4433
4314
4231
4214
4195
4195
4114
4054
3943
3842
3751
3652
3552
3539
3495
3491
3461
3452
3384
3319
3219
3216
3208
3173
3159
3106
2958
2955
2933
2706
2687
2650
2609
2572
2466
2440
2345
2309
2263
2184
2046
2032
1998
1945
1915
1870
1868
1759
1700
1661
1639
1530
1478
1466
1455
1402
1390
1360
1338
1294
1260
1180
1138
1111
1063
1045
1019
979
895
878
793
627
556
546
545
515
497
463
250
243
220
128
111
30
