99953
99840
99809
99689
99653
99618
99558
99470
99467
99456
99434
99374
99343
99335
99304
99301
99277
99255
99244
99029
99016
98975
98912
98868
98865
98830
98810
98772
98670
98647
98637
98626
98564
98509
98469
98334
98305
98281
98264
98261
98212
98169
98155
98123
97997
97947
97938
97881
97856
97851
97798
97782
97751
97679
97507
97433
97410
97371
97357
97355
97264
97253
97219
97135
97104
97092
97040
97007
96998
96943
96921
96909
96863
96830
96701
96692
96628
96576
96532
96528
96479
96478
96473
96448
96307
96255
96228
96171
96057
95930
95789
95773
95772
95735
95662
95557
95539
95524
95446
95414
95306
95232
95207
95128
95058
94990
94984
94982
94951
94922
94859
94779
94770
94698
94683
94665
94662
94654
94627
94626
94541
94519
94512
94490
94456
94320
94265
94244
94185
94182
94152
94115
94094
94084
94048
94019
93876
93758
93757
93692
93527
93513
93404
93385
93338
93295
93292
93267
93162
93084
92924
92846
92842
92837
92824
92819
92734
92667
92561
92469
92459
92432
92390
92267
92263
92155
92128
92085
92074
92011
91998
91931
91901
91827
91521
91516
91420
91322
91321
91318
91300
91262
90862
90718
90668
90666
90618
90548
90462
90369
90315
90277
90275
90085
90009
89984
89972
89966
89955
89925
89886
89687
89668
89628
89606
89556
89506
89399
89333
89192
89094
88974
88872
88870
88833
88808
88780
88706
88635
88598
88535
88489
88412
88411
88328
88293
88285
88204
88176
88156
88147
88060
87978
87871
87786
87773
87636
87628
87403
87393
87340
87296
87282
87235
87147
87065
87045
87024
86974
86965
86941
86803
86756
86747
86746
86744
86744
86675
86615
86538
86508
86437
86392
86344
86289
86275
86195
86173
86162
86138
86069
86064
86012
85902
85901
85864
85842
85830
85820
85754
85740
85712
85710
85601
85542
85405
85393
85371
85360
85240
85163
85146
85106
85045
84933
84933
84894
84770
84763
84573
84572
84571
84565
84562
84454
84431
84431
84416
84386
84325
84320
84319
84269
84245
84210
84196
84142
84037
83976
83975
83914
83883
83729
83688
83686
83684
83569
83510
83314
83288
83258
83243
83129
83115
83090
83053
82685
82611
82594
82586
82573
82488
82429
82426
82399
82337
82248
82209
82070
82063
82017
81954
81922
81903
81689
81596
81553
81511
81484
81446
81375
81357
81336
81329
81289
81279
81264
81215
81213
81196
81148
81121
81105
81089
81088
81011
80948
80710
80683
80527
80461
80414
80347
80301
80299
80246
80138
80110
80025
79963
79932
79817
79738
79719
79703
79699
79641
79635
79567
79555
79473
79338
79317
79268
79261
79118
79098
79097
78977
78924
78754
78747
78735
78703
78647
78607
78607
78601
78530
78530
78392
78340
78300
78277
78218
78217
78203
77803
77785
77728
77672
77557
77498
77495
77464
77443
77353
77319
77287
77257
77232
77180
77177
77061
76985
76901
76887
76837
76828
76712
76662
76656
76638
76631
76617
76519
76509
76505
76277
76204
76199
76169
76153
76134
76037
75979
75976
75975
75950
75864
75813
75809
75783
75782
75759
75663
75568
75439
75330
75194
75092
75082
74994
74901
74856
74840
74783
74758
74673
74513
74439
74384
74349
74343
74289
74288
74132
74126
74074
73879
73860
73834
73764
73647
73596
73590
73523
73520
73470
73468
73460
73401
73394
73384
73336
73318
73302
73278
73216
73191
73151
73093
73076
72951
72921
72911
72876
72801
72782
72779
72646
72488
72472
72469
72420
72340
72222
72210
72163
72138
72066
71962
71925
71766
71762
71721
71707
71668
71647
71540
71528
71523
71519
71500
71446
71390
71264
71234
70980
70897
70845
70769
70753
70694
70693
70660
70626
70561
70436
70432
70366
70239
70181
70084
70055
70055
69901
69884
69883
69782
69778
69703
69691
69668
69612
69568
69457
69421
69410
69323
69190
69141
69045
69029
68990
68972
68867
68761
68745
68646
68646
68577
68530
68483
68478
68471
68466
68448
68440
68390
68256
68240
68153
68144
68107
67907
67818
67768
67750
67743
67668
67661
67612
67551
67528
67518
67412
67335
67311
67239
67237
67235
67214
67172
67061
67059
66970
66959
66958
66930
66902
66884
66835
66824
66756
66735
66670
66667
66631
66468
66454
66453
66433
66422
66419
66414
66321
66257
66222
66218
66170
66166
66147
66053
65927
65904
65887
65828
65810
65774
65772
65771
65716
65682
65664
65658
65552
65527
65465
65358
65268
65259
65232
65179
65165
65160
65155
65155
65142
65126
65121
64986
64926
64922
64920
64903
64867
64864
64835
64796
64763
64731
64729
64696
64680
64675
64613
64612
64489
64437
64405
64326
64304
64246
64205
64187
64185
64174
64162
64161
64145
64135
64079
64074
64020
64003
63952
63872
63870
63814
63789
63782
63777
63759
63751
63718
63627
63534
63518
63497
63458
63435
63429
63389
63338
63215
63195
63183
63154
63107
63044
63031
62969
62939
62910
62848
62651
62619
62554
62442
62399
62354
62211
62198
62185
62141
62088
61997
61978
61944
61853
61842
61699
61651
61574
61524
61433
61368
61352
61324
61275
61262
61225
61192
61169
61136
61112
61054
60985
60940
60896
60886
60640
60585
60566
60558
60558
60518
60505
60392
60298
60287
60218
60155
60144
60096
59892
59870
59781
59765
59762
59666
59663
59650
59516
59345
59316
59242
59154
59148
59115
59094
59013
59008
58944
58815
58813
58779
58742
58618
58602
58522
58458
58449
58359
58302
58143
58025
57976
57973
57962
57937
57783
57770
57752
57641
57543
57413
57411
57282
57216
57216
57111
56957
56849
56748
56673
56673
56619
56414
56389
56253
56144
56127
56086
56080
56041
55995
55962
55951
55937
55744
55673
55637
55628
55593
55593
55514
55503
55414
55390
55375
55218
55178
55170
55160
55153
55141
55100
54969
54963
54922
54713
54681
54661
54632
54622
54575
54573
54551
54383
54374
54329
54319
54311
54302
54230
54167
54021
53895
53812
53761
53667
53599
53541
53370
53331
53247
53067
53028
52894
52872
52775
52757
52666
52641
52583
52581
52562
52557
52551
52538
52532
52500
52483
52392
52296
52263
52067
52021
51994
51954
51928
51905
51881
51875
51843
51773
51762
51739
51611
51606
51417
51388
51364
51260
51245
51213
51201
51185
51176
51171
51047
51044
51034
50751
50711
50688
50600
50522
50520
50414
50346
50247
50152
50148
50100
49980
49796
49779
49764
49759
49756
49726
49613
49586
49546
49290
49248
49238
49231
49201
49133
49032
48992
48983
48953
48930
48929
48921
48870
48829
48797
48782
48664
48598
48568
48537
48518
48379
48377
48182
48040
47950
47824
47795
47741
47715
47679
47649
47520
47498
47440
47401
47377
47355
47350
47189
47084
47080
47020
46974
46955
46891
46876
46840
46784
46779
46755
46705
46657
46560
46499
46384
46371
46365
46314
46299
46146
46076
46058
46041
46018
45986
45951
45950
45947
45879
45830
45673
45550
45521
45499
45475
45449
45429
45321
45315
45291
45291
45258
45223
45205
45203
45173
45108
45053
45025
44939
44926
44866
44841
44839
44804
44791
44599
44535
44531
44512
44506
44501
44404
44403
44351
44347
44331
44284
44106
44056
44022
43996
43946
43924
43899
43825
43825
43805
43780
43774
43724
43708
43698
43695
43692
43679
43596
43574
43487
43189
43039
42999
42986
42899
42893
42877
42820
42787
42767
42747
42687
42646
42622
42603
42515
42511
42470
42460
42436
42409
42373
42275
42232
42206
42116
42043
42016
42003
41932
41916
41795
41720
41708
41699
41574
41570
41496
41484
41463
41458
41438
41436
41390
41337
41275
41215
41158
41135
41121
41109
41102
41054
41042
40968
40915
40897
40882
40873
40811
40758
40733
40725
40710
40598
40547
40534
40533
40474
40443
40422
40398
40307
40282
40261
40150
40070
40034
40028
39984
39977
39952
39857
39828
39821
39744
39691
39637
39616
39570
39533
39521
39516
39488
39457
39447
39430
39365
39342
39310
39304
39277
39268
39163
39134
39132
39116
39104
39074
38955
38909
38870
38848
38844
38822
38814
38786
38773
38758
38611
38520
38495
38481
38377
38348
38193
38192
38138
38128
38119
37990
37943
37898
37889
37824
37796
37781
37698
37533
37487
37452
37402
37387
37325
37218
37160
37142
37090
37052
36930
36872
36850
36838
36760
36695
36669
36639
36459
36442
36257
36256
36235
36226
36161
36159
36154
36149
36141
36127
36104
35963
35961
35877
35863
35817
35778
35708
35696
35488
35472
35422
35363
35288
35185
35123
35106
35105
35021
34711
34653
34650
34636
34575
34511
34507
34446
34370
34343
34295
34283
34219
34208
34189
34169
33966
33960
33920
33896
33726
33713
33685
33636
33634
33608
33601
33597
33579
33565
33536
33460
33421
33399
33326
33283
33236
33228
33178
33127
32957
32814
32793
32736
32634
32599
32599
32532
32509
32354
32313
32257
32146
32093
32084
31944
31926
31884
31791
31721
31712
31660
31632
31551
31502
31471
31430
31396
31360
31331
31326
31285
31241
31199
31153
31120
31066
31019
30905
30820
30776
30744
30734
30691
30594
30492
30464
30455
30454
30410
30367
30310
30305
30304
30297
30277
30258
30197
29955
29898
29840
29829
29819
29782
29781
29768
29695
29628
29505
29492
29439
29435
29387
29373
29341
29335
29127
29086
29008
28955
28914
28835
28835
28801
28648
28646
28575
28507
28407
28351
28222
28177
28153
28105
28069
27973
27931
27916
27881
27811
27746
27729
27715
27698
27672
27668
27651
27618
27593
27593
27395
27370
27331
27324
27300
27207
27186
27147
27126
26889
26646
26633
26603
26588
26550
26539
26534
26366
26342
26231
26139
26065
26024
26018
25994
25976
25957
25916
25887
25844
25830
25702
25667
25663
25581
25555
25419
25392
25313
25269
25262
25195
25186
25110
25097
25030
24935
24866
24770
24763
24585
24567
24517
24458
24458
24425
24386
24362
24360
24335
24277
24235
24204
24184
24181
24072
23992
23981
23936
23880
23852
23848
23794
23776
23755
23726
23583
23561
23483
23483
23456
23454
23429
23413
23386
23279
23223
23213
23193
23123
23108
23098
23081
23054
23037
23008
22964
22940
22637
22525
22416
22378
22328
22257
22220
22134
22078
22026
21966
21944
21929
21903
21802
21789
21729
21695
21619
21596
21397
21343
21321
21267
21206
21163
21143
21143
21046
20836
20814
20801
20798
20784
20755
20753
20726
20579
20554
20419
20415
20409
20400
20382
20290
20161
19966
19848
19774
19733
19593
19562
19505
19484
19430
19242
19209
19196
19188
19151
18982
18916
18841
18819
18814
18704
18696
18667
18591
18570
18526
18390
18316
18287
18274
18225
18217
18211
18185
18124
18108
18069
18058
17834
17789
17760
17687
17644
17535
17335
17332
17211
17210
17128
17118
17109
17106
17071
17047
17046
17043
17036
16950
16786
16780
16740
16619
16508
16499
16291
16251
16214
16135
16106
16054
16040
16024
16006
15960
15852
15789
15731
15666
15652
15609
15583
15485
15471
15381
15333
15297
15262
15203
15181
15156
15152
15040
15023
15003
14982
14950
14932
14920
14822
14795
14749
14746
14688
14648
14628
14568
14516
14449
14441
14407
14394
14240
14201
14119
14113
14105
14048
14031
14028
14006
13955
13900
13684
13628
13604
13535
13384
13375
13159
13158
13140
13083
13066
12937
12926
12786
12657
12624
12619
12583
12583
12524
12485
12434
12248
12108
12087
12051
12004
11999
11904
11895
11879
11803
11748
11738
11724
11718
11689
11652
11621
11606
11570
11529
11522
11469
11344
11328
11327
11326
11304
11302
11288
11146
11143
11049
11014
10945
10920
10916
10901
10869
10857
10733
10478
10338
10288
10238
10222
10193
10159
10115
10068
10023
10014
9983
9906
9868
9776
9763
9576
9562
9499
9455
9332
9234
9159
9064
8994
8982
8891
8855
8827
8711
8682
8661
8620
8600
8591
8420
8408
8283
8272
8201
8087
7851
7720
7673
7582
7540
7405
7370
7298
7296
7250
7236
7157
7143
7107
7095
7013
6974
6964
6948
6882
6855
6839
6818
6816
6814
6809
6782
6757
6711
6619
6395
6366
6303
6281
6245
6136
6046
6029
6020
6010
5998
5904
5884
5877
5765
5702
5688
5684
5617
5588
5568
5456
5424
5366
5344
5301
5290
5268
5259
5226
5207
5096
5074
4997
4948
4719
4668
4633
4548
4486
4391
4382
4346
4280
4274
4102
4038
3923
3908
3896
3890
3865
3813
3741
3668
3603
3586
3566
3563
3562
3544
3505
3486
3422
3367
3356
3338
3301
3184
3123
3102
3061
3048
3045
3030
2999
2929
2895
2882
2833
2757
2715
2672
2566
2509
2475
2457
2319
2287
2236
2209
2205
2203
2191
2122
2067
2046
1955
1820
1783
1738
1727
1666
1652
1553
1551
1531
1527
1505
1488
1484
1483
1443
1373
1312
1258
1174
1106
1089
1045
985
942
938
898
832
819
777
762
725
724
719
698
603
588
519
518
513
512
482
388
370
278
241
199
131
87
