99954
99951
99918
99910
99908
99741
99698
99667
99623
99543
99537
99441
99416
99338
99153
99113
99101
99072
99005
98885
98755
98698
98653
98583
98391
98386
98377
98313
98288
98249
98235
98096
98010
97828
97718
97650
97643
97553
97533
97520
97437
97435
97250
97144
97126
97058
97026
97021
96942
96939
96893
96865
96818
96789
96647
96645
96636
96602
96596
96584
96524
96484
96443
96334
96130
96124
96061
96007
95953
95945
95921
95670
95632
95628
95622
95622
95587
95559
95490
95460
95456
95435
95412
95375
95268
95262
95201
95049
95030
94970
94962
94734
94651
94533
94487
94465
94431
94385
94282
94271
94259
94210
94080
94004
93983
93964
93840
93816
93763
93716
93697
93660
93658
93544
93423
93350
93308
93267
93247
93239
93175
93144
93086
93061
93057
93002
92988
92899
92896
92884
92842
92820
92812
92762
92729
92720
92673
92614
92546
92520
92479
92465
92401
92169
92117
92066
92061
92041
91915
91903
91827
91796
91747
91701
91692
91661
91615
91603
91523
91496
91450
91416
91407
91400
91375
91311
91304
91297
91272
91262
91187
91179
91157
91132
91096
91017
90968
90962
90934
90872
90857
90690
90662
90659
90535
90484
90477
90460
90347
90301
90263
90215
90165
90130
90093
90082
90061
90054
90027
90023
89946
89900
89891
89840
89837
89766
89606
89600
89522
89433
89427
89349
89259
89154
89135
89094
89047
88985
88947
88860
88836
88801
88748
88629
88604
88582
88521
88505
88491
88340
88308
88252
88252
88230
88168
88056
88044
88040
87976
87905
87848
87671
87654
87648
87543
87482
87448
87436
87410
87379
87347
87276
87205
87178
87165
87149
87059
87022
86995
86979
86961
86943
86874
86827
86749
86714
86685
86627
86587
86452
86429
86398
86389
86361
86359
86307
86272
86233
86180
86163
86111
86103
86070
85996
85932
85924
85912
85880
85624
85539
85459
85399
85359
85281
85196
85094
85088
85049
85018
85013
84997
84956
84903
84869
84861
84774
84765
84732
84682
84678
84635
84626
84625
84617
84532
84412
84329
84164
84069
84040
83992
83986
83974
83890
83840
83811
83796
83730
83651
83621
83612
83590
83573
83436
83383
83316
83315
83273
83219
83217
82998
82934
82927
82822
82773
82734
82649
82572
82470
82442
82416
82413
82410
82358
82358
82272
82245
82153
82145
82030
82019
81899
81896
81884
81822
81787
81786
81745
81658
81654
81586
81519
81513
81482
81480
81417
81415
81412
81356
81296
81142
81113
81069
81041
81026
80672
80626
80624
80613
80554
80524
80509
80470
80344
80341
80271
80174
80157
80084
80002
79962
79903
79884
79867
79809
79789
79765
79689
79686
79613
79609
79578
79511
79482
79452
79446
79320
79310
79164
79138
79122
79120
79115
79048
78989
78932
78838
78683
78647
78615
78573
78555
78531
78345
78306
78283
78245
78149
78105
78095
78084
78082
78070
78069
78060
78054
77934
77922
77921
77779
77747
77745
77729
77702
77689
77681
77611
77573
77572
77569
77532
77524
77458
77399
77399
77341
77313
77228
77074
76906
76854
76677
76620
76517
76504
76491
76454
76450
76424
76315
76235
76206
76194
76193
76174
76076
76027
75981
75896
75877
75845
75758
75620
75322
75194
75162
75069
75008
74871
74871
74757
74736
74724
74714
74637
74584
74570
74503
74422
74390
74365
74258
74236
74204
74201
74026
73991
73820
73796
73791
73666
73615
73544
73531
73401
73344
73343
73331
73280
73163
73144
73067
73054
72948
72942
72924
72914
72901
72861
72754
72460
72420
72417
72406
72400
72355
72335
72332
72326
72317
72202
72172
72158
72140
72082
72058
72017
71912
71838
71781
71711
71692
71579
71435
71284
71281
71177
71145
71141
71128
71019
71004
70966
70836
70835
70791
70694
70691
70670
70660
70656
70640
70484
70477
70450
70416
70415
70395
70392
70387
70337
70325
70222
70211
70163
70151
70120
70038
70037
70014
70009
69936
69925
69916
69691
69683
69621
69551
69516
69354
69314
69289
69248
69157
69123
69100
68980
68885
68786
68782
68780
68777
68639
68635
68624
68556
68535
68459
68416
68395
68236
68212
68178
68155
67938
67932
67869
67807
67798
67628
67596
67572
67543
67401
67354
67304
67284
67283
67146
67141
67131
67120
67051
66765
66704
66674
66646
66601
66420
66369
66328
66302
66285
66233
66200
66114
66108
66053
66044
66040
65961
65952
65942
65925
65889
65731
65705
65615
65607
65504
65467
65419
65372
65259
65246
65243
65238
65180
65168
65139
65133
65087
64991
64967
64959
64950
64925
64915
64905
64883
64873
64832
64817
64736
64636
64540
64458
64451
64413
64366
64348
64298
63996
63924
63881
63843
63797
63747
63736
63494
63258
63237
63213
63202
63192
63084
62950
62929
62903
62900
62852
62762
62696
62526
62524
62500
62452
62301
62265
62128
62074
62033
61945
61864
61777
61725
61605
61602
61566
61554
61494
61437
61424
61380
61290
61218
61183
61155
61127
61103
60766
60656
60582
60422
60329
60121
60105
60100
60087
59971
59899
59879
59835
59812
59738
59737
59718
59694
59644
59592
59582
59540
59437
59353
59338
59308
59278
59194
59150
59076
59029
58996
58957
58947
58859
58848
58841
58782
58756
58737
58723
58697
58618
58534
58508
58494
58488
58423
58316
58302
58266
58039
58024
58010
57999
57984
57925
57791
57701
57665
57568
57469
57412
57275
57272
57254
57241
57235
57202
57030
57006
56952
56921
56879
56792
56685
56640
56596
56534
56529
56463
56429
56322
56277
56177
56161
55898
55808
55796
55613
55581
55503
55484
55444
55380
55266
55241
55236
55211
55181
55178
55158
55156
55105
55001
54995
54981
54968
54963
54859
54830
54817
54799
54790
54762
54746
54681
54677
54670
54561
54546
54531
54525
54418
54385
54362
54333
54282
54229
54145
54133
54132
54106
54073
54046
53861
53838
53744
53735
53672
53554
53531
53507
53476
53449
53382
53324
53302
53254
53246
53158
53128
53085
53063
53044
52995
52949
52944
52903
52901
52794
52773
52741
52625
52553
52536
52372
52311
52285
51960
51919
51880
51865
51847
51827
51773
51711
51620
51594
51425
51300
51207
51197
51167
50958
50934
50884
50828
50822
50648
50644
50584
50540
50533
50520
50452
50414
50386
50318
50306
50274
50262
50256
50160
50099
50097
50016
49980
49973
49967
49958
49913
49883
49877
49690
49631
49599
49588
49524
49499
49438
49435
49404
49383
49241
49231
49189
49112
49068
49002
48875
48854
48713
48655
48638
48555
48545
48543
48536
48496
48430
48388
48364
48339
48229
48179
48086
47984
47857
47799
47675
47628
47560
47544
47539
47437
47292
47283
47120
47089
47079
47045
46958
46875
46825
46768
46704
46699
46688
46648
46591
46561
46556
46484
46395
46341
46293
46276
46261
45934
45896
45870
45792
45779
45706
45690
45573
45410
45305
45302
45164
45152
45141
45046
44938
44882
44849
44826
44811
44762
44744
44740
44676
44629
44580
44534
44469
44420
44371
44338
44323
44273
44236
44227
44132
44127
44098
44078
44073
44071
44041
44021
44009
43970
43967
43956
43891
43779
43700
43647
43610
43517
43511
43500
43487
43421
43379
43276
43223
43221
43187
43151
43006
42986
42928
42877
42846
42777
42757
42752
42745
42586
42534
42517
42517
42448
42429
42409
42407
42391
42293
42229
42098
42028
42005
41991
41961
41949
41910
41823
41823
41763
41759
41632
41540
41532
41466
41459
41359
41130
41108
41105
41076
41052
41045
41028
40977
40818
40800
40677
40672
40645
40643
40545
40542
40482
40415
40394
40340
40250
40230
40169
40157
40128
40080
40074
39983
39959
39940
39936
39905
39901
39800
39741
39715
39708
39689
39615
39564
39529
39506
39468
39448
39398
39295
39260
39258
39245
39116
39097
39081
38915
38900
38852
38816
38799
38786
38721
38702
38593
38510
38475
38388
38343
38321
38254
38248
38235
38180
37961
37883
37821
37786
37784
37705
37662
37650
37570
37419
37418
37314
37305
37245
37079
37035
36946
36897
36891
36782
36721
36690
36608
36522
36351
36343
36335
36263
36207
36007
35975
35923
35864
35860
35825
35812
35699
35693
35655
35513
35506
35461
35432
35358
35332
35212
35161
35161
35126
35017
34919
34815
34785
34760
34622
34555
34317
34252
34227
34199
34176
34173
33921
33900
33861
33859
33725
33709
33535
33488
33362
33360
33329
33287
33222
33181
33163
33008
32988
32868
32806
32647
32630
32597
32469
32425
32230
32205
32204
32200
32166
32150
32050
32044
31922
31886
31867
31709
31680
31623
31575
31544
31533
31501
31489
31489
31463
31444
31334
31252
31203
31200
31104
31074
31034
31034
30977
30906
30904
30899
30890
30877
30818
30757
30743
30654
30624
30617
30496
30491
30469
30459
30361
30354
30337
30294
30282
30205
30204
30183
30182
30112
30086
30072
30045
30039
29990
29962
29867
29832
29780
29730
29719
29683
29658
29653
29585
29574
29513
29410
29370
29309
29307
29289
29224
29216
29196
29071
28999
28977
28968
28966
28921
28909
28855
28697
28677
28638
28572
28552
28531
28520
28355
28332
28322
28191
28145
28021
27911
27891
27880
27874
27820
27813
27648
27641
27541
27501
27412
27399
27363
27357
27339
27239
27211
27173
27168
27157
27139
27083
27070
26994
26856
26825
26733
26638
26609
26550
26548
26407
26389
26378
26350
26350
26272
26141
26134
26100
26090
25994
25870
25846
25815
25792
25790
25715
25617
25604
25548
25494
25459
25415
25372
25365
25333
25329
25319
25245
25194
25142
25140
25138
25119
25100
25051
25010
24927
24872
24853
24836
24828
24819
24812
24796
24782
24747
24709
24699
24667
24613
24552
24542
24512
24503
24455
24446
24411
24333
24329
24317
24165
24141
24138
24093
24090
24070
24046
24040
23990
23981
23976
23799
23789
23779
23707
23648
23629
23590
23584
23572
23354
23140
23131
23106
23012
22997
22937
22911
22873
22815
22704
22676
22672
22622
22561
22536
22464
22379
22330
22261
22246
22206
22182
22148
22018
22010
22006
21986
21925
21844
21821
21786
21777
21732
21710
21648
21592
21575
21533
21417
21361
21217
21153
21142
21116
21050
20843
20827
20750
20739
20718
20703
20682
20529
20491
20459
20423
20396
20387
20369
20303
20270
20212
20175
20035
20020
20018
20014
19999
19984
19974
19974
19906
19816
19816
19811
19807
19667
19657
19605
19566
19562
19471
19373
19331
19313
19296
19279
19276
19253
19213
19210
19182
19106
19028
18985
18933
18896
18868
18843
18719
18615
18609
18595
18486
18459
18432
18396
18038
17996
17989
17946
17849
17840
17814
17806
17775
17754
17732
17696
17641
17587
17554
17468
17460
17459
17355
17351
17335
17282
17247
17224
17200
17153
17051
17020
16922
16910
16809
16766
16692
16663
16634
16578
16554
16490
16410
16406
16378
16329
16281
16207
16205
16154
16150
16072
16029
15986
15984
15958
15915
15915
15909
15899
15862
15861
15827
15796
15773
15751
15731
15618
15566
15526
15522
15427
15427
15364
15340
15229
15188
15157
15108
15074
15041
15008
14955
14865
14862
14845
14792
14624
14592
14492
14453
14452
14439
14315
14255
14246
14217
14135
14025
13981
13908
13818
13797
13757
13703
13695
13683
13627
13627
13616
13589
13546
13493
13420
13394
13377
13373
13290
13229
13224
13135
13117
13108
13078
13037
12967
12963
12793
12762
12707
12706
12681
12610
12596
12584
12450
12385
12368
12365
12333
12292
12194
12153
12076
12066
12010
11999
11687
11650
11506
11392
11390
11363
11346
11343
11294
11259
11254
11236
11214
11177
11165
11125
11098
11032
10944
10850
10807
10783
10766
10626
10617
10571
10495
10469
10434
10381
10246
10238
10173
10166
10021
10018
9954
9951
9854
9839
9769
9762
9738
9723
9663
9573
9548
9461
9384
9281
9274
9193
9161
9151
9074
9070
9015
8850
8741
8634
8628
8485
8471
8437
8399
8255
8209
8114
8084
8048
7999
7978
7962
7959
7950
7850
7791
7771
7768
7745
7654
7586
7470
7378
7180
7150
7076
7032
6922
6873
6816
6777
6768
6704
6689
6684
6615
6564
6530
6439
6299
6294
6276
6239
6239
6213
6204
6178
6114
6085
6018
5987
5971
5937
5899
5840
5692
5662
5568
5562
5549
5505
5473
5452
5415
5336
5302
5302
5263
5225
5221
5191
5178
5121
5096
5049
5015
4963
4951
4916
4885
4827
4760
4753
4672
4668
4625
4596
4571
4466
4462
4383
4328
4310
4293
4265
4158
4143
4136
4005
3851
3822
3714
3681
3675
3648
3587
3556
3468
3453
3387
3370
3341
3323
3250
3242
3209
3200
3185
3168
3159
3108
2969
2941
2867
2813
2797
2682
2670
2635
2505
2490
2462
2447
2278
2258
2240
2113
1994
1986
1985
1964
1848
1805
1793
1780
1767
1750
1747
1743
1689
1542
1494
1365
1227
1152
1113
1076
1018
1006
959
959
937
927
892
824
776
761
749
482
322
320
214
211
204
192
184
111
58
7
