99960
99937
99787
99765
99725
99692
99577
99493
99482
99470
99451
99348
99306
99246
99209
99108
99079
99069
99062
99058
98996
98904
98799
98711
98642
98497
98364
98355
98335
98294
98290
98241
98219
98209
98205
98185
98106
98087
98056
98018
98016
97944
97920
97813
97764
97759
97607
97513
97435
97422
97366
97340
97297
97270
97237
97208
97199
97182
97147
97034
96946
96912
96905
96890
96803
96739
96697
96599
96574
96446
96426
96411
96350
96345
96342
96250
96246
96199
96110
96056
96018
95971
95785
95778
95759
95759
95692
95632
95625
95607
95537
95486
95423
95365
95326
95309
95227
95118
95104
95047
94959
94956
94924
94917
94909
94865
94862
94793
94792
94774
94701
94634
94625
94612
94490
94447
94413
94346
94327
94243
94239
94234
94157
94156
94153
94119
94114
94039
93992
93962
93888
93885
93871
93527
93467
93391
93327
93292
93204
93194
93173
93114
93082
93078
93036
92975
92967
92966
92825
92794
92724
92699
92662
92641
92623
92594
92506
92488
92386
92276
92258
92247
92219
92206
92200
92096
92088
92054
92018
91899
91878
91875
91874
91744
91704
91703
91671
91668
91646
91540
91376
91357
91353
91334
91323
91301
91240
91232
91183
91178
91112
91068
91047
91004
90997
90942
90847
90767
90709
90622
90587
90571
90551
90531
90493
90383
90362
90309
90196
90177
90143
90141
90137
90126
90075
90008
89875
89868
89837
89826
89807
89792
89779
89664
89653
89611
89591
89547
89540
89522
89480
89478
89471
89317
89303
89275
89243
89031
89004
88912
88894
88891
88859
88788
88750
88677
88614
88563
88555
88419
88412
88402
88363
88282
88247
88224
88193
88109
88065
88017
88014
87829
87799
87760
87747
87705
87627
87616
87597
87581
87532
87501
87426
87421
87314
87285
87278
87235
87170
87115
87058
86930
86904
86836
86744
86625
86575
86384
86378
86351
86182
86171
86108
86092
86025
85958
85875
85847
85823
85771
85768
85670
85622
85563
85519
85458
85353
85321
85301
85227
85197
85159
85146
85024
84995
84989
84973
84964
84865
84847
84809
84791
84733
84714
84694
84675
84499
84414
84344
84269
84226
84214
84059
83983
83795
83795
83705
83616
83599
83511
83506
83493
83455
83316
83314
83272
83152
83090
83078
83069
83059
83030
82967
82912
82898
82858
82751
82735
82724
82621
82537
82500
82457
82349
82322
82267
82228
82217
82208
82182
82162
82113
82097
82069
81994
81906
81898
81896
81824
81728
81721
81718
81692
81581
81574
81390
81332
81128
81048
81012
80951
80861
80780
80723
80700
80626
80616
80584
80578
80569
80542
80505
80482
80455
80377
80364
80267
80262
80237
80159
80081
79914
79891
79860
79848
79818
79809
79687
79628
79565
79525
79461
79422
79409
79350
79171
79074
79038
78962
78839
78828
78763
78748
78727
78721
78708
78631
78613
78545
78515
78499
78480
78460
78340
78262
78256
78107
78081
77948
77944
77899
77862
77840
77831
77777
77758
77738
77731
77672
77625
77550
77452
77451
77422
77408
77283
77244
77203
77118
77033
76995
76956
76927
76917
76898
76886
76867
76854
76755
76732
76707
76601
76580
76504
76475
76440
76361
76288
76214
76207
76189
76184
76182
76110
76098
76063
76036
75978
75953
75853
75717
75594
75545
75541
75527
75454
75429
75390
75324
75302
75228
75144
75099
75057
75040
74974
74970
74802
74757
74754
74750
74708
74707
74568
74502
74446
74394
74381
74359
74348
74322
74307
74285
74275
74254
74194
74034
73988
73970
73952
73821
73821
73695
73680
73674
73671
73657
73625
73615
73607
73586
73568
73552
73496
73460
73455
73391
73211
73201
73193
73152
73143
73115
73108
73083
72853
72810
72794
72668
72642
72564
72438
72369
72325
72186
72184
72145
72142
72131
72072
72055
72051
72047
72034
71984
71980
71910
71884
71873
71848
71530
71503
71404
71401
71395
71094
71048
70932
70834
70833
70826
70819
70785
70692
70536
70406
70387
70282
70173
70067
70066
69976
69917
69883
69873
69832
69817
69597
69591
69562
69539
69491
69490
69483
69361
69322
69305
69220
69214
69151
69092
69079
69020
69010
69004
68973
68946
68855
68766
68731
68620
68571
68550
68534
68501
68466
68430
68349
68238
68238
68210
68172
67878
67798
67791
67785
67745
67635
67610
67471
67447
67407
67400
67385
67291
67283
67206
67158
67142
66954
66944
66851
66835
66809
66740
66718
66470
66353
66346
66342
66296
66205
66130
66115
66091
66084
66056
66000
65993
65963
65948
65931
65833
65821
65807
65728
65632
65596
65594
65590
65546
65540
65428
65353
65238
65192
65165
65108
65068
65043
65038
64999
64957
64952
64891
64889
64861
64802
64783
64738
64689
64573
64556
64553
64519
64517
64462
64460
64424
64377
64355
64354
64282
64184
64162
64155
64120
64118
64028
63891
63853
63850
63757
63727
63588
63546
63543
63483
63421
63378
63277
63210
63093
63047
62993
62943
62932
62863
62818
62794
62792
62632
62627
62615
62560
62560
62521
62471
62452
62397
62293
62268
62259
62191
62103
62092
62048
62043
61981
61932
61901
61893
61876
61871
61861
61848
61822
61645
61545
61451
61442
61284
61262
61233
61171
61139
61084
61032
61005
60957
60930
60670
60645
60586
60500
60492
60443
60436
60408
60355
60299
60282
60270
60254
60155
60125
60110
60065
59914
59871
59868
59757
59607
59600
59590
59546
59541
59497
59374
59359
59298
59284
59277
59264
59159
59118
59077
59064
59054
59045
59039
59035
58941
58940
58916
58895
58850
58844
58792
58667
58636
58612
58565
58500
58432
58342
58338
58335
58298
58257
58220
58198
58119
58109
58078
58028
58015
57998
57885
57871
57828
57777
57769
57663
57644
57562
57561
57456
57447
57353
57300
57240
57235
57071
57043
57006
56933
56900
56884
56870
56796
56758
56708
56678
56553
56409
56406
56246
56227
56140
56066
56059
56001
55996
55992
55976
55943
55939
55873
55870
55796
55771
55480
55465
55437
55428
55344
55322
55286
55265
55224
55164
55162
55116
54990
54976
54942
54934
54898
54834
54829
54821
54796
54703
54701
54694
54670
54631
54568
54549
54549
54500
54467
54380
54310
54296
54279
54265
54219
54195
54189
54085
54080
54015
53973
53936
53839
53825
53745
53727
53476
53470
53306
53189
53166
53165
53107
53100
53081
52964
52962
52937
52894
52854
52840
52821
52811
52706
52631
52522
52482
52261
52191
52113
52052
51997
51997
51951
51930
51922
51903
51797
51718
51692
51617
51585
51560
51555
51511
51356
51289
51201
51094
51071
51066
51037
50975
50914
50783
50774
50641
50602
50591
50543
50403
50338
50335
50279
50200
50169
49961
49855
49839
49821
49719
49662
49483
49364
49298
49212
49069
49016
48948
48873
48746
48742
48725
48689
48494
48476
48323
48301
48298
48261
48201
48165
48020
47980
47974
47831
47755
47753
47752
47739
47733
47707
47697
47689
47659
47605
47463
47234
47190
47158
47068
46988
46984
46924
46916
46913
46844
46775
46752
46596
46486
46447
46402
46382
46367
46292
46254
46217
46160
46100
46060
46021
45988
45915
45887
45865
45844
45759
45716
45560
45492
45451
45390
45382
45327
45232
45229
45131
45114
45100
45066
45025
45017
45013
44960
44948
44940
44887
44879
44832
44779
44756
44734
44647
44639
44458
44288
44224
44165
44070
44012
43772
43754
43722
43681
43645
43627
43588
43570
43560
43488
43478
43418
43414
43401
43376
43329
43276
43267
43220
43182
43178
43112
43015
42905
42789
42772
42718
42661
42642
42633
42622
42605
42602
42593
42447
42314
42292
42278
42239
42229
42228
42198
42186
42153
42072
42067
42063
42041
41975
41934
41892
41881
41875
41782
41770
41586
41543
41515
41501
41487
41471
41423
41410
41392
41314
41235
41218
41217
41144
41005
40999
40995
40954
40944
40882
40868
40664
40606
40595
40550
40408
40389
40349
40197
40060
40020
40008
39912
39905
39865
39864
39766
39765
39710
39669
39659
39588
39561
39535
39463
39382
39300
39277
39264
39208
39160
39147
39140
39068
39031
39001
38983
38978
38962
38957
38915
38894
38863
38815
38813
38774
38670
38626
38583
38532
38450
38445
38426
38422
38374
38321
38267
38235
38159
38099
37983
37888
37792
37761
37721
37643
37584
37525
37456
37425
37418
37324
37285
37254
37234
37194
37163
37141
37084
37060
37020
36986
36946
36860
36799
36787
36774
36755
36674
36648
36636
36616
36560
36502
36483
36448
36404
36382
36279
36236
36083
36005
35985
35727
35695
35644
35643
35628
35565
35564
35556
35552
35534
35507
35436
35387
35360
35245
35199
35186
35146
35077
35004
34997
34981
34921
34911
34873
34727
34538
34526
34502
34432
34309
34276
34235
34100
34097
34089
33952
33862
33859
33696
33676
33654
33649
33576
33554
33547
33507
33458
33336
33327
33308
33291
33282
33210
33173
33161
33141
33126
33125
33119
33050
33016
32909
32894
32854
32851
32806
32703
32610
32603
32533
32495
32463
32448
32430
32359
32340
32336
32331
32321
32205
32196
32154
32069
31869
31849
31844
31840
31806
31764
31714
31678
31637
31595
31581
31559
31510
31498
31482
31449
31437
31348
31296
31267
31226
31138
31128
31061
31021
31002
30991
30903
30897
30868
30720
30662
30608
30511
30401
30351
30283
30255
30215
30196
30152
30063
29831
29822
29790
29772
29770
29706
29668
29604
29547
29518
29455
29402
29369
29343
29287
29202
29146
29009
28994
28940
28869
28686
28660
28631
28570
28561
28554
28543
28540
28532
28496
28465
28461
28442
28432
28388
28344
28312
28286
28243
28216
28187
28141
28141
28134
28014
27962
27920
27918
27862
27775
27674
27561
27536
27423
27322
27251
27203
27191
27165
27071
26991
26903
26901
26762
26681
26654
26591
26550
26512
26505
26490
26472
26464
26429
26284
26229
26199
26178
26116
26058
25961
25881
25859
25850
25809
25727
25598
25494
25439
25414
25398
25386
25338
25317
25284
25235
25120
25116
25055
25034
25028
24952
24952
24937
24916
24770
24653
24632
24619
24587
24561
24555
24542
24523
24507
24458
24364
24308
24272
24202
24020
24004
23968
23843
23759
23729
23512
23306
23278
23262
23203
23121
23060
23031
22988
22953
22952
22864
22808
22791
22761
22719
22689
22582
22580
22569
22485
22445
22312
22312
22277
22186
22171
22139
22053
22037
21940
21875
21841
21831
21802
21771
21725
21707
21707
21641
21555
21511
21464
21381
21349
21345
21342
21310
21198
21109
21059
21038
21006
20959
20897
20747
20729
20631
20602
20451
20443
20366
20292
20256
20238
20196
20188
20167
20119
20076
20072
20031
19999
19994
19977
19959
19950
19949
19850
19738
19707
19606
19594
19486
19439
19390
19313
19265
19222
19166
19134
19057
19033
19016
18999
18996
18978
18976
18831
18809
18747
18687
18467
18429
18299
18290
18193
18187
17967
17895
17876
17708
17705
17679
17673
17629
17604
17582
17366
17280
17242
17215
17065
16983
16965
16951
16926
16919
16916
16876
16855
16835
16799
16708
16645
16637
16486
16386
16383
16379
16356
16338
16199
16169
16096
16029
16002
15969
15966
15668
15662
15625
15400
15327
15282
15170
15083
14993
14982
14980
14978
14953
14828
14694
14519
14475
14425
14099
13961
13931
13926
13924
13921
13901
13876
13844
13784
13698
13676
13643
13622
13313
13290
13198
13172
13146
13133
13125
13033
13033
13004
12932
12923
12844
12787
12624
12587
12573
12529
12502
12434
12424
12413
12385
12361
12268
12258
12221
12081
11955
11934
11926
11910
11889
11840
11832
11814
11754
11739
11697
11657
11546
11386
11245
11127
11118
11013
10963
10895
10770
10679
10529
10517
10513
10505
10487
10456
10442
10426
10418
10333
10315
10313
10304
10301
10145
10144
10048
10033
9949
9934
9928
9921
9875
9859
9800
9730
9724
9629
9621
9576
9502
9498
9391
9327
9318
9291
9267
9219
9188
9175
9124
9090
9077
9012
9005
8986
8965
8757
8708
8624
8465
8392
8356
8268
8217
8186
8164
8157
8115
7939
7918
7894
7877
7851
7817
7698
7696
7664
7595
7532
7375
7256
7195
7165
7148
7130
7010
6957
6934
6906
6855
6814
6794
6698
6697
6608
6578
6509
6506
6489
6407
6353
6223
6091
6047
6044
6026
6017
6000
5992
5905
5857
5676
5659
5635
5608
5582
5453
5222
5086
4976
4951
4913
4805
4758
4732
4731
4716
4694
4683
4616
4615
4543
4426
4407
4406
4132
4098
4062
3942
3941
3851
3808
3739
3712
3700
3698
3669
3628
3619
3570
3529
3528
3497
3468
3463
3416
3399
3393
3347
3337
3305
3178
3090
2942
2924
2868
2769
2680
2647
2579
2569
2529
2528
2519
2402
2376
2371
2368
2362
2215
2210
2154
2146
2108
1998
1986
1832
1826
1762
1610
1591
1567
1562
1510
1492
1487
1473
1467
1453
1304
1288
1276
1257
1247
1180
1115
1097
980
964
961
910
898
851
832
787
645
523
369
353
145
120
29
