99985
99966
99923
99904
99892
99882
99862
99822
99751
99728
99652
99570
99528
99466
99395
99384
99380
99380
99367
99270
99266
99236
99234
99050
98999
98952
98896
98876
98857
98855
98789
98740
98723
98547
98532
98371
98321
98292
98054
97933
97767
97747
97721
97623
97601
97533
97467
97439
97429
97405
97143
97117
97049
97007
96991
96974
96944
96939
96908
96895
96888
96886
96830
96814
96791
96784
96750
96732
96716
96651
96650
96631
96603
96568
96547
96523
96510
96492
96480
96435
96429
96318
96316
96262
96208
96192
96116
96082
96073
96013
95961
95895
95882
95844
95773
95717
95696
95628
95575
95540
95528
95521
95503
95385
95326
95278
95218
95164
95138
95115
95060
95055
95034
94983
94931
94850
94847
94831
94698
94607
94536
94465
94349
94348
94186
94075
94038
94017
93991
93986
93977
93910
93890
93818
93818
93800
93773
93766
93737
93657
93594
93522
93487
93384
93254
93248
93227
93192
93174
93134
93116
92974
92915
92907
92900
92838
92703
92656
92649
92576
92545
92489
92419
92274
92274
92221
92169
92083
91872
91859
91843
91778
91759
91697
91683
91676
91588
91463
91449
91424
91375
91353
91347
91214
91200
91165
91146
91056
91046
91040
91023
90987
90947
90871
90819
90809
90780
90678
90663
90662
90604
90594
90492
90481
90444
90442
90408
90340
90332
90315
90275
90269
90213
89970
89877
89862
89807
89750
89716
89665
89654
89598
89527
89425
89383
89331
89230
89215
89159
89114
89061
89024
88993
88870
88870
88710
88574
88552
88528
88484
88389
88371
88281
88247
88076
88071
88066
87983
87943
87665
87643
87639
87598
87559
87546
87497
87486
87479
87326
87323
87197
86950
86948
86815
86811
86776
86772
86686
86597
86577
86575
86537
86469
86456
86312
86296
86232
86116
86071
85999
85839
85792
85779
85723
85688
85649
85566
85551
85495
85490
85463
85454
85336
85303
85297
85114
85112
85105
85103
85077
85049
85037
85036
84959
84866
84840
84795
84790
84712
84698
84509
84467
84429
84382
84312
84251
84213
84186
84133
84101
84050
84042
83843
83753
83721
83711
83698
83598
83495
83474
83468
83456
83427
83306
83287
83282
83223
83165
83131
83122
83110
83078
83036
83030
82935
82897
82853
82841
82773
82686
82661
82573
82485
82396
82376
82296
82253
82163
82088
82087
82077
82047
82016
81988
81948
81853
81848
81807
81805
81698
81687
81636
81569
81567
81497
81476
81474
81440
81381
81365
81288
81154
81150
80982
80955
80920
80911
80822
80750
80745
80653
80598
80481
80465
80067
80061
80052
80024
80021
80008
80004
79997
79962
79948
79901
79717
79687
79666
79558
79536
79526
79502
79375
79071
79026
79024
78990
78928
78898
78790
78790
78774
78763
78627
78582
78545
78537
78493
78481
78461
78375
78349
78347
78346
78291
78280
78188
78098
78078
78057
78004
77865
77772
77692
77648
77581
77429
77428
77412
77361
77318
77316
77304
77211
77185
77167
77122
77085
76961
76916
76791
76790
76765
76690
76637
76599
76509
76460
76423
76366
76293
76270
76233
76172
76163
76157
76027
76026
76008
75968
75968
75923
75888
75841
75833
75790
75777
75753
75746
75693
75679
75656
75629
75598
75588
75573
75536
75513
75460
75425
75365
75342
75255
75254
75247
75185
75161
75083
75072
75034
74997
74884
74877
74855
74780
74735
74675
74631
74507
74422
74382
74378
74377
74371
74263
74191
74122
74088
74065
74034
73979
73888
73841
73838
73802
73764
73692
73667
73616
73594
73575
73530
73494
73358
73326
73305
73234
73200
73144
73131
72911
72819
72810
72804
72757
72741
72639
72481
72462
72440
72374
72281
72256
72216
72216
72208
72159
72069
72032
72016
71953
71933
71898
71880
71876
71863
71769
71708
71538
71509
71486
71435
71401
71376
71318
71232
71205
71194
70945
70890
70845
70794
70777
70750
70715
70704
70704
70659
70499
70453
70346
70158
70158
70092
69996
69987
69850
69849
69814
69762
69614
69260
69250
69169
69126
69114
69069
69058
69040
68960
68957
68943
68934
68834
68827
68801
68763
68756
68716
68666
68587
68556
68536
68520
68506
68438
68343
68288
68259
68224
68179
68133
68077
68039
68031
67997
67995
67990
67976
67888
67829
67667
67601
67566
67561
67463
67457
67448
67416
67367
67285
67240
67201
67156
67147
67147
67144
67108
67059
67011
66950
66939
66874
66814
66795
66742
66708
66515
66469
66449
66371
66324
66272
66232
66129
65997
65874
65777
65769
65740
65733
65713
65711
65598
65580
65564
65547
65540
65477
65406
65313
65313
65248
65140
65067
65050
64962
64922
64869
64804
64788
64767
64676
64592
64590
64550
64524
64493
64390
64363
64311
64282
64229
64112
64072
64056
63960
63933
63672
63648
63544
63517
63487
63485
63442
63442
63294
63279
63241
63162
63126
63010
63007
62881
62869
62846
62829
62753
62690
62683
62675
62616
62581
62564
62360
62298
62291
62254
62245
62212
62205
61963
61886
61835
61800
61740
61652
61650
61556
61537
61527
61501
61481
61429
61369
61345
61277
61274
61268
61220
61201
61124
61004
60846
60825
60809
60802
60603
60526
60403
60376
60261
60165
60164
60056
59880
59813
59785
59670
59541
59389
59339
59287
59283
59233
59204
59022
58881
58829
58787
58781
58765
58762
58668
58526
58521
58430
58428
58340
58329
58252
58238
58152
58090
58067
58007
57962
57853
57758
57695
57678
57667
57611
57532
57511
57491
57446
57417
57366
57335
57224
57215
57036
57006
56993
56877
56854
56748
56711
56596
56585
56503
56488
56481
56434
56397
56321
56202
56004
55999
55909
55897
55794
55756
55733
55717
55623
55568
55545
55452
55430
55421
55354
55295
55191
55187
55154
55109
55089
55089
54976
54968
54929
54859
54790
54777
54757
54709
54660
54621
54485
54372
54358
54343
54325
54216
54130
54055
54035
53954
53902
53830
53685
53626
53618
53577
53576
53557
53434
53344
53334
53333
53282
53235
53025
52971
52962
52930
52878
52874
52851
52754
52627
52360
52277
52077
51963
51899
51880
51867
51861
51853
51815
51779
51738
51736
51725
51675
51665
51647
51631
51530
51522
51458
51393
51326
51306
51207
51113
51050
50847
50786
50753
50705
50600
50543
50511
50438
50386
50369
50365
50342
50284
50275
50251
50239
50228
50224
50174
49959
49944
49936
49909
49864
49829
49775
49703
49690
49593
49578
49502
49462
49449
49351
49322
49281
49084
49012
48948
48909
48869
48855
48662
48656
48648
48609
48527
48517
48437
48248
48188
48181
48180
48160
48149
48111
47966
47891
47873
47860
47775
47659
47609
47539
47485
47449
47434
47244
47202
47114
47027
46931
46919
46700
46668
46639
46556
46483
46256
46208
46087
46018
46018
45882
45815
45815
45718
45683
45668
45643
45505
45285
45258
45203
45169
45146
45024
44949
44912
44877
44841
44797
44779
44682
44676
44671
44578
44538
44225
44216
44103
44094
43927
43858
43851
43834
43805
43780
43698
43661
43621
43619
43549
43512
43499
43452
43416
43356
43350
43325
43313
43288
43231
43165
43141
43135
43131
43068
43011
42938
42902
42740
42723
42720
42628
42625
42576
42569
42538
42515
42473
42428
42417
42315
42237
42229
42194
42115
42071
42063
42059
42021
41958
41929
41919
41916
41915
41887
41854
41848
41802
41795
41782
41765
41758
41753
41751
41702
41594
41562
41532
41452
41432
41340
41285
41268
41247
41246
41235
41216
41183
41165
41152
41140
41062
40966
40946
40932
40860
40840
40838
40803
40795
40790
40734
40702
40664
40521
40520
40473
40432
40421
40411
40348
40299
40292
40283
40267
40203
40113
40047
40013
39980
39965
39870
39827
39797
39721
39656
39477
39456
39224
39177
39177
39099
38976
38946
38921
38903
38783
38776
38689
38572
38566
38553
38508
38467
38450
38439
38405
38318
38315
38312
38297
38278
38237
38177
38170
38167
38048
37894
37866
37813
37794
37775
37693
37687
37661
37626
37605
37589
37569
37551
37502
37485
37446
37439
37436
37434
37404
37401
37400
37332
37305
37234
37227
36974
36923
36883
36815
36787
36611
36595
36529
36525
36501
36479
36397
36393
36364
36328
36310
36305
36273
36236
36205
36201
36091
36052
36033
36004
36003
35984
35955
35924
35853
35812
35787
35725
35723
35613
35582
35524
35484
35270
35210
35105
34996
34971
34806
34792
34663
34642
34608
34555
34537
34517
34484
34420
34394
34358
34337
34309
34246
34228
33897
33735
33712
33681
33650
33649
33616
33599
33565
33460
33439
33292
33214
33191
33150
33125
33111
33063
32963
32953
32919
32894
32849
32812
32812
32804
32735
32513
32501
32480
32471
32456
32404
32403
32395
32305
32286
32236
32144
32143
32114
32051
32036
32030
31995
31973
31945
31912
31847
31838
31831
31735
31716
31664
31653
31498
31432
31327
31312
31306
31295
31081
31051
30997
30910
30886
30746
30716
30704
30701
30699
30680
30675
30660
30639
30507
30488
30419
30309
30295
30292
30263
30251
30221
30083
30031
30012
30008
29973
29966
29886
29850
29846
29805
29640
29611
29605
29576
29527
29451
29391
29352
29346
29270
29244
29187
29179
29141
29079
29069
29010
28993
28984
28940
28868
28745
28662
28662
28546
28479
28448
28434
28406
28327
28293
28226
28185
28096
28058
27985
27972
27920
27650
27578
27575
27533
27492
27461
27450
27424
27417
27415
27412
27405
27301
27286
27215
27196
27195
27149
27125
27029
27016
27010
26942
26851
26774
26740
26708
26614
26529
26488
26447
26403
26367
26333
26313
26177
26091
26021
25932
25855
25837
25827
25734
25675
25635
25533
25512
25482
25480
25450
25321
25320
25311
25289
25250
25236
25203
25170
25161
25091
25080
25026
25008
25000
24959
24913
24863
24840
24756
24705
24630
24512
24497
24363
24360
24265
24247
24227
24185
24149
24095
24051
23976
23847
23745
23680
23646
23637
23626
23597
23581
23525
23466
23459
23430
23363
23348
23326
23280
23207
23115
23076
23052
23038
22891
22818
22767
22760
22728
22723
22642
22601
22570
22517
22472
22454
22432
22386
22337
22294
22277
22277
22210
22199
22115
22070
21819
21808
21796
21691
21619
21599
21533
21485
21447
21430
21264
21219
21121
21107
21077
21075
21020
20957
20937
20906
20880
20674
20582
20570
20515
20468
20393
20368
20322
20053
20046
20042
20008
19969
19854
19750
19731
19675
19587
19566
19551
19549
19536
19527
19512
19462
19452
19450
19439
19399
19340
19278
19147
19146
19145
19114
19095
19079
19036
19029
18982
18960
18888
18840
18838
18755
18741
18538
18531
18516
18489
18326
18285
18227
18217
18215
18207
18205
18163
18083
18047
18040
17973
17966
17891
17775
17767
17761
17750
17697
17621
17575
17540
17536
17446
17416
17352
17326
17323
17236
17226
17208
17132
17025
17022
16928
16928
16860
16835
16727
16656
16624
16597
16586
16516
16502
16484
16423
16353
16332
16283
16230
16228
16175
16098
16088
16029
16018
15996
15942
15934
15783
15584
15509
15460
15439
15433
15424
15383
15353
15177
15165
15149
15137
15136
15126
15101
15060
14987
14983
14960
14953
14931
14833
14712
14672
14632
14616
14569
14526
14395
14337
14264
14027
13974
13955
13946
13897
13861
13851
13753
13706
13698
13697
13666
13662
13625
13621
13532
13487
13467
13467
13415
13385
13346
13330
13278
13167
12959
12923
12887
12824
12767
12728
12726
12641
12629
12561
12544
12500
12447
12415
12330
12317
12271
12198
12176
11986
11908
11856
11789
11735
11603
11597
11464
11377
11346
11335
11314
11259
11210
11171
11065
11021
11020
10987
10936
10930
10923
10861
10752
10737
10677
10676
10579
10541
10420
10350
10345
10294
10246
10219
10115
10087
10072
10013
9959
9931
9886
9813
9698
9625
9500
9466
9465
9381
9374
9372
9326
9267
9263
9224
9215
9196
9178
9051
9036
8937
8857
8770
8759
8754
8606
8599
8584
8555
8541
8500
8491
8483
8480
8431
8387
8281
8129
8082
8031
7990
7950
7797
7743
7735
7725
7605
7401
7293
7279
7272
7272
7245
7054
7052
7047
7003
6960
6915
6862
6801
6690
6564
6480
6392
6291
6280
6179
6170
6167
6116
6078
6051
6011
5725
5696
5671
5654
5645
5623
5604
5486
5444
5425
5386
5332
5303
5291
5203
5188
5096
5088
4925
4915
4888
4870
4821
4775
4762
4750
4732
4658
4632
4603
4602
4591
4555
4487
4421
4367
4285
4216
4150
4135
4070
4035
3993
3989
3915
3860
3738
3713
3630
3591
3581
3551
3528
3508
3481
3451
3432
3352
3342
3297
3283
3241
3215
3151
3116
2994
2900
2750
2651
2633
2605
2579
2566
2508
2484
2467
2464
2452
2334
2278
2262
2202
2128
2119
2113
2093
1966
1931
1862
1832
1827
1821
1781
1667
1624
1616
1604
1568
1513
1398
1363
1335
1322
1247
1098
1054
1024
950
804
749
548
479
458
455
396
394
322
311
267
215
210
84
46
14
13
1
