99893
99848
99832
99771
99746
99697
99676
99599
99584
99493
99409
99379
99329
99189
99181
99172
99156
99131
99103
98975
98917
98881
98880
98822
98820
98769
98692
98638
98625
98611
98595
98454
98433
98245
98212
98076
98034
97958
97843
97841
97831
97812
97792
97738
97662
97585
97530
97455
97438
97428
97360
97300
97127
97090
97002
96978
96813
96679
96672
96553
96491
96349
96320
96274
96271
96269
96205
96189
96168
96156
96065
95989
95949
95944
95903
95668
95597
95589
95573
95541
95511
95500
95434
95408
95265
95231
95182
95178
95129
95055
94891
94866
94855
94843
94841
94825
94762
94728
94695
94672
94638
94618
94613
94545
94522
94496
94397
94351
94217
94178
94018
93949
93936
93858
93806
93793
93743
93724
93716
93601
93540
93527
93465
93463
93321
93316
93311
93301
93298
93263
93252
93246
93181
93168
93154
93141
93017
92953
92948
92944
92766
92742
92603
92581
92559
92531
92452
92415
92350
92307
92294
92194
92000
91912
91912
91900
91853
91777
91721
91653
91638
91609
91524
91501
91448
91421
91418
91415
91385
91369
91294
91243
91156
91095
91092
91080
91068
91044
90889
90867
90865
90832
90755
90693
90686
90655
90591
90507
90487
90480
90375
90359
90350
90341
90305
90281
90237
90213
90209
90205
90083
90066
90030
89969
89954
89781
89739
89707
89664
89661
89581
89484
89346
89327
89293
89195
89190
89164
89153
89151
89117
89109
89073
89044
89040
89010
88965
88958
88958
88924
88852
88831
88818
88802
88753
88594
88592
88472
88368
88318
88262
88254
88217
88195
88049
88002
87991
87987
87910
87862
87844
87794
87760
87646
87634
87564
87512
87480
87464
87444
87350
87228
87101
87037
87031
87022
86982
86970
86805
86574
86499
86454
86430
86407
86344
86337
86298
86286
86249
86134
86109
86091
85989
85986
85824
85819
85754
85727
85699
85602
85600
85584
85527
85421
85357
85203
85178
85142
85060
85050
85017
84957
84898
84833
84789
84777
84725
84698
84697
84665
84632
84602
84595
84562
84520
84469
84425
84411
84384
84346
84335
84304
84280
84200
84168
84096
84076
84003
83997
83937
83889
83767
83682
83681
83665
83591
83523
83515
83507
83439
83409
83378
83333
83291
83261
83086
83071
83058
83038
82997
82733
82622
82497
82465
82447
82332
82234
82232
82225
82215
82122
82111
82019
82011
81979
81915
81915
81744
81731
81724
81721
81654
81551
81503
81482
81361
81344
81329
81314
81197
81192
81149
81090
81071
81063
81050
80994
80978
80850
80731
80717
80704
80643
80541
80519
80397
80394
80358
80348
80302
80201
80181
80058
80047
79884
79787
79678
79669
79551
79500
79452
79320
79308
79276
79210
79160
79134
79128
79117
79111
79088
79004
78939
78896
78830
78742
78654
78576
78559
78547
78475
78465
78432
78414
78383
78321
78234
78222
78203
78193
78163
78141
78105
78086
78078
78037
78008
77970
77899
77848
77811
77792
77725
77710
77641
77561
77442
77351
77329
77271
77268
77229
77170
77143
77088
76972
76955
76940
76888
76884
76860
76807
76746
76651
76512
76509
76495
76467
76442
76406
76358
76357
76354
76348
76284
76284
76199
76152
76025
76017
75874
75873
75856
75700
75674
75654
75595
75594
75592
75575
75537
75499
75471
75355
75177
75158
75154
75107
75083
75083
74991
74953
74921
74916
74858
74764
74684
74592
74560
74502
74394
74278
74186
74126
74112
74070
74047
74006
73981
73976
73958
73922
73912
73727
73674
73672
73658
73582
73574
73566
73537
73510
73499
73494
73378
73378
73362
73343
73311
73156
73146
73139
73098
73097
73088
73064
73043
73002
73000
72959
72854
72828
72788
72782
72655
72425
72326
72323
72268
72234
72212
72201
72140
72112
72069
72036
71968
71946
71856
71803
71794
71679
71599
71525
71512
71479
71418
71396
71386
71342
71342
71337
71288
71264
71256
71241
71223
71145
71104
70909
70897
70838
70767
70763
70692
70629
70614
70605
70590
70527
70479
70473
70462
70459
70458
70417
70298
70282
70278
70264
70199
70155
70143
70030
70025
70004
69995
69978
69870
69749
69724
69649
69594
69556
69555
69526
69393
69392
69341
69334
69320
69232
69185
69122
69095
69062
69047
68947
68868
68811
68756
68743
68721
68686
68685
68677
68498
68458
68427
68406
68324
68276
68183
68064
67990
67989
67961
67946
67862
67838
67732
67718
67703
67551
67545
67539
67537
67491
67355
67338
67185
67165
67129
67106
66977
66966
66963
66962
66947
66927
66826
66771
66646
66641
66551
66531
66489
66463
66460
66444
66435
66407
66381
66326
66311
66281
66246
66095
66066
66016
65955
65954
65944
65850
65797
65770
65598
65574
65526
65503
65503
65477
65468
65467
65459
65445
65304
65297
65261
65148
65106
65000
64943
64934
64873
64779
64735
64513
64497
64472
64428
64306
64102
64057
64026
63940
63933
63858
63779
63715
63665
63635
63615
63340
63306
63296
63227
63212
63136
63127
62998
62986
62965
62946
62912
62863
62853
62802
62751
62662
62644
62589
62561
62477
62469
62465
62449
62395
62216
62215
62141
62078
61996
61876
61854
61847
61781
61754
61653
61571
61462
61455
61214
61201
61174
61174
61149
61038
61035
61001
60995
60958
60897
60888
60852
60674
60447
60407
60364
60362
60279
60088
60030
60022
60021
59991
59954
59945
59927
59827
59686
59611
59579
59556
59498
59397
59379
59300
59255
59109
59098
59019
58959
58933
58888
58861
58815
58799
58789
58752
58740
58708
58631
58594
58399
58384
58334
58207
58063
58054
58032
57819
57763
57724
57680
57627
57557
57537
57474
57440
57416
57416
57348
57333
57251
57243
57179
57172
57146
57136
57126
57085
57023
57017
56957
56884
56845
56763
56739
56689
56686
56663
56617
56552
56392
56346
56341
56336
56265
56215
56052
55944
55920
55897
55886
55879
55795
55725
55654
55633
55609
55590
55537
55515
55306
55161
55082
55039
55017
54978
54972
54971
54947
54894
54854
54767
54680
54658
54623
54556
54518
54436
54385
54384
54373
54354
54167
54149
54093
54087
54026
53970
53947
53937
53906
53802
53799
53792
53761
53653
53556
53488
53468
53441
53367
53319
53280
53196
53179
53080
53075
53065
53062
53046
53045
52931
52891
52882
52870
52854
52776
52666
52610
52479
52462
52453
52414
52403
52398
52294
52220
52190
52178
52155
52150
52139
52086
52022
52007
52004
51968
51949
51807
51743
51694
51689
51686
51637
51600
51486
51432
51285
51239
51208
51165
50954
50942
50937
50826
50820
50800
50796
50609
50575
50551
50522
50423
50393
50354
50349
50329
50304
50298
50258
50148
50078
49929
49903
49883
49851
49717
49602
49568
49535
49499
49395
49382
49359
49225
49073
49051
49013
48993
48955
48948
48940
48892
48818
48794
48713
48560
48449
48397
48302
48296
48179
48171
48118
48096
48072
47973
47972
47965
47914
47900
47785
47629
47601
47590
47583
47466
47429
47279
47261
47108
47101
47036
47016
47008
47007
46979
46910
46903
46832
46768
46706
46700
46608
46550
46417
46390
46318
46169
46073
46066
46062
45962
45926
45898
45765
45743
45724
45717
45690
45666
45615
45579
45561
45444
45390
45348
45315
45091
44971
44960
44840
44781
44762
44654
44622
44616
44601
44595
44526
44519
44301
44288
44166
44125
44071
44042
44004
43985
43801
43734
43668
43665
43649
43555
43551
43471
43377
43368
43353
43289
43216
43155
43019
43018
42983
42960
42890
42869
42828
42811
42809
42721
42702
42605
42598
42591
42584
42558
42543
42534
42442
42266
42251
42213
42155
42112
42052
42035
41821
41652
41627
41551
41496
41453
41421
41409
41406
41330
41304
41222
41160
41059
41009
40976
40930
40887
40827
40824
40790
40742
40688
40644
40605
40507
40498
40455
40432
40424
40263
40168
40119
40117
40065
40049
40048
40035
40027
39959
39944
39900
39881
39853
39850
39830
39726
39640
39573
39368
39364
39360
39333
39219
39165
39029
39015
38997
38982
38962
38796
38731
38639
38636
38613
38595
38594
38593
38547
38530
38522
38354
38070
38052
38022
38020
37942
37913
37902
37647
37630
37596
37566
37428
37388
37339
37319
37283
37245
37187
37039
37007
36947
36912
36859
36839
36766
36726
36723
36640
36620
36516
36490
36471
36469
36435
36428
36371
36312
36296
36270
36168
36075
36035
36020
35954
35894
35832
35825
35788
35714
35704
35702
35661
35612
35595
35512
35492
35492
35400
35370
35283
35254
35165
35151
35106
35041
34893
34872
34839
34713
34706
34705
34702
34612
34603
34574
34540
34465
34256
34240
34157
34121
34062
33980
33965
33955
33951
33942
33941
33938
33937
33891
33867
33794
33667
33598
33588
33554
33472
33444
33430
33405
33351
33321
33289
33214
33202
33169
33162
33071
33062
33001
32906
32884
32875
32816
32779
32763
32755
32738
32736
32653
32338
32312
32188
32143
32103
31986
31919
31899
31888
31861
31842
31817
31747
31509
31409
31369
31300
31296
31257
31153
31143
31121
31118
31044
30998
30959
30919
30901
30897
30827
30815
30729
30645
30615
30582
30548
30439
30421
30381
30357
30330
30325
30308
30236
30234
30091
30079
30077
30066
30041
29984
29981
29963
29927
29885
29875
29771
29662
29585
29572
29569
29530
29504
29403
29360
29016
29014
28935
28853
28827
28783
28703
28589
28560
28559
28502
28463
28440
28255
28210
28172
28167
28137
28075
28066
27949
27756
27752
27731
27726
27675
27639
27620
27606
27581
27545
27545
27399
27277
27238
27188
27188
27159
27108
27102
27069
27068
27012
26985
26944
26919
26910
26904
26862
26796
26793
26785
26768
26628
26625
26609
26548
26514
26386
26362
26357
26352
26136
26082
26022
25946
25826
25797
25795
25741
25598
25543
25479
25401
25272
25229
25185
25108
25092
25074
25055
25040
24979
24898
24884
24812
24799
24771
24749
24704
24674
24659
24628
24602
24591
24570
24503
24480
24456
24403
24394
24386
24318
24301
24236
24209
24150
24131
24117
24021
23869
23839
23814
23685
23685
23624
23614
23468
23464
23412
23378
23276
23232
23205
23178
23156
23105
23099
22989
22965
22938
22915
22914
22904
22902
22901
22900
22829
22756
22690
22547
22461
22449
22416
22409
22393
22372
22275
22263
22151
22112
22049
21890
21884
21859
21834
21820
21778
21769
21730
21683
21662
21476
21473
21427
21387
21383
21249
21213
21194
21186
21084
21055
21022
20986
20843
20823
20802
20799
20771
20708
20695
20681
20675
20669
20598
20568
20465
20413
20402
20400
20375
20358
20346
20339
20321
20293
20164
20120
20071
19999
19877
19870
19814
19760
19671
19646
19593
19578
19550
19372
19317
19303
19236
19174
18978
18968
18900
18833
18804
18797
18694
18580
18555
18455
18452
18423
18323
18281
18214
18212
18180
18087
18086
18082
18041
18020
18009
17903
17902
17748
17712
17656
17616
17609
17465
17462
17337
17314
17245
17139
17079
17077
17076
16823
16720
16708
16581
16543
16508
16503
16491
16459
16456
16448
16404
16264
16242
16174
16152
16150
16130
16043
16016
15808
15715
15701
15698
15661
15567
15542
15489
15349
15267
15256
15167
15124
15086
14976
14934
14897
14869
14842
14813
14707
14679
14676
14637
14601
14515
14496
14428
14350
14303
14198
14188
14106
14091
14057
14034
14021
13949
13880
13793
13780
13769
13692
13684
13651
13569
13541
13451
13399
13358
13347
13271
13122
12926
12921
12876
12747
12746
12738
12695
12661
12659
12626
12603
12567
12565
12518
12491
12358
12057
12023
12020
11996
11961
11955
11940
11925
11714
11543
11515
11446
11289
11286
11239
11121
10996
10948
10774
10752
10536
10513
10497
10437
10415
10412
10290
10245
10222
10218
10218
10187
10063
10060
10053
10000
9993
9871
9847
9670
9436
9426
9394
9387
9359
9340
9287
9200
9109
8936
8922
8849
8808
8710
8607
8606
8522
8473
8429
8380
8352
8305
8283
8259
8219
8169
8152
8149
8115
7880
7847
7835
7785
7779
7581
7578
7570
7518
7497
7482
7452
7412
7399
7353
7327
7221
7219
7144
7088
7039
7005
6947
6854
6828
6819
6756
6730
6704
6699
6673
6645
6610
6426
6410
6375
6346
6316
6270
6259
6168
6151
6132
6047
6025
5974
5974
5971
5951
5945
5880
5852
5805
5795
5393
5341
5323
5059
4906
4827
4800
4798
4778
4773
4712
4673
4641
4614
4584
4568
4486
4459
4454
4428
4401
4330
4302
4299
4282
4140
4026
4018
4001
3991
3970
3887
3780
3749
3593
3493
3309
3297
3247
3207
3104
3046
2904
2875
2849
2743
2738
2717
2643
2630
2569
2538
2383
2377
2327
2254
2248
2193
2164
2148
2120
1850
1840
1806
1750
1690
1670
1624
1616
1573
1571
1552
1525
1441
1431
1428
1405
1383
1370
1366
1350
1345
1300
1290
1193
1192
1187
1176
1158
1138
1129
1086
1085
1055
1048
969
940
861
717
691
599
550
453
444
432
366
315
287
273
272
190
114
62
