99861
99848
99845
99745
99711
99613
99603
99602
99595
99589
99556
99502
99463
99331
99227
99191
99052
98876
98806
98758
98621
98604
98536
98475
98387
98373
98255
98249
98233
98228
98180
98150
98100
98098
98014
97957
97957
97947
97920
97739
97704
97567
97426
97420
97396
97383
97316
97241
97152
97133
97124
97023
96898
96855
96831
96789
96788
96576
96560
96552
96521
96454
96371
96322
96298
96193
96178
96142
96124
96093
95969
95925
95919
95917
95701
95681
95637
95616
95582
95429
95334
95326
95275
95162
95086
95081
95037
94851
94849
94840
94801
94573
94462
94437
94343
94156
94152
94120
94108
94101
94056
94036
94019
93998
93934
93912
93864
93833
93812
93673
93605
93548
93402
93368
93365
93294
93177
93156
93134
93134
93069
93042
92998
92885
92851
92789
92757
92744
92694
92627
92567
92558
92549
92516
92494
92475
92439
92392
92369
92352
92328
92322
92241
92170
92131
91833
91810
91793
91790
91776
91704
91659
91648
91551
91419
91339
91303
91151
91075
91047
91033
91032
90972
90966
90947
90915
90886
90818
90777
90742
90701
90597
90518
90460
90432
90413
90364
90355
90326
90298
90170
90156
90147
90147
90109
90108
90067
90050
89994
89994
89984
89971
89958
89850
89843
89803
89716
89684
89667
89649
89631
89510
89495
89431
89342
89342
89305
89282
89217
89097
89089
89077
89042
89039
88988
88961
88937
88880
88854
88804
88789
88634
88632
88517
88390
88390
88347
88275
88263
88092
88027
88016
87994
87976
87931
87873
87771
87648
87622
87565
87524
87453
87315
87263
87247
87217
86878
86812
86771
86684
86613
86439
86395
86383
86353
86342
86314
86243
86210
86184
86159
86062
86039
86017
85974
85839
85808
85787
85726
85638
85606
85600
85597
85486
85368
85324
85279
85213
85210
85026
85003
84952
84919
84862
84859
84844
84769
84751
84663
84653
84640
84625
84580
84485
84479
84447
84417
84404
84354
84348
84264
84228
84199
84143
84084
83948
83851
83813
83762
83755
83735
83680
83680
83639
83565
83494
83491
83368
83332
83298
83295
83293
83250
83166
83152
83144
83140
83132
83086
83051
83000
82952
82913
82906
82839
82808
82708
82661
82643
82631
82555
82546
82529
82516
82509
82502
82500
82450
82399
82325
82267
82248
82239
82233
82227
82070
82063
82004
81926
81818
81773
81740
81717
81579
81491
81478
81464
81390
81344
81322
81320
81204
81124
81047
80963
80927
80906
80780
80772
80504
80414
80383
80358
80347
80345
80162
80081
80037
80028
80009
80009
79993
79960
79912
79798
79727
79697
79646
79553
79446
79432
79274
79241
79135
79082
78984
78919
78869
78831
78798
78740
78714
78702
78671
78655
78577
78535
78525
78511
78362
78338
78313
78258
78246
78146
78144
78105
78013
77951
77916
77896
77866
77778
77695
77691
77607
77555
77541
77448
77341
77322
77277
77272
77226
77225
77189
77071
77052
77003
76994
76978
76912
76861
76859
76818
76772
76648
76611
76598
76589
76499
76364
76360
76321
76220
76074
75998
75994
75890
75848
75786
75758
75741
75702
75697
75660
75586
75556
75539
75527
75443
75435
75370
75354
75337
75332
75173
75167
75077
75000
74995
74956
74927
74924
74747
74745
74698
74680
74639
74621
74597
74519
74477
74421
74343
74340
74326
74319
74301
74257
74253
74229
74218
74074
73941
73894
73878
73850
73794
73701
73650
73643
73616
73576
73403
73397
73370
73366
73358
73334
73278
73143
72986
72984
72971
72849
72760
72708
72634
72627
72542
72532
72513
72509
72507
72399
72349
72337
72125
72077
72040
71990
71961
71800
71645
71635
71623
71610
71577
71502
71459
71451
71421
71412
71322
71319
71310
71271
71256
71171
71117
70989
70946
70945
70846
70826
70823
70808
70788
70765
70651
70618
70537
70444
70391
70375
70333
70287
70266
70216
69972
69947
69834
69820
69755
69689
69650
69584
69580
69424
69378
69316
69236
69200
69147
69122
69103
69101
69083
68990
68872
68810
68798
68754
68591
68547
68530
68505
68492
68478
68431
68426
68423
68402
68391
68354
68337
68291
68279
68116
68052
67927
67919
67913
67908
67892
67802
67780
67746
67711
67680
67589
67502
67475
67422
67369
67312
67237
67136
67136
66910
66871
66862
66832
66793
66784
66776
66735
66699
66685
66655
66601
66426
66334
66253
66208
66193
66171
65930
65895
65870
65868
65863
65817
65790
65768
65746
65736
65678
65676
65675
65579
65551
65532
65495
65488
65464
65461
65443
65429
65372
65305
65301
65276
65273
65133
65090
65087
65071
65039
65003
64988
64919
64873
64851
64837
64815
64798
64656
64600
64563
64561
64522
64302
64227
64221
64138
64132
64113
64036
63839
63784
63775
63774
63738
63705
63682
63603
63600
63587
63584
63512
63499
63488
63420
63369
63354
63243
63175
63104
63073
63018
62941
62924
62912
62860
62810
62623
62587
62534
62400
62388
62362
62350
62325
62252
62243
62195
62188
62160
62140
62049
62006
61985
61948
61907
61855
61843
61827
61696
61633
61606
61591
61516
61481
61474
61444
61433
61331
61168
61148
61105
61096
61091
61036
60940
60923
60913
60874
60837
60829
60815
60765
60748
60717
60529
60527
60500
60470
60452
60434
60370
60368
60358
60342
60263
60260
60211
60211
60071
59950
59883
59802
59792
59787
59661
59660
59636
59612
59492
59469
59445
59374
59358
59355
59341
59159
59131
59017
59015
59013
58977
58893
58853
58730
58693
58688
58668
58659
58636
58581
58574
58522
58484
58452
58436
58430
58417
58411
58294
58286
58149
58067
58043
58032
57974
57962
57871
57800
57701
57673
57610
57561
57491
57437
57368
57350
57265
57264
57233
57220
57196
57172
57100
57041
56940
56884
56835
56822
56790
56726
56696
56612
56591
56288
56283
56263
56225
56201
56171
56118
56108
56078
56060
56026
56021
55949
55808
55765
55710
55697
55662
55647
55459
55457
55397
55393
55350
55333
55268
55198
55180
55179
55072
55027
55025
54954
54896
54871
54706
54686
54644
54638
54505
54499
54496
54296
54200
54138
54130
54037
53948
53893
53860
53777
53761
53618
53490
53432
53262
53243
53199
53188
53170
53034
53032
52979
52966
52894
52821
52755
52669
52631
52626
52603
52529
52500
52433
52394
52380
52323
52282
52197
52141
52120
52006
52003
51862
51766
51653
51588
51526
51491
51366
51206
51102
51019
50811
50808
50783
50740
50729
50687
50639
50631
50522
50506
50446
50429
50409
50315
50251
50213
50211
50191
50162
50108
50099
50099
50009
49957
49889
49886
49879
49828
49780
49759
49718
49662
49497
49488
49450
49261
49229
49214
49197
49155
49113
49009
48980
48944
48835
48817
48782
48778
48725
48702
48590
48579
48569
48460
48251
48187
48100
48029
47983
47724
47719
47693
47674
47603
47528
47511
47403
47339
47163
47125
47055
47005
46978
46967
46924
46815
46771
46766
46744
46683
46683
46652
46624
46584
46472
46375
46347
46347
46309
46188
46180
46168
46060
46035
45995
45963
45907
45843
45822
45772
45727
45720
45566
45528
45433
45422
45391
45379
45244
45235
45147
45141
45072
45065
44967
44955
44862
44855
44842
44804
44678
44602
44544
44418
44347
44326
44231
44208
44157
44049
43996
43966
43961
43923
43902
43869
43808
43803
43762
43758
43643
43641
43590
43544
43508
43478
43324
43306
43276
43267
43173
43023
43000
42908
42893
42857
42774
42766
42722
42700
42487
42289
42282
42270
42187
42173
42137
42054
41957
41939
41891
41875
41828
41753
41700
41678
41664
41576
41566
41564
41525
41474
41436
41428
41391
41281
41210
41120
41102
41060
40997
40974
40956
40908
40898
40892
40806
40805
40721
40678
40673
40614
40605
40514
40387
40364
40331
40097
40083
40041
40024
39933
39925
39895
39809
39749
39706
39670
39499
39484
39395
39374
39362
39341
39324
39227
39217
39178
39064
39045
39022
39013
38980
38884
38780
38704
38601
38551
38456
38418
38410
38400
38355
38339
38310
38298
38235
38166
38152
38149
38149
38148
38128
38075
38061
38033
37997
37991
37919
37690
37678
37563
37537
37394
37349
37262
37212
37116
36984
36970
36970
36889
36872
36855
36783
36773
36669
36668
36648
36647
36594
36517
36491
36476
36435
36265
36222
36200
36195
36118
36115
36084
36031
35974
35962
35947
35815
35746
35741
35708
35653
35622
35610
35580
35425
35402
35369
35287
35246
35211
35168
35151
35105
35086
35052
34983
34894
34845
34816
34787
34768
34765
34701
34652
34626
34601
34364
34332
34326
34325
34253
34253
34169
33956
33930
33895
33854
33847
33802
33781
33712
33663
33645
33613
33612
33368
33313
33303
33269
33132
33088
32993
32955
32933
32880
32875
32867
32775
32750
32721
32650
32644
32625
32570
32548
32480
32464
32426
32408
32308
32259
32252
32202
32185
32126
32097
32090
32070
31936
31932
31926
31917
31912
31805
31768
31694
31679
31606
31605
31593
31590
31503
31501
31420
31374
31369
31362
31297
31140
31122
31074
30992
30989
30977
30944
30903
30859
30813
30799
30755
30655
30631
30587
30582
30554
30470
30452
30445
30415
30400
30317
30301
30237
30234
30067
29971
29968
29954
29933
29811
29757
29754
29750
29736
29618
29500
29487
29451
29440
29440
29394
29394
29270
29213
29191
29103
29081
29046
28996
28944
28936
28895
28839
28740
28639
28580
28578
28550
28474
28442
28400
28262
28121
28069
28004
27935
27934
27831
27826
27825
27817
27785
27615
27582
27563
27546
27538
27480
27377
27270
27209
27206
27191
27157
27120
27004
26977
26664
26602
26398
26368
26350
26319
26248
26248
26248
26200
26112
26102
26073
26033
25908
25889
25842
25805
25786
25786
25693
25689
25661
25635
25629
25570
25452
25217
25196
25190
25175
25118
25114
25083
25038
24972
24865
24845
24728
24689
24689
24656
24616
24600
24523
24338
24235
24199
24173
24057
24056
24010
23974
23841
23726
23690
23675
23655
23559
23546
23530
23451
23438
23435
23334
23280
23179
23131
23075
23062
23058
23053
23002
22993
22963
22962
22917
22916
22902
22895
22851
22826
22786
22768
22767
22763
22716
22696
22690
22649
22537
22411
22380
22364
22344
22323
22285
22234
22225
22203
22178
22162
22141
22010
22002
21783
21775
21737
21737
21711
21551
21547
21523
21507
21381
21358
21357
21356
21297
21295
21287
21259
21196
21159
21116
21115
21037
20924
20772
20759
20755
20726
20722
20606
20596
20568
20565
20441
20405
20390
20361
20298
20283
20280
20275
20144
20117
20113
20063
19963
19958
19929
19845
19816
19768
19739
19727
19650
19598
19532
19501
19479
19465
19419
19410
19375
19338
19292
19257
19253
19232
19084
18860
18781
18720
18661
18638
18618
18566
18529
18519
18499
18238
18128
18079
18023
18003
17996
17868
17817
17805
17661
17658
17564
17515
17503
17500
17490
17469
17417
17405
17256
17242
17229
17198
17166
17081
17012
16818
16815
16805
16740
16653
16649
16558
16536
16534
16523
16463
16325
16320
16040
15970
15888
15860
15851
15834
15816
15787
15707
15706
15656
15615
15505
15503
15460
15450
15434
15422
15357
15289
15232
15181
15111
15109
15071
15036
14904
14760
14709
14699
14640
14631
14575
14487
14451
14357
14303
14292
14250
14227
14175
14146
14122
14121
13913
13895
13886
13756
13691
13635
13618
13541
13479
13452
13320
13281
13139
12987
12977
12977
12976
12957
12499
12496
12485
12383
12377
12313
12279
12229
12177
12174
12099
12044
12041
11961
11951
11822
11817
11808
11808
11765
11733
11664
11634
11627
11575
11560
11525
11509
11360
11311
11282
11257
11245
11245
11236
11174
11143
11083
11066
11052
10987
10937
10871
10859
10802
10721
10590
10567
10525
10370
10346
10302
10283
10204
10174
10138
10134
10109
10068
10064
10025
9996
9981
9978
9956
9885
9707
9643
9566
9542
9428
9428
9419
9417
9334
9318
9240
9215
9210
8924
8913
8710
8665
8619
8615
8564
8557
8550
8413
8407
8400
8389
8333
8286
8266
8219
8160
7947
7939
7825
7779
7715
7668
7599
7539
7428
7401
7390
7365
7315
7285
7236
7153
7113
7037
6899
6852
6849
6830
6808
6792
6669
6654
6648
6632
6547
6527
6465
6410
6406
6325
6251
6242
6105
6089
5982
5940
5904
5866
5841
5840
5798
5750
5742
5680
5642
5555
5546
5458
5405
5369
5217
5194
5189
5145
5099
5055
5003
4978
4950
4949
4896
4768
4743
4720
4716
4507
4227
3969
3956
3665
3496
3496
3452
3443
3412
3402
3373
3373
3255
3196
3179
3153
3057
3046
3005
2917
2915
2852
2851
2807
2787
2782
2775
2774
2745
2706
2577
2439
2352
2332
2326
2306
2252
2239
2224
2219
2170
2154
2120
2064
2052
1925
1918
1895
1842
1832
1780
1761
1730
1690
1535
1496
1484
1479
1365
1319
1250
1095
1094
1040
1016
996
955
939
936
893
748
711
648
606
601
591
590
475
451
353
339
306
274
239
130
114
