99998
99939
99696
99545
99514
99436
99343
99327
99272
99153
99145
99106
99063
99041
99013
98974
98942
98876
98823
98812
98765
98711
98647
98253
98195
98147
98009
97942
97926
97879
97860
97824
97770
97752
97709
97691
97631
97569
97499
97492
97451
97403
97331
97194
97111
96781
96767
96720
96636
96610
96596
96560
96518
96503
96468
96451
96276
96246
96156
96124
96121
96116
96106
96046
95895
95894
95873
95834
95823
95783
95595
95580
95545
95470
95410
95399
95384
95331
95330
95263
95244
95226
95216
95184
95125
95121
95120
95049
95045
95028
94940
94851
94784
94760
94739
94648
94609
94607
94496
94495
94454
94450
94374
94324
94302
94283
94238
94125
94031
94004
94001
93980
93972
93933
93863
93837
93819
93807
93740
93624
93620
93602
93588
93573
93546
93527
93447
93328
93252
93214
93090
93059
93054
93053
93049
93041
93027
92939
92812
92777
92747
92718
92673
92666
92549
92527
92519
92449
92441
92435
92414
92335
92332
92259
92197
92197
92188
92040
92037
92005
91913
91908
91807
91712
91523
91416
91370
91278
91272
91263
91258
91219
91217
91215
91211
91043
90673
90640
90640
90581
90576
90555
90553
90485
90440
90421
90370
90361
90339
90294
90294
90283
90235
90213
90160
90150
90098
90012
90005
90002
89997
89992
89978
89975
89952
89945
89942
89928
89829
89811
89717
89693
89665
89616
89542
89517
89504
89428
89390
89332
89310
89274
89239
89210
89207
89194
89186
89171
89053
88920
88912
88847
88825
88812
88708
88700
88592
88526
88469
88456
88254
88253
88241
88181
88115
88052
88040
87967
87955
87929
87917
87910
87909
87904
87874
87850
87801
87798
87787
87712
87712
87638
87620
87544
87515
87352
87337
87262
87184
86927
86917
86886
86785
86769
86758
86727
86678
86631
86514
86470
86468
86408
86403
86396
86373
86238
86231
86179
86159
86120
86072
86015
85927
85907
85879
85869
85852
85782
85773
85766
85763
85725
85691
85670
85493
85387
85262
85225
85189
85165
85040
85038
84909
84836
84767
84759
84736
84716
84691
84675
84623
84559
84497
84429
84401
84333
84322
84315
84256
84243
84220
84055
84013
84008
83926
83792
83673
83542
83529
83480
83444
83435
83389
83286
83200
83185
83147
83135
83066
83000
82962
82922
82921
82896
82850
82767
82747
82718
82690
82523
82470
82392
82285
82189
82129
82129
82077
82058
82050
82045
82018
81982
81867
81816
81790
81777
81707
81602
81475
81406
81344
81313
81311
81284
81082
81035
81007
80943
80923
80913
80912
80886
80721
80620
80611
80528
80421
80340
80309
80274
80222
80211
80082
80052
80043
80026
80007
79923
79916
79868
79853
79845
79839
79826
79813
79790
79725
79695
79591
79504
79436
79367
79360
79144
79142
79136
79117
79107
79070
79048
79034
79002
78940
78927
78916
78795
78759
78714
78677
78593
78533
78350
78319
78294
78288
78108
78083
78038
78002
77998
77994
77987
77940
77905
77842
77842
77835
77808
77744
77736
77720
77643
77593
77525
77407
77395
77391
77359
77327
77279
77253
77155
77152
77129
76979
76936
76935
76925
76850
76793
76699
76655
76651
76612
76305
76287
76178
76121
76108
76103
76075
75941
75860
75859
75792
75756
75730
75624
75618
75583
75583
75545
75456
75435
75355
75092
75082
74934
74914
74913
74912
74874
74859
74848
74827
74769
74667
74660
74611
74562
74561
74542
74482
74461
74458
74443
74423
74421
74343
74337
74329
74276
74224
74222
74162
74117
74047
74015
73983
73863
73853
73838
73819
73807
73788
73755
73725
73722
73721
73706
73693
73610
73536
73485
73437
73390
73310
73282
73191
73134
73108
73086
72952
72886
72884
72828
72806
72774
72701
72490
72479
72434
72401
72381
72301
72272
72269
72249
72239
72211
72201
72174
71994
71914
71887
71856
71827
71751
71740
71738
71693
71672
71656
71526
71503
71461
71316
71252
71205
71190
71150
71091
71029
71026
70969
70945
70945
70906
70849
70809
70798
70771
70752
70718
70698
70599
70563
70472
70418
70398
70354
70320
70254
70206
70154
70132
70088
69979
69966
69949
69913
69851
69729
69646
69579
69539
69528
69436
69393
69382
69379
69328
69326
69111
68999
68945
68927
68842
68688
68688
68544
68470
68444
68407
68397
68387
68377
68315
68280
68241
68145
68133
68122
68081
68041
67854
67854
67702
67577
67498
67484
67427
67425
67416
67404
67266
67265
67235
67168
67161
67155
67153
67110
67106
67052
66996
66916
66840
66813
66786
66768
66709
66677
66655
66644
66409
66366
66306
66146
66140
66083
66061
65978
65973
65932
65930
65874
65785
65771
65727
65709
65697
65675
65541
65282
65277
65219
65214
65193
65138
65108
65003
64778
64759
64724
64710
64649
64511
64449
64400
64337
64296
64246
64237
64156
64095
64086
63993
63963
63959
63917
63902
63885
63868
63861
63839
63775
63743
63721
63677
63671
63629
63617
63556
63473
63404
63355
63340
63145
63135
63119
63099
63026
62974
62970
62933
62930
62826
62775
62729
62680
62663
62630
62586
62567
62535
62495
62399
62249
62191
62135
62127
62092
62074
62062
62052
62022
61999
61983
61962
61941
61905
61888
61882
61874
61835
61833
61747
61738
61723
61710
61622
61589
61491
61408
61349
61340
61239
61168
61101
61063
60967
60937
60905
60890
60867
60816
60766
60746
60595
60446
60420
60417
60374
60369
60364
60361
60330
60314
60300
60199
60023
60012
59993
59937
59883
59790
59769
59742
59714
59646
59603
59600
59443
59394
59380
59339
59245
59244
59241
59031
59011
59005
58994
58972
58826
58805
58793
58792
58766
58714
58639
58638
58617
58603
58564
58554
58544
58473
58416
58388
58304
58239
58204
58171
58098
57966
57891
57883
57860
57844
57795
57742
57693
57650
57624
57531
57454
57434
57343
57300
57275
57228
57223
57199
57164
57111
57108
57094
57080
57056
56958
56904
56825
56779
56739
56675
56555
56514
56477
56460
56448
56437
56392
56389
56376
56367
56343
56335
56232
56214
56163
56124
56064
56028
55864
55785
55678
55549
55467
55455
55351
55313
55293
55251
55216
55146
55077
55038
55036
54963
54909
54784
54730
54694
54659
54510
54427
54344
54326
54316
54299
54234
54163
54105
54056
53858
53822
53790
53775
53754
53746
53598
53581
53572
53566
53553
53467
53399
53346
53269
53252
53172
53144
52930
52867
52785
52733
52609
52581
52570
52497
52274
52254
52206
52184
52178
52173
52077
52074
51928
51888
51805
51792
51735
51706
51687
51633
51480
51372
51229
51220
51207
51198
51093
50995
50935
50844
50812
50760
50725
50670
50576
50541
50518
50510
50411
50409
50401
50333
50226
50196
50191
50148
50138
50111
50105
50094
49997
49991
49896
49758
49749
49703
49598
49467
49445
49440
49289
49060
49055
49054
49050
49035
49002
48965
48911
48861
48827
48794
48771
48728
48665
48657
48577
48474
48464
48456
48440
48379
48277
48251
48205
48183
48175
48165
48124
47993
47902
47845
47827
47800
47792
47789
47787
47757
47698
47678
47589
47548
47531
47522
47440
47408
47403
47326
47320
47220
47194
47178
47176
47169
47130
47103
47036
46978
46977
46777
46747
46704
46644
46628
46620
46576
46429
46161
46122
46029
45981
45936
45936
45914
45811
45765
45718
45661
45653
45618
45599
45470
45264
45247
45226
45208
45182
45149
45006
44878
44849
44812
44748
44688
44601
44349
44320
44309
44298
44273
44215
44095
44092
44081
44054
44028
44021
43966
43960
43953
43915
43850
43813
43731
43604
43524
43479
43478
43428
43410
43384
43304
43277
43275
43138
42983
42972
42934
42861
42828
42824
42750
42673
42665
42655
42600
42493
42389
42369
42316
42286
42224
42169
42041
42004
41890
41804
41786
41760
41758
41676
41580
41567
41445
41427
41396
41374
41348
41317
41285
41148
41101
41080
41053
41043
41040
40818
40627
40474
40365
40258
40212
40144
40008
39896
39895
39873
39857
39825
39816
39748
39727
39625
39538
39522
39474
39467
39458
39439
39401
39276
39188
39121
39109
39082
39001
38965
38955
38954
38829
38772
38737
38692
38622
38605
38566
38543
38522
38510
38456
38451
38420
38385
38273
38264
38256
38235
38073
38068
37988
37957
37853
37851
37731
37670
37647
37608
37599
37566
37524
37482
37438
37404
37378
37376
37292
37239
37212
37207
37202
37160
36882
36838
36741
36705
36678
36669
36586
36458
36445
36412
36303
36291
36269
36267
36240
36173
36121
36064
35913
35823
35820
35803
35766
35711
35695
35412
35409
35406
35360
35274
35253
35219
35163
35151
35129
34971
34923
34857
34851
34774
34766
34659
34637
34636
34604
34549
34533
34503
34455
34454
34354
34353
34311
34185
34181
34168
34159
34101
34095
33973
33957
33822
33701
33699
33679
33625
33621
33615
33553
33495
33492
33417
33406
33404
33358
33328
33159
33036
33013
32993
32979
32950
32932
32870
32845
32819
32803
32720
32694
32683
32682
32548
32513
32428
32247
32217
32211
32173
32139
32052
31959
31926
31703
31700
31644
31445
31442
31366
31329
31268
31218
31182
31134
31093
30816
30781
30747
30743
30716
30695
30653
30642
30598
30512
30390
30387
30366
30256
30221
30054
30030
30015
30015
29983
29909
29884
29863
29816
29815
29783
29765
29758
29737
29416
29357
29312
29307
29242
29230
29149
29114
29106
29045
29013
28890
28812
28776
28704
28632
28615
28555
28505
28408
28380
28355
28308
28276
28182
28180
28015
27979
27964
27659
27455
27430
27399
27372
27279
27263
27240
27233
27209
27207
27065
26993
26941
26820
26819
26803
26803
26667
26637
26616
26574
26560
26420
26419
26345
26279
26232
26213
26062
26024
25970
25936
25903
25875
25847
25844
25825
25781
25683
25667
25572
25524
25523
25504
25372
25358
25330
25303
25283
25257
25241
25112
25061
24966
24945
24899
24872
24866
24861
24842
24815
24718
24681
24649
24550
24490
24412
24360
24355
24340
24320
24302
24163
24048
24013
23989
23802
23692
23642
23634
23610
23583
23547
23495
23415
23399
23380
23380
23285
23276
23275
23189
23179
23175
23032
23025
23000
22946
22805
22709
22674
22671
22649
22648
22647
22634
22613
22504
22500
22484
22332
22320
22172
22153
22034
22013
21987
21892
21863
21783
21688
21673
21619
21601
21584
21540
21438
21384
21336
21323
21311
21283
21224
21157
20889
20865
20846
20807
20803
20775
20664
20616
20456
20428
20382
20294
20251
20250
20241
20231
20143
20138
20092
20082
20057
20015
19980
19716
19698
19655
19626
19565
19555
19476
19449
19358
19313
19153
19115
19078
19077
19055
19042
19017
19016
18844
18619
18603
18539
18521
18499
18442
18384
18301
18276
18207
18098
18015
17997
17963
17940
17777
17710
17607
17551
17384
17192
17112
17099
17000
16974
16939
16921
16786
16739
16735
16700
16688
16497
16398
16396
16386
16317
16284
16223
16149
16121
16080
15975
15947
15917
15864
15840
15821
15718
15616
15611
15522
15483
15478
15465
15280
15082
15059
15054
14682
14679
14674
14656
14653
14593
14554
14397
14226
14175
14091
14076
14029
13877
13807
13742
13671
13621
13535
13534
13442
13354
13352
13225
13220
13193
13186
13176
12975
12879
12796
12790
12779
12765
12730
12686
12678
12638
12609
12598
12514
12493
12414
12332
12281
12242
12203
12159
12066
12063
12013
11979
11962
11961
11950
11913
11885
11866
11726
11691
11490
11487
11449
11408
11349
11332
11303
11226
11188
11157
11115
11067
11044
11024
11005
10995
10966
10947
10853
10780
10771
10732
10690
10660
10660
10643
10539
10538
10449
10436
10368
10361
10209
10208
10158
10060
9918
9874
9868
9835
9707
9690
9617
9613
9600
9562
9553
9526
9516
9483
9460
9439
9282
9225
9199
9192
9118
8882
8734
8576
8498
8497
8494
8486
8448
8421
8409
8355
8338
8243
8220
8203
8183
8177
8144
8110
8066
8018
8012
7975
7955
7872
7788
7784
7728
7675
7675
7666
7662
7635
7628
7624
7563
7474
7409
7350
7314
7268
7261
7210
7052
6991
6912
6813
6798
6741
6705
6691
6675
6670
6610
6533
6486
6450
6426
6387
6323
6295
6180
6132
6112
6091
6046
5968
5874
5870
5788
5764
5728
5721
5628
5584
5568
5503
5409
5390
5365
5339
5283
5255
5199
4954
4902
4854
4800
4777
4652
4592
4592
4587
4507
4460
4423
4398
4377
4305
4100
4052
3825
3765
3763
3755
3748
3731
3621
3600
3594
3555
3494
3472
3444
3369
3241
3238
3190
3110
3096
3047
3032
2967
2891
2794
2738
2718
2716
2708
2645
2493
2457
2423
2340
2288
2237
2159
2139
2089
2041
1981
1916
1869
1863
1861
1840
1795
1774
1755
1734
1717
1710
1698
1680
1628
1588
1583
1505
1498
1409
1397
1391
1341
1310
1264
1259
1222
1214
1207
1199
1185
1177
1132
1112
1108
1104
1094
934
889
864
854
734
700
614
578
520
501
434
406
362
330
229
213
166
132
17
