99999
99982
99959
99907
99888
99818
99616
99509
99406
99377
99371
99317
99317
99285
99210
99136
99099
99018
98972
98936
98919
98917
98856
98669
98644
98625
98541
98510
98482
98468
98439
98266
98184
98160
98150
98121
98121
98024
97922
97838
97802
97781
97778
97713
97660
97587
97567
97534
97415
97301
97289
97259
97187
97045
97014
96968
96948
96836
96828
96773
96681
96566
96511
96482
96427
96366
96330
96321
96295
96236
96213
96211
96188
96185
96169
96164
96130
96091
96006
95918
95879
95855
95813
95759
95696
95686
95652
95498
95464
95441
95438
95398
95371
95305
95286
95271
95267
95265
95218
95020
95002
94995
94943
94915
94858
94856
94814
94651
94563
94510
94497
94471
94443
94418
94383
94362
94349
94337
94288
94221
94118
94091
94039
93993
93953
93918
93901
93901
93736
93611
93580
93551
93527
93525
93433
93386
93229
93201
93038
92928
92917
92858
92805
92799
92775
92763
92759
92747
92725
92724
92622
92606
92574
92553
92522
92510
92499
92458
92352
92339
92311
92241
92159
92115
92058
91977
91964
91872
91861
91856
91855
91738
91733
91651
91618
91589
91523
91500
91492
91420
91395
91351
91293
91282
91252
91235
91155
91034
91033
91014
91009
90957
90890
90889
90886
90840
90755
90751
90663
90616
90564
90541
90455
90437
90408
90365
90345
90304
90297
90269
90269
90258
90239
90075
90029
90007
89987
89879
89852
89814
89805
89800
89797
89764
89707
89705
89700
89674
89551
89398
88985
88871
88779
88766
88725
88674
88668
88494
88349
88319
88253
88206
88115
87988
87927
87917
87853
87814
87791
87653
87498
87473
87454
87438
87338
87288
87183
87147
87073
87066
87050
86986
86979
86950
86949
86924
86915
86902
86895
86867
86865
86844
86767
86596
86579
86492
86476
86453
86449
86389
86386
86331
86312
86204
86155
86112
86092
86072
85925
85893
85796
85773
85769
85721
85683
85679
85513
85410
85329
85279
85258
85231
85212
85176
85166
85137
84965
84907
84900
84898
84893
84891
84814
84762
84719
84717
84578
84563
84548
84534
84530
84496
84452
84448
84390
84310
84264
84199
84139
84117
84061
84026
84022
83917
83895
83874
83758
83704
83612
83494
83492
83470
83321
83292
83251
83213
83211
83018
83008
83005
82936
82916
82871
82847
82842
82577
82521
82472
82376
82350
82091
82079
82063
82057
82045
82022
81991
81977
81814
81661
81614
81601
81556
81533
81483
81431
81309
81296
81282
81260
81248
81229
81209
81033
81028
81028
81022
81022
81004
80971
80927
80926
80897
80850
80840
80776
80729
80722
80677
80614
80589
80453
80413
80277
80179
80176
80174
80161
80155
80150
80111
80082
80052
79915
79859
79839
79562
79523
79371
79368
79343
79325
79312
79280
79246
79178
79165
79142
79037
78979
78971
78894
78894
78861
78814
78654
78550
78505
78407
78389
78260
78215
78212
78203
78173
78121
78107
78097
78074
77976
77908
77806
77806
77747
77739
77699
77688
77615
77611
77561
77342
77228
77210
77203
77198
77128
77105
77061
77029
76971
76870
76799
76798
76709
76679
76668
76648
76452
76435
76346
76338
76331
76250
76171
76121
76045
75888
75873
75718
75666
75660
75582
75535
75524
75498
75444
75333
75298
75296
75213
75174
75022
74991
74921
74858
74792
74757
74744
74741
74734
74700
74634
74632
74408
74402
74373
74350
74298
74294
74276
74271
74226
74184
74068
74032
73981
73960
73919
73898
73869
73773
73694
73631
73541
73462
73391
73308
73303
73253
73233
73224
73170
73133
72939
72904
72825
72794
72749
72691
72597
72595
72520
72477
72360
72162
72157
72157
72095
72045
72008
71941
71882
71838
71807
71584
71535
71512
71484
71464
71455
71307
71281
71240
71129
71114
71110
71098
70942
70927
70917
70841
70635
70611
70546
70502
70463
70404
70245
70242
70230
70224
70172
70080
70056
70027
69964
69869
69864
69702
69647
69576
69524
69446
69446
69231
69212
69203
69173
69167
69083
68997
68922
68874
68858
68775
68724
68678
68661
68650
68584
68524
68485
68467
68462
68457
68383
68353
68284
68275
68212
68197
68196
68106
68089
68002
67975
67849
67836
67833
67734
67721
67711
67701
67687
67668
67666
67556
67470
67468
67450
67441
67424
67420
67335
67321
67259
67176
67114
67109
67030
66947
66946
66892
66785
66675
66638
66615
66504
66332
66286
66261
66229
66187
66132
66047
66036
65965
65938
65844
65816
65809
65796
65613
65541
65483
65455
65386
65383
65143
65117
65076
65075
65068
65032
65003
64868
64793
64723
64658
64624
64568
64498
64305
64189
64118
64071
63944
63873
63845
63773
63708
63646
63643
63605
63364
63238
63225
63223
63162
63134
63037
63030
63027
62802
62578
62559
62347
62329
62229
62141
62136
62039
62038
61980
61967
61907
61889
61874
61679
61652
61644
61620
61606
61602
61459
61456
61364
61364
61285
61096
60962
60955
60946
60930
60886
60875
60834
60805
60788
60778
60635
60616
60611
60583
60460
60417
60390
60333
60323
60293
60285
60223
60220
60211
60176
60148
59989
59960
59942
59925
59850
59835
59814
59681
59670
59620
59589
59554
59547
59478
59472
59427
59275
59261
59238
59222
59209
59189
59163
59033
58999
58980
58945
58853
58849
58830
58809
58673
58646
58615
58533
58488
58367
58249
58212
58202
58068
58017
58010
57995
57917
57891
57851
57807
57791
57750
57675
57665
57651
57626
57577
57337
57197
57098
57066
57041
56997
56996
56910
56730
56646
56605
56603
56562
56543
56538
56509
56489
56456
56415
56391
56336
56299
56256
56224
56201
56094
56046
56008
56008
55910
55864
55857
55856
55757
55733
55681
55627
55591
55567
55541
55492
55402
55194
55192
55110
55077
55055
55016
55009
55006
54903
54775
54707
54702
54625
54543
54536
54523
54518
54506
54474
54413
54343
54326
54273
54244
54183
54159
54131
54109
54102
54088
54063
54051
54047
54043
54008
53975
53943
53941
53921
53707
53680
53633
53566
53565
53564
53462
53344
53321
53291
53287
53141
53091
53053
53020
52971
52878
52871
52674
52652
52626
52533
52523
52516
52464
52450
52379
52308
52229
52213
52205
52164
52073
52057
52051
52045
52031
52003
51911
51857
51742
51696
51630
51448
51429
51408
51364
51240
51197
51136
51125
51110
50820
50766
50764
50720
50689
50675
50612
50584
50479
50453
50392
50263
50252
49953
49940
49929
49917
49868
49853
49794
49777
49748
49623
49532
49489
49485
49467
49456
49450
49347
49330
49328
49307
49215
49215
49149
49146
49144
49134
49081
49079
49066
49037
48997
48910
48759
48759
48751
48642
48522
48477
48465
48443
48341
48332
48184
48157
48076
48049
48044
48011
47760
47746
47657
47602
47554
47526
47489
47455
47440
47436
47377
47347
47289
47026
46936
46878
46838
46830
46823
46818
46788
46724
46663
46639
46595
46558
46513
46462
46416
46395
46388
46338
46327
46323
46314
46279
46274
46089
46032
45992
45977
45967
45911
45906
45844
45797
45784
45753
45574
45477
45306
45262
45134
45122
45060
45009
44949
44829
44763
44654
44645
44636
44615
44612
44592
44450
44399
44387
44384
44266
44256
44209
44208
44086
44074
44039
44011
43987
43908
43864
43834
43771
43641
43564
43524
43457
43403
43338
43336
43296
43265
43240
43223
43220
43192
43078
43022
42968
42942
42847
42844
42843
42695
42689
42687
42684
42642
42623
42495
42413
42302
42298
42211
42052
42035
41978
41790
41761
41751
41698
41661
41659
41618
41592
41575
41555
41466
41346
41317
41311
41266
41215
41164
41092
40915
40856
40722
40532
40494
40473
40472
40424
40404
40392
40389
40388
40361
40286
40223
40186
40185
39993
39973
39967
39917
39909
39898
39833
39831
39798
39783
39747
39725
39525
39454
39423
39417
39395
39394
39379
39360
39350
39294
39234
39183
39174
39030
39004
38975
38945
38925
38819
38727
38697
38621
38611
38500
38473
38434
38323
38313
38276
38095
38025
38004
37984
37983
37952
37922
37833
37826
37791
37756
37751
37717
37623
37593
37539
37503
37498
37335
37245
37146
37025
36993
36909
36836
36778
36697
36683
36676
36594
36528
36466
36452
36408
36255
36250
36113
36108
36049
35969
35964
35881
35821
35816
35810
35743
35733
35721
35719
35590
35582
35556
35460
35451
35390
35217
35196
35190
35157
35145
35075
35044
34762
34629
34629
34495
34489
34416
34314
34285
34148
34134
34109
34100
34061
34058
34043
33933
33918
33874
33860
33820
33740
33740
33718
33695
33655
33654
33649
33543
33508
33378
33308
33267
33202
33113
33106
33080
33061
33016
32979
32978
32923
32923
32718
32705
32675
32615
32581
32578
32559
32536
32438
32300
32275
32212
32184
32165
32106
32089
31987
31893
31828
31827
31823
31806
31779
31778
31737
31668
31644
31621
31596
31596
31541
31519
31483
31477
31434
31405
31361
31359
31242
31205
31162
31149
31091
31081
30957
30948
30871
30791
30787
30778
30768
30571
30463
30442
30420
30415
30393
30374
30330
30297
30290
30189
30167
30164
30127
30100
30016
29951
29929
29917
29868
29835
29753
29672
29543
29480
29411
29401
29355
29339
29282
29275
29230
29216
29210
29170
29135
29118
29104
28912
28906
28887
28869
28861
28847
28812
28785
28734
28587
28517
28446
28427
28420
28406
28391
28330
28267
28200
28153
28049
28036
28029
28029
28011
28008
27870
27866
27803
27789
27768
27742
27706
27705
27665
27617
27611
27594
27541
27453
27401
27273
27195
27126
27122
27061
27061
27029
26969
26948
26940
26918
26834
26826
26793
26792
26764
26751
26649
26615
26592
26428
26347
26335
26320
26284
26261
26220
26189
26125
26079
25988
25790
25788
25773
25699
25659
25654
25651
25578
25562
25531
25526
25498
25485
25479
25374
25363
25286
25234
25192
25173
25097
24979
24948
24935
24894
24881
24823
24809
24754
24712
24689
24650
24509
24464
24365
24359
24349
24344
24283
24221
24060
23961
23955
23914
23870
23693
23573
23564
23531
23494
23473
23454
23422
23377
23275
23271
23263
23183
23176
23157
23122
23054
22901
22840
22797
22762
22721
22708
22707
22656
22645
22542
22540
22524
22455
22425
22343
22306
22106
22087
22077
22059
21978
21903
21850
21818
21816
21809
21796
21757
21698
21614
21516
21482
21452
21371
21301
21288
21283
21219
21218
21114
20990
20983
20914
20847
20818
20738
20679
20664
20643
20630
20581
20553
20521
20375
20335
20323
20248
19983
19972
19941
19940
19886
19774
19685
19533
19509
19489
19464
19422
19396
19340
19266
19238
19215
19178
19151
19127
19099
19097
18973
18877
18823
18795
18720
18703
18674
18647
18607
18510
18495
18468
18443
18424
18407
18393
18390
18242
18240
18185
18012
17976
17741
17711
17672
17651
17560
17518
17504
17500
17478
17477
17454
17369
17363
17351
17335
17330
17158
17104
17055
17005
17004
16955
16950
16948
16920
16878
16834
16782
16755
16750
16657
16651
16484
16406
16390
16299
16279
16248
16223
16132
16129
16108
16034
16025
15993
15970
15580
15570
15548
15544
15471
15450
15407
15400
15261
15243
15233
15211
15208
15192
15162
15078
15050
15038
15024
15022
14954
14900
14859
14846
14660
14612
14589
14410
14397
14367
14258
14154
14081
14012
13957
13932
13864
13815
13737
13734
13727
13723
13678
13646
13587
13576
13455
13406
13404
13318
13316
13310
13299
13252
13241
13198
13182
13177
13117
12832
12791
12698
12676
12622
12579
12560
12523
12447
12418
12397
12395
12386
12382
12374
12208
12141
12131
12103
12064
12062
12016
12014
12001
11899
11843
11759
11751
11735
11727
11715
11705
11694
11651
11564
11561
11556
11553
11518
11506
11444
11313
11262
11229
11212
11210
11206
11184
11075
11066
10943
10860
10844
10838
10755
10734
10727
10570
10559
10546
10500
10492
10477
10476
10451
10396
10328
10294
10231
10220
10207
10196
10176
10016
9998
9989
9818
9730
9673
9661
9660
9605
9548
9544
9517
9517
9401
9382
9338
9272
9222
8938
8925
8841
8820
8808
8712
8668
8589
8573
8495
8367
8338
8164
8093
8054
8029
8025
7856
7824
7819
7800
7793
7685
7481
7474
7274
7270
7228
7223
7135
7065
7048
7039
7035
6986
6961
6850
6743
6719
6402
6376
6237
6144
6054
6022
5903
5628
5620
5597
5583
5557
5401
5390
5368
5299
5293
5264
5196
5132
5117
5106
5079
4927
4924
4920
4894
4857
4792
4791
4722
4676
4669
4656
4584
4556
4544
4466
4305
4250
4220
4168
4153
4098
4090
4023
3938
3912
3893
3648
3647
3631
3591
3474
3473
3317
3274
3262
3236
3188
3114
2984
2894
2852
2810
2732
2692
2640
2558
2553
2519
2508
2455
2445
2433
2416
2210
2126
2016
2009
2006
1987
1950
1948
1871
1870
1610
1512
1392
1388
1350
1199
1164
1113
1102
1084
1064
938
934
911
896
790
780
735
684
653
529
508
458
451
447
434
400
392
370
224
181
179
152
53
