99892
99877
99873
99768
99708
99694
99690
99623
99581
99579
99571
99513
99378
99371
99344
99328
99313
99252
99156
99119
99099
99067
99013
98964
98922
98892
98834
98824
98813
98803
98766
98764
98742
98650
98634
98484
98321
98299
98291
98245
98157
98136
98102
98074
98063
98047
98023
98020
97949
97899
97895
97884
97858
97602
97517
97361
97217
97071
97056
96980
96942
96934
96814
96776
96720
96690
96556
96538
96535
96412
96404
96386
96332
96183
96078
95989
95983
95958
95950
95947
95889
95831
95827
95774
95696
95669
95632
95622
95477
95445
95418
95215
95167
95161
95112
95085
95040
94957
94906
94883
94869
94845
94813
94799
94794
94746
94733
94729
94704
94598
94554
94539
94516
94476
94408
94398
94379
94348
94335
94317
94279
94274
94272
94231
94125
94104
93994
93990
93973
93895
93855
93826
93811
93793
93789
93695
93689
93544
93460
93456
93433
93410
93402
93347
93329
93326
93310
93309
93281
93264
93264
93227
93188
93117
93116
93109
93090
93089
93080
93061
93058
93057
92927
92855
92817
92667
92615
92482
92419
92345
92323
92269
92264
92242
92193
92188
92182
92171
92124
92116
91968
91681
91657
91617
91576
91556
91444
91434
91340
91324
91288
91283
91194
91097
91096
91063
91047
90994
90899
90897
90871
90750
90732
90731
90668
90668
90596
90558
90545
90545
90518
90492
90473
90470
90417
90398
90393
90255
90104
90082
90073
90051
89951
89922
89877
89865
89849
89836
89590
89558
89525
89458
89450
89379
89317
89269
89249
89196
89172
89167
89151
89129
89127
89105
89083
89046
89015
88932
88895
88824
88736
88732
88478
88409
88165
88144
88099
88034
87991
87852
87662
87657
87593
87537
87467
87428
87412
87402
87391
87371
87274
87188
87138
87124
87119
87111
87077
87058
86991
86991
86948
86877
86863
86693
86651
86627
86613
86575
86523
86519
86489
86441
86435
86421
86420
86387
86350
86308
86259
86210
86170
86167
86165
86161
86139
86133
86116
86069
85989
85969
85915
85888
85868
85814
85807
85794
85759
85674
85630
85532
85526
85446
85286
85281
85279
85153
85152
85095
85076
85066
85051
84990
84901
84851
84846
84836
84742
84735
84719
84652
84467
84449
84358
84335
84306
84266
84220
84196
83967
83903
83870
83829
83815
83802
83712
83638
83583
83519
83515
83448
83425
83421
83411
83350
83348
83266
83255
83254
83108
83089
82962
82931
82894
82758
82641
82611
82560
82412
82409
82392
82374
82353
82279
82250
82219
82211
82164
82072
82038
81918
81863
81805
81785
81777
81770
81678
81670
81578
81484
81450
81443
81343
81326
81325
81300
81279
81259
81244
81216
81207
81046
80995
80951
80886
80777
80704
80646
80641
80632
80606
80557
80529
80523
80510
80484
80434
80403
80386
80336
80307
80298
80194
80146
80087
80048
79969
79855
79815
79776
79774
79720
79612
79510
79489
79468
79463
79362
79344
79294
79236
79225
79173
79169
79053
79001
78986
78947
78930
78902
78849
78796
78793
78774
78749
78726
78699
78684
78683
78610
78594
78547
78461
78360
78336
78214
78172
78150
78122
78119
78048
77957
77901
77825
77786
77744
77698
77660
77637
77546
77501
77459
77430
77366
77313
77251
77201
77183
77171
77110
77075
77053
77013
76994
76990
76962
76962
76923
76844
76745
76714
76640
76473
76397
76322
76308
76239
76228
76063
76031
76020
75989
75984
75927
75766
75602
75461
75453
75448
75350
75315
75239
75229
75192
75124
75068
75032
75014
74916
74912
74807
74790
74753
74654
74640
74627
74611
74586
74564
74562
74537
74453
74452
74441
74397
74373
74359
74305
74284
74240
74163
74113
74060
74013
73870
73739
73481
73409
73378
73344
73255
73251
73193
73145
73053
73042
73009
73008
72997
72965
72904
72888
72846
72819
72803
72747
72673
72650
72607
72587
72525
72480
72419
72371
72355
72194
72170
72126
72114
72062
72060
72009
72000
71987
71975
71926
71914
71910
71844
71730
71684
71666
71660
71658
71582
71547
71469
71434
71324
71243
71213
71095
71056
70985
70974
70949
70855
70829
70754
70417
70338
70300
70225
70220
70144
70012
69981
69877
69769
69759
69737
69729
69677
69662
69611
69417
69337
69325
69197
69148
69093
69075
69032
69003
68952
68921
68910
68898
68890
68851
68845
68748
68713
68580
68579
68574
68514
68428
68413
68364
68133
68039
68013
68006
67983
67929
67848
67688
67636
67599
67523
67452
67325
67307
67283
67146
67138
67138
67121
67025
67022
66902
66902
66880
66833
66828
66707
66684
66681
66673
66642
66532
66521
66511
66506
66450
66423
66381
66318
66261
66208
66106
66073
66021
65912
65906
65884
65859
65827
65816
65715
65616
65565
65516
65472
65436
65426
65364
65322
65250
65164
65135
65125
65094
65003
64992
64976
64952
64928
64914
64811
64761
64729
64498
64347
64306
64274
64209
64192
64121
64115
64109
64101
64043
63987
63950
63921
63754
63732
63706
63686
63567
63562
63556
63539
63472
63372
63360
63339
63338
63226
63205
63196
63112
62976
62908
62896
62862
62781
62759
62744
62554
62450
62405
62390
62357
62343
62321
62110
62063
62048
62008
61986
61957
61912
61860
61848
61672
61669
61655
61574
61566
61471
61470
61351
61164
61092
61014
60966
60951
60894
60859
60811
60768
60674
60636
60629
60618
60612
60591
60567
60546
60461
60450
60421
60394
60363
60264
60249
60220
60209
60202
60143
60141
60097
60023
59824
59802
59797
59769
59711
59687
59610
59572
59538
59332
59326
59315
59257
59243
59239
59190
59180
59137
59118
59109
59101
59096
59092
58926
58892
58855
58769
58758
58671
58606
58580
58537
58464
58398
58386
58263
58259
58112
57983
57972
57970
57916
57888
57877
57855
57844
57782
57738
57736
57735
57618
57597
57593
57535
57441
57429
57408
57356
57333
57285
57249
57169
57052
57045
57010
56954
56898
56891
56800
56795
56700
56681
56643
56605
56604
56490
56375
56298
56278
56223
56104
56003
55917
55821
55786
55778
55734
55691
55639
55622
55416
55347
55313
55288
55286
55259
55231
55143
55096
55018
55009
54927
54886
54850
54835
54748
54740
54721
54641
54623
54504
54465
54433
54400
54358
54328
54307
54289
54226
54203
54176
54104
54095
54071
54044
53987
53937
53881
53819
53754
53738
53720
53703
53691
53568
53525
53448
53383
53328
53270
53234
53222
53198
53171
53043
53039
52984
52922
52894
52823
52811
52557
52512
52500
52455
52386
52300
52187
52182
52090
52066
52053
52027
52012
51985
51935
51926
51922
51902
51894
51838
51837
51806
51654
51609
51591
51537
51492
51374
51346
51339
51275
51265
51262
51194
51163
51154
51092
51069
51029
50961
50935
50849
50829
50813
50809
50789
50633
50572
50536
50493
50479
50398
50383
50344
50192
50057
49978
49955
49907
49843
49837
49826
49805
49725
49557
49444
49357
49355
49341
49330
49237
49227
49064
48963
48766
48739
48736
48721
48700
48693
48614
48475
48424
48340
48292
48265
48241
48175
48166
48131
48078
48009
48000
47983
47897
47851
47832
47663
47645
47604
47529
47511
47459
47456
47351
47226
47002
46996
46951
46945
46746
46716
46632
46453
46419
46376
46301
46275
46061
45977
45900
45879
45753
45684
45565
45544
45542
45525
45458
45441
45427
45367
45365
45361
45348
45336
45268
45187
45169
45118
45080
45066
44762
44760
44713
44589
44544
44506
44471
44353
44307
44254
44192
44061
44058
43982
43936
43762
43760
43733
43731
43709
43699
43679
43676
43667
43643
43631
43630
43599
43587
43517
43500
43286
43264
43247
43239
43215
43185
43110
43109
42916
42839
42831
42827
42773
42729
42649
42538
42521
42519
42418
42338
42335
42277
42238
42154
42132
42070
41989
41961
41959
41949
41936
41925
41861
41830
41811
41783
41650
41650
41558
41521
41279
41248
41183
41090
41065
41013
40984
40967
40865
40844
40842
40841
40627
40616
40586
40538
40530
40411
40406
40391
40262
40220
40211
40194
40159
40139
40112
40099
40064
40027
40011
40003
39945
39939
39878
39852
39740
39633
39610
39556
39553
39540
39529
39491
39471
39418
39291
39283
39230
39224
39221
39188
39184
39142
39140
39131
39098
39094
38829
38811
38733
38728
38726
38700
38688
38561
38449
38383
38344
38215
38189
38009
37967
37953
37905
37893
37887
37779
37777
37463
37404
37343
37317
37214
37172
37149
37118
37106
37103
37018
36989
36916
36887
36886
36809
36729
36695
36622
36549
36542
36528
36517
36433
36386
36376
36303
36299
36255
36106
36065
35886
35840
35831
35668
35660
35556
35486
35482
35469
35453
35424
35284
35277
35270
35259
35241
35066
35049
34961
34888
34864
34759
34750
34732
34698
34686
34685
34669
34646
34624
34485
34458
34400
34390
34382
34332
34330
34291
34287
34215
34136
34104
34099
34044
34038
33917
33879
33870
33776
33763
33725
33718
33660
33655
33627
33613
33578
33495
33410
33388
33356
33354
33318
33271
33269
33158
33083
33069
33055
33009
32945
32936
32932
32915
32848
32777
32761
32728
32591
32482
32473
32380
32366
32362
32317
32309
32256
32255
32225
32179
32086
32074
32056
31938
31905
31769
31752
31716
31633
31572
31568
31566
31459
31344
31313
31267
31263
31240
31233
31225
31218
31150
31133
31084
31057
31039
30985
30945
30853
30728
30603
30541
30238
30099
30059
30040
30034
30006
29831
29779
29731
29708
29703
29675
29583
29558
29537
29524
29521
29483
29439
29433
29430
29362
29323
29175
29070
29067
29066
29024
29007
29005
28911
28838
28837
28712
28697
28555
28532
28481
28451
28451
28440
28426
28372
28360
28337
28312
28250
28157
28112
28094
28077
28064
28062
27919
27903
27505
27504
27417
27331
27300
27299
27139
27048
27027
26973
26934
26781
26744
26724
26717
26698
26654
26625
26521
26501
26469
26412
26382
26367
26289
26284
26264
26142
26100
26068
25979
25929
25913
25906
25864
25839
25764
25729
25728
25632
25614
25603
25576
25563
25559
25328
25321
25313
25239
25175
25039
24936
24928
24823
24803
24744
24693
24590
24497
24399
24277
24116
24085
23931
23928
23825
23822
23804
23738
23555
23496
23486
23118
23081
23047
22987
22972
22849
22845
22736
22682
22675
22622
22539
22331
22306
22266
22224
22088
21698
21649
21642
21517
21423
21303
21256
21214
21209
21178
21095
21065
21065
21025
21011
20988
20937
20923
20873
20870
20852
20840
20824
20823
20602
20587
20542
20538
20438
20405
20187
20155
20134
20094
20089
20049
20030
20026
20011
20005
19946
19915
19862
19859
19842
19750
19593
19499
19451
19411
19383
19277
19178
19092
18997
18994
18967
18933
18893
18886
18859
18838
18835
18800
18778
18770
18652
18601
18492
18490
18405
18394
18373
18353
18236
18212
18090
18063
17871
17850
17846
17712
17626
17570
17540
17532
17501
17341
17279
17091
17053
16931
16808
16678
16648
16634
16623
16615
16612
16541
16537
16531
16530
16447
16414
16347
16342
16336
16333
16138
16081
16015
16002
15947
15946
15939
15939
15902
15883
15742
15736
15696
15687
15631
15555
15512
15492
15455
15377
15317
15297
15179
15089
15043
15010
14922
14922
14920
14920
14864
14841
14819
14741
14734
14709
14554
14438
14418
14393
14324
14271
14236
14213
14166
14135
14085
14040
13928
13827
13648
13639
13612
13548
13515
13502
13442
13336
13267
13170
13086
13001
12989
12958
12949
12945
12872
12823
12743
12712
12660
12510
12493
12396
12367
12337
12239
12110
12057
11857
11632
11612
11567
11504
11467
11460
11450
11386
11380
11364
11357
11340
11289
11262
11232
11219
11101
11097
11037
11015
10966
10963
10959
10861
10847
10789
10769
10750
10731
10689
10566
10504
10434
10302
10265
10229
10202
10183
10161
10086
10007
9856
9838
9747
9742
9658
9597
9519
9404
9370
9355
9295
9226
9205
9191
9061
9037
8971
8953
8945
8891
8857
8851
8816
8679
8640
8631
8626
8548
8510
8402
8260
8254
8166
8166
8122
8118
8022
8009
7965
7964
7872
7856
7821
7797
7721
7720
7697
7591
7551
7472
7403
7389
7336
7319
7277
7082
7076
7045
7006
6997
6946
6917
6903
6826
6692
6692
6607
6567
6523
6481
6468
6416
6290
6230
6228
6155
6077
6055
6025
6010
5945
5940
5906
5873
5802
5753
5733
5603
5560
5478
5443
5432
5405
5323
5303
5289
5285
5276
5084
5067
5041
5030
4932
4839
4802
4751
4643
4638
4544
4330
4205
4165
4156
4083
4081
4013
3996
3941
3854
3837
3794
3779
3752
3622
3506
3495
3467
3346
3188
3157
3134
3109
3087
3013
2979
2979
2872
2765
2760
2672
2666
2642
2492
2472
2389
2294
2282
2250
2242
2219
2089
1991
1945
1868
1773
1731
1701
1567
1491
1437
1436
1424
1420
1388
1387
1354
1314
1168
1095
1075
943
918
916
912
863
808
729
666
656
643
595
548
509
459
448
413
393
364
360
333
321
224
146
29
13
