99974
99952
99903
99887
99861
99857
99852
99841
99811
99746
99683
99523
99519
99428
99397
99380
99375
99327
99265
99262
99193
99189
99037
99003
98903
98901
98789
98621
98617
98523
98515
98501
98492
98294
98290
98240
98102
98059
98012
97996
97947
97861
97819
97818
97678
97674
97643
97433
97387
97371
97210
97178
97105
97079
96866
96854
96846
96845
96833
96812
96736
96666
96620
96567
96520
96508
96409
96381
96079
96068
96018
96015
95922
95911
95852
95728
95722
95667
95583
95562
95361
95318
95222
95183
95119
95030
95000
94996
94933
94884
94789
94691
94685
94666
94411
94365
94265
94256
94202
94190
94184
94176
94169
94043
93896
93826
93813
93810
93809
93777
93763
93729
93707
93484
93431
93223
93117
93088
93085
93014
92891
92855
92838
92788
92710
92700
92696
92668
92562
92466
92383
92286
92163
92159
92105
92088
92081
92056
91969
91955
91900
91894
91705
91588
91546
91536
91504
91362
91214
91042
90993
90977
90783
90667
90632
90550
90532
90506
90443
90406
90403
90197
90195
90142
90101
90076
90068
89995
89982
89971
89913
89908
89791
89749
89737
89727
89714
89635
89578
89574
89562
89549
89454
89404
89273
89233
89194
89139
89101
89010
89001
88733
88713
88645
88590
88487
88371
88279
88272
88250
88223
88170
88114
88004
87890
87839
87828
87784
87783
87705
87699
87647
87636
87609
87580
87541
87512
87496
87400
87372
87311
87270
87209
87198
87176
87128
87090
87071
87033
87016
86976
86897
86882
86799
86792
86752
86726
86708
86637
86601
86560
86520
86516
86501
86452
86447
86410
86383
86265
86247
86153
86114
86077
85972
85913
85909
85876
85872
85869
85830
85748
85743
85616
85613
85462
85424
85417
85394
85373
85266
85197
85157
85078
85050
84958
84925
84902
84862
84854
84851
84771
84639
84611
84543
84532
84498
84424
84412
84306
84260
84245
84185
84166
83968
83660
83644
83636
83569
83534
83370
83245
83230
83219
83164
82856
82775
82726
82665
82650
82646
82602
82563
82512
82472
82438
82416
82411
82134
82006
81970
81879
81870
81865
81810
81769
81725
81720
81688
81650
81603
81581
81541
81540
81457
81433
81381
81129
81085
81059
81012
80994
80874
80783
80777
80712
80678
80653
80648
80584
80577
80531
80493
80482
80481
80453
80364
80348
80259
80244
80227
80169
80130
80063
80059
80011
79913
79911
79902
79794
79641
79608
79496
79398
79377
79375
79373
79249
79167
79154
79130
79114
79052
78832
78796
78789
78789
78735
78675
78642
78621
78606
78477
78436
78354
78344
78344
78327
78315
78313
78282
78281
78219
78149
78103
77972
77962
77915
77873
77822
77719
77661
77588
77563
77550
77536
77275
77244
77148
77114
77032
76959
76845
76842
76712
76710
76551
76539
76522
76506
76470
76463
76340
76229
76223
76185
76174
76127
76110
76096
76057
76008
75948
75912
75673
75599
75595
75499
75478
75412
75382
75209
75155
75119
75117
75058
75050
75038
75027
74968
74913
74877
74815
74724
74720
74673
74662
74587
74569
74427
74397
74371
74369
74281
74238
74238
74192
74180
74180
74137
74074
74058
74001
73997
73944
73558
73463
73438
73315
73296
73284
73250
73224
73180
72991
72914
72750
72723
72719
72711
72682
72551
72471
72444
72395
72257
72156
72142
72115
72112
72073
72060
72052
71907
71818
71780
71673
71641
71592
71551
71498
71433
71355
71240
71176
71139
71111
71077
71040
71030
70812
70779
70745
70730
70676
70645
70622
70584
70547
70544
70517
70308
70245
70072
69980
69925
69808
69766
69702
69623
69608
69576
69440
69382
69192
69171
69088
68898
68852
68833
68822
68752
68694
68680
68576
68541
68480
68448
68377
68361
68319
68251
68249
68237
68216
68079
68050
68010
67894
67862
67827
67825
67797
67702
67629
67614
67582
67551
67529
67484
67395
67328
67280
67253
67239
67234
67191
67190
67076
67075
67044
66806
66778
66777
66667
66425
66379
66355
66354
66323
66291
66212
66210
66123
66042
66035
65933
65853
65783
65773
65755
65743
65680
65669
65639
65550
65437
65401
65310
65281
65277
65268
65261
65221
65184
64969
64964
64904
64870
64863
64855
64799
64786
64748
64703
64643
64608
64600
64595
64576
64557
64549
64495
64461
64455
64449
64417
64390
64382
64311
64302
64279
64249
64243
64226
64070
64068
63962
63834
63785
63618
63613
63570
63563
63531
63421
63364
63361
63311
63091
63040
62987
62880
62857
62849
62824
62746
62740
62740
62735
62695
62637
62546
62513
62472
62464
62389
62301
62275
62206
62153
62139
62078
61978
61969
61951
61827
61826
61739
61738
61707
61616
61576
61441
61438
61412
61397
61340
61306
61249
61247
61151
61123
61092
61069
60965
60934
60873
60870
60857
60848
60799
60771
60752
60746
60660
60648
60594
60584
60563
60512
60445
60434
60238
60214
60210
60185
60113
60111
60058
59988
59988
59929
59914
59906
59868
59807
59767
59750
59708
59705
59590
59585
59530
59491
59413
59404
59390
59362
59312
59123
59059
58944
58837
58799
58788
58773
58751
58750
58745
58726
58685
58649
58627
58587
58576
58530
58437
58435
58416
58416
58390
58371
58364
58350
58317
58315
58301
58268
58228
58188
58038
57968
57961
57952
57903
57883
57835
57792
57736
57725
57716
57699
57682
57671
57649
57577
57502
57487
57451
57432
57362
57343
57312
57283
57272
57239
57215
57190
57166
57000
56932
56851
56827
56826
56825
56812
56701
56654
56614
56586
56570
56567
56472
56323
56317
56298
56276
56222
56220
56139
56116
56043
55915
55880
55773
55727
55723
55562
55509
55497
55468
55423
55355
55322
55316
55142
55111
55097
55091
55022
54888
54836
54785
54742
54704
54697
54692
54676
54612
54598
54579
54519
54297
54208
54043
54025
53947
53904
53816
53809
53704
53652
53497
53482
53395
53331
53324
53283
53236
53202
53175
53154
53051
53004
52881
52856
52808
52805
52749
52720
52719
52685
52645
52641
52616
52614
52543
52517
52498
52491
52428
52422
52411
52327
52299
52180
52169
52115
52081
52023
52018
51924
51901
51849
51822
51771
51770
51662
51558
51175
51133
51101
51028
50975
50970
50968
50955
50942
50890
50880
50764
50692
50619
50552
50339
50230
50219
50184
50183
50114
50113
50080
50032
49963
49753
49698
49659
49550
49246
49238
49230
49098
49036
48964
48951
48884
48775
48775
48760
48729
48720
48597
48581
48418
48367
48330
48187
48112
48077
47955
47899
47869
47839
47743
47651
47596
47499
47427
47412
47377
47182
47092
47010
46995
46989
46940
46929
46907
46806
46715
46600
46460
46454
46445
46438
46403
46367
46361
46306
46251
46203
46179
46097
46091
45998
45952
45941
45930
45876
45809
45763
45751
45706
45649
45611
45486
45470
45421
45404
45323
45311
45186
45096
45071
45062
45033
44948
44903
44868
44853
44852
44852
44781
44735
44685
44651
44633
44632
44486
44458
44338
44287
44135
44122
43995
43814
43796
43758
43550
43464
43447
43447
43401
43356
43320
43249
43234
43226
43182
43113
43102
43082
43071
43009
43004
42854
42820
42787
42759
42676
42652
42619
42545
42544
42537
42524
42420
42412
42383
42371
42340
42316
42229
42186
42140
42080
42077
42072
42068
42067
42059
42041
42037
41972
41907
41843
41809
41807
41734
41712
41676
41633
41632
41623
41529
41493
41414
41300
41275
41275
41244
41231
41155
41137
41121
41006
40989
40983
40976
40965
40907
40810
40773
40764
40745
40741
40739
40711
40594
40491
40431
40410
40393
40347
40340
40289
40268
40262
40237
40191
40175
40153
40131
40126
40004
39845
39785
39775
39745
39728
39603
39585
39570
39568
39478
39456
39430
39423
39370
39369
39354
39304
39289
39250
39230
39177
39127
39118
39088
39072
39051
39022
38984
38961
38958
38928
38897
38806
38734
38587
38581
38529
38499
38411
38411
38267
38257
38243
38241
38221
38192
38175
38061
37909
37891
37877
37857
37789
37685
37524
37357
37336
37292
37205
37154
37118
37069
37047
36998
36983
36915
36846
36799
36776
36761
36705
36630
36601
36530
36475
36431
36404
36379
36320
36320
36264
36202
36150
36126
36124
36011
36007
35971
35954
35868
35814
35764
35694
35612
35574
35440
35417
35413
35341
35269
35239
35194
35180
35048
35026
35022
35006
34992
34922
34868
34861
34790
34786
34749
34641
34620
34602
34576
34559
34556
34551
34412
34409
34396
34353
34332
34283
34227
34217
34085
33982
33962
33946
33921
33877
33871
33858
33791
33757
33736
33725
33638
33630
33606
33574
33501
33495
33446
33436
33400
33299
33296
33242
33188
33103
33101
33084
33046
33026
32944
32908
32797
32797
32768
32765
32754
32745
32741
32703
32666
32616
32585
32571
32450
32427
32297
32278
32266
32242
32233
32209
32201
32174
32163
32154
32139
32064
32036
32022
31944
31851
31840
31804
31650
31648
31618
31573
31533
31472
31469
31303
31197
31189
31163
31145
31015
31012
30886
30881
30778
30686
30624
30621
30557
30494
30442
30370
30358
30303
30295
30208
30065
30061
30058
29884
29785
29724
29720
29526
29505
29342
29301
29256
29245
29052
29041
28925
28885
28831
28760
28728
28618
28601
28585
28548
28510
28422
28283
28191
28177
28141
27888
27876
27859
27854
27848
27782
27728
27658
27646
27617
27575
27537
27522
27320
27309
27255
27217
27174
27165
27130
27124
27113
27103
27065
27032
26979
26970
26964
26940
26912
26903
26851
26806
26793
26774
26761
26705
26689
26476
26447
26434
26341
26289
26263
26195
26132
26131
26103
25974
25917
25896
25780
25753
25723
25643
25608
25607
25509
25444
25368
25346
25247
25243
25238
25229
25057
25028
24967
24925
24913
24904
24877
24868
24852
24849
24741
24726
24715
24688
24661
24649
24543
24529
24513
24466
24378
24368
24366
24307
24291
24270
24196
24060
24033
24025
24001
23995
23947
23915
23896
23859
23767
23707
23694
23674
23635
23587
23549
23529
23270
23193
23106
23019
22985
22975
22972
22837
22827
22724
22689
22641
22611
22603
22601
22594
22400
22397
22387
22341
22290
22268
22062
22049
21997
21982
21961
21877
21853
21801
21800
21800
21755
21690
21671
21625
21544
21418
21337
21270
21251
21229
21179
21127
20923
20911
20888
20836
20788
20763
20742
20739
20729
20667
20662
20537
20523
20518
20493
20491
20404
20344
20196
20166
20138
20100
20060
19907
19832
19823
19776
19776
19760
19596
19584
19473
19386
19376
19337
19303
19298
19240
19238
19130
18897
18896
18856
18816
18764
18744
18702
18656
18653
18526
18472
18423
18379
18368
18320
18264
18257
18221
18199
18182
17958
17874
17873
17802
17800
17748
17686
17655
17638
17585
17440
17420
17389
17373
17320
17310
17271
17121
17086
17068
16985
16979
16959
16929
16900
16814
16783
16710
16703
16652
16628
16623
16606
16597
16537
16518
16390
16388
16386
16329
16304
16296
16168
16157
16117
16085
16069
16030
15929
15895
15824
15822
15699
15666
15502
15499
15462
15407
15397
15321
15253
15182
15135
15134
15058
15055
14994
14897
14547
14483
14475
14353
14248
14214
14203
14181
14158
14150
14112
14072
14001
13851
13799
13708
13706
13688
13669
13630
13570
13563
13421
13416
13357
13353
13280
13215
13018
13007
12943
12928
12861
12846
12815
12635
12611
12600
12584
12575
12574
12571
12510
12472
12416
12259
12249
12212
12200
12198
12075
12042
11968
11942
11907
11860
11753
11693
11611
11594
11553
11530
11529
11521
11434
11319
11303
11149
11103
11097
11091
11073
11053
11032
11004
10910
10734
10731
10680
10572
10549
10456
10426
10294
10292
10281
10244
10226
10029
9903
9836
9829
9815
9728
9717
9689
9658
9651
9636
9605
9565
9400
9314
9301
9297
9266
9180
9174
9156
9145
8999
8795
8779
8771
8757
8731
8673
8669
8646
8535
8460
8421
8339
8288
8265
8174
8143
8093
8030
7963
7924
7915
7873
7861
7847
7827
7807
7788
7746
7715
7709
7705
7646
7580
7574
7553
7500
7452
7448
7384
7368
7359
7325
7136
7122
7066
6999
6930
6925
6842
6732
6547
6483
6477
6476
6467
6464
6450
6407
6344
6331
6324
6292
6205
6202
6191
6023
5982
5962
5884
5868
5767
5697
5647
5618
5599
5578
5569
5559
5461
5453
5342
5318
5251
5009
4970
4866
4778
4618
4601
4537
4488
4360
4292
4182
4165
4162
4161
4071
4071
4058
3999
3969
3829
3808
3804
3731
3674
3673
3635
3585
3566
3559
3536
3490
3453
3431
3426
3406
3271
3201
3176
3033
2995
2808
2796
2790
2727
2677
2659
2649
2648
2605
2602
2568
2559
2509
2480
2455
2438
2426
2392
2383
2223
2210
2141
2129
2107
2095
2048
2041
1880
1851
1801
1797
1791
1736
1703
1698
1672
1590
1575
1429
1414
1291
1286
1254
1216
1183
1161
1090
1080
1068
942
941
886
824
788
715
706
675
668
644
616
614
588
456
389
355
257
181
100
6
