99863
99744
99721
99659
99545
99497
99493
99452
99314
99224
99000
98913
98913
98824
98791
98766
98715
98614
98611
98561
98558
98453
98448
98431
98296
98195
98190
98045
97990
97945
97940
97892
97854
97842
97755
97658
97623
97619
97507
97420
97307
97269
97269
97215
97211
97189
97110
97092
97026
97012
96974
96966
96919
96876
96864
96845
96811
96793
96734
96731
96726
96582
96556
96526
96504
96457
96432
96314
96246
96171
96159
96115
96008
95982
95966
95847
95810
95796
95553
95534
95522
95472
95468
95455
95373
95268
95210
95102
95090
95021
94958
94909
94808
94769
94768
94730
94641
94566
94560
94555
94506
94472
94372
94339
94286
94276
94252
94219
94217
94188
94159
94147
94056
94053
94051
94032
93934
93924
93907
93861
93751
93712
93644
93624
93553
93552
93527
93518
93352
93340
93227
93188
93145
93137
93088
93064
93050
93020
93017
93005
92942
92897
92894
92891
92857
92832
92810
92791
92760
92727
92715
92703
92674
92638
92564
92564
92556
92527
92515
92495
92485
92414
92325
92268
92233
92171
92164
92118
92090
91898
91872
91842
91829
91779
91748
91731
91696
91666
91658
91553
91535
91525
91506
91484
91459
91374
91345
91162
91133
91104
91073
91069
90978
90962
90946
90855
90795
90772
90766
90760
90740
90712
90616
90557
90497
90479
90472
90463
90440
90421
90418
90402
90337
90281
90267
90180
90061
89979
89891
89842
89814
89772
89754
89557
89541
89522
89505
89480
89378
89374
89356
89297
89143
89132
89064
89012
88988
88979
88970
88894
88865
88813
88801
88777
88760
88567
88530
88525
88519
88487
88354
88238
88207
88141
88140
88057
88046
88044
87978
87963
87963
87846
87768
87747
87727
87691
87664
87618
87539
87383
87276
87268
87141
86956
86954
86941
86783
86669
86629
86613
86608
86310
86230
86230
86215
86189
86168
86087
85986
85973
85951
85937
85844
85775
85772
85748
85568
85567
85489
85364
85313
85259
85231
85217
85210
85047
85040
85009
84987
84799
84778
84769
84766
84765
84749
84737
84689
84664
84625
84618
84571
84561
84533
84480
84474
84421
84412
84390
84386
84366
84319
84133
84129
83989
83946
83926
83924
83715
83610
83580
83548
83484
83438
83254
83250
83209
83186
83169
83075
82993
82962
82940
82835
82796
82724
82713
82661
82496
82483
82372
82348
82185
82172
82134
82106
82082
82071
82051
82047
82047
82003
81999
81906
81882
81785
81777
81748
81703
81653
81631
81608
81579
81571
81439
81410
81365
81277
81220
81183
81042
81033
80993
80965
80883
80841
80831
80817
80808
80693
80585
80513
80440
80429
80383
80290
80212
80162
80049
80004
79984
79979
79921
79884
79880
79776
79766
79761
79617
79591
79570
79550
79539
79506
79505
79479
79451
79443
79425
79385
79309
79267
79202
79131
79123
79069
79023
78870
78815
78659
78612
78610
78593
78562
78532
78517
78441
78425
78336
78325
78321
78288
78275
78258
78252
78245
78209
78204
78140
78114
78105
78031
78005
77983
77976
77810
77796
77718
77660
77605
77450
77448
77428
77372
77369
77305
77210
77065
76956
76932
76924
76918
76842
76814
76728
76710
76657
76520
76503
76501
76490
76407
76368
76342
76330
76260
76213
76209
76207
76137
76132
76103
76081
76066
76050
75959
75838
75764
75626
75480
75461
75416
75416
75284
75271
75156
75153
75023
75018
74935
74855
74806
74784
74781
74771
74762
74761
74745
74741
74722
74636
74628
74610
74604
74546
74518
74453
74373
74320
74295
74284
74278
74201
74198
74170
74135
74108
74102
74075
74062
74043
74032
74005
73997
73929
73929
73915
73864
73772
73747
73707
73694
73659
73643
73604
73576
73543
73518
73437
73337
73317
73304
73230
73196
73159
73029
72996
72934
72847
72785
72723
72711
72709
72688
72611
72608
72547
72460
72389
72384
72384
72340
72288
72277
72269
72264
72253
72213
72161
72085
72072
72058
72018
71905
71878
71730
71656
71651
71596
71469
71452
71385
71367
71276
71265
71254
71233
71130
71108
70927
70881
70840
70782
70703
70632
70597
70428
70412
70373
70351
70349
70340
70312
70278
70275
70102
69959
69921
69746
69736
69673
69360
69336
69295
69264
69070
69012
68980
68972
68962
68709
68701
68700
68659
68643
68603
68580
68533
68460
68419
68386
68301
68295
68175
68172
68172
68123
68066
68007
67949
67921
67908
67841
67744
67658
67652
67648
67544
67480
67424
67266
67233
67213
67174
67104
67103
67071
67043
67039
67037
66905
66817
66792
66581
66519
66477
66476
66461
66446
66385
66293
66280
66279
66037
66023
65974
65910
65899
65856
65755
65740
65664
65654
65651
65626
65560
65459
65308
65275
65257
65237
65197
65156
65111
64926
64766
64696
64658
64628
64602
64598
64586
64449
64448
64428
64417
64388
64336
64297
64265
64263
64106
64031
63939
63937
63926
63766
63685
63577
63540
63501
63478
63467
63387
63377
63344
63333
63303
63165
63084
63055
63048
63043
62998
62990
62990
62853
62806
62773
62766
62736
62579
62576
62543
62534
62497
62489
62437
62342
62205
62158
62109
62055
62043
62012
62010
61930
61913
61845
61804
61650
61414
61376
61307
61229
61216
61205
61080
61031
60999
60978
60973
60964
60944
60927
60926
60876
60835
60834
60742
60716
60698
60637
60610
60597
60410
60355
60333
60124
59923
59746
59599
59548
59484
59465
59407
59359
59338
59334
59286
59265
59131
58865
58799
58688
58612
58598
58538
58454
58401
58352
58351
58349
58106
58086
58044
58037
57955
57914
57911
57875
57861
57842
57835
57699
57674
57607
57576
57535
57518
57419
57391
57372
57348
57313
57275
57241
57234
57125
57098
57010
56971
56876
56851
56849
56828
56760
56758
56714
56662
56517
56453
56443
56439
56430
56429
56423
56423
56422
56406
56373
56357
56354
56346
56231
56186
56167
56089
56024
56019
55929
55911
55896
55895
55861
55847
55840
55833
55831
55815
55646
55532
55486
55468
55398
55372
55249
55232
55211
55110
55063
55040
55034
55009
54995
54992
54988
54950
54944
54932
54923
54794
54752
54657
54589
54586
54558
54557
54553
54513
54505
54481
54385
54275
54223
54223
54201
54047
54030
54016
53960
53949
53919
53888
53881
53869
53826
53681
53645
53630
53589
53577
53317
53274
53122
52990
52960
52894
52787
52720
52711
52671
52608
52481
52362
52149
52105
52090
52084
51881
51876
51858
51784
51683
51580
51551
51448
51394
51320
51276
51221
51193
51161
51090
51059
50920
50860
50802
50768
50706
50681
50636
50635
50629
50605
50591
50579
50575
50532
50518
50466
50402
50387
50325
50164
50137
50130
49868
49740
49721
49683
49644
49608
49556
49528
49491
49483
49460
49321
49283
49178
49152
49143
49119
49055
49003
48877
48791
48628
48580
48549
48533
48484
48415
48384
48292
48263
48197
48177
48114
48075
47985
47953
47930
47886
47719
47695
47611
47608
47603
47549
47497
47494
47452
47410
47375
47354
47227
47188
47144
47131
47070
47040
46976
46963
46940
46841
46790
46756
46607
46575
46554
46552
46528
46511
46502
46473
46451
46429
46383
46300
46289
46284
45973
45970
45958
45929
45851
45772
45603
45549
45505
45369
45347
45332
45326
45279
45215
45127
45084
44875
44821
44818
44782
44729
44691
44642
44502
44493
44492
44478
44336
44297
44289
44254
44200
44196
44027
43963
43950
43886
43872
43787
43774
43678
43608
43569
43516
43514
43447
43300
43288
43266
43134
42990
42880
42815
42800
42771
42634
42593
42562
42521
42393
42361
42304
42267
42254
42248
42244
42123
41979
41942
41836
41811
41784
41768
41599
41571
41535
41487
41452
41410
41404
41392
41375
41155
41041
40980
40858
40762
40711
40677
40636
40563
40328
40300
40277
40239
40218
40139
40137
39954
39941
39926
39912
39900
39825
39790
39730
39608
39572
39565
39546
39463
39424
39403
39353
39317
39310
39282
39269
39255
39150
39088
39071
39040
38921
38747
38741
38668
38665
38640
38501
38445
38439
38357
38312
38303
38256
38183
38154
38060
38051
37885
37866
37831
37807
37732
37669
37637
37634
37561
37552
37453
37446
37410
37323
37216
37191
37135
37108
37011
37008
36975
36967
36957
36930
36827
36778
36638
36618
36547
36537
36496
36496
36407
36402
36387
36375
36327
36319
36201
36174
36032
35937
35926
35910
35854
35781
35739
35735
35720
35715
35712
35657
35612
35533
35514
35457
35453
35355
35346
35346
35316
35307
35299
35154
35106
35043
34939
34795
34786
34763
34725
34550
34547
34436
34383
34146
34138
34116
34094
34063
34000
33951
33849
33780
33719
33657
33612
33594
33586
33550
33540
33468
33466
33442
33342
33312
33249
33246
33224
33031
32943
32867
32852
32848
32762
32761
32727
32505
32435
32424
32418
32322
32299
32225
32144
32139
32085
32059
32051
31948
31876
31743
31702
31648
31617
31595
31543
31503
31464
31454
31418
31416
31335
31261
31231
31218
31202
31124
31052
30994
30898
30755
30640
30550
30495
30489
30484
30445
30417
30296
30285
30196
30153
30133
30132
30106
29999
29968
29941
29901
29795
29786
29762
29698
29693
29690
29620
29614
29600
29543
29531
29530
29508
29482
29459
29399
29358
29353
29348
29334
29314
29269
29177
29176
29066
29047
29032
29003
28909
28897
28881
28854
28831
28818
28747
28716
28667
28643
28496
28459
28457
28435
28376
28369
28363
28315
28290
28274
28272
28237
28200
28182
28159
28127
28039
27985
27962
27929
27902
27898
27848
27830
27822
27797
27740
27633
27624
27603
27591
27573
27566
27501
27401
27366
27337
27269
27223
27218
27218
27166
27064
27043
27034
27030
27024
26992
26968
26943
26910
26886
26855
26851
26831
26694
26645
26622
26592
26546
26541
26430
26399
26396
26338
26324
26315
26278
26224
26200
26072
25992
25973
25913
25896
25801
25781
25767
25747
25655
25630
25583
25469
25446
25378
25314
25194
25180
25180
25096
25074
25056
24960
24916
24847
24813
24793
24682
24660
24617
24566
24446
24436
24394
24386
24317
24308
24308
24002
23991
23969
23941
23909
23886
23870
23860
23787
23735
23594
23589
23384
23350
23315
23311
23310
23262
23212
23164
23141
23050
23043
23011
22982
22957
22930
22832
22829
22824
22761
22746
22620
22619
22615
22573
22565
22563
22502
22466
22360
22340
22324
22311
22224
22187
22178
22072
22064
22022
21993
21975
21871
21854
21823
21789
21697
21666
21664
21626
21617
21608
21603
21575
21556
21549
21345
21322
21306
21294
21180
21076
21046
21016
20818
20768
20666
20637
20535
20476
20406
20358
20318
20312
20229
20176
20131
20015
19994
19886
19748
19673
19626
19607
19543
19537
19474
19460
19450
19341
19207
19189
19110
19075
19075
18989
18974
18947
18886
18836
18810
18805
18765
18747
18740
18681
18672
18622
18480
18472
18372
18311
18282
18263
18123
18102
18022
17890
17861
17843
17802
17768
17681
17646
17571
17543
17411
17360
17359
17358
17179
17157
17060
16842
16813
16752
16749
16748
16679
16479
16444
16360
16289
16178
16178
16164
16158
16153
16139
16067
15838
15738
15647
15467
15383
15358
15290
15285
15161
15151
15083
15054
15022
14926
14886
14876
14865
14851
14812
14804
14765
14743
14715
14654
14544
14510
14497
14494
14480
14400
14400
14378
14376
14324
14209
14186
14112
14080
13993
13927
13865
13801
13798
13782
13775
13773
13740
13690
13624
13599
13587
13527
13435
13372
13253
13204
13132
13058
13041
12982
12713
12649
12566
12470
12458
12334
12221
12195
12146
12125
12053
12049
11927
11825
11780
11779
11752
11726
11664
11658
11640
11539
11465
11456
11354
11252
11230
11212
11171
11160
11126
11113
11082
10900
10865
10801
10797
10759
10701
10679
10618
10595
10496
10288
10284
10246
10167
10142
10091
10021
9997
9962
9956
9954
9838
9745
9669
9622
9549
9388
9304
9293
9284
9239
9217
9105
9016
8957
8867
8739
8706
8642
8633
8618
8555
8463
8457
8453
8413
8314
8255
8251
8245
8138
8009
7968
7882
7827
7804
7789
7778
7611
7463
7334
7332
7325
7294
7253
7235
7189
7178
7110
6995
6911
6870
6832
6819
6677
6551
6540
6505
6496
6477
6470
6388
6334
6320
6310
6178
6122
6117
6093
6043
6017
5945
5924
5899
5807
5791
5745
5709
5707
5625
5523
5455
5317
5150
5054
4814
4795
4736
4707
4700
4646
4586
4578
4517
4417
4290
4253
4251
4249
4244
4219
4152
4137
4074
4034
3969
3960
3847
3846
3834
3733
3727
3722
3499
3489
3290
3273
3238
3215
3162
3160
2966
2943
2861
2754
2720
2704
2674
2634
2533
2526
2446
2376
2329
2212
2191
2152
2123
2116
2096
2094
2063
2054
1987
1963
1820
1792
1784
1774
1469
1459
1408
1390
1329
1303
1301
1281
1275
1262
1207
1177
1176
1166
1144
1121
1108
1083
1081
1079
1055
1030
936
910
849
844
834
829
825
801
540
498
468
292
277
259
162
91
2
