99996
99993
99989
99934
99822
99807
99773
99732
99621
99496
99451
99448
99438
99436
99417
99395
99350
99331
99265
99257
99193
99178
99124
99051
98897
98835
98802
98784
98762
98757
98657
98602
98597
98574
98550
98528
98512
98501
98460
98432
98381
98185
98136
98103
98066
98050
97989
97956
97895
97893
97839
97800
97796
97678
97660
97650
97595
97589
97570
97535
97532
97395
97338
97301
97298
97296
97287
97195
97151
97150
97135
97062
96982
96803
96663
96661
96589
96537
96506
96500
96459
96392
96385
96384
96345
96334
96325
96310
96097
96096
96047
96039
96012
96000
95995
95986
95892
95862
95857
95851
95841
95832
95830
95754
95719
95718
95694
95621
95602
95560
95478
95441
95369
95354
95211
95166
95155
94847
94821
94810
94805
94735
94634
94527
94512
94474
94454
94430
94369
94348
94083
93962
93950
93890
93819
93791
93763
93657
93568
93530
93523
93511
93405
93312
93268
93260
93250
93138
93053
93052
93051
93044
93016
92834
92756
92582
92573
92573
92455
92445
92335
92324
92284
92272
92164
92150
92140
92122
92091
92049
92047
92017
91977
91764
91518
91447
91395
91319
91311
91296
91292
91212
91208
91173
91159
91135
91134
91115
91064
91042
91011
90945
90921
90879
90859
90659
90643
90621
90564
90546
90368
90365
90353
90137
90070
90062
89934
89933
89913
89904
89866
89819
89741
89679
89615
89577
89570
89564
89534
89499
89458
89437
89197
89160
88992
88783
88740
88661
88500
88454
88400
88400
88300
88156
88098
88076
88061
88014
87947
87938
87870
87806
87802
87752
87684
87680
87629
87554
87533
87442
87393
87367
87303
87267
87233
87219
87206
87116
87052
87026
87020
87009
86993
86906
86810
86763
86702
86642
86507
86381
86358
86271
86267
86230
86176
86147
86143
86127
86109
86020
85976
85974
85953
85869
85863
85854
85829
85782
85568
85549
85515
85460
85453
85370
85324
85303
85269
85253
85200
85184
85134
85125
85012
84974
84943
84917
84902
84895
84894
84738
84717
84705
84576
84565
84512
84502
84501
84438
84387
84346
84342
84238
84190
84165
84103
84102
84041
84038
84032
84025
83975
83932
83892
83847
83839
83793
83760
83709
83680
83632
83622
83544
83443
83333
83312
83299
83290
83289
83215
83199
83190
83101
83093
83045
83005
82989
82856
82845
82652
82611
82497
82359
82329
82323
82309
82211
82186
82167
82165
82104
81987
81919
81849
81784
81781
81773
81766
81729
81689
81651
81617
81610
81434
81377
81150
81122
81074
81054
81001
81000
80871
80837
80814
80777
80724
80695
80562
80551
80528
80528
80427
80418
80332
80216
80162
80054
79991
79976
79843
79814
79779
79715
79683
79682
79620
79606
79604
79571
79546
79498
79463
79462
79393
79382
79365
79335
79193
79177
79027
78996
78961
78885
78835
78745
78712
78689
78576
78544
78518
78513
78512
78500
78492
78369
78340
78327
78324
78292
78260
78257
78244
78244
78234
78214
78174
78118
78115
78107
78097
78018
77966
77886
77865
77815
77784
77711
77556
77472
77396
77205
77193
77184
77050
76932
76863
76829
76726
76713
76706
76692
76642
76599
76556
76555
76414
76344
76204
76159
76020
75902
75595
75471
75186
75071
75011
74878
74877
74855
74811
74753
74653
74629
74616
74557
74369
74333
74294
74280
74268
74125
74057
74045
73966
73954
73902
73882
73871
73790
73788
73750
73740
73615
73575
73565
73481
73378
73343
73273
73267
73237
73075
73061
73009
73001
72985
72942
72594
72570
72545
72472
72278
72154
72043
71984
71955
71938
71882
71864
71785
71679
71579
71569
71564
71486
71474
71452
71365
71329
71245
71221
71213
71200
71174
71162
71122
71075
71065
71046
71020
70903
70853
70827
70826
70609
70572
70473
70470
70466
70426
70418
70388
70341
70328
70327
70325
70297
70207
70156
70101
70034
69997
69982
69915
69811
69765
69761
69759
69733
69694
69674
69620
69602
69498
69436
69419
69393
69260
69219
69198
69191
69184
69114
69101
69020
68930
68716
68535
68493
68479
68478
68349
68300
68285
68281
68277
68247
68196
68183
68091
68019
67988
67941
67914
67900
67896
67892
67868
67848
67828
67802
67773
67691
67538
67499
67456
67296
67269
67227
67170
67163
67163
67163
67097
67051
66869
66862
66806
66769
66616
66597
66593
66513
66495
66480
66447
66442
66351
66238
66203
66189
66184
66124
66082
66073
65999
65982
65974
65932
65909
65906
65826
65777
65686
65663
65643
65491
65381
65188
65166
65042
65025
65020
64965
64934
64885
64846
64741
64735
64680
64514
64494
64484
64445
64322
64297
64274
64248
64215
64148
64088
64066
64060
64033
63998
63942
63931
63849
63822
63822
63811
63800
63678
63592
63552
63418
63369
63350
63347
63301
63277
63270
63261
63261
63255
63237
63233
63117
63094
63038
63020
62982
62926
62886
62676
62658
62643
62602
62561
62543
62534
62498
62498
62468
62343
62302
62283
62277
62251
62231
62214
62065
62042
61832
61787
61736
61652
61634
61585
61583
61575
61569
61536
61516
61490
61484
61482
61449
61240
61220
61218
61204
61192
61074
61051
61030
60958
60954
60859
60789
60778
60766
60733
60729
60704
60679
60558
60547
60452
60426
60384
60292
60255
60245
60124
60118
59834
59791
59786
59652
59619
59529
59524
59475
59434
59296
59236
59230
59107
59098
59076
59050
59017
58880
58871
58849
58796
58777
58739
58725
58708
58639
58622
58601
58575
58508
58429
58410
58401
58363
58300
58127
58096
58064
58038
57996
57983
57943
57873
57774
57766
57712
57574
57529
57485
57484
57463
57363
57340
57294
57277
57252
57213
57208
57181
57159
57117
57079
57049
56984
56967
56925
56862
56840
56812
56725
56722
56695
56688
56687
56685
56629
56551
56464
56421
56410
56385
56368
56364
56327
56153
56097
56095
56063
56050
55804
55786
55769
55749
55671
55662
55633
55614
55538
55529
55362
55322
55283
55243
55205
55204
55086
55081
55015
54934
54926
54870
54852
54843
54707
54662
54643
54599
54590
54588
54417
54311
54304
54292
54277
54192
54184
54056
54029
54023
53995
53940
53743
53737
53732
53731
53693
53512
53478
53342
53315
53309
53242
53232
53232
53197
53180
53179
53161
53148
53101
53080
53033
53023
52961
52954
52942
52869
52761
52740
52691
52663
52580
52578
52360
52307
52269
52241
52201
52182
52126
52118
52099
52072
52068
52025
51941
51931
51776
51768
51697
51693
51669
51656
51582
51414
51404
51332
51328
51238
51233
51098
51085
51028
51005
50896
50884
50859
50772
50681
50527
50502
50426
50352
50300
50209
50190
49979
49938
49752
49716
49686
49647
49635
49625
49503
49441
49397
49354
49308
49280
49274
49174
49169
49123
49084
49017
48982
48880
48813
48793
48740
48676
48650
48615
48612
48557
48523
48503
48503
48485
48474
48417
48377
48347
48288
48275
48242
48220
48073
48033
47989
47972
47865
47854
47798
47693
47652
47649
47612
47609
47577
47561
47525
47518
47464
47461
47457
47423
47416
47390
47385
47256
47134
47030
46942
46920
46904
46855
46853
46773
46764
46722
46672
46582
46581
46571
46554
46523
46497
46399
46373
46373
46299
46297
46266
46114
46112
46032
45997
45971
45918
45912
45850
45822
45818
45758
45694
45675
45650
45635
45616
45546
45349
45136
45021
44981
44951
44946
44942
44795
44719
44633
44608
44583
44454
44348
44293
44274
44263
44244
44215
44188
44105
44064
43968
43946
43924
43868
43735
43714
43617
43571
43571
43549
43425
43412
43351
43325
43274
43264
43241
43160
43129
43105
43079
43075
43047
42938
42880
42856
42835
42800
42775
42748
42744
42694
42660
42615
42613
42507
42492
42451
42429
42353
42297
42247
42175
41960
41917
41915
41726
41720
41674
41668
41604
41600
41592
41574
41538
41505
41329
41253
41205
41191
41128
41047
41026
41003
40998
40960
40875
40859
40830
40825
40690
40580
40553
40463
40436
40362
40355
40320
40273
40219
40166
40150
40074
40010
39989
39964
39961
39869
39843
39776
39751
39622
39621
39596
39557
39487
39472
39374
39357
39219
39127
39107
39092
39035
39028
39009
38983
38889
38830
38792
38790
38778
38777
38753
38717
38704
38457
38429
38400
38358
38273
38201
37941
37781
37728
37703
37686
37671
37597
37370
37331
37314
37243
37227
37131
37119
36951
36880
36753
36532
36529
36447
36445
36435
36398
36363
36269
36255
36177
36160
36150
36107
36092
36076
35949
35868
35790
35770
35767
35738
35729
35675
35449
35377
35352
35237
35205
35180
35180
35140
35127
35125
35073
35026
35015
34999
34865
34755
34721
34684
34598
34561
34430
34405
34382
34375
34344
34330
34183
34086
33973
33915
33849
33840
33813
33809
33747
33666
33641
33635
33606
33520
33394
33319
33286
33178
33169
33163
33137
33103
33083
33058
33029
32881
32879
32662
32647
32583
32312
32312
32311
32215
32215
32199
32164
32160
32095
32060
31858
31856
31855
31842
31834
31826
31769
31740
31735
31624
31595
31454
31370
31366
31273
31255
31236
31197
31123
31096
31040
31028
31001
30891
30863
30849
30840
30770
30756
30732
30723
30658
30633
30602
30432
30375
30366
30292
30235
30090
30013
30008
30004
29973
29846
29787
29634
29558
29512
29417
29399
29368
29326
29294
29213
29207
29197
29133
29107
29037
29013
28859
28855
28850
28800
28770
28770
28762
28754
28718
28610
28455
28434
28321
28171
28146
28135
28116
28086
28053
28032
27995
27921
27913
27900
27880
27803
27786
27740
27703
27659
27625
27571
27524
27401
27289
27282
27231
27186
27178
27146
27143
27069
27053
27044
26995
26903
26798
26744
26729
26670
26612
26586
26479
26294
26286
26252
26011
25979
25954
25910
25729
25599
25591
25580
25579
25567
25508
25429
25423
25368
25337
25324
25247
25181
25113
25019
24939
24887
24849
24842
24740
24609
24578
24555
24548
24352
24344
24239
24223
24171
24100
24049
24047
23991
23980
23930
23801
23801
23785
23671
23653
23632
23626
23500
23460
23446
23392
23368
23208
23192
23087
23056
22940
22903
22879
22770
22731
22709
22709
22686
22649
22608
22589
22467
22368
22352
22325
22315
22294
22291
22276
22270
22246
22145
22136
22068
22036
21970
21698
21675
21668
21546
21508
21498
21478
21438
21379
21208
21206
21194
21177
21140
21136
21088
21020
20976
20952
20916
20866
20861
20861
20844
20776
20750
20735
20533
20529
20502
20478
20433
20344
20317
20204
20203
20164
20159
19916
19914
19809
19801
19792
19738
19733
19682
19611
19570
19511
19467
19444
19412
19327
19279
19259
19142
19049
19042
18972
18958
18934
18906
18767
18753
18621
18568
18533
18519
18477
18291
18238
18120
18076
18074
18068
17991
17988
17963
17949
17947
17917
17892
17878
17802
17791
17739
17730
17723
17691
17666
17537
17513
17507
17505
17452
17423
17367
17304
17114
17064
16960
16954
16943
16842
16817
16756
16706
16656
16540
16527
16515
16494
16461
16460
16438
16383
16345
16266
16242
16112
16067
15967
15887
15864
15798
15705
15379
15358
15282
15250
15216
15120
14942
14828
14814
14742
14704
14667
14653
14615
14613
14610
14465
14372
14104
14047
13964
13955
13930
13926
13891
13872
13816
13739
13735
13724
13702
13631
13574
13530
13457
13401
13320
13320
13310
13301
13299
13279
13217
13115
13001
12931
12846
12804
12735
12726
12712
12704
12661
12627
12612
12606
12582
12569
12538
12505
12501
12492
12490
12484
12478
12470
12452
12368
12364
12363
12309
12276
12231
12187
12128
12104
12050
11940
11925
11883
11849
11794
11788
11738
11731
11611
11594
11453
11386
11349
11264
11235
11222
11150
11023
11021
10952
10859
10714
10705
10547
10538
10458
10309
10218
10159
10152
10117
10084
10063
9925
9905
9838
9815
9634
9532
9327
9286
9248
9240
9206
9024
9017
8993
8953
8929
8871
8852
8843
8802
8779
8768
8748
8720
8714
8653
8523
8495
8420
8403
8369
8322
8238
8226
8044
8041
7923
7872
7856
7849
7735
7731
7653
7650
7626
7618
7604
7425
7323
7261
7210
7171
7128
7121
7119
7050
6999
6981
6942
6909
6705
6541
6513
6471
6407
6374
6358
6165
6113
6091
6078
5981
5934
5845
5743
5699
5643
5558
5462
5366
5313
5244
5173
5156
5155
5031
4961
4936
4927
4844
4836
4764
4762
4748
4747
4706
4674
4646
4600
4582
4470
4463
4373
4362
4297
4295
4236
4173
4095
3963
3917
3852
3777
3755
3642
3637
3564
3564
3549
3538
3298
3287
3177
3169
3165
3161
3087
3069
3023
3002
2993
2917
2716
2699
2672
2616
2599
2579
2541
2455
2415
2389
2319
2257
2093
2070
2017
2010
1876
1842
1828
1819
1776
1763
1704
1701
1677
1652
1609
1562
1550
1537
1537
1510
1401
1318
1256
1223
1223
1198
1168
1148
1127
1124
1123
1041
1002
907
848
826
769
702
702
627
622
594
530
516
515
421
351
349
246
125
46
43
39
24
