99867
99824
99816
99807
99757
99709
99689
99670
99657
99598
99595
99510
99505
99406
99316
99269
99088
98917
98911
98899
98825
98726
98683
98580
98550
98511
98477
98452
98448
98422
98380
98369
98314
98312
98308
98294
98293
98290
98289
98271
98126
98103
97767
97722
97678
97662
97648
97544
97433
97430
97412
97391
97387
97376
97375
97361
97318
97294
97249
97131
97031
97029
96951
96945
96937
96929
96888
96819
96772
96720
96614
96606
96568
96566
96457
96406
96404
96356
96347
96301
96285
96125
96053
95918
95881
95873
95777
95747
95689
95606
95601
95601
95550
95522
95481
95471
95322
95291
95287
95222
95069
95029
94983
94954
94835
94790
94673
94636
94573
94495
94493
94455
94383
94369
94348
94333
94315
94311
94295
94122
93983
93977
93938
93925
93902
93891
93888
93862
93838
93824
93789
93757
93651
93648
93589
93573
93512
93490
93439
93419
93418
93342
93312
93289
93261
93196
93189
93164
93156
93103
93049
92951
92930
92908
92882
92882
92810
92781
92774
92762
92747
92724
92626
92587
92525
92508
92417
92370
92326
92172
92153
92138
92129
91933
91926
91833
91762
91753
91695
91693
91650
91646
91642
91590
91562
91547
91423
91331
91321
91298
91277
91179
90826
90629
90610
90578
90439
90391
90256
90202
90181
90073
90017
89999
89994
89966
89928
89809
89721
89709
89653
89624
89449
89440
89377
89302
89221
89146
89021
89015
88962
88950
88892
88866
88848
88831
88797
88628
88627
88475
88430
88380
88298
88280
88219
88189
88087
88049
88019
88013
87986
87873
87872
87768
87648
87643
87604
87556
87456
87448
87393
87382
87284
87237
87187
87173
87159
87033
86881
86763
86751
86751
86751
86736
86707
86637
86620
86580
86576
86501
86488
86432
86342
86308
86290
86276
86252
86214
86213
86016
85991
85952
85944
85926
85865
85818
85803
85798
85770
85767
85686
85671
85585
85577
85576
85528
85510
85503
85430
85390
85372
85285
85249
85217
85206
85165
85086
85002
84971
84968
84894
84865
84816
84793
84744
84740
84707
84651
84642
84629
84629
84612
84562
84473
84388
84362
84326
84261
84224
84196
84121
84093
84063
84054
84054
83975
83970
83968
83962
83951
83878
83847
83830
83805
83778
83763
83730
83679
83622
83621
83602
83572
83534
83510
83509
83488
83483
83378
83353
83203
83157
83139
83077
82947
82899
82813
82801
82799
82700
82637
82630
82598
82559
82488
82446
82310
82139
82131
82108
82049
82009
82006
81960
81866
81830
81801
81692
81643
81597
81517
81515
81464
81411
81390
81361
81286
81252
81210
81205
81099
81005
80934
80926
80911
80807
80679
80573
80510
80356
80316
80303
80152
80051
80029
79974
79878
79774
79740
79480
79337
79201
79191
79052
78958
78880
78677
78657
78617
78583
78507
78486
78421
78398
78395
78379
78313
78301
78276
78237
78173
78156
78102
78095
78006
78001
77891
77804
77793
77779
77680
77543
77541
77531
77488
77474
77378
77304
77299
77278
77270
77251
77174
77170
77153
77068
77034
77022
76843
76781
76669
76652
76605
76511
76493
76445
76347
76280
76207
76018
76011
75997
75973
75875
75865
75772
75751
75720
75639
75589
75575
75542
75346
75332
75290
75269
75254
75232
75226
75163
75119
75109
75024
74945
74935
74876
74842
74824
74760
74704
74609
74566
74546
74485
74459
74454
74424
74367
74226
74125
74083
73893
73886
73824
73803
73743
73697
73674
73640
73493
73479
73308
73302
73299
73230
73176
73068
73057
73047
73043
73009
72983
72829
72819
72784
72720
72709
72693
72670
72652
72614
72557
72517
72415
72310
72299
72175
72018
72011
71862
71845
71810
71785
71576
71575
71467
71422
71227
71189
71186
71118
71044
71041
71001
70952
70920
70842
70794
70771
70673
70588
70507
70505
70424
70385
70281
70265
70221
70210
70203
70184
70176
70095
69943
69860
69846
69811
69765
69495
69438
69410
69350
69350
69308
69241
69189
69088
69073
69045
69026
68896
68873
68796
68771
68752
68721
68696
68682
68624
68559
68520
68488
68434
68414
68401
68329
68316
68313
68297
68279
68266
68168
68098
68024
67996
67823
67789
67784
67716
67681
67677
67640
67574
67545
67353
67285
67254
67181
67085
67058
67048
66908
66873
66861
66829
66792
66792
66686
66590
66588
66563
66540
66530
66471
66456
66384
66368
66361
66358
66334
66314
66023
65865
65779
65749
65741
65738
65730
65667
65655
65646
65610
65562
65507
65492
65253
65240
65228
65176
65080
65019
64993
64953
64945
64886
64885
64849
64814
64809
64761
64738
64687
64684
64551
64448
64391
64388
64385
64356
64355
64338
64328
64324
64290
64264
64230
64207
64165
64161
64108
64066
63963
63957
63936
63879
63863
63798
63786
63760
63754
63672
63635
63585
63553
63458
63321
63312
63308
63293
63116
63076
63046
62944
62866
62845
62790
62765
62669
62634
62606
62407
62387
62373
62318
62302
62268
62200
62171
62146
62127
62122
62039
61996
61961
61863
61850
61838
61744
61720
61672
61653
61629
61598
61579
61511
61484
61476
61282
61224
61220
61209
61104
61024
60839
60752
60725
60704
60652
60495
60471
60448
60442
60403
60378
60352
60320
60316
60296
60263
60261
60073
59945
59893
59573
59569
59465
59443
59433
59414
59409
59342
59284
59245
59233
59181
59130
59071
59069
58967
58887
58819
58815
58723
58553
58513
58483
58423
58304
58182
58145
58030
57973
57901
57830
57743
57741
57701
57592
57547
57526
57502
57483
57433
57354
57328
57242
57230
57119
57101
57063
57062
57060
57038
56992
56799
56756
56690
56679
56677
56620
56606
56603
56540
56534
56500
56496
56460
56452
56354
56337
56314
56225
56125
56124
56104
55983
55781
55722
55572
55571
55406
55386
55385
55352
55321
55296
55249
55230
55089
55066
55065
55059
55046
54982
54944
54929
54892
54890
54887
54862
54829
54712
54696
54678
54592
54571
54558
54520
54507
54488
54300
54245
54183
54128
54059
54039
54000
53987
53983
53961
53896
53821
53803
53634
53628
53620
53607
53596
53550
53547
53472
53377
53268
53266
53239
53237
53194
53094
52999
52931
52909
52886
52824
52667
52504
52491
52468
52453
52351
52333
52325
52245
52222
52220
52201
52186
52130
52088
51911
51874
51811
51754
51748
51739
51529
51495
51463
51426
51413
51338
51324
51323
51313
51302
51242
51112
50951
50947
50847
50720
50664
50618
50581
50528
50519
50482
50387
50295
50251
50169
50165
50079
50062
50043
50008
49979
49848
49811
49770
49693
49671
49563
49476
49447
49430
49419
49392
49391
49316
49179
49134
49116
49088
49002
48981
48968
48935
48844
48818
48811
48787
48775
48756
48750
48626
48505
48459
48367
48320
48241
48223
48189
48117
48109
48076
47964
47849
47783
47743
47673
47538
47448
47447
47390
47387
47379
47335
47333
47317
47289
47193
47162
47139
47029
47016
46957
46938
46856
46842
46828
46820
46744
46737
46588
46546
46538
46481
46438
46313
46283
46258
46228
46119
46005
45934
45931
45881
45790
45750
45717
45689
45639
45549
45515
45487
45440
45437
45434
45373
45273
45250
45207
45133
44929
44894
44844
44517
44505
44478
44454
44410
44335
44297
44293
44252
44168
44097
43917
43849
43838
43816
43729
43722
43644
43580
43580
43493
43490
43432
43422
43371
43222
43204
43190
43133
43130
43130
43103
43044
42923
42906
42807
42747
42732
42682
42663
42656
42634
42634
42562
42535
42494
42473
42444
42441
42438
42391
42355
42354
42252
42237
42138
42137
42089
42019
41999
41999
41996
41993
41920
41904
41888
41821
41810
41803
41785
41754
41676
41655
41646
41642
41617
41512
41485
41468
41458
41253
41073
41055
41050
41042
40992
40965
40964
40857
40557
40512
40494
40470
40467
40359
40318
40282
40270
40136
40072
40040
40019
40018
39826
39825
39667
39647
39634
39612
39573
39471
39470
39421
39305
39292
39194
39180
39149
39134
39117
39051
38879
38853
38809
38793
38755
38721
38695
38656
38512
38474
38445
38444
38226
38221
38152
38141
38075
38036
38022
37908
37905
37869
37850
37847
37803
37558
37553
37516
37487
37485
37467
37434
37353
37317
37308
37237
37221
37195
37168
37111
36935
36926
36888
36843
36783
36759
36601
36578
36385
36331
36319
36125
36105
36093
36041
35994
35992
35900
35882
35816
35750
35725
35692
35638
35617
35570
35564
35561
35499
35396
35393
35287
35286
35128
35116
35108
35061
35043
35024
34969
34870
34866
34828
34820
34812
34781
34769
34651
34537
34521
34514
34461
34392
34359
34318
34289
34260
34235
34196
34194
34157
34049
34048
33943
33904
33874
33834
33824
33772
33750
33697
33633
33580
33577
33556
33505
33486
33435
33398
33393
33345
33305
33298
33279
33228
33219
33182
33174
33162
33147
33020
33006
32964
32946
32927
32887
32576
32543
32433
32417
32407
32346
32329
32306
32195
32169
32165
32153
32150
32140
32015
32013
31902
31877
31866
31845
31658
31621
31615
31606
31581
31557
31527
31521
31430
31345
31174
31157
31150
31020
30977
30770
30727
30725
30678
30642
30640
30632
30594
30576
30481
30469
30465
30462
30379
30350
30349
30319
30272
30211
30177
30119
30046
30023
29855
29786
29638
29556
29537
29478
29475
29378
29163
29121
29018
28964
28935
28898
28808
28801
28794
28751
28750
28737
28701
28637
28615
28612
28544
28539
28518
28475
28415
28345
28287
28276
28205
28168
28067
28061
28056
28036
28021
28000
27914
27904
27858
27739
27705
27692
27650
27631
27479
27473
27276
27166
27013
26980
26955
26919
26878
26818
26789
26762
26736
26638
26580
26502
26432
26422
26413
26349
26237
26123
26115
26078
26034
26020
25980
25862
25860
25820
25798
25702
25655
25618
25593
25459
25351
25336
25320
25282
25268
25267
25228
25130
24891
24890
24863
24847
24816
24708
24692
24685
24573
24525
24438
24418
24412
24401
24312
24306
24223
24219
24191
24116
24104
23984
23940
23820
23787
23755
23748
23649
23588
23582
23564
23525
23495
23477
23386
23352
23122
23111
23063
23051
23020
22991
22963
22859
22689
22679
22599
22578
22558
22492
22259
22156
22124
22101
22077
22015
21905
21788
21768
21747
21676
21642
21628
21462
21377
21371
21329
21293
21285
21193
21173
21160
21092
21036
21020
21001
20986
20974
20837
20828
20789
20720
20633
20584
20548
20541
20520
20450
20399
20374
20326
20300
20296
20188
20183
20142
20138
20047
19993
19864
19820
19564
19556
19541
19437
19083
19040
18934
18929
18890
18889
18841
18834
18817
18793
18583
18455
18386
18351
18150
18134
18124
18096
18087
18069
17901
17889
17841
17835
17834
17815
17805
17773
17738
17717
17701
17678
17675
17647
17519
17515
17511
17376
17360
17328
17327
17321
17250
17201
17173
17100
17024
17023
16945
16842
16772
16703
16599
16589
16518
16517
16513
16500
16395
16380
16354
16330
16283
16232
16166
16115
16095
16063
15952
15826
15825
15769
15735
15713
15704
15671
15503
15452
15449
15434
15343
15323
15272
15263
15258
15250
15239
15232
15211
15209
15145
15108
15028
14994
14948
14945
14890
14890
14812
14807
14769
14728
14722
14683
14609
14525
14459
14393
14333
14333
14292
14268
14257
14174
14160
14095
14013
13967
13871
13852
13835
13768
13761
13740
13723
13716
13658
13613
13565
13551
13472
13411
13407
13372
13305
13267
13243
13224
13146
13082
13017
12882
12772
12770
12767
12705
12671
12627
12617
12578
12536
12527
12503
12456
12340
12230
12192
12164
12158
12142
12120
12102
11894
11892
11837
11809
11807
11701
11696
11590
11588
11493
11474
11465
11432
11412
11389
11291
11275
11203
10901
10821
10812
10788
10690
10661
10640
10622
10526
10512
10492
10465
10460
10449
10379
10328
10284
10215
10197
10107
10088
10084
10057
9995
9993
9906
9898
9846
9800
9791
9779
9761
9654
9627
9516
9452
9450
9298
9278
9277
9249
9217
9183
9126
9074
8909
8852
8826
8811
8801
8799
8746
8684
8643
8582
8456
8445
8428
8302
8236
8231
8191
8117
8069
7828
7816
7729
7703
7683
7681
7563
7495
7451
7412
7339
7315
7313
7284
7266
7251
7203
7120
7112
7108
7057
7016
6968
6903
6832
6764
6742
6712
6670
6538
6430
6413
6402
6401
6393
6388
6350
6341
6301
6255
5980
5932
5928
5918
5840
5818
5739
5597
5359
5318
5290
5198
5080
5009
4825
4781
4719
4683
4565
4525
4499
4444
4437
4367
4276
4225
4208
4194
4184
4174
4118
3979
3952
3897
3863
3861
3730
3719
3717
3676
3608
3481
3475
3399
3393
3391
3327
3326
3294
3261
3200
3117
3063
2958
2936
2751
2731
2695
2613
2600
2552
2547
2532
2507
2491
2478
2466
2426
2403
2389
2337
2205
2184
2119
2096
2060
2004
1918
1879
1797
1643
1596
1553
1506
1438
1330
1194
1166
1078
1041
1006
991
891
820
695
579
578
557
511
496
478
473
308
233
217
211
174
84
39
