99947
99869
99771
99769
99743
99662
99638
99562
99511
99508
99479
99470
99416
99367
99319
99310
99310
99281
99261
99259
99192
99108
99050
99008
98984
98983
98814
98738
98668
98636
98601
98582
98569
98559
98542
98529
98502
98485
98460
98366
98334
98328
98268
98211
98183
98103
98069
98049
97956
97922
97916
97844
97737
97693
97617
97509
97429
97411
97356
97310
97297
97248
97168
97113
97056
97019
96911
96910
96851
96834
96832
96808
96695
96672
96605
96573
96559
96553
96544
96505
96469
96443
96364
96351
96289
96224
96151
96145
96104
96097
96089
95995
95970
95822
95733
95604
95562
95544
95445
95426
95382
95375
95368
95363
95326
95320
95242
95184
95138
95042
94870
94777
94699
94614
94586
94555
94514
94484
94399
94345
94313
94172
94072
94028
93992
93941
93932
93922
93869
93746
93742
93705
93703
93696
93640
93640
93620
93597
93588
93512
93482
93423
93264
93253
93235
93121
93078
93073
93021
92924
92912
92828
92799
92771
92769
92691
92621
92595
92555
92532
92463
92418
92342
92263
92217
92181
92111
92007
92001
91938
91876
91871
91830
91767
91745
91717
91644
91610
91596
91524
91501
91465
91260
91208
91143
91136
91041
91036
91019
91019
91002
90980
90949
90918
90857
90827
90801
90769
90718
90639
90621
90580
90541
90537
90491
90476
90468
90448
90428
90377
90339
90303
90288
90268
90245
90220
90175
90113
90105
90103
89998
89926
89798
89750
89747
89729
89727
89700
89651
89650
89608
89572
89447
89441
89397
89241
89178
89029
88983
88887
88804
88789
88712
88634
88599
88521
88492
88402
88367
88358
88353
88294
88252
88223
88168
88157
88117
88109
88103
88032
88006
87996
87965
87962
87875
87806
87712
87653
87612
87604
87595
87584
87563
87517
87507
87463
87448
87396
87341
87329
87324
87274
87236
86994
86992
86992
86952
86886
86881
86874
86869
86799
86776
86734
86675
86585
86495
86491
86260
86235
86199
86191
86190
86138
86124
86116
86097
85946
85842
85833
85795
85784
85781
85750
85652
85590
85558
85552
85436
85417
85375
85232
85195
85162
85149
85087
85068
85056
85009
85003
84956
84941
84895
84867
84812
84799
84745
84650
84583
84569
84562
84515
84341
84245
84161
84034
83927
83926
83603
83500
83495
83466
83464
83457
83448
83434
83424
83400
83387
83306
83245
83183
83179
83042
83006
82986
82951
82937
82895
82841
82802
82710
82640
82632
82629
82623
82492
82374
82371
82251
82149
82057
82006
81986
81794
81739
81531
81479
81462
81439
81409
81358
81336
81260
81249
81209
81181
81098
81043
80951
80948
80894
80838
80832
80738
80720
80719
80677
80674
80651
80592
80587
80566
80543
80444
80397
80081
80075
80036
80004
79984
79941
79920
79842
79818
79810
79684
79591
79554
79460
79435
79408
79386
79366
79355
79314
79180
79043
79030
78885
78818
78814
78743
78705
78686
78684
78499
78412
78341
78198
78167
78162
78031
77989
77910
77898
77872
77738
77693
77624
77603
77382
77331
77239
77158
77045
76883
76879
76874
76836
76821
76707
76646
76618
76561
76540
76469
76366
76335
76289
76274
76257
76134
76115
75979
75974
75947
75866
75854
75757
75668
75667
75584
75577
75556
75525
75525
75524
75520
75471
75471
75451
75165
75113
75098
75003
74879
74870
74795
74754
74705
74703
74555
74541
74498
74391
74322
74291
74267
74253
74173
74071
74062
73968
73968
73832
73796
73686
73568
73544
73484
73456
73412
73331
73255
73193
73134
73052
73040
73035
73007
73002
72967
72929
72897
72896
72879
72874
72841
72828
72686
72636
72570
72521
72453
72438
72346
72344
72343
72315
72282
72234
72229
72199
72119
72002
71725
71654
71533
71501
71451
71433
71432
71400
71348
71300
71201
71194
71154
71134
71130
71109
70881
70861
70823
70773
70767
70765
70619
70598
70496
70445
70439
70426
70415
70287
70255
70213
70204
70176
70086
70080
70059
70047
70017
69967
69952
69940
69889
69870
69854
69803
69760
69702
69701
69654
69534
69530
69525
69516
69483
69474
69466
69458
69407
69286
69264
69242
69224
69151
69008
68971
68913
68904
68841
68786
68784
68768
68739
68609
68578
68462
68444
68404
68343
68258
68221
68112
68052
68044
67985
67934
67919
67913
67847
67725
67693
67662
67652
67616
67573
67564
67529
67457
67218
67130
67026
66999
66936
66910
66842
66798
66762
66743
66734
66611
66595
66580
66536
66436
66427
66424
66386
66324
66270
66195
66175
66152
65997
65971
65955
65890
65841
65725
65687
65662
65660
65639
65607
65601
65578
65513
65497
65488
65408
65380
65341
65322
65182
65138
65130
65111
65010
65007
64945
64914
64909
64849
64751
64725
64715
64671
64594
64585
64529
64520
64386
64386
64334
64208
64198
64197
64164
64157
64069
64035
63923
63888
63863
63661
63649
63525
63464
63443
63439
63337
63280
63277
63041
63039
63035
63033
62987
62966
62965
62901
62895
62795
62786
62772
62679
62658
62621
62602
62408
62380
62353
62237
62187
62175
62175
62154
62115
62090
62082
62066
62043
62020
62007
61996
61837
61725
61692
61655
61622
61592
61555
61507
61430
61393
61337
61295
61277
61256
61250
61196
61044
61036
60952
60940
60935
60890
60875
60838
60800
60771
60685
60679
60610
60591
60568
60498
60492
60429
60419
60396
60311
60309
60262
60260
60259
60231
60221
60212
60064
60046
59924
59883
59845
59800
59653
59549
59507
59495
59495
59486
59332
59294
59236
59114
59046
59025
58984
58937
58894
58855
58853
58709
58584
58530
58468
58453
58439
58365
58310
58305
58303
58282
58195
58124
58101
58028
57892
57890
57867
57677
57658
57649
57576
57509
57499
57473
57469
57429
57411
57368
57305
57263
57186
57156
57151
57142
57062
57005
56934
56909
56889
56784
56697
56695
56680
56655
56622
56613
56585
56543
56471
56362
56355
56345
56328
56258
56193
56180
56138
56136
56120
55991
55952
55898
55835
55777
55735
55702
55636
55606
55603
55592
55536
55516
55514
55474
55447
55445
55340
55339
55321
55294
55141
55065
55049
55005
54894
54766
54675
54660
54635
54597
54566
54486
54458
54455
54412
54363
54357
54329
54117
54031
54029
53885
53858
53649
53636
53624
53613
53580
53569
53559
53400
53391
53281
53261
53168
53138
53132
53089
53062
53033
52972
52963
52962
52962
52955
52865
52840
52792
52780
52691
52689
52670
52651
52601
52590
52538
52453
52449
52373
52308
52269
52260
52240
52151
52024
52013
51973
51942
51890
51801
51717
51697
51642
51637
51541
51356
51313
51291
51277
51224
51177
51173
51110
51053
51011
51007
50988
50907
50902
50880
50860
50826
50818
50777
50763
50745
50737
50719
50678
50670
50656
50655
50641
50623
50620
50616
50571
50530
50457
50437
50208
50183
50171
50161
50125
50107
49987
49961
49931
49849
49836
49833
49820
49816
49809
49770
49759
49553
49522
49521
49496
49488
49475
49451
49425
49336
49328
49139
49121
49106
49035
48978
48971
48935
48927
48921
48883
48831
48723
48697
48694
48556
48553
48524
48445
48380
48380
48374
48251
48239
48223
48210
48202
48120
48084
48081
48040
48035
48031
48025
47986
47922
47896
47858
47820
47753
47736
47686
47677
47628
47606
47596
47563
47509
47483
47466
47348
47334
47324
47306
47302
47228
47220
47198
47195
47147
47125
47092
46980
46959
46909
46830
46762
46736
46627
46475
46445
46407
46325
46218
46140
46136
46057
46001
45946
45903
45782
45747
45618
45570
45522
45519
45502
45485
45393
45369
45277
45274
45143
45098
45084
45076
45049
44991
44979
44963
44896
44876
44873
44818
44682
44608
44492
44368
44359
44349
44317
44306
44305
44305
44302
44109
44097
44062
44000
43981
43975
43959
43953
43934
43908
43858
43857
43853
43757
43717
43705
43684
43639
43604
43603
43543
43365
43350
43228
43196
43130
43033
43013
43006
42918
42878
42818
42733
42727
42638
42622
42509
42439
42422
42249
42129
42105
42079
42054
41984
41929
41876
41868
41841
41838
41772
41744
41692
41417
41409
41376
41359
41346
41281
41238
41217
41192
41119
41107
41033
40977
40938
40819
40709
40589
40513
40503
40492
40457
40456
40448
40358
40236
40213
40178
40119
40110
39997
39749
39711
39696
39688
39634
39500
39498
39445
39371
39331
39268
39256
39219
39136
39114
38926
38819
38780
38674
38492
38480
38479
38396
38308
38235
38153
38131
38067
38059
38015
37821
37811
37765
37758
37608
37588
37566
37516
37461
37452
37393
37175
37135
37134
37087
37082
36990
36976
36969
36941
36938
36602
36542
36446
36440
36415
36258
36202
36163
36157
36131
36112
36099
36063
36031
35788
35737
35711
35485
35419
35418
35381
35288
35255
35235
35209
35202
35074
34730
34690
34663
34641
34638
34629
34599
34423
34398
34330
34319
34300
34297
34264
34222
34143
34135
34129
34040
34011
33916
33890
33833
33769
33734
33716
33701
33672
33619
33590
33448
33428
33338
33321
33269
33216
33198
33190
33185
33129
33098
33081
33075
33042
32961
32948
32877
32608
32589
32469
32458
32351
32289
32269
32239
32201
32164
32158
32156
32109
32075
32075
32012
32001
31948
31914
31893
31858
31810
31806
31756
31633
31591
31514
31510
31496
31492
31482
31470
31460
31409
31297
31263
31214
31189
31177
30856
30831
30818
30818
30764
30663
30651
30584
30527
30433
30375
30347
30252
30228
30213
30173
30152
30108
30049
30025
29908
29811
29760
29737
29704
29682
29679
29636
29591
29518
29361
29322
29309
29287
29243
29238
29182
29181
29152
29104
29102
29081
29012
28983
28769
28431
28417
28308
28226
28150
28056
28036
28012
28000
27968
27803
27608
27599
27566
27547
27486
27324
27243
27184
27172
27088
26990
26930
26915
26911
26711
26611
26531
26519
26494
26426
26362
26264
26188
26159
26074
25928
25818
25729
25568
25527
25474
25452
25360
25265
25242
25185
25071
25050
25040
24968
24939
24850
24692
24649
24471
24428
24387
24315
24288
24256
24243
24207
24180
24164
24083
23992
23939
23911
23865
23751
23735
23710
23707
23698
23660
23616
23475
23450
23358
23355
23296
23149
23124
23029
22925
22914
22900
22882
22809
22795
22651
22552
22417
22405
22282
22228
22134
22072
22024
21971
21857
21824
21768
21738
21704
21691
21641
21626
21572
21551
21538
21538
21528
21447
21434
21306
21247
21237
21234
21208
21189
21183
21157
21120
21089
21059
21051
20930
20915
20836
20716
20687
20666
20648
20401
20303
20266
20260
20185
20174
20163
20107
20097
20081
20015
20006
20004
19991
19967
19884
19872
19864
19810
19780
19773
19724
19628
19610
19597
19509
19427
19381
19326
19177
19126
19052
19009
18964
18944
18873
18847
18765
18744
18739
18722
18668
18666
18642
18640
18630
18564
18552
18539
18502
18469
18464
18348
18330
18308
18304
18246
18185
18105
18033
17988
17931
17844
17818
17733
17634
17623
17572
17450
17360
17350
17323
17254
17234
17179
17176
17115
17093
17079
17058
17052
16916
16898
16719
16715
16655
16569
16569
16367
16334
16288
16280
16207
16121
16075
15984
15927
15843
15834
15828
15808
15705
15703
15540
15477
15467
15440
15425
15423
15302
15292
15292
15234
15210
15190
15138
15095
15008
14993
14885
14878
14841
14811
14775
14630
14594
14519
14501
14443
14353
14297
14279
14131
14071
14029
14021
14008
14006
13927
13911
13881
13849
13842
13706
13551
13502
13415
13362
13325
13200
13174
13017
12968
12950
12935
12924
12921
12918
12883
12841
12830
12637
12628
12607
12559
12506
12477
12390
12333
12321
12298
12211
12152
12136
11987
11949
11907
11866
11830
11718
11678
11642
11602
11557
11517
11483
11481
11480
11397
11385
11366
11228
11222
11137
11092
11065
10987
10930
10762
10753
10700
10683
10579
10507
10423
10290
10282
10244
10224
10202
10176
10053
10022
9956
9931
9848
9818
9700
9635
9612
9582
9575
9466
9440
9411
9358
9355
9325
9311
9265
9225
9137
9129
8945
8831
8764
8695
8673
8649
8496
8448
8376
8230
8209
8190
7890
7747
7711
7398
7326
7194
7164
7088
7073
7054
7054
7047
6967
6949
6917
6882
6857
6803
6740
6578
6516
6467
6414
6304
6266
6254
6118
6059
6054
5964
5957
5892
5890
5879
5754
5736
5734
5698
5648
5633
5578
5539
5417
5389
5380
5200
5073
5069
4990
4884
4869
4757
4756
4737
4715
4703
4682
4629
4587
4567
4551
4531
4357
4350
4269
4267
4260
4244
4183
4159
4146
4090
4068
4003
3929
3897
3872
3856
3844
3775
3425
3342
3322
3285
3207
3070
3049
2922
2890
2881
2854
2821
2760
2700
2632
2609
2557
2550
2494
2484
2468
2348
2344
2302
2257
2173
2140
2024
1995
1974
1955
1906
1884
1855
1658
1625
1572
1571
1513
1482
1419
1413
1373
1320
1315
1242
1151
988
931
869
846
806
778
724
714
687
590
549
493
453
371
356
304
289
215
188
103
14
1
