99980
99924
99883
99879
99841
99678
99655
99639
99542
99526
99452
99451
99416
99293
99063
98989
98971
98944
98937
98895
98885
98849
98828
98824
98792
98743
98670
98656
98610
98551
98534
98504
98494
98487
98456
98431
98427
98358
98340
98297
98286
98217
98212
98160
98117
98025
98000
97917
97865
97857
97790
97764
97723
97629
97554
97546
97505
97433
97290
97238
97207
97140
97119
97110
97034
96919
96870
96842
96786
96718
96713
96698
96683
96649
96539
96524
96480
96472
96439
96356
96356
96330
96316
96282
96237
96204
96087
96054
96046
96030
95999
95999
95967
95927
95894
95892
95891
95825
95798
95768
95691
95641
95635
95607
95589
95565
95557
95454
95436
95385
95376
95367
95265
95219
95182
95180
95173
95122
95045
95019
95007
94778
94665
94524
94202
94136
94131
94099
94080
94059
94050
94023
93867
93847
93694
93691
93690
93485
93349
93146
93119
92857
92810
92772
92761
92704
92675
92673
92516
92481
92453
92405
92249
92246
92243
92175
92173
91988
91955
91938
91893
91827
91779
91718
91689
91567
91519
91492
91433
91315
91283
91201
91196
91178
91059
91036
91034
91032
90982
90885
90884
90835
90811
90805
90794
90777
90760
90678
90614
90611
90600
90588
90483
90436
90349
90289
90257
90226
90142
90118
89850
89830
89808
89794
89699
89660
89586
89446
89394
89363
89230
89193
89094
89066
89026
88998
88994
88979
88968
88968
88956
88913
88870
88844
88815
88809
88723
88706
88648
88391
88342
88281
88267
88267
88149
88138
88109
88074
88067
87960
87953
87848
87843
87741
87682
87658
87639
87579
87532
87514
87512
87498
87446
87366
87322
87282
87250
87246
87135
87132
87097
87045
87020
87006
86967
86936
86919
86850
86828
86810
86717
86711
86649
86607
86552
86551
86533
86470
86451
86429
86388
86370
86291
86257
86249
86088
86019
86015
85994
85990
85835
85811
85673
85651
85641
85538
85464
85403
85381
85377
85328
85323
85309
85206
85121
85082
85060
84986
84983
84871
84856
84831
84763
84753
84744
84739
84699
84695
84653
84650
84619
84578
84503
84478
84473
84455
84237
84208
84183
84038
83888
83854
83757
83677
83621
83605
83530
83447
83408
83404
83402
83400
83267
83257
83255
83252
83230
83212
83107
83104
83087
83059
83035
83025
82986
82859
82847
82821
82805
82802
82762
82737
82736
82696
82638
82588
82561
82540
82532
82476
82461
82432
82420
82404
82397
82374
82336
82249
82234
82203
82122
82119
82117
82038
82034
82004
81925
81901
81884
81771
81653
81595
81587
81545
81528
81506
81478
81284
81278
81275
81264
81240
81223
81181
81118
81111
81109
80972
80938
80708
80655
80640
80567
80558
80497
80483
80476
80401
80328
80279
80250
80094
79979
79968
79941
79759
79710
79604
79580
79557
79502
79427
79373
79291
79276
79261
79256
79221
79198
79162
79144
79009
78973
78939
78918
78868
78857
78838
78772
78735
78734
78724
78698
78667
78662
78582
78524
78413
78412
78407
78301
78293
78188
78143
78132
78097
78083
77876
77740
77734
77684
77640
77522
77520
77415
77375
77257
77246
77216
77194
77070
76944
76913
76881
76872
76852
76802
76794
76739
76675
76577
76556
76338
76305
76304
76152
76091
76076
76015
76012
75899
75866
75683
75572
75543
75475
75378
75297
75248
75236
75233
75215
75182
75164
75042
75025
75022
74990
74976
74970
74924
74859
74838
74827
74816
74760
74710
74680
74662
74640
74576
74564
74519
74502
74481
74419
74398
74384
74380
74372
74302
74270
74247
74218
74171
74112
73950
73942
73927
73907
73890
73873
73868
73854
73624
73515
73501
73490
73471
73382
73323
73277
73178
73017
73015
72921
72814
72813
72764
72708
72542
72393
72264
72259
72236
72108
72063
72036
71999
71983
71935
71928
71857
71857
71848
71836
71822
71712
71685
71654
71591
71539
71482
71437
71410
71359
71294
71180
71161
71152
71138
71081
71068
71014
70912
70756
70706
70685
70659
70619
70561
70559
70547
70539
70407
70394
70390
70334
70256
70049
69883
69833
69829
69805
69784
69758
69598
69472
69463
69388
69373
69371
69324
69318
69236
69123
69114
69015
68888
68880
68867
68829
68748
68723
68623
68576
68570
68535
68511
68480
68243
68239
68194
68161
68144
68117
68091
67807
67762
67756
67711
67678
67671
67504
67497
67464
67418
67371
67325
67259
67259
67249
67117
66973
66926
66763
66715
66474
66414
66404
66401
66393
66377
66306
66151
66118
65883
65712
65687
65662
65657
65457
65457
65428
65404
65375
65305
65266
65265
65225
65047
65046
64984
64917
64915
64902
64899
64862
64789
64650
64645
64637
64604
64479
64477
64438
64316
64313
64247
64237
63909
63790
63764
63761
63722
63678
63665
63658
63646
63601
63565
63538
63501
63362
63348
63348
63260
63153
63138
63103
62962
62878
62856
62782
62652
62567
62499
62460
62402
62337
62312
62309
62202
62176
62156
62147
62128
62117
62000
61985
61982
61974
61968
61968
61906
61893
61887
61877
61739
61674
61627
61608
61592
61566
61564
61518
61497
61433
61406
61342
61330
61293
61278
61184
61115
61113
61098
61037
60931
60899
60753
60717
60647
60598
60556
60454
60446
60369
60315
60286
60248
60188
60179
60162
60096
60053
60003
59960
59939
59874
59797
59695
59582
59515
59454
59432
59332
59325
59279
59231
59214
59208
59161
59126
59126
59075
59012
58985
58953
58930
58920
58912
58888
58854
58784
58779
58363
58301
58270
58229
58069
57963
57915
57885
57878
57855
57852
57755
57738
57584
57549
57536
57460
57247
57184
57179
57075
57073
57017
56974
56898
56768
56746
56510
56501
56470
56466
56439
56421
56260
55922
55889
55842
55812
55800
55779
55755
55751
55745
55625
55616
55542
55509
55426
55413
55371
55263
55257
55257
55252
55232
55229
55215
55162
55062
55010
54989
54960
54907
54837
54807
54803
54753
54733
54640
54585
54552
54470
54398
54173
54128
54106
54079
54073
53948
53938
53938
53889
53837
53753
53717
53699
53668
53481
53435
53430
53352
53346
53338
53333
53311
53311
53209
53146
53140
53121
53066
52978
52963
52951
52892
52876
52824
52803
52785
52785
52769
52743
52742
52742
52653
52573
52538
52502
52468
52434
52429
52407
52233
52118
52117
51951
51941
51863
51781
51583
51579
51572
51563
51493
51464
51454
51447
51418
51367
51338
51287
51213
51160
51062
51049
51032
50915
50884
50850
50836
50795
50780
50775
50622
50530
50468
50369
50367
50322
50226
50097
50003
49967
49927
49922
49922
49880
49853
49821
49817
49776
49753
49588
49540
49518
49433
49351
49349
49292
49249
49184
49175
49131
49130
49056
49043
48992
48989
48970
48957
48923
48869
48809
48736
48718
48664
48566
48544
48492
48354
48352
48297
48188
48174
48147
48128
48088
48010
47884
47873
47844
47843
47807
47764
47751
47723
47700
47698
47659
47436
47411
47379
47291
47278
47264
47251
47136
46978
46946
46934
46919
46784
46728
46570
46514
46465
46420
46405
46359
46325
46317
46294
46281
46247
46114
46068
46048
46048
45964
45937
45936
45920
45891
45889
45877
45873
45843
45840
45649
45610
45448
45434
45430
45387
45348
45342
45304
45150
45117
45089
45001
44913
44872
44814
44777
44776
44688
44642
44623
44593
44582
44537
44404
44308
44261
44190
44092
44032
44023
43935
43935
43915
43884
43880
43875
43778
43625
43602
43554
43536
43527
43417
43389
43354
43350
43226
43198
43194
43134
43042
42978
42943
42915
42807
42762
42743
42662
42652
42547
42541
42528
42508
42403
42357
42090
42085
42072
42026
41960
41931
41905
41776
41728
41609
41605
41599
41586
41564
41534
41490
41486
41484
41453
41418
41406
41347
41256
41232
41223
41186
41106
41086
41082
41073
41038
40987
40970
40934
40839
40822
40734
40647
40547
40528
40394
40389
40382
40332
40325
40180
40144
40089
40081
39984
39949
39932
39874
39817
39760
39694
39692
39625
39584
39566
39532
39528
39528
39515
39506
39457
39446
39365
39335
39278
39268
39184
39180
39111
39078
39061
39037
39030
39008
39000
38957
38923
38758
38755
38721
38617
38593
38590
38544
38497
38455
38355
38315
38288
38182
38172
38158
37962
37917
37910
37902
37865
37676
37624
37456
37452
37442
37413
37371
37371
37349
37259
37235
37221
37147
37093
37070
37060
37010
36983
36972
36913
36881
36797
36749
36723
36643
36599
36599
36452
36446
36395
36317
36288
36075
36020
35995
35881
35863
35860
35640
35629
35625
35624
35570
35410
35398
35365
35354
35351
35276
35243
34991
34984
34901
34811
34792
34682
34643
34574
34557
34499
34476
34441
34407
34370
34352
34342
34080
34045
34030
34022
33998
33948
33847
33785
33730
33716
33708
33660
33596
33592
33567
33485
33483
33367
33363
33362
33260
32981
32914
32910
32792
32727
32644
32627
32566
32557
32444
32329
32294
32244
32151
32120
32105
32010
32004
31940
31879
31865
31719
31655
31607
31467
31419
31353
31336
31269
31251
31221
31112
31075
31065
31051
30940
30894
30868
30772
30759
30717
30607
30492
30441
30392
30331
30273
30183
30093
30088
30061
30010
29946
29924
29919
29881
29862
29784
29747
29736
29630
29554
29454
29349
29299
29288
29231
29225
29166
29114
29015
28965
28897
28867
28850
28848
28769
28660
28655
28575
28457
28356
28306
28292
28279
28262
28173
28155
28091
28010
27964
27952
27921
27823
27801
27762
27731
27678
27628
27597
27593
27548
27540
27505
27503
27486
27472
27445
27417
27385
27363
27337
27330
27317
27225
27100
27074
27073
27066
26917
26910
26891
26845
26819
26800
26721
26625
26543
26534
26521
26502
26498
26387
26272
26196
26172
26162
26160
26107
26032
26027
25996
25813
25741
25731
25712
25642
25641
25611
25600
25526
25360
25313
25240
25186
25166
25161
25147
25085
24933
24839
24838
24782
24747
24738
24732
24709
24662
24564
24428
24411
24319
24254
24239
24212
24196
24174
24146
24039
23950
23903
23891
23826
23816
23790
23782
23731
23706
23642
23639
23631
23555
23440
23392
23386
23329
23242
23126
23090
22779
22648
22597
22590
22538
22483
22476
22427
22365
22284
22169
22123
22119
22017
21917
21816
21769
21722
21679
21603
21575
21574
21549
21460
21442
21394
21390
21363
21317
21270
21241
21188
21146
21044
20977
20967
20960
20944
20936
20925
20921
20912
20908
20838
20732
20639
20618
20597
20540
20439
20377
20277
20271
20229
20126
20112
20107
20028
20021
19941
19892
19795
19776
19660
19640
19596
19551
19531
19426
19423
19411
19320
19218
19211
19201
19188
19151
19107
19051
19048
18999
18887
18881
18629
18564
18299
18294
18248
18177
18156
18156
18116
18100
18100
18039
18010
18001
17977
17977
17964
17941
17935
17858
17820
17789
17751
17648
17641
17597
17575
17417
17317
17285
17267
17230
17159
17006
16913
16905
16894
16865
16749
16738
16657
16610
16608
16524
16456
16402
16398
16383
16356
16270
16248
16231
16219
16147
16034
15961
15949
15929
15912
15904
15859
15642
15567
15514
15498
15489
15351
15318
15299
15293
15284
15256
15230
15198
15148
15135
15127
15110
15037
15032
14999
14981
14816
14776
14764
14756
14654
14637
14564
14560
14533
14461
14433
14353
14235
14150
14118
14082
14080
14023
13937
13905
13866
13855
13732
13683
13579
13554
13400
13348
13312
13279
13072
13062
12934
12889
12888
12858
12819
12816
12707
12656
12646
12617
12550
12530
12527
12517
12508
12498
12412
12393
12382
12375
12330
12247
12152
12123
12113
12104
12092
12085
11866
11791
11776
11763
11750
11747
11740
11725
11690
11616
11588
11551
11522
11515
11504
11446
11431
11243
11181
11121
11121
11091
11084
11072
11064
11057
11055
11031
10895
10823
10744
10744
10689
10623
10581
10461
10444
10322
10312
10244
10057
9862
9708
9634
9569
9506
9448
9392
9377
9315
9276
9242
9158
9155
9082
9013
8964
8944
8894
8845
8833
8754
8716
8662
8640
8537
8429
8378
8368
8290
8273
8226
8174
8106
7856
7828
7801
7792
7786
7588
7529
7528
7504
7423
7321
7248
7180
7169
7165
7145
6991
6984
6957
6885
6852
6735
6709
6689
6659
6653
6651
6586
6457
6452
6448
6417
6388
6326
6312
6240
6133
6113
6076
6075
6025
6018
6009
5996
5936
5839
5830
5794
5773
5685
5642
5563
5560
5519
5504
5450
5428
5403
5360
5224
5217
5197
5095
5027
4934
4898
4793
4792
4768
4698
4616
4615
4509
4499
4475
4436
4430
4427
4356
4204
4188
4094
4044
4013
3939
3935
3934
3850
3842
3779
3588
3557
3508
3498
3480
3309
3229
3086
3074
3072
2948
2871
2843
2778
2690
2635
2572
2531
2373
2240
2219
2162
2028
2009
2002
1988
1964
1939
1893
1828
1790
1788
1634
1549
1409
1293
1016
1004
992
975
959
904
890
825
788
762
736
732
709
569
566
508
502
472
457
418
394
301
266
264
199
75
7
