99894
99874
99861
99832
99814
99764
99623
99552
99489
99416
99257
99215
99211
99203
99164
99157
99153
98991
98989
98948
98869
98826
98814
98740
98714
98595
98555
98542
98537
98445
98413
98377
98348
98319
98273
98258
98164
98116
98054
98046
98030
97898
97897
97785
97780
97760
97683
97643
97583
97488
97465
97372
97350
97340
97302
97103
97100
97095
97079
96974
96956
96928
96880
96879
96831
96765
96756
96720
96707
96705
96699
96693
96606
96582
96502
96481
96460
96441
96417
96389
96339
96313
96279
96236
96202
96043
96040
95998
95560
95558
95543
95442
95348
95240
95154
95134
95056
95019
94951
94918
94793
94779
94721
94712
94686
94676
94521
94434
94389
94316
94285
94257
94232
94177
94133
93876
93835
93681
93673
93583
93556
93536
93505
93500
93435
93343
93310
93266
93257
93183
93134
93112
93022
92980
92795
92649
92647
92630
92616
92600
92566
92430
92375
92374
92358
92277
92129
92069
92039
91961
91897
91865
91853
91792
91779
91721
91680
91680
91648
91631
91455
91403
91285
91162
91152
91148
91079
91062
91020
90964
90872
90854
90842
90828
90820
90819
90766
90670
90667
90653
90622
90578
90572
90558
90545
90513
90461
90417
90399
90383
90351
90317
90281
90249
90181
90148
89887
89840
89834
89783
89751
89658
89614
89508
89449
89406
89389
89387
89321
89275
89160
89157
89122
89092
88992
88789
88686
88686
88654
88631
88624
88611
88539
88515
88474
88469
88467
88410
88359
88289
88272
88122
88109
88098
88018
87892
87889
87790
87788
87758
87691
87691
87658
87652
87639
87618
87618
87612
87609
87595
87568
87544
87452
87414
87394
87303
87267
87231
87089
87061
86988
86952
86935
86873
86825
86821
86797
86642
86603
86597
86542
86496
86373
86318
86294
86174
86143
86098
86096
86038
86025
85984
85957
85907
85878
85751
85747
85698
85657
85599
85548
85541
85486
85463
85428
85375
85373
85365
85308
85265
85261
85253
85252
85241
85152
85079
85066
84852
84839
84835
84834
84736
84731
84700
84687
84676
84676
84586
84465
84419
84322
84087
84082
83932
83929
83928
83903
83828
83746
83721
83595
83563
83549
83520
83457
83409
83312
83276
83260
83256
83248
83208
83133
83101
82971
82921
82894
82809
82804
82722
82612
82592
82581
82534
82426
82388
82380
82350
82333
82199
82180
82171
82118
81970
81967
81943
81752
81726
81658
81637
81577
81548
81532
81510
81490
81443
81191
81174
81154
81141
81073
81064
80998
80954
80895
80844
80818
80739
80727
80698
80541
80516
80504
80435
80339
80274
80223
80198
80181
80110
80075
80028
80002
79975
79752
79723
79675
79675
79667
79565
79529
79481
79471
79449
79443
79430
79382
79366
79343
79336
79312
79284
79186
79126
79107
79074
78996
78971
78934
78884
78830
78816
78731
78721
78718
78674
78665
78569
78500
78494
78403
78392
78365
78193
78188
78168
78117
78108
77978
77955
77946
77933
77797
77696
77644
77610
77604
77344
77330
77212
77204
77110
77071
77048
77031
76959
76908
76899
76886
76881
76876
76831
76811
76749
76731
76721
76691
76638
76611
76578
76562
76516
76479
76350
76312
76265
76207
76139
76114
75993
75974
75862
75848
75841
75803
75735
75702
75699
75660
75631
75593
75478
75455
75445
75431
75351
75254
75245
75241
75231
75209
75155
75075
75036
74988
74907
74826
74774
74768
74664
74605
74589
74570
74567
74562
74536
74388
74362
74357
74242
74206
74125
74117
74099
74090
74008
73962
73950
73926
73890
73823
73807
73797
73791
73738
73725
73668
73619
73591
73564
73490
73461
73340
73317
73282
73246
73189
73187
73154
73122
73081
73026
73020
72994
72887
72834
72819
72788
72553
72551
72549
72233
72233
72210
72117
72107
72092
72043
72015
72004
71981
71967
71922
71900
71864
71815
71732
71689
71601
71570
71505
71392
71326
71309
71248
71233
71061
71032
71013
70909
70860
70815
70794
70758
70661
70652
70593
70426
70388
70360
70351
70348
70241
70194
70140
70099
70013
69951
69866
69840
69832
69810
69772
69570
69535
69501
69465
69395
69374
69312
69310
69282
69206
69151
69131
69022
68951
68938
68776
68760
68680
68635
68597
68532
68423
68382
68292
68286
68252
68216
68179
68170
68101
68012
67960
67954
67922
67897
67859
67846
67697
67649
67572
67510
67404
67380
67329
67318
67307
67305
67281
67101
67054
67048
67013
66849
66816
66765
66719
66664
66532
66499
66440
66410
66403
66280
66254
66229
66203
66099
66064
66019
66003
65965
65859
65843
65824
65818
65734
65729
65724
65641
65508
65484
65460
65421
65357
65332
65313
65255
65198
65174
65174
65164
65137
65127
65066
65036
64997
64965
64943
64774
64763
64665
64634
64295
64230
64227
64184
64100
63939
63903
63849
63838
63781
63775
63720
63720
63695
63677
63671
63602
63593
63587
63543
63526
63523
63334
63138
63111
63064
63002
63000
62920
62904
62881
62808
62760
62759
62713
62664
62605
62602
62574
62571
62559
62412
62266
62251
62250
62222
62186
62149
62072
62055
61997
61890
61837
61835
61824
61808
61777
61744
61735
61719
61633
61618
61567
61480
61323
61244
61168
61044
61025
61007
61007
60989
60808
60645
60579
60483
60458
60431
60382
60273
60263
60243
60057
60008
59994
59930
59751
59715
59596
59471
59165
59124
59052
59048
59012
58998
58995
58988
58983
58983
58974
58896
58834
58480
58394
58389
58333
58256
58235
58210
58090
57974
57902
57828
57818
57731
57720
57580
57427
57415
57351
57185
57172
57132
56976
56969
56948
56939
56916
56902
56900
56791
56660
56592
56575
56531
56471
56380
56365
56365
56341
56331
56146
56078
56051
56003
55793
55760
55739
55715
55685
55653
55609
55591
55563
55563
55553
55553
55525
55507
55473
55438
55375
55337
55248
55084
55003
54957
54936
54883
54856
54839
54783
54607
54590
54404
54294
54290
54272
54133
54069
54016
53908
53797
53793
53776
53770
53745
53621
53611
53588
53485
53310
53258
53254
53244
53231
53214
53193
53040
52998
52702
52661
52642
52615
52564
52514
52399
52326
52290
52256
52142
52086
52058
51939
51919
51881
51839
51776
51770
51762
51692
51686
51583
51580
51536
51456
51451
51401
51328
51256
51166
51155
51122
51043
50919
50911
50877
50858
50854
50850
50849
50773
50668
50657
50522
50507
50469
50264
50228
50160
50143
50117
50097
50038
50026
49830
49758
49744
49714
49640
49614
49546
49508
49466
49453
49433
49384
49381
49340
49241
49186
49124
49091
49060
49040
48863
48835
48654
48652
48650
48641
48597
48585
48547
48481
48470
48323
48322
48183
48116
48093
48010
47946
47940
47804
47789
47624
47531
47497
47438
47433
47409
47299
47284
47180
47112
47095
47078
47044
47017
46926
46754
46711
46695
46583
46545
46387
46375
46321
46287
46250
46232
46199
46198
46150
45997
45970
45867
45841
45745
45730
45600
45564
45551
45474
45429
45392
45326
45277
45253
45193
45189
45173
45116
45079
45010
44995
44941
44920
44914
44817
44805
44762
44709
44703
44697
44671
44666
44494
44493
44479
44474
44443
44433
44407
44231
44114
44022
43952
43941
43891
43831
43795
43736
43725
43706
43681
43649
43625
43592
43478
43451
43428
43392
43368
43315
43311
43236
43231
43148
43116
43015
43014
42955
42918
42904
42875
42779
42776
42751
42661
42517
42473
42470
42428
42412
42256
42250
42222
42158
42093
42035
42031
41937
41936
41932
41899
41881
41869
41856
41853
41779
41779
41765
41529
41417
41398
41349
41347
41323
41132
41118
41113
41110
41074
41069
41016
40932
40925
40923
40780
40651
40585
40516
40495
40440
40427
40257
40208
40188
40188
40168
40116
39889
39836
39772
39766
39689
39679
39587
39537
39431
39406
39403
39383
39350
39269
39238
39174
39093
39056
39027
38999
38938
38862
38651
38642
38611
38418
38336
38322
38308
38303
38258
38233
38225
38180
38158
38075
38056
37966
37930
37904
37899
37848
37847
37817
37735
37720
37445
37417
37392
37384
37285
37273
37124
36974
36805
36734
36731
36631
36528
36400
36366
36287
36178
36165
36158
36109
36039
36028
35961
35940
35930
35811
35787
35637
35380
35237
35213
35183
35176
35130
35079
34937
34932
34899
34894
34867
34848
34806
34746
34618
34612
34601
34579
34568
34566
34491
34479
34466
34460
34438
34402
34400
34365
34359
34315
34298
34219
34142
34010
33949
33949
33914
33866
33837
33811
33632
33579
33566
33533
33463
33421
33402
33341
33333
33326
33310
33292
33258
33185
33157
33056
33016
32980
32977
32883
32880
32854
32828
32800
32798
32792
32786
32780
32657
32573
32564
32561
32544
32371
32354
32303
32285
32226
32120
32118
32067
32022
31964
31941
31883
31810
31755
31719
31669
31643
31637
31613
31559
31508
31372
31371
31370
31324
31305
31276
31231
31215
31214
31098
31020
30947
30824
30815
30790
30789
30786
30620
30538
30528
30440
30427
30427
30284
30201
30105
30022
29995
29947
29937
29845
29819
29802
29789
29745
29703
29669
29647
29521
29450
29428
29356
29334
29327
29215
29188
29168
29129
29126
29071
29052
29005
28989
28902
28811
28806
28584
28554
28534
28526
28441
28434
28427
28369
28368
28356
28353
28264
28235
28215
28133
28016
27832
27791
27761
27760
27715
27615
27494
27483
27452
27424
27389
27334
27169
27083
27053
27015
27009
27006
27005
26999
26858
26829
26711
26657
26647
26444
26366
26254
26237
26236
26187
26162
26161
26018
25900
25895
25836
25797
25796
25757
25702
25649
25597
25569
25530
25482
25470
25454
25424
25415
25409
25363
25333
25329
25275
25105
25100
25055
25051
25049
25018
24986
24963
24869
24811
24810
24795
24779
24721
24616
24587
24470
24464
24449
24411
24304
24280
24261
24193
24169
24161
24120
24080
24012
23979
23971
23957
23819
23703
23682
23492
23450
23409
23373
23357
23344
23343
23259
23192
23191
23146
23101
23018
22953
22917
22905
22888
22855
22855
22776
22743
22720
22643
22609
22515
22420
22325
22214
22140
21998
21971
21950
21870
21863
21698
21688
21603
21586
21579
21563
21534
21449
21386
21379
21373
21260
21163
21139
21111
21023
20989
20854
20792
20668
20622
20585
20531
20363
20247
20155
20045
20020
19962
19951
19943
19854
19754
19725
19681
19654
19633
19618
19611
19599
19568
19550
19540
19496
19495
19447
19414
19408
19394
19381
19344
19314
19296
19293
19208
19101
19068
19003
18998
18972
18965
18958
18884
18857
18749
18725
18682
18629
18622
18558
18552
18543
18540
18539
18533
18512
18439
18390
18389
18351
18322
18313
18305
18251
18230
18207
18102
18039
18039
18006
17967
17942
17856
17650
17636
17622
17599
17588
17584
17583
17538
17494
17442
17209
17115
17091
16877
16845
16797
16680
16556
16555
16523
16443
16401
16320
16316
16314
16272
16258
16231
16225
16126
16106
16038
16013
16001
15983
15849
15821
15819
15674
15617
15606
15550
15544
15527
15448
15441
15428
15335
15311
15290
15038
15001
14947
14932
14884
14881
14835
14826
14715
14712
14570
14559
14548
14506
14492
14410
14323
14261
14240
14231
14203
14174
14158
14137
14086
14072
14042
13990
13989
13810
13744
13706
13690
13648
13634
13593
13502
13487
13391
13098
13066
12991
12981
12881
12793
12784
12696
12651
12505
12422
12379
12360
12303
12206
12187
12150
12118
12102
12096
11967
11889
11832
11735
11723
11683
11616
11573
11508
11461
11441
11440
11435
11422
11355
11308
11263
11259
11259
11242
11242
11203
11189
11165
11130
11077
11043
11004
10967
10958
10952
10946
10811
10801
10770
10623
10564
10404
10375
10333
10261
10125
10017
10014
10001
9978
9945
9915
9711
9666
9650
9634
9578
9549
9548
9476
9420
9419
9366
9188
9171
9150
9134
9110
9090
8882
8862
8850
8759
8742
8645
8581
8572
8502
8459
8430
8427
8389
8377
8342
8269
8211
8135
8117
8112
8110
8078
8032
7984
7970
7960
7952
7864
7827
7669
7668
7667
7654
7639
7546
7520
7499
7395
7336
7267
7248
7246
7243
7154
7137
6947
6942
6877
6840
6823
6822
6818
6806
6697
6634
6577
6439
6433
6296
6262
6250
6224
6170
6117
6099
6008
5984
5929
5928
5923
5844
5812
5734
5716
5716
5707
5695
5649
5648
5637
5592
5466
5422
5418
5380
5373
5333
5288
5209
5209
5105
5029
5026
4930
4876
4851
4831
4785
4657
4639
4627
4543
4525
4525
4521
4435
4358
4357
4303
4301
4298
4243
4240
4158
4073
4030
3947
3932
3905
3864
3802
3724
3695
3572
3550
3442
3430
3315
3279
3273
3241
3234
3190
3008
2964
2871
2852
2793
2708
2661
2574
2545
2498
2440
2350
2319
2248
2140
2127
2074
1894
1776
1738
1712
1660
1572
1507
1474
1346
1324
1244
1106
991
952
851
790
755
731
723
670
668
662
612
599
567
396
343
330
329
300
256
204
137
132
96
44
17
13
7
