99898
99881
99843
99840
99826
99794
99777
99720
99710
99701
99597
99586
99512
99496
99480
99409
99385
99309
99291
99214
99137
99135
99092
99046
99040
98995
98921
98834
98827
98800
98734
98704
98703
98678
98589
98579
98572
98506
98450
98429
98390
98373
98219
98128
98073
98048
97995
97979
97963
97879
97873
97839
97808
97782
97714
97694
97600
97592
97590
97559
97534
97500
97397
97375
97303
97250
97182
97100
97079
97058
97031
97020
96966
96944
96935
96919
96870
96699
96657
96602
96592
96589
96563
96518
96504
96395
96235
96214
96179
96152
96009
96008
95993
95992
95956
95732
95700
95666
95629
95578
95562
95530
95447
95391
95338
95231
95204
95159
95140
95076
95061
95044
95036
95026
94944
94922
94912
94867
94823
94783
94779
94749
94635
94500
94358
94258
94250
94236
94218
94215
94203
94101
94076
94054
94025
93987
93971
93959
93944
93919
93877
93868
93737
93513
93508
93501
93479
93380
93336
93281
93247
93192
93188
93128
93112
93072
93050
93012
92976
92936
92906
92787
92785
92644
92640
92588
92571
92468
92439
92377
92349
92333
92311
92195
92115
92086
92072
92043
92018
92009
91973
91923
91912
91876
91875
91869
91815
91776
91686
91551
91481
91476
91450
91337
91329
91287
91232
91169
91085
91029
91015
90983
90831
90808
90784
90776
90704
90685
90563
90432
90399
90386
90346
90333
90295
90255
90206
90191
90135
90085
90007
90007
89993
89904
89785
89783
89748
89691
89685
89625
89607
89528
89450
89333
89225
89222
89205
89165
89085
88996
88920
88769
88746
88708
88657
88655
88611
88592
88581
88482
88403
88354
88297
88056
88041
87967
87962
87961
87946
87920
87796
87732
87715
87689
87561
87519
87461
87422
87393
87377
87375
87333
87260
87227
87179
87142
87040
86935
86774
86754
86753
86734
86712
86692
86664
86545
86507
86352
86296
86212
86169
86157
86142
86091
86035
86022
85996
85975
85965
85961
85943
85915
85884
85838
85812
85677
85592
85583
85542
85419
85358
85222
85140
85047
84994
84978
84951
84947
84908
84749
84721
84704
84675
84631
84577
84556
84500
84411
84364
84359
84248
84242
84239
84191
84139
84063
84043
83970
83950
83812
83805
83639
83583
83538
83526
83523
83501
83484
83473
83403
83400
83354
83342
83207
83148
82981
82964
82895
82780
82777
82747
82743
82696
82598
82506
82496
82490
82463
82426
82374
82336
82328
82242
82230
82230
81964
81962
81911
81859
81814
81787
81649
81578
81576
81514
81494
81481
81480
81479
81409
81394
81264
81224
81167
81101
80764
80419
80418
80382
80323
80322
80145
80109
80026
79974
79870
79787
79778
79770
79703
79529
79528
79520
79483
79475
79263
79213
79091
79073
79061
78970
78965
78767
78733
78658
78553
78337
78302
78247
78188
78181
78138
78121
78066
77975
77971
77960
77933
77823
77819
77715
77689
77643
77482
77398
77319
77185
77157
77036
77030
76993
76968
76803
76742
76730
76712
76705
76637
76634
76566
76549
76530
76530
76404
76352
76341
76238
76228
76226
76125
76118
76093
75964
75936
75891
75759
75736
75582
75522
75449
75434
75400
75389
75378
75315
75138
75119
75058
75027
75026
75000
74965
74901
74824
74724
74610
74359
74356
74215
74193
74138
74111
74083
74074
74034
74000
73977
73864
73853
73796
73763
73722
73682
73660
73656
73451
73441
73351
73311
73295
73293
73277
73271
73166
73102
73074
73020
72988
72909
72845
72798
72635
72623
72597
72583
72580
72571
72560
72531
72473
72455
72424
72351
72334
72295
72273
72265
72251
72185
72172
72086
72078
71962
71939
71881
71812
71787
71736
71627
71617
71592
71589
71587
71266
71217
71200
71167
71141
71121
71026
70998
70899
70896
70889
70858
70839
70810
70794
70705
70546
70522
70484
70473
70457
70448
70442
70356
70266
70256
70198
70159
70069
70067
70027
69991
69907
69898
69870
69861
69754
69703
69662
69631
69625
69615
69585
69544
69413
69384
69381
69234
69043
69027
69005
68924
68765
68639
68416
68409
68379
68341
68335
68278
68265
68247
68229
68179
68164
68130
68114
68050
68049
68035
67977
67908
67885
67854
67849
67753
67738
67701
67675
67641
67562
67401
67382
67374
67279
67179
67065
66984
66981
66968
66917
66901
66838
66816
66789
66747
66746
66699
66589
66541
66516
66475
66346
66278
66260
66257
66253
66205
66164
66144
66127
66100
66081
66033
66027
65978
65958
65909
65852
65846
65803
65746
65689
65576
65513
65495
65350
65350
65280
65276
65025
64985
64951
64873
64864
64820
64780
64765
64749
64724
64643
64634
64621
64593
64546
64532
64527
64489
64479
64465
64461
64428
64401
64316
64299
64265
64211
64164
64160
64112
64087
64029
64028
63981
63981
63850
63838
63833
63810
63810
63808
63742
63696
63658
63654
63599
63599
63553
63520
63471
63463
63376
63267
63249
63220
63220
63085
63067
62962
62960
62953
62919
62854
62852
62759
62655
62584
62579
62524
62493
62441
62364
62318
62280
62227
62169
62046
62041
61757
61665
61654
61612
61519
61356
61335
61331
61323
61242
61237
61185
61097
61063
61031
61029
61026
61008
60847
60802
60739
60603
60514
60482
60445
60398
60383
60361
60333
60326
60290
60284
60214
60199
60173
60150
60146
60124
60117
60079
60038
59978
59972
59953
59910
59872
59835
59830
59811
59737
59689
59609
59550
59529
59507
59506
59459
59305
59255
59245
59194
59192
59168
59162
59159
59155
59067
59053
58960
58864
58839
58686
58685
58665
58610
58583
58512
58437
58338
58247
58208
58169
58165
58143
58109
58092
58060
58039
58035
58001
57986
57981
57830
57733
57717
57690
57604
57580
57572
57537
57512
57485
57470
57417
57401
57390
57350
57330
57278
57277
57251
57171
57109
57058
57043
57008
56977
56965
56953
56950
56949
56911
56874
56800
56648
56605
56549
56528
56481
56400
56357
56259
56241
56200
56087
56049
56030
55887
55860
55857
55807
55792
55786
55690
55612
55461
55414
55328
55313
55304
55303
55162
55068
55039
55019
54971
54968
54960
54847
54750
54735
54650
54639
54580
54530
54406
54369
54346
54344
54306
54284
54250
54233
54187
54091
54052
53991
53792
53789
53756
53539
53476
53431
53369
53019
52935
52804
52791
52727
52674
52585
52576
52562
52532
52520
52498
52463
52406
52386
52365
52196
52106
52070
52003
51956
51927
51915
51908
51896
51891
51878
51821
51818
51765
51645
51619
51541
51186
51163
51153
51098
51016
51012
50957
50941
50878
50872
50860
50644
50611
50604
50528
50469
50356
50327
50326
50285
50281
50156
50104
50027
49951
49944
49907
49840
49836
49812
49783
49754
49698
49670
49621
49529
49506
49484
49453
49440
49407
49375
49347
49320
49271
49254
49253
49192
48751
48745
48700
48414
48396
48306
48273
48238
48235
48147
48094
48076
48040
47980
47886
47750
47668
47664
47637
47588
47587
47573
47512
47470
47355
47313
47162
47063
46989
46937
46915
46842
46715
46654
46646
46611
46594
46551
46431
46415
46367
46351
46348
46335
46330
46308
46280
46266
46247
46220
46169
46159
46152
46144
46137
46118
46048
46031
46024
46010
45944
45906
45889
45878
45836
45815
45803
45764
45751
45630
45608
45554
45545
45379
45377
45362
45278
45135
45094
45087
45047
44991
44836
44821
44812
44783
44539
44514
44479
44445
44413
44358
44312
44261
44179
44060
44009
43997
43984
43945
43807
43792
43782
43775
43721
43712
43675
43628
43541
43538
43420
43394
43374
43366
43361
43292
43278
43232
43174
43036
42994
42983
42920
42835
42820
42804
42745
42741
42699
42604
42598
42561
42520
42433
42425
42396
42369
42359
42328
42228
42216
42206
42179
42178
42153
42109
42023
41956
41945
41916
41847
41829
41719
41672
41565
41453
41377
41190
41144
41108
41087
41061
41014
40978
40972
40921
40745
40710
40671
40656
40634
40633
40555
40500
40492
40417
40374
40368
40356
40298
40263
40253
40249
40152
40129
40122
40108
40079
40024
39978
39975
39913
39902
39873
39722
39703
39674
39638
39556
39546
39539
39533
39494
39457
39445
39432
39421
39368
39311
39168
39168
39098
39066
38996
38924
38917
38842
38762
38648
38627
38556
38514
38485
38468
38358
38355
38321
38284
38146
38143
37995
37844
37756
37740
37739
37658
37653
37651
37574
37554
37543
37531
37321
37308
37304
37285
37234
37178
37006
36951
36888
36883
36833
36812
36791
36693
36656
36648
36617
36363
36349
36348
36314
36297
36284
36280
36271
36173
36172
36142
36052
35975
35965
35940
35903
35869
35800
35794
35764
35736
35718
35664
35614
35573
35559
35527
35514
35487
35483
35470
35450
35373
35368
35301
35141
35130
35077
35064
35062
34957
34921
34831
34811
34791
34783
34762
34651
34613
34585
34577
34574
34545
34524
34517
34500
34331
34274
34236
34223
34195
34183
34179
34072
34040
33906
33785
33645
33624
33600
33585
33575
33508
33503
33464
33425
33331
33294
33105
33101
32792
32782
32750
32749
32660
32622
32571
32462
32448
32385
32246
32223
32189
32023
31980
31972
31945
31928
31888
31807
31806
31801
31640
31610
31590
31508
31506
31479
31450
31401
31395
31376
31310
31282
31169
31158
31153
31134
31105
31062
30978
30948
30775
30770
30716
30715
30708
30653
30503
30472
30316
30215
30062
30027
30006
29979
29937
29880
29838
29732
29732
29511
29482
29460
29401
29268
29255
29242
29235
29180
29092
28804
28786
28674
28556
28518
28420
28419
28357
28273
28249
28145
27974
27917
27869
27859
27805
27795
27753
27652
27570
27558
27278
27252
27231
27221
27218
27181
27104
27087
27085
27060
26995
26981
26956
26926
26880
26841
26779
26748
26716
26614
26604
26434
26402
26381
26369
26338
26191
26066
26060
26014
25996
25972
25962
25949
25941
25602
25597
25551
25481
25455
25452
25450
25444
25341
25315
25092
25085
25040
24954
24790
24732
24667
24652
24595
24579
24550
24463
24351
24350
24273
24269
24151
24141
24088
23987
23980
23847
23736
23708
23561
23514
23496
23490
23462
23339
23316
23301
23266
23222
23217
23201
23131
23121
23112
22976
22928
22910
22835
22834
22683
22664
22653
22643
22641
22627
22594
22571
22537
22535
22524
22506
22433
22407
22328
22223
22160
22022
21915
21895
21801
21633
21499
21489
21434
21426
21399
21371
21369
21337
21264
21227
21213
21211
21086
21007
20922
20921
20907
20898
20835
20835
20816
20813
20798
20768
20758
20745
20656
20633
20520
20489
20417
20367
20295
20275
20184
20075
20047
19988
19948
19857
19811
19668
19661
19607
19522
19488
19484
19469
19388
19275
19251
19246
19222
19207
19112
19089
18962
18929
18875
18842
18759
18738
18715
18678
18598
18579
18568
18523
18508
18316
18186
18178
18156
18051
17975
17970
17910
17708
17673
17666
17666
17534
17308
17304
17291
17288
17274
17174
17129
17061
17013
16894
16855
16837
16818
16698
16612
16604
16554
16532
16508
16483
16457
16450
16409
16282
16190
16178
16177
16160
16140
16127
16081
16078
16010
16008
15850
15724
15722
15692
15642
15628
15556
15478
15459
15398
15384
15371
15360
15173
15171
15086
14995
14994
14947
14931
14895
14880
14856
14698
14609
14548
14474
14395
14273
14189
14144
14118
14078
13856
13851
13841
13834
13832
13785
13745
13735
13655
13632
13473
13211
13124
13112
13111
13100
13044
12995
12872
12839
12720
12655
12617
12616
12570
12560
12530
12514
12503
12502
12480
12357
12334
12313
12309
12306
12299
12229
12199
12114
12083
12046
11905
11869
11816
11795
11659
11611
11579
11546
11516
11456
11406
11264
11163
11056
10986
10902
10879
10798
10784
10780
10720
10651
10645
10588
10584
10555
10533
10517
10515
10477
10421
10397
10352
10308
10262
10259
10257
10196
10149
10141
10107
10100
10027
10015
9955
9910
9858
9854
9773
9690
9670
9620
9599
9592
9568
9546
9456
9336
9302
9254
9193
9146
8991
8946
8839
8815
8809
8721
8714
8689
8635
8368
8328
8310
8306
8302
8083
8039
8016
7954
7852
7832
7796
7789
7769
7765
7716
7711
7688
7674
7665
7390
7325
7175
7140
7074
7043
7025
6977
6914
6806
6717
6577
6553
6531
6495
6375
6360
6351
6289
6272
6267
6262
6254
6178
6164
6142
5923
5811
5807
5697
5661
5652
5480
5313
5269
5251
5142
5073
4999
4978
4970
4881
4699
4633
4605
4550
4434
4363
4362
4353
4310
4275
4258
4200
4178
4156
4084
4057
3999
3890
3889
3810
3783
3763
3683
3652
3609
3605
3583
3565
3521
3484
3471
3333
3221
3150
3099
3050
3011
3009
2966
2833
2771
2752
2664
2642
2642
2620
2591
2526
2469
2353
2351
2349
2328
2288
2214
1984
1914
1872
1860
1839
1822
1676
1617
1535
1486
1466
1406
1389
1331
1302
1266
1264
1235
1221
1143
1142
1138
1134
1006
910
890
843
768
726
698
674
618
596
531
487
482
436
405
306
151
148
92
77
