99991
99957
99948
99860
99853
99794
99787
99786
99785
99746
99705
99641
99625
99594
99548
99497
99491
99379
99372
99331
99293
99290
99271
99265
99260
99259
99244
99126
99084
99030
99028
99027
99009
98984
98946
98940
98757
98670
98546
98530
98488
98455
98433
98427
98362
98283
98258
98256
98238
98191
98165
98097
98086
98069
98068
98039
98010
97987
97970
97960
97907
97891
97882
97821
97816
97804
97783
97698
97680
97614
97495
97474
97250
97184
97152
96927
96896
96890
96887
96872
96786
96644
96642
96618
96608
96595
96504
96455
96448
96369
96200
96188
96145
96137
96128
96115
96071
96061
96012
95965
95915
95911
95896
95850
95841
95841
95824
95814
95811
95754
95747
95637
95573
95412
95369
95340
95241
95152
95099
95096
95081
95012
94984
94950
94945
94885
94841
94818
94731
94675
94647
94596
94544
94513
94512
94487
94466
94339
94189
94187
94112
94104
94066
94042
94021
94006
93969
93963
93933
93844
93838
93808
93765
93616
93571
93352
93337
93303
93179
93174
93107
93081
93060
93038
93002
92996
92994
92968
92883
92854
92722
92589
92567
92533
92406
92235
92215
92196
92164
92084
92077
92067
91988
91968
91961
91940
91884
91810
91704
91673
91643
91640
91483
91400
91390
91259
91215
91152
91151
91084
91074
91022
91017
91001
90897
90897
90892
90870
90768
90735
90653
90561
90541
90536
90478
90452
90415
90404
90372
90287
90247
90221
90113
90089
89994
89956
89886
89828
89819
89794
89763
89743
89729
89703
89578
89524
89461
89438
89431
89379
89366
89311
89281
89276
89275
89272
89243
89091
89086
89069
88928
88921
88881
88852
88817
88744
88700
88646
88537
88433
88212
88201
88171
88163
88113
88108
88104
88087
88062
87971
87962
87809
87808
87731
87730
87676
87653
87441
87332
87184
87151
87125
87035
87022
86930
86887
86815
86811
86717
86654
86584
86482
86109
86066
86001
85972
85925
85822
85792
85763
85626
85601
85549
85545
85426
85413
85409
85393
85176
85169
85153
85144
85095
85060
85056
85035
84993
84880
84879
84852
84842
84794
84753
84744
84670
84645
84634
84625
84584
84513
84497
84453
84428
84298
84234
84232
84213
84199
84193
84162
84135
84114
84068
83941
83916
83892
83847
83802
83748
83738
83492
83378
83353
83312
83296
83229
83175
83135
83122
83088
82863
82643
82563
82495
82378
82346
82339
82281
82253
82230
82156
82140
82124
82053
81953
81858
81858
81694
81598
81565
81437
81287
81274
81176
81151
81128
81113
81102
81101
81089
81027
80994
80973
80962
80940
80866
80760
80745
80741
80719
80678
80630
80524
80459
80456
80434
80354
80352
80312
80221
80127
80108
80073
80019
79997
79862
79839
79748
79714
79690
79677
79667
79613
79528
79453
79398
79388
79130
79128
79101
79062
78891
78889
78885
78875
78836
78783
78740
78732
78709
78638
78637
78489
78485
78446
78423
78319
78288
78250
78152
78133
78082
78049
78048
77988
77912
77859
77854
77845
77839
77830
77828
77757
77673
77673
77662
77650
77559
77548
77498
77453
77346
77303
77239
77239
77145
77093
77079
77010
76884
76830
76819
76785
76775
76769
76767
76740
76712
76614
76594
76586
76575
76534
76488
76455
76418
76358
76298
76277
76245
76237
76209
76169
76084
76040
76005
75892
75853
75829
75803
75739
75681
75647
75621
75595
75555
75470
75453
75432
75411
75410
75408
75382
75376
75369
75279
75242
75158
75095
75085
75051
74948
74909
74898
74852
74819
74714
74665
74643
74615
74611
74551
74472
74470
74423
74395
74218
74162
74160
74048
74009
73995
73995
73970
73954
73948
73901
73892
73810
73785
73702
73689
73657
73649
73587
73497
73446
73361
73183
73105
73095
73003
72975
72926
72868
72832
72825
72785
72739
72708
72703
72599
72588
72572
72535
72529
72495
72359
72342
72236
72218
72179
72176
72173
72047
71984
71942
71881
71856
71744
71630
71605
71604
71559
71549
71487
71457
71413
71407
71360
71355
71269
71007
71005
70965
70955
70831
70830
70780
70775
70749
70618
70561
70362
70323
70308
70272
70173
70124
70091
70036
70001
69965
69924
69855
69757
69741
69677
69674
69635
69631
69572
69535
69483
69397
69348
69335
69329
69205
69117
69095
69089
69061
69060
69054
68995
68946
68894
68846
68750
68719
68665
68595
68529
68517
68467
68464
68461
68435
68337
68272
68267
68205
68181
68173
68165
68038
68003
67975
67956
67918
67912
67784
67691
67641
67475
67445
67354
67287
67253
67246
67241
67175
67131
67119
67085
67041
67033
66996
66942
66850
66826
66790
66679
66526
66526
66509
66486
66451
66370
66351
66339
66300
66293
66271
66163
66082
66054
65968
65938
65926
65900
65596
65565
65437
65340
65277
65263
65245
65239
65222
65182
65138
65119
65099
65092
65082
65059
65033
64837
64799
64768
64758
64669
64612
64598
64590
64567
64487
64434
64433
64416
64195
64161
64121
64109
64028
64002
63963
63913
63785
63670
63556
63538
63467
63461
63454
63410
63372
63306
63241
63173
63139
63125
63106
63085
63076
63032
62959
62937
62927
62852
62779
62630
62584
62507
62468
62459
62417
62328
62310
62272
62213
62102
62081
62053
61977
61911
61880
61818
61770
61665
61639
61605
61590
61502
61288
61142
61063
61023
60900
60771
60743
60712
60704
60510
60500
60424
60415
60349
60201
60165
60159
60075
60060
60020
60018
59978
59966
59903
59812
59723
59633
59565
59490
59457
59388
59371
59328
59318
59315
59296
59269
59269
59247
59224
59223
59192
59176
59018
58991
58982
58928
58898
58844
58655
58593
58579
58570
58540
58491
58478
58474
58462
58431
58383
58376
58368
58280
58239
58228
58108
58018
57966
57958
57921
57858
57838
57774
57724
57710
57664
57629
57581
57573
57497
57495
57457
57453
57452
57426
57356
57355
57345
57304
57244
57223
57222
57214
57127
56985
56984
56980
56894
56863
56770
56648
56589
56558
56531
56466
56444
56439
56373
56363
56317
56072
56070
56033
55858
55824
55815
55628
55584
55539
55512
55507
55337
55319
55306
55271
55263
55250
55237
55185
55176
55078
55049
55034
54963
54948
54890
54888
54886
54830
54808
54761
54721
54626
54576
54540
54517
54475
54443
54442
54399
54396
54258
54223
54118
54041
54004
53970
53943
53940
53914
53854
53727
53570
53557
53530
53431
53393
53377
53366
53361
53354
53263
53222
53174
53139
53130
53114
53044
52913
52894
52838
52811
52756
52708
52632
52545
52434
52399
52396
52322
52298
52289
52095
52012
51987
51895
51660
51612
51461
51451
51448
51446
51414
51360
51354
51345
51315
51299
51234
51201
51153
51098
51044
50937
50919
50857
50856
50846
50814
50765
50743
50709
50673
50613
50594
50363
50287
50273
50199
50170
50149
50099
50062
49998
49929
49892
49805
49795
49791
49751
49707
49625
49609
49464
49460
49412
49353
49327
49287
49245
49077
49047
49027
48998
48936
48870
48845
48762
48677
48663
48651
48568
48538
48386
48365
48327
48285
48258
48150
48110
48032
48030
47883
47852
47797
47693
47610
47591
47565
47428
47382
47360
47285
47131
47092
47080
47051
46954
46924
46905
46729
46597
46595
46411
46406
46367
46304
46273
46195
46184
46066
46047
46035
46009
45995
45912
45860
45804
45779
45763
45734
45577
45516
45514
45440
45420
45394
45359
45217
45128
45127
45118
45089
44742
44620
44591
44569
44431
44425
44398
44328
44318
44245
44239
44239
44210
44207
44173
44157
44041
44036
44028
44028
43977
43952
43872
43863
43820
43635
43619
43579
43481
43427
43404
43268
43181
43125
43118
43109
43068
43032
43026
43006
42919
42808
42743
42663
42563
42485
42445
42290
42278
42066
42013
42002
41927
41841
41813
41802
41795
41660
41554
41531
41504
41474
41473
41458
41448
41398
41381
41333
41287
41163
41161
41103
41036
41033
41032
40969
40902
40857
40605
40475
40451
40431
40388
40384
40287
40172
40069
40058
40047
39981
39967
39957
39957
39911
39881
39736
39715
39675
39672
39670
39640
39546
39501
39448
39329
39329
39189
39171
39111
39111
39008
38967
38894
38823
38761
38596
38596
38441
38333
38323
38155
38076
38063
37894
37893
37872
37861
37766
37763
37754
37752
37739
37722
37719
37563
37515
37435
37352
37201
37133
37095
37073
37072
36997
36955
36952
36892
36832
36798
36757
36720
36694
36683
36617
36587
36494
36452
36395
36343
36320
36318
36165
36065
35786
35755
35754
35700
35624
35552
35552
35524
35507
35471
35360
35259
35204
35137
35009
34982
34974
34962
34924
34786
34734
34689
34544
34534
34408
34325
34304
34162
34150
34079
34051
33843
33827
33759
33709
33636
33563
33553
33539
33400
33248
33196
33191
33137
33004
32832
32753
32745
32681
32610
32607
32582
32530
32410
32380
32374
32319
32312
32232
32226
32199
32194
32106
32068
31998
31954
31941
31734
31678
31631
31441
31384
31339
31205
31120
31119
31101
31067
30999
30930
30884
30881
30872
30803
30781
30757
30739
30727
30705
30648
30490
30462
30417
30415
30409
30353
30190
30170
30060
29951
29869
29867
29751
29728
29685
29672
29658
29550
29547
29528
29481
29430
29385
29354
29335
29322
29291
29290
29268
29092
29081
29030
29025
28996
28946
28935
28898
28890
28866
28845
28805
28520
28381
28325
28304
28226
28072
28013
27910
27889
27869
27853
27851
27805
27773
27770
27750
27714
27709
27687
27561
27499
27367
27327
27282
27248
27160
27141
27141
27130
27068
27065
27064
26888
26810
26794
26765
26765
26578
26574
26449
26426
26424
26420
26260
26171
26106
26061
26051
26015
25990
25983
25949
25903
25852
25846
25806
25803
25747
25647
25616
25583
25528
25496
25349
25335
25317
25231
25045
25044
24988
24875
24702
24656
24631
24630
24621
24614
24531
24394
24287
24262
24158
24121
24072
23829
23764
23724
23652
23599
23546
23539
23487
23481
23454
23391
23349
23346
23331
23219
23209
23191
23159
23122
23012
22832
22815
22802
22739
22735
22704
22688
22681
22603
22601
22573
22518
22500
22421
22366
22366
22347
22284
22264
22055
22031
22005
21979
21949
21944
21942
21941
21941
21885
21818
21815
21810
21809
21736
21734
21729
21726
21711
21669
21600
21594
21574
21565
21525
21437
21426
21420
21382
21320
21272
21155
21031
20970
20965
20962
20859
20753
20748
20714
20688
20666
20625
20623
20559
20479
20376
20274
20199
20198
20193
20171
20147
20131
20127
20105
20100
20077
20049
19977
19946
19793
19608
19448
19441
19346
19344
19323
19248
19128
19006
18964
18911
18820
18811
18776
18761
18744
18707
18706
18699
18688
18636
18484
18388
18351
18348
18321
18317
18079
18077
17965
17906
17895
17858
17802
17702
17681
17659
17650
17603
17600
17597
17554
17554
17545
17473
17445
17419
17394
17388
17289
17260
17260
17186
17180
17132
17057
16886
16877
16872
16809
16730
16558
16484
16465
16410
16289
16230
16207
15979
15977
15968
15941
15934
15872
15858
15833
15760
15656
15542
15477
15349
15343
15291
15262
15224
15172
15140
15133
15094
15067
15046
15046
15044
14958
14950
14748
14662
14613
14545
14533
14464
14435
14434
14429
14381
14351
14297
14261
14219
14217
14178
14121
14098
14090
13996
13980
13960
13960
13924
13759
13753
13673
13535
13533
13498
13465
13448
13434
13416
13242
13242
13201
13106
13031
13017
12975
12971
12884
12875
12870
12869
12861
12794
12626
12596
12590
12578
12508
12306
12200
12176
12149
12070
12058
11999
11907
11905
11836
11830
11702
11684
11682
11489
11469
11448
11395
11273
11171
11132
11066
11053
11018
10993
10939
10922
10910
10907
10900
10701
10637
10616
10567
10499
10464
10435
10424
10419
10368
10336
10262
10235
10212
10168
10056
10024
9954
9948
9931
9911
9877
9783
9757
9750
9710
9676
9532
9372
9332
9330
9307
9283
9275
9268
9252
9239
9235
9224
9224
9206
9188
9126
9046
9026
8955
8936
8885
8839
8725
8648
8637
8585
8480
8461
8440
8326
8304
8252
8214
8162
8088
8073
8017
7970
7947
7891
7854
7787
7781
7754
7749
7741
7640
7634
7616
7597
7509
7411
7353
7255
7208
7166
7164
7127
7085
7077
7033
7030
7018
6949
6783
6777
6774
6746
6710
6667
6656
6562
6547
6359
6319
6307
6293
6092
5989
5834
5756
5694
5593
5559
5557
5527
5517
5498
5357
5332
5322
5274
5254
5036
4930
4910
4819
4802
4792
4777
4770
4718
4711
4704
4388
4369
4241
4190
4059
4045
4017
4008
3905
3866
3846
3786
3755
3705
3659
3573
3551
3529
3452
3425
3259
3235
3086
3075
2963
2955
2462
2458
2433
2355
2337
2326
2279
2259
2153
2146
2028
2025
1986
1915
1910
1866
1846
1831
1807
1636
1608
1587
1492
1487
1442
1435
1289
1229
1136
1077
1071
983
942
872
821
734
705
671
663
541
527
489
469
383
377
307
304
292
271
197
175
145
131
130
101
90
51
