99929
99841
99818
99814
99784
99717
99673
99627
99617
99591
99586
99459
99456
99421
99329
99306
99302
99291
99224
99107
99085
99043
99036
99013
98961
98848
98783
98753
98752
98730
98687
98560
98502
98359
98314
98277
98252
98224
98181
98071
97982
97967
97960
97888
97872
97862
97862
97763
97710
97700
97697
97618
97593
97566
97399
97321
97286
97213
97065
97028
97009
96876
96868
96832
96816
96813
96793
96786
96746
96676
96675
96631
96509
96485
96418
96358
96215
96214
96134
96130
96128
96124
96087
96050
96044
96010
95999
95959
95796
95743
95718
95692
95663
95654
95641
95635
95570
95502
95445
95345
95343
95313
95239
95235
95208
94927
94917
94915
94906
94837
94787
94708
94631
94586
94578
94524
94489
94427
94414
94403
94306
94235
94188
94182
94153
94017
93993
93985
93955
93910
93889
93839
93834
93788
93788
93561
93551
93500
93475
93458
93403
93393
93124
93051
92933
92883
92882
92829
92768
92765
92734
92732
92699
92696
92559
92510
92501
92352
92310
92268
92241
92236
92159
92158
92118
92117
92110
92087
92074
91989
91978
91974
91896
91867
91865
91835
91719
91695
91627
91623
91468
91417
91360
91346
91343
91334
91325
91295
91287
91281
91279
91251
91069
91003
90997
90970
90936
90862
90854
90778
90753
90662
90553
90513
90500
90497
90487
90411
90357
90298
90270
90229
90192
90155
90116
90043
89980
89947
89923
89912
89902
89838
89794
89769
89751
89594
89562
89463
89392
89382
89306
89208
89150
89042
89037
89007
88910
88824
88822
88777
88734
88694
88621
88597
88582
88312
88064
88018
87951
87949
87932
87586
87558
87530
87466
87435
87366
87340
87248
87144
87062
87041
87000
86987
86903
86882
86874
86870
86791
86769
86612
86560
86524
86491
86480
86480
86473
86469
86431
86218
86204
86165
86139
86133
86058
86022
86017
86014
85986
85951
85928
85825
85783
85767
85716
85713
85676
85669
85601
85567
85518
85479
85440
85424
85400
85389
85346
85339
85338
85259
85222
85218
85195
85166
85098
85029
84985
84866
84818
84812
84660
84657
84649
84466
84465
84354
84285
84247
84167
84166
84134
83971
83853
83787
83712
83595
83550
83541
83539
83507
83383
83340
83325
83025
82947
82866
82860
82855
82855
82842
82824
82787
82740
82674
82674
82664
82608
82601
82379
82372
82160
82068
82061
81962
81878
81827
81791
81790
81757
81635
81588
81500
81343
81130
80962
80942
80914
80902
80816
80795
80692
80607
80468
80419
80355
80330
80274
80261
80196
80192
80167
80051
80004
79934
79847
79813
79734
79733
79730
79721
79705
79494
79421
79386
79381
79351
79275
79249
79235
79202
79078
78915
78906
78876
78812
78786
78742
78704
78658
78635
78575
78573
78560
78523
78464
78433
78402
78385
78368
78346
78294
78258
78167
78129
78064
78054
78053
78041
77920
77895
77764
77711
77615
77574
77527
77485
77301
77182
77103
77013
76965
76920
76908
76841
76810
76772
76691
76634
76618
76611
76599
76591
76505
76469
76434
76416
76364
76360
76322
76283
76222
76122
76076
75797
75756
75741
75738
75730
75726
75714
75651
75595
75487
75470
75294
75266
75041
74971
74913
74833
74720
74718
74694
74600
74439
74364
74360
74333
74320
74318
74283
74271
74221
74200
74189
74131
74065
74005
73960
73953
73916
73837
73743
73719
73628
73447
73440
73411
73397
73363
73322
73225
73182
73141
73122
72969
72957
72833
72775
72770
72756
72755
72698
72687
72606
72586
72575
72524
72430
72260
72199
72172
72090
71879
71815
71763
71720
71654
71648
71599
71555
71521
71448
71443
71397
71369
71364
71198
71115
71104
70859
70850
70800
70757
70698
70695
70677
70593
70591
70505
70472
70377
70249
70114
70095
70063
70047
69930
69887
69880
69880
69810
69772
69705
69681
69660
69572
69507
69445
69428
69427
69410
69405
69379
69250
69169
69084
68991
68947
68860
68853
68796
68755
68733
68623
68572
68498
68450
68448
68423
68335
68255
68218
68093
67985
67979
67962
67948
67931
67885
67878
67861
67808
67774
67672
67636
67576
67564
67550
67434
67415
67402
67397
67391
67299
67287
67270
67264
67251
67223
67138
67111
67040
67006
67004
66991
66975
66975
66901
66799
66763
66747
66688
66631
66568
66506
66446
66446
66367
66358
66352
66349
66341
66277
66241
66221
66196
66177
66131
66130
66070
66064
66062
65914
65907
65839
65832
65805
65754
65753
65751
65639
65406
65393
65383
65369
65333
65331
65232
65057
64998
64933
64899
64870
64838
64776
64639
64613
64450
64393
64285
64266
64234
64234
64233
64215
64155
64130
64089
64080
64076
64070
63947
63881
63720
63709
63706
63697
63662
63587
63562
63557
63527
63513
63416
63393
63379
63373
63345
63249
63230
63207
63116
63076
63020
62943
62841
62833
62774
62736
62715
62618
62600
62548
62501
62491
62478
62437
62210
62130
62065
62008
61899
61806
61784
61687
61679
61638
61609
61107
61085
61081
61037
61018
60890
60850
60844
60726
60710
60705
60621
60601
60542
60512
60474
60455
60450
60398
60285
60214
60178
60118
60109
60092
60045
59967
59954
59937
59921
59909
59770
59704
59634
59529
59480
59447
59406
59317
59288
59274
59210
59181
59158
59000
58926
58887
58842
58745
58613
58590
58476
58437
58436
58355
58332
57982
57931
57926
57876
57843
57756
57644
57563
57551
57550
57541
57477
57469
57421
57403
57361
57354
57351
57313
57220
57202
57183
57177
57096
57075
57043
57011
56944
56923
56894
56890
56835
56821
56796
56731
56687
56681
56629
56582
56505
56491
56352
56333
56221
56207
56202
56181
56011
55975
55859
55833
55802
55662
55553
55513
55508
55477
55473
55447
55379
55332
55291
55283
55274
55225
55201
55189
55156
55117
55075
54992
54981
54958
54887
54762
54761
54749
54735
54729
54707
54683
54642
54613
54456
54418
54339
54330
54329
54250
54212
54044
53976
53941
53887
53866
53864
53856
53801
53781
53769
53631
53580
53537
53518
53473
53441
53410
53313
53310
53265
53087
53063
52954
52948
52853
52779
52750
52687
52628
52623
52560
52508
52477
52461
52437
52419
52413
52340
52314
52261
52220
52145
52142
52021
51954
51945
51890
51865
51831
51810
51793
51691
51682
51638
51633
51563
51531
51499
51498
51449
51322
51186
51054
51028
50942
50918
50858
50851
50825
50821
50746
50718
50643
50488
50390
50365
50362
50345
50325
50323
50287
50236
50106
50010
49864
49785
49725
49707
49698
49697
49585
49570
49565
49558
49379
49365
49345
49284
49269
49258
49147
49133
49131
49108
49056
49036
49017
49016
49007
48913
48907
48906
48885
48849
48847
48725
48626
48583
48551
48485
48465
48407
48404
48368
48328
48320
48317
48163
48123
48086
48011
47982
47955
47916
47914
47808
47714
47704
47668
47545
47515
47503
47433
47364
47235
47135
47071
47037
46945
46797
46771
46741
46719
46700
46700
46540
46525
46500
46488
46410
46388
46349
46189
46144
46119
46055
46044
45931
45887
45875
45854
45836
45820
45712
45636
45581
45418
45415
45335
45302
45247
45114
45082
44923
44824
44785
44565
44516
44492
44480
44421
44416
44351
44171
44133
43992
43958
43957
43908
43848
43839
43773
43772
43739
43713
43620
43508
43495
43465
43383
43364
43284
43270
43270
43263
43211
43201
43095
43092
43065
43026
43015
42975
42969
42931
42898
42868
42827
42808
42796
42737
42697
42674
42652
42594
42518
42480
42375
42300
42297
42260
42173
42139
42103
42097
42080
42072
41963
41911
41861
41803
41769
41761
41755
41500
41433
41433
41424
41362
41337
41261
41154
41129
41101
41085
40912
40875
40824
40752
40752
40719
40680
40660
40637
40577
40576
40549
40519
40490
40481
40430
40366
40202
40162
40107
40047
40004
39805
39803
39747
39716
39704
39700
39631
39579
39578
39550
39430
39419
39374
39309
39269
39252
39187
39153
39092
39071
39012
38805
38516
38446
38408
38383
38290
38244
38127
38101
37993
37979
37933
37920
37871
37866
37847
37834
37759
37744
37680
37633
37530
37446
37396
37378
37358
37352
37347
37330
37201
37051
37019
36939
36925
36882
36735
36562
36512
36507
36452
36407
36103
36092
36070
35973
35922
35889
35793
35782
35760
35759
35648
35640
35619
35579
35456
35444
35397
35376
35364
35363
35320
35290
35246
35231
35085
35078
35051
35032
34992
34987
34960
34897
34808
34797
34792
34787
34760
34760
34748
34512
34459
34452
34439
34416
34411
34297
34155
34139
34122
34115
33955
33780
33779
33757
33744
33726
33542
33431
33378
33251
33244
33151
33130
33072
33043
32919
32721
32683
32655
32635
32610
32447
32437
32436
32357
32336
32288
32286
32243
31982
31972
31941
31906
31809
31723
31684
31677
31668
31585
31388
31379
31368
31368
31314
31292
31222
31210
31011
30941
30923
30883
30880
30611
30580
30436
30399
30395
30322
30317
30302
30271
30227
30196
30164
30039
29952
29941
29901
29813
29741
29696
29664
29649
29639
29632
29603
29554
29368
29363
29141
29080
29076
28898
28890
28866
28821
28818
28788
28772
28723
28704
28579
28559
28539
28512
28362
28257
28226
28191
28155
28082
28074
28039
27938
27883
27854
27835
27782
27622
27615
27612
27592
27516
27458
27446
27441
27361
27345
27333
27310
27288
27286
27239
27214
27167
26984
26903
26897
26820
26770
26732
26704
26617
26565
26548
26537
26511
26508
26475
26455
26443
26409
26392
26338
26254
26141
26124
26112
26100
26087
25939
25935
25910
25907
25866
25863
25862
25812
25811
25804
25799
25768
25732
25701
25695
25686
25611
25608
25600
25558
25554
25526
25512
25479
25472
25436
25432
25403
25378
25372
25360
25332
25311
25307
25255
25232
25135
25036
24998
24987
24935
24922
24781
24721
24695
24677
24656
24547
24529
24511
24458
24450
24427
24414
24370
24362
24342
24311
24277
24229
24201
24194
24137
24087
24030
24024
23935
23876
23800
23656
23612
23605
23535
23522
23504
23388
23312
23192
23184
23105
23064
23046
23039
22934
22902
22805
22647
22489
22412
22386
22316
22298
22244
22164
22076
22069
21951
21947
21779
21775
21740
21732
21699
21687
21671
21353
21293
21245
21236
21204
21188
21165
21156
21096
21050
20935
20926
20922
20909
20839
20837
20809
20808
20803
20752
20745
20637
20607
20473
20431
20414
20348
20337
20312
20302
20283
20269
20208
20166
20137
20047
19944
19944
19918
19892
19883
19838
19818
19817
19785
19637
19628
19588
19557
19554
19540
19495
19468
19411
19375
19332
19225
19191
19173
19152
19064
19055
19044
19041
19011
18966
18905
18896
18809
18805
18708
18691
18664
18638
18571
18558
18524
18506
18471
18185
18104
18042
18014
18000
17972
17953
17776
17771
17752
17700
17696
17681
17639
17594
17576
17422
17389
17388
17345
17326
17309
17270
17250
17153
17124
17124
17082
17072
17008
16967
16959
16934
16910
16889
16732
16705
16680
16678
16550
16538
16534
16427
16424
16422
16365
16323
16270
16201
16172
16107
16096
16089
16044
16042
16026
15991
15952
15916
15855
15815
15704
15646
15553
15449
15409
15366
15350
15301
15271
15269
15139
15067
15024
14905
14767
14758
14637
14580
14524
14473
14456
14301
14269
14210
14206
14114
14099
14062
14009
13989
13980
13974
13973
13926
13905
13800
13781
13737
13724
13723
13720
13692
13517
13447
13436
13435
13332
13330
13183
13169
13169
13147
13119
13094
13066
13006
12959
12914
12821
12714
12614
12598
12575
12542
12485
12417
12413
12410
12296
12272
12100
12076
11969
11784
11759
11694
11676
11656
11539
11528
11486
11428
11283
11257
11141
11093
11081
11062
10997
10865
10773
10714
10562
10458
10406
10358
10288
9999
9984
9973
9862
9784
9765
9734
9730
9661
9459
9404
9336
9316
9306
9292
9026
9012
8984
8969
8965
8889
8784
8744
8727
8646
8638
8476
8458
8448
8438
8351
8329
8267
8209
8197
8197
8167
8088
8081
8079
8041
8011
8010
7884
7839
7799
7786
7720
7711
7706
7682
7597
7512
7357
7333
7295
7170
6986
6982
6977
6951
6948
6902
6859
6804
6758
6755
6751
6748
6709
6663
6653
6574
6521
6520
6450
6371
6350
6299
6206
6178
6093
6047
5998
5977
5955
5888
5884
5841
5839
5553
5536
5527
5522
5450
5444
5438
5408
5358
5292
5197
5189
5160
5104
5064
5031
4989
4928
4891
4860
4799
4767
4733
4593
4540
4496
4435
4349
4264
4196
4169
4152
4146
4110
4094
4086
4034
3987
3974
3866
3809
3746
3731
3711
3679
3616
3577
3563
3420
3391
3373
3338
3318
3317
3225
3206
3191
3111
3017
2996
2882
2799
2776
2696
2603
2409
2266
2168
2152
2086
2047
1975
1950
1942
1907
1886
1787
1747
1744
1684
1677
1639
1639
1535
1386
1376
1348
1285
1284
1152
1131
1097
1088
1077
1049
966
928
902
890
764
738
638
629
621
604
533
472
361
345
333
299
187
98
92
