99985
99920
99882
99848
99837
99831
99762
99739
99716
99596
99537
99493
99392
99353
99209
99189
99106
99034
98932
98867
98766
98696
98689
98583
98549
98546
98532
98458
98366
98243
98240
98125
98125
98093
98005
97975
97971
97965
97950
97870
97781
97588
97577
97570
97531
97506
97406
97300
97289
97279
97251
97214
97212
97143
97141
97004
96964
96915
96906
96901
96808
96651
96645
96549
96542
96490
96470
96438
96402
96214
96195
96148
96125
96122
96101
96010
95978
95953
95852
95832
95781
95742
95688
95686
95672
95640
95611
95586
95561
95514
95513
95420
95403
95390
95383
95370
95365
95299
95284
95281
95278
95246
95239
94987
94813
94708
94697
94622
94598
94436
94379
94365
94234
94176
94044
93858
93842
93796
93696
93671
93623
93587
93539
93523
93496
93488
93388
93371
93320
93260
93222
93222
93128
93118
93118
93017
92858
92847
92841
92837
92802
92743
92616
92612
92476
92445
92354
92242
92236
92215
92155
92124
92031
92016
91978
91778
91765
91747
91659
91584
91545
91485
91485
91409
91248
91207
91166
91152
90971
90965
90936
90934
90886
90884
90877
90844
90794
90777
90662
90596
90594
90505
90442
90439
90428
90254
90204
90094
90042
89923
89894
89844
89799
89699
89675
89654
89637
89626
89605
89593
89484
89479
89438
89421
89367
89336
89288
89247
89047
89042
88896
88870
88865
88844
88832
88812
88791
88726
88706
88701
88584
88567
88552
88549
88519
88498
88489
88481
88478
88477
88257
88201
88122
88087
88053
88039
88038
88035
88022
87982
87955
87880
87852
87783
87675
87594
87541
87466
87330
87217
87165
87151
87117
87099
87079
87042
86998
86861
86812
86773
86704
86690
86679
86595
86453
86233
86121
86052
85971
85811
85750
85724
85713
85696
85687
85674
85632
85626
85613
85583
85474
85468
85415
85359
85324
85296
85293
85221
85210
85200
85144
85054
85043
85006
84917
84842
84777
84718
84711
84707
84685
84648
84637
84604
84556
84536
84527
84495
84442
84275
84248
84072
83864
83826
83667
83662
83652
83621
83598
83538
83379
83291
83237
83227
83208
83201
83038
82940
82883
82859
82854
82720
82707
82612
82604
82571
82562
82513
82500
82373
82175
82170
82042
81935
81918
81848
81795
81736
81727
81720
81662
81635
81632
81610
81587
81574
81573
81555
81499
81412
81275
81212
81189
81185
81145
81063
80972
80946
80887
80820
80672
80530
80470
80348
80335
80202
80184
80126
80048
80029
79844
79752
79732
79703
79703
79696
79678
79662
79451
79399
79322
79272
79265
79264
79256
79253
79251
79144
79020
78980
78953
78881
78833
78816
78804
78711
78686
78668
78606
78605
78590
78581
78527
78487
78439
78328
78264
78121
78114
78104
78004
77930
77928
77914
77879
77748
77732
77719
77645
77606
77603
77558
77534
77521
77481
77464
77358
77353
77223
77190
77161
77145
77107
76985
76933
76721
76707
76650
76641
76619
76568
76513
76502
76360
76335
76285
76203
76196
76112
76082
76045
75962
75914
75832
75819
75816
75730
75725
75633
75516
75495
75489
75410
75278
75269
75269
75269
75253
75211
75082
75076
75042
75035
74980
74910
74909
74904
74880
74875
74766
74729
74719
74697
74584
74371
74362
74359
74334
74313
74259
74241
74237
74226
74215
74089
74071
74064
74051
74040
73990
73973
73969
73965
73912
73843
73765
73714
73656
73643
73590
73549
73522
73520
73432
73359
73358
73124
73086
73065
72960
72917
72917
72866
72849
72838
72837
72832
72822
72816
72799
72774
72739
72685
72671
72615
72575
72556
72530
72459
72443
72395
72349
72338
72221
72189
72170
72150
72148
72026
71945
71931
71930
71896
71849
71845
71820
71784
71758
71739
71711
71688
71670
71648
71608
71499
71494
71482
71436
71331
71282
71193
71156
71080
71065
70884
70846
70844
70820
70701
70681
70632
70557
70482
70349
70333
70223
70186
70022
69992
69980
69906
69889
69852
69822
69738
69727
69687
69621
69474
69431
69425
69341
69250
69233
69141
69112
69091
69082
69061
69019
69010
68987
68968
68958
68952
68861
68784
68738
68708
68673
68536
68474
68472
68389
68388
68386
68326
68310
68295
68243
68188
68183
68158
68143
68126
68046
67972
67948
67901
67900
67871
67871
67783
67717
67715
67642
67639
67619
67612
67601
67505
67244
67208
67138
67009
66928
66863
66863
66753
66699
66688
66641
66575
66434
66263
66139
66119
66092
66050
65983
65981
65953
65917
65907
65899
65880
65861
65860
65812
65782
65608
65567
65527
65495
65419
65377
65287
65206
65186
65173
65032
64978
64970
64868
64855
64813
64810
64790
64740
64702
64653
64641
64585
64567
64558
64537
64513
64491
64367
64310
64260
64243
64201
64185
63989
63967
63903
63896
63843
63824
63777
63766
63759
63710
63691
63590
63495
63470
63178
63074
63039
63032
63024
62958
62842
62768
62686
62638
62634
62625
62552
62512
62505
62378
62353
62303
62229
62195
62170
62169
62159
62108
62065
61943
61920
61893
61709
61565
61552
61497
61477
61434
61410
61383
61370
61333
61254
61205
61166
61158
61074
61064
60955
60908
60843
60838
60812
60768
60742
60693
60670
60623
60568
60560
60466
60437
60429
60402
60300
60268
60229
60139
59966
59936
59877
59872
59868
59853
59791
59778
59740
59702
59654
59646
59430
59421
59389
59335
59266
59261
59225
59129
59129
59107
58891
58876
58701
58693
58616
58448
58412
58376
58374
58362
58283
58251
58248
58243
58201
58100
58037
58027
58022
58008
57961
57959
57948
57756
57749
57654
57432
57423
57419
57209
57199
57188
57135
57091
57024
57014
56966
56929
56922
56914
56886
56835
56820
56795
56791
56647
56585
56482
56436
56413
56287
56268
56233
56175
56150
55925
55829
55815
55757
55732
55684
55660
55642
55634
55627
55602
55586
55555
55466
55462
55400
55364
55324
55230
55201
55180
55172
55165
55071
55045
55035
55031
54967
54910
54901
54737
54721
54688
54679
54583
54560
54554
54550
54491
54490
54473
54390
54326
54258
54201
54189
54083
54018
54001
53724
53680
53662
53605
53474
53439
53374
53250
53015
52975
52851
52766
52761
52754
52751
52739
52720
52628
52621
52619
52585
52554
52549
52489
52391
52318
52299
52225
52074
52047
52025
51977
51928
51915
51873
51864
51756
51598
51572
51546
51478
51473
51352
51295
51263
51254
51134
51122
51075
51021
51008
50993
50937
50916
50874
50763
50643
50613
50480
50470
50433
50325
50258
50201
50173
50168
50121
50006
49991
49959
49956
49954
49948
49935
49895
49877
49859
49859
49717
49645
49644
49640
49574
49558
49553
49545
49538
49488
49408
49380
49380
49341
49259
49258
49208
49176
49087
49073
49042
49035
48975
48894
48768
48621
48603
48455
48430
48380
48320
48300
48282
48176
48010
47990
47967
47953
47923
47903
47845
47830
47758
47752
47723
47429
47401
47312
47305
47265
47256
47156
47140
46968
46956
46952
46918
46879
46676
46637
46610
46570
46406
46398
46368
46211
46172
46109
46085
46005
45967
45947
45782
45775
45602
45396
45336
45268
45244
45147
45133
45081
45074
45049
44993
44927
44775
44747
44644
44390
44325
44264
44263
44261
44257
44236
44177
44165
44063
44051
44037
44032
43977
43934
43899
43854
43803
43783
43759
43735
43732
43644
43565
43539
43530
43506
43448
43421
43410
43389
43327
43270
43245
43135
43073
43053
43000
42980
42975
42959
42930
42884
42874
42853
42828
42824
42798
42661
42658
42644
42552
42540
42530
42528
42424
42356
42233
42160
42158
42139
42076
41964
41956
41874
41860
41793
41783
41761
41746
41731
41723
41581
41522
41518
41503
41503
41491
41450
41389
41384
41342
41289
41184
41180
41098
41091
41020
40965
40950
40903
40833
40832
40806
40696
40653
40620
40607
40605
40597
40486
40479
40475
40370
40346
40344
40281
40220
40175
40159
40156
40135
40105
40066
40005
39858
39820
39646
39641
39577
39559
39347
39246
39234
39221
39159
39142
39129
39128
39097
38990
38973
38966
38959
38956
38937
38919
38843
38841
38813
38759
38744
38644
38638
38597
38556
38478
38375
38233
38212
38148
38029
38023
38000
37997
37980
37940
37920
37899
37897
37712
37695
37685
37640
37634
37404
37345
37309
37307
37239
36972
36947
36917
36800
36721
36713
36683
36647
36637
36558
36547
36452
36385
36381
36264
36142
36108
36088
36087
36021
36016
35980
35966
35952
35945
35926
35868
35727
35698
35642
35591
35535
35515
35173
35151
35040
34975
34916
34894
34804
34797
34784
34766
34765
34731
34723
34692
34690
34675
34673
34566
34520
34515
34395
34382
34223
34206
34111
34104
34080
34064
34048
34043
33970
33966
33917
33811
33779
33761
33749
33658
33574
33552
33471
33468
33456
33444
33292
33291
33283
33280
33190
33157
33153
33143
33078
33037
33000
32972
32967
32947
32925
32897
32891
32841
32817
32723
32660
32660
32550
32544
32522
32509
32406
32401
32363
32335
32284
32251
32231
32135
32060
32054
32045
31975
31975
31825
31790
31787
31775
31753
31743
31481
31458
31400
31356
31291
31272
31270
31267
31230
31205
31155
31139
31096
30959
30874
30827
30796
30753
30730
30674
30656
30543
30525
30474
30458
30402
30173
30155
30051
29975
29894
29801
29800
29710
29701
29665
29474
29420
29408
29369
29342
29323
29314
29305
29301
29234
29168
29070
29026
28996
28945
28893
28801
28746
28676
28664
28604
28603
28559
28513
28469
28441
28413
28329
28312
28289
28188
28118
28096
28095
28071
28048
28043
27959
27939
27936
27933
27903
27899
27887
27848
27809
27724
27652
27616
27415
27215
27177
27176
27079
27036
26969
26957
26955
26952
26894
26886
26835
26766
26713
26691
26677
26553
26523
26409
26399
26332
26283
26259
26212
26065
26017
25995
25984
25981
25932
25877
25690
25672
25657
25604
25595
25537
25477
25424
25366
25358
25261
25247
25172
25138
25054
25044
24974
24948
24941
24939
24775
24729
24722
24694
24626
24624
24610
24529
24373
24334
24301
24250
24209
24177
24079
23937
23720
23700
23668
23627
23571
23565
23445
23441
23438
23347
23334
23325
23296
23247
23246
23234
23206
23160
23148
23147
23087
23082
23051
22958
22954
22945
22944
22917
22806
22735
22669
22668
22606
22522
22465
22362
22352
22315
22260
22214
22213
22181
22015
21968
21885
21846
21845
21836
21697
21619
21430
21284
21097
21079
20999
20904
20883
20878
20819
20770
20716
20676
20665
20597
20596
20564
20499
20357
20356
20314
20314
20248
20242
20237
20215
20161
20146
20132
20078
20049
20049
20048
19999
19918
19833
19826
19807
19746
19738
19718
19660
19604
19553
19528
19504
19465
19250
19236
19225
19140
19121
19037
18834
18774
18752
18746
18732
18702
18660
18644
18527
18373
18368
18265
18256
18180
18163
18145
18049
17923
17880
17830
17797
17679
17648
17544
17499
17355
17285
17227
17006
16991
16963
16954
16871
16824
16783
16759
16747
16685
16680
16604
16554
16476
16460
16457
16279
16238
16170
16139
16120
16089
16076
16041
15952
15944
15827
15808
15746
15694
15694
15690
15675
15654
15627
15540
15503
15470
15454
15336
15325
15271
15230
15193
15185
15165
15122
15092
15088
15032
14995
14963
14862
14855
14719
14689
14689
14683
14640
14566
14541
14532
14524
14455
14443
14426
14390
14366
14340
14228
14189
14146
14130
14101
14010
13938
13887
13840
13788
13768
13720
13662
13617
13596
13584
13574
13556
13538
13536
13482
13452
13444
13430
13325
13320
13285
13279
13250
13194
13173
13142
13104
13092
13083
13082
12917
12854
12840
12672
12633
12529
12508
12337
12331
12331
12239
12050
12038
11915
11904
11856
11852
11848
11845
11809
11625
11582
11495
11418
11379
11365
11359
11330
11320
11227
11225
11204
11188
11178
11153
11148
11127
11120
11109
11071
11017
10955
10882
10873
10850
10819
10682
10631
10589
10587
10525
10442
10426
10407
10404
10386
10325
10273
10228
10159
10076
10058
10057
9941
9900
9850
9830
9742
9672
9449
9264
9152
9083
9060
9013
8952
8861
8812
8737
8737
8717
8694
8668
8569
8349
8282
8189
8159
7891
7868
7784
7722
7699
7659
7610
7600
7582
7531
7505
7431
7311
7300
6938
6829
6783
6729
6714
6620
6551
6492
6280
6131
6067
6050
6023
5983
5977
5956
5882
5860
5842
5765
5755
5549
5463
5397
5390
5361
5330
5289
5264
5215
5141
5089
4932
4893
4833
4754
4747
4610
4536
4465
4448
4440
4411
4374
4363
4362
4303
4238
4123
4092
4026
4019
3950
3814
3793
3683
3676
3565
3515
3458
3405
3394
3376
3341
3280
3257
3243
3140
3128
3017
2980
2962
2707
2696
2609
2551
2527
2523
2506
2362
2354
2338
2282
2206
2156
2116
2061
2056
1959
1767
1763
1714
1662
1595
1522
1430
1345
1252
1250
1180
1175
1164
1140
1113
1007
819
761
757
699
692
684
621
579
477
450
440
414
335
178
177
157
147
71
