99968
99962
99921
99917
99816
99793
99774
99724
99692
99655
99560
99534
99509
99478
99433
99374
99203
99088
99085
99073
99032
98895
98885
98664
98531
98515
98377
98342
98133
98130
98115
98107
98097
98095
98089
98060
98029
97982
97978
97962
97889
97838
97822
97798
97677
97652
97640
97467
97194
97169
97155
97123
97098
97049
97041
96996
96880
96666
96656
96639
96638
96593
96550
96444
96385
96237
96160
96076
96076
96052
96042
96037
96010
95896
95890
95880
95831
95805
95787
95699
95672
95614
95582
95528
95419
95354
95337
95227
95182
95162
95150
95100
95096
95088
95086
95085
95084
94978
94978
94928
94906
94897
94866
94806
94764
94709
94644
94553
94496
94493
94415
94362
94315
94210
94191
94189
94145
94111
94108
94087
94074
94024
94011
93944
93892
93877
93819
93794
93780
93747
93744
93629
93559
93507
93491
93457
93450
93395
93394
93062
92878
92863
92782
92734
92717
92712
92688
92628
92622
92544
92465
92390
92359
92308
92307
92255
92244
92238
92161
92116
92067
92005
91937
91886
91884
91768
91683
91636
91622
91481
91473
91468
91466
91428
91400
91357
91281
91193
91172
91141
91032
91001
90928
90895
90866
90824
90815
90813
90778
90752
90671
90651
90627
90500
90482
90436
90392
90390
90340
90305
90245
90229
90199
90140
90069
90036
90028
90018
90017
90009
89889
89805
89783
89737
89723
89699
89655
89550
89520
89504
89484
89445
89392
89340
89323
89305
89204
89182
89166
89116
88937
88888
88676
88658
88654
88638
88622
88590
88534
88500
88457
88391
88389
88386
88373
88182
88109
88027
87912
87857
87822
87804
87774
87774
87758
87715
87697
87689
87564
87547
87474
87462
87408
87401
87353
87323
87211
87140
87101
87099
87084
87049
87022
86960
86929
86906
86902
86861
86751
86737
86721
86720
86686
86644
86637
86605
86506
86490
86400
86361
86278
86258
86246
86229
86148
86086
86043
86000
85998
85901
85729
85703
85639
85565
85455
85452
85359
85351
85324
85308
85259
85255
85211
85118
85104
85092
85079
84992
84879
84735
84734
84728
84659
84615
84603
84598
84542
84542
84468
84426
84423
84356
84333
84300
84284
84130
84125
84114
83981
83970
83918
83809
83801
83631
83532
83447
83424
83420
83299
83179
83166
83146
83137
83122
83060
83048
83000
82991
82962
82951
82925
82921
82809
82724
82709
82700
82681
82603
82597
82592
82565
82346
82169
82165
82119
81970
81942
81938
81924
81909
81855
81821
81815
81812
81777
81691
81571
81499
81424
81418
81337
81254
81249
81054
81021
81015
81013
80963
80936
80848
80734
80719
80692
80603
80599
80587
80532
80479
80459
80388
80381
80372
80316
80300
80212
80086
80085
80007
79987
79980
79966
79953
79861
79832
79789
79678
79649
79521
79476
79445
79324
79269
79220
79153
79001
78975
78932
78907
78904
78869
78808
78775
78750
78699
78671
78559
78329
78325
78292
78235
78166
78161
78155
78130
78097
78071
77987
77777
77764
77764
77761
77713
77617
77550
77543
77513
77461
77380
77238
77217
77165
77062
77018
76816
76734
76723
76690
76667
76612
76584
76522
76519
76505
76503
76490
76467
76439
76429
76400
76309
76297
76236
76096
75987
75980
75976
75954
75953
75953
75948
75913
75911
75902
75857
75855
75787
75767
75758
75740
75674
75621
75611
75595
75480
75471
75460
75181
75035
75001
74990
74756
74689
74629
74627
74584
74455
74435
74373
74355
74339
74313
74246
74131
73930
73916
73884
73872
73838
73817
73724
73712
73699
73645
73636
73573
73568
73563
73515
73441
73427
73389
73372
73351
73274
73213
73155
73139
73126
73118
73107
73087
73073
73065
72955
72903
72883
72855
72826
72814
72679
72671
72587
72555
72437
72365
72347
72332
72323
72312
72295
72275
72249
72245
72229
72186
72155
72136
72106
72102
72069
72057
71976
71938
71874
71870
71864
71836
71832
71818
71700
71665
71537
71448
71407
71318
71284
71193
71148
71091
71083
71062
70880
70880
70858
70848
70798
70794
70780
70737
70571
70550
70513
70466
70319
70305
70241
70186
70139
70102
70092
69991
69969
69948
69871
69778
69744
69685
69625
69615
69543
69488
69316
69302
69276
69254
69147
69097
69033
68956
68895
68884
68865
68698
68681
68580
68450
68431
68390
68381
68376
68303
68281
68258
68213
68109
67959
67925
67893
67882
67853
67808
67746
67717
67668
67667
67634
67593
67503
67482
67468
67388
67386
67370
67352
67347
67346
67265
67091
67013
66990
66959
66954
66922
66918
66896
66883
66875
66870
66811
66737
66737
66642
66631
66626
66606
66557
66549
66510
66488
66375
66349
66338
66313
66281
66145
66123
66116
66049
65975
65974
65953
65952
65889
65870
65861
65754
65752
65726
65676
65626
65607
65530
65523
65522
65518
65421
65397
65385
65360
65254
65234
65202
65127
65093
65070
64980
64955
64944
64799
64778
64766
64710
64613
64464
64434
64422
64416
64392
64374
64367
64332
64043
64000
63973
63720
63615
63594
63523
63409
63211
63190
63185
63160
63113
63093
63045
62856
62832
62755
62743
62666
62665
62648
62544
62521
62451
62372
62363
62348
62300
62125
62062
62015
61959
61906
61903
61897
61888
61817
61810
61768
61735
61666
61649
61645
61620
61549
61514
61461
61422
61422
61410
61398
61388
61375
61211
61208
61166
61134
61127
61084
61003
60969
60960
60933
60782
60584
60504
60381
60378
60349
60333
60255
60249
60238
60138
60104
60026
59887
59885
59883
59795
59759
59707
59641
59634
59621
59615
59525
59464
59443
59407
59270
59238
59210
59139
59096
59070
58988
58973
58930
58877
58845
58793
58713
58661
58564
58530
58518
58451
58444
58367
58347
58310
58294
58254
58196
58107
57996
57973
57957
57945
57880
57722
57664
57653
57610
57507
57490
57386
57351
57345
57283
56940
56890
56751
56722
56633
56503
56492
56475
56358
56291
56171
56143
56011
55962
55959
55910
55902
55720
55702
55693
55691
55642
55633
55586
55537
55507
55489
55417
55403
55402
55387
55365
55359
55322
55311
55292
55271
55218
55211
55170
54995
54994
54953
54909
54899
54573
54572
54478
54282
54217
54177
54110
54058
54031
53853
53766
53721
53665
53512
53471
53468
53439
53411
53383
53377
53334
53310
53227
53140
53045
53002
52805
52779
52761
52699
52676
52473
52413
52406
52395
52281
52220
52187
52155
52007
51991
51977
51959
51959
51792
51771
51716
51683
51653
51608
51579
51537
51519
51504
51398
51378
51276
51260
51231
51128
51079
50926
50920
50874
50850
50746
50674
50650
50639
50588
50490
50467
50441
50392
50341
50340
50292
50244
50213
50209
50163
50159
50133
50040
49922
49880
49851
49697
49672
49587
49568
49562
49543
49501
49456
49356
49323
49321
49275
49255
49242
49237
49232
49198
49174
49167
49123
49072
49045
49037
49031
48944
48741
48708
48657
48588
48444
48441
48420
48376
48307
48265
48247
48233
48191
48177
47974
47929
47889
47860
47700
47586
47505
47504
47415
47407
47362
47346
47343
47211
47181
47163
47144
47118
47078
47077
46965
46873
46813
46800
46775
46722
46683
46642
46520
46506
46462
46461
46391
46386
46280
46262
46191
46099
45939
45857
45852
45752
45751
45716
45700
45696
45628
45614
45488
45456
45441
45401
45344
45343
45309
45246
45190
45179
44960
44911
44902
44894
44869
44852
44826
44757
44604
44445
44410
44403
44396
44393
44392
44383
44302
44278
44264
44102
44053
43997
43992
43990
43955
43934
43814
43723
43705
43678
43662
43607
43558
43543
43531
43446
43361
43297
43283
43277
43268
43249
43233
43191
43083
42945
42925
42890
42862
42855
42847
42743
42694
42677
42675
42655
42616
42558
42553
42405
42399
42397
42391
42389
42384
42140
42085
41982
41874
41781
41679
41428
41277
41249
41199
41059
41005
40953
40862
40858
40798
40717
40688
40684
40602
40595
40572
40569
40534
40511
40506
40484
40480
40412
40402
40393
40339
40265
40215
40193
40168
40009
39926
39896
39888
39767
39733
39726
39721
39474
39433
39412
39402
39259
39241
39204
39152
38975
38972
38944
38939
38936
38923
38908
38886
38883
38817
38795
38765
38734
38691
38623
38553
38552
38472
38394
38384
38369
38308
38296
38285
38275
38180
38123
38064
38029
38008
37984
37960
37698
37684
37664
37659
37464
37450
37431
37416
37387
37316
37257
37228
37188
37173
37144
37054
36908
36833
36789
36709
36651
36611
36574
36567
36516
36492
36371
36366
36365
36306
36299
36294
36274
36243
36213
36058
36032
35931
35897
35869
35845
35770
35738
35737
35703
35675
35660
35596
35579
35520
35486
35406
35401
35378
35291
35274
35252
35251
35196
35186
35165
35112
34999
34990
34955
34922
34912
34805
34746
34658
34612
34611
34454
34315
34287
34243
34216
34189
34057
33994
33850
33815
33799
33790
33753
33742
33632
33619
33523
33481
33463
33393
33356
33226
33220
33075
33040
32958
32936
32922
32921
32918
32876
32723
32711
32706
32668
32650
32516
32502
32461
32434
32414
32372
32336
32326
32231
32230
32225
32187
32054
32038
32037
32037
32006
31985
31949
31787
31680
31665
31623
31616
31371
31326
31319
31317
31250
31229
31172
31066
31063
31008
30952
30899
30899
30895
30866
30800
30792
30656
30645
30617
30612
30600
30586
30582
30504
30481
30428
30383
30369
30338
30332
30327
30250
30085
30048
30002
29948
29927
29915
29678
29616
29517
29502
29432
29340
29297
29262
29169
29103
29074
29059
29009
28976
28946
28897
28833
28782
28628
28308
28262
28237
28152
28066
27978
27962
27938
27860
27851
27736
27626
27593
27514
27477
27412
27404
27396
27349
27329
27324
27270
27257
27122
27111
27078
26838
26748
26671
26667
26650
26566
26424
26387
26371
26350
26346
26295
26219
26102
26038
26017
25879
25879
25860
25823
25677
25656
25598
25569
25529
25514
25496
25461
25457
25440
25433
25330
25307
25275
25250
25234
25223
25217
25167
25137
25133
25100
25084
25022
24873
24758
24733
24542
24438
24436
24401
24258
24207
24102
24101
24087
23903
23882
23867
23821
23764
23725
23465
23421
23244
23137
23131
23081
23056
23013
23013
22976
22976
22954
22945
22910
22904
22892
22812
22758
22712
22708
22646
22594
22543
22413
22340
22273
22260
22252
22229
22200
22187
22180
22170
22144
21970
21737
21718
21710
21688
21573
21565
21542
21511
21499
21462
21413
21405
21327
21260
21153
21132
21131
21048
21044
21026
20993
20986
20921
20820
20813
20809
20803
20757
20665
20662
20597
20561
20526
20447
20395
20300
20293
20281
20027
19986
19969
19886
19780
19752
19674
19521
19495
19439
19434
19401
19386
19344
19261
19245
19160
19119
19039
19036
18902
18833
18813
18751
18724
18712
18706
18596
18590
18500
18436
18420
18328
18287
18256
18206
18177
18175
18160
18134
18004
17969
17958
17952
17944
17876
17859
17844
17827
17803
17779
17690
17573
17556
17549
17515
17468
17356
17312
17305
17292
17282
17239
17237
17197
17179
16988
16971
16931
16912
16903
16859
16833
16811
16719
16514
16513
16490
16478
16437
16301
16299
16281
16250
16116
15997
15834
15811
15790
15696
15532
15506
15490
15427
15310
15114
15065
15038
15010
14946
14833
14830
14825
14783
14685
14675
14545
14518
14464
14462
14385
14354
14286
14262
14257
14221
14187
14162
14151
14136
14132
14064
14059
14059
13990
13909
13843
13838
13828
13754
13614
13558
13505
13481
13440
13437
13375
13328
13259
13251
13214
13194
13171
13134
13108
12921
12920
12916
12877
12774
12767
12731
12731
12685
12664
12662
12615
12610
12590
12587
12552
12370
12356
12233
12226
12202
12184
12178
12157
12157
12140
12135
12101
11778
11756
11744
11684
11675
11636
11578
11520
11483
11470
11463
11426
11344
11310
11275
11217
11170
11039
11009
10849
10840
10811
10754
10730
10729
10721
10561
10522
10405
10390
10346
10240
10190
10094
10083
9833
9820
9779
9735
9614
9563
9503
9485
9482
9421
9415
9344
9341
9340
9276
9224
9171
9151
9098
9066
8942
8935
8854
8734
8721
8698
8630
8615
8603
8488
8433
8410
8404
8380
8359
8266
8138
8125
8076
8064
8020
7993
7817
7761
7642
7590
7477
7427
7397
7372
7182
7059
6863
6796
6788
6740
6569
6524
6513
6440
6405
6392
6391
6378
6235
6211
6194
6154
6142
6084
6040
6017
5968
5967
5956
5744
5729
5726
5669
5644
5516
5493
5412
5345
5281
5121
5121
5116
5101
5073
5017
4924
4899
4814
4762
4666
4662
4576
4335
4052
3950
3880
3850
3841
3795
3762
3758
3529
3514
3505
3396
3345
3251
3249
3184
3140
3130
3062
3054
3020
2978
2878
2803
2790
2782
2747
2719
2623
2615
2613
2576
2537
2521
2493
2397
2386
2333
2283
2076
1929
1923
1915
1890
1880
1859
1847
1842
1636
1575
1528
1508
1379
1315
1284
1250
1243
1221
1172
1058
919
751
727
682
643
500
441
351
193
93
32
