99948
99885
99819
99815
99788
99672
99652
99611
99578
99505
99479
99379
99255
99197
99147
99128
99041
98974
98973
98971
98935
98818
98811
98800
98777
98737
98646
98644
98624
98616
98506
98499
98381
98355
98354
98346
98251
98244
98230
98229
98165
98090
98068
98051
97952
97851
97695
97583
97423
97376
97361
97357
97244
97150
97027
97013
96992
96878
96850
96793
96661
96655
96649
96504
96474
96401
96305
96279
96274
96186
96159
96109
96090
96022
96020
95991
95962
95911
95892
95686
95674
95600
95547
95402
95382
95355
95335
95324
95214
95198
95063
95058
94988
94967
94831
94823
94750
94736
94688
94666
94636
94615
94601
94543
94505
94396
94321
94161
94158
94116
94109
94099
94049
94044
94021
93971
93944
93883
93850
93836
93782
93779
93743
93712
93650
93594
93568
93519
93442
93384
93303
93275
93215
93205
93091
93089
92957
92927
92913
92913
92899
92773
92763
92756
92742
92733
92694
92677
92631
92418
92409
92398
92333
92321
92314
92278
92210
92168
92120
92024
91988
91908
91905
91887
91752
91693
91677
91590
91581
91579
91494
91429
91417
91397
91303
91288
91191
91151
91106
91095
91067
90901
90847
90773
90669
90665
90589
90515
90443
90402
90399
90382
90377
90318
90238
90202
90156
90106
89905
89885
89569
89528
89518
89501
89436
89425
89368
89323
89286
89274
89213
89154
89143
89060
89045
89037
89011
88957
88941
88874
88869
88830
88802
88768
88730
88643
88628
88609
88535
88528
88521
88475
88450
88410
88341
88314
88250
88228
88158
88131
88093
88010
87951
87951
87934
87925
87870
87859
87837
87785
87709
87674
87598
87585
87532
87527
87493
87371
87344
87327
87265
87226
87206
87104
87064
87055
87023
87009
86968
86939
86939
86933
86907
86876
86806
86757
86700
86601
86562
86522
86374
86318
86255
86226
86126
86114
86100
85984
85950
85914
85892
85883
85794
85789
85780
85690
85689
85684
85447
85434
85431
85419
85363
85301
85137
85130
85129
85062
85004
84992
84945
84918
84911
84907
84902
84838
84823
84771
84732
84664
84605
84582
84546
84539
84466
84461
84346
84344
84326
84312
84301
84227
84172
84133
84039
84038
83945
83917
83776
83754
83657
83593
83563
83506
83484
83482
83376
83338
83290
83145
83138
83133
83077
82957
82789
82770
82640
82562
82552
82538
82503
82500
82460
82369
82304
82276
82250
82217
82191
82149
82124
82114
81999
81952
81937
81923
81899
81888
81843
81840
81718
81612
81546
81490
81345
81267
81235
81162
81137
81128
81012
81003
80981
80967
80941
80926
80919
80876
80871
80850
80773
80676
80559
80462
80382
80359
80298
80261
80228
80216
80198
80133
80071
80059
80007
79944
79860
79806
79685
79673
79658
79574
79544
79431
79269
79267
79243
79212
79203
79184
78975
78943
78941
78868
78826
78778
78759
78754
78576
78575
78525
78398
78382
78337
78222
78150
78139
78123
78104
78032
77940
77909
77885
77860
77816
77809
77755
77651
77611
77571
77387
77310
77100
77015
77006
76978
76834
76811
76681
76631
76612
76500
76495
76379
76378
76207
76195
76146
76136
76127
75906
75858
75811
75698
75528
75527
75510
75446
75420
75383
75368
75360
75354
75303
75277
74914
74777
74649
74534
74531
74519
74467
74406
74381
74343
74341
74312
74293
74227
74198
74119
73912
73878
73789
73769
73760
73717
73714
73651
73643
73572
73570
73570
73426
73421
73357
73286
73147
73096
73091
72982
72981
72970
72960
72858
72846
72680
72671
72606
72549
72416
72370
72318
72307
72258
72138
72122
71916
71886
71834
71813
71812
71785
71767
71747
71729
71629
71587
71572
71540
71526
71503
71427
71370
71366
71348
71308
71286
71209
71208
71189
71183
71181
71174
71166
71116
71109
71099
71094
71011
70877
70875
70862
70835
70779
70588
70569
70427
70389
70359
70318
70318
70223
70191
70185
70171
70077
70058
70015
70014
69994
69916
69876
69679
69594
69568
69561
69559
69530
69493
69420
69379
69350
69288
69257
69188
69181
69164
69059
69058
69055
69029
69016
69015
68908
68894
68869
68854
68693
68689
68664
68653
68625
68586
68571
68499
68442
68309
68297
68289
68264
68242
68106
68101
68046
68000
67993
67964
67891
67865
67757
67708
67686
67591
67565
67522
67518
67403
67298
67297
67248
67211
67201
67184
67179
67172
67043
67006
66953
66869
66787
66775
66675
66573
66560
66486
66415
66375
66311
66294
66266
66017
65908
65895
65824
65786
65745
65736
65665
65621
65584
65533
65452
65449
65413
65392
65375
65348
65283
65177
65174
65166
65100
65083
65049
65027
64998
64976
64903
64861
64812
64727
64716
64633
64623
64576
64571
64525
64428
64424
64365
64358
64351
64328
64322
64299
64201
64140
64057
64000
63965
63933
63675
63584
63509
63421
63419
63392
63235
63219
63217
63212
63169
63166
63093
63065
63059
63011
62967
62959
62900
62876
62798
62789
62777
62765
62732
62672
62606
62598
62537
62313
62291
62203
62188
62185
62176
62134
62027
62005
61913
61879
61814
61772
61753
61713
61690
61614
61590
61369
61315
61237
61227
61186
61066
61063
60856
60846
60739
60716
60537
60478
60466
60445
60350
60319
60285
60200
60168
60132
60113
60024
60024
59990
59968
59961
59952
59946
59927
59846
59760
59681
59637
59613
59583
59517
59452
59451
59426
59418
59302
59186
59136
59062
58939
58905
58805
58755
58710
58649
58640
58586
58575
58570
58555
58543
58432
58369
58258
58224
58219
58186
58172
58136
58042
57825
57821
57687
57486
57484
57443
57441
57424
57279
57233
57206
57101
57048
57044
56972
56949
56912
56881
56793
56792
56680
56647
56631
56622
56570
56503
56493
56466
56431
56366
56299
56187
56156
56154
56113
56075
56043
55986
55977
55935
55930
55860
55819
55808
55768
55433
55256
55167
55038
55034
55033
54994
54971
54797
54790
54756
54740
54737
54733
54727
54717
54714
54689
54665
54650
54641
54334
54301
54298
54223
54191
54099
53983
53921
53894
53856
53808
53706
53644
53632
53568
53563
53519
53438
53423
53415
53402
53401
53389
53347
53180
53151
53069
52999
52923
52840
52778
52725
52552
52483
52410
52338
52324
52299
52230
52130
52118
52118
52060
51722
51681
51584
51341
51280
51275
51233
51213
51189
51180
51089
51061
51051
51031
50947
50934
50882
50861
50798
50796
50793
50741
50726
50674
50574
50561
50503
50446
50429
50408
50358
50338
50295
50133
50125
50116
49868
49805
49770
49644
49529
49422
49351
49319
49312
49121
49036
49020
48997
48994
48979
48858
48856
48833
48659
48570
48559
48452
48414
48126
48113
48087
48083
47971
47958
47930
47913
47902
47880
47871
47785
47707
47648
47640
47526
47520
47427
47412
47351
47299
47153
47136
47136
47042
47027
46967
46951
46834
46825
46810
46804
46742
46732
46726
46541
46476
46458
46453
46436
46386
46332
46317
46250
46210
46191
45996
45934
45779
45734
45696
45685
45638
45540
45483
45466
45367
45362
45347
45312
45303
45292
45252
45217
45216
45195
45182
45110
45036
45010
44942
44910
44822
44764
44741
44661
44625
44567
44550
44538
44439
44417
44250
44223
44161
44116
44076
44070
43994
43987
43942
43916
43876
43820
43803
43768
43766
43741
43726
43704
43611
43598
43586
43540
43531
43471
43439
43383
43280
43198
43198
43175
43058
42998
42991
42867
42834
42758
42758
42663
42420
42399
42359
42302
42259
42167
42141
42076
42074
42050
41933
41833
41817
41779
41778
41769
41701
41560
41525
41502
41478
41451
41367
41263
41229
41212
41148
41126
41056
41029
41025
40979
40911
40840
40784
40754
40745
40744
40695
40669
40607
40580
40546
40499
40473
40251
40240
40060
40002
39904
39834
39786
39730
39642
39607
39597
39587
39577
39414
39277
39098
39056
39040
38981
38949
38901
38890
38745
38743
38674
38619
38607
38590
38444
38438
38391
38207
38204
38157
38139
38105
38079
38016
37956
37900
37874
37838
37804
37782
37700
37684
37558
37501
37501
37496
37483
37482
37468
37405
37377
37287
37242
37237
37215
37178
37129
37095
37093
36888
36883
36835
36826
36716
36537
36505
36496
36444
36369
36326
36243
36179
36171
36167
36111
36072
36027
35986
35957
35929
35890
35879
35871
35824
35758
35673
35647
35627
35599
35550
35545
35543
35537
35530
35529
35524
35501
35499
35494
35455
35373
35346
35316
35278
35256
35167
35081
35071
34985
34878
34868
34747
34719
34680
34677
34628
34546
34461
34451
34394
34378
34296
34296
34220
34012
33997
33960
33912
33760
33743
33724
33567
33466
33465
33447
33352
33344
33081
32962
32919
32894
32859
32843
32802
32780
32731
32710
32693
32692
32597
32540
32536
32445
32435
32390
32366
32232
32122
31961
31928
31922
31864
31848
31806
31774
31764
31738
31698
31641
31587
31514
31441
31417
31308
31233
31227
31189
31152
31106
31001
30867
30769
30762
30729
30714
30666
30648
30647
30586
30477
30465
30401
30353
30331
30276
30186
30150
30146
30108
30099
30089
30024
29966
29914
29828
29739
29714
29674
29644
29573
29549
29535
29513
29502
29438
29419
29374
29368
29364
29279
29145
28985
28837
28833
28794
28787
28721
28720
28698
28639
28626
28594
28547
28509
28496
28460
28382
28352
28263
28230
28230
28184
28068
27987
27952
27922
27921
27921
27852
27829
27786
27743
27705
27653
27652
27593
27541
27522
27516
27511
27301
27174
27133
27100
27092
27065
27025
26992
26833
26798
26768
26622
26540
26521
26497
26341
26217
26203
26140
26124
26072
26060
26029
26009
25882
25865
25833
25805
25771
25708
25582
25568
25517
25478
25374
25335
25313
25300
25238
25231
25058
25041
24996
24923
24915
24910
24776
24718
24714
24678
24659
24594
24480
24426
24382
24366
24326
24265
24245
24242
24188
24172
24153
24088
24063
23903
23801
23756
23744
23713
23704
23627
23615
23535
23462
23298
23158
23155
23121
23097
23074
23068
22965
22952
22876
22872
22870
22847
22836
22823
22807
22799
22735
22695
22657
22610
22597
22570
22510
22495
22488
22479
22479
22468
22437
22423
22418
22394
22360
22333
22320
22320
22268
22263
22158
21902
21773
21681
21571
21553
21472
21408
21359
21267
21218
21195
21163
21146
20969
20929
20921
20870
20840
20819
20721
20714
20702
20683
20477
20444
20285
20209
20092
20031
20024
19999
19964
19944
19936
19735
19707
19657
19604
19581
19439
19427
19373
19334
19316
19282
19153
19132
19084
19047
18954
18931
18900
18856
18829
18743
18726
18687
18623
18575
18413
18393
18354
18316
18182
18165
18108
18074
18001
17946
17936
17933
17834
17759
17741
17643
17620
17578
17492
17478
17437
17399
17321
17306
17293
17276
17270
16981
16917
16913
16873
16853
16829
16753
16691
16623
16569
16520
16462
16320
16286
16278
16169
16092
16077
16030
15999
15994
15973
15898
15880
15826
15796
15777
15766
15764
15614
15596
15578
15536
15454
15426
15321
15246
15222
15187
15138
15138
15130
15120
15112
15078
15074
14962
14917
14907
14884
14857
14855
14804
14762
14728
14683
14603
14586
14537
14470
14383
14359
14359
14354
14311
14259
14255
14236
14216
14216
14209
14187
14167
14134
14057
14039
13919
13756
13717
13605
13577
13576
13517
13483
13441
13439
13357
13341
13293
13271
13200
13148
13115
13040
12983
12974
12913
12900
12784
12778
12763
12723
12593
12564
12535
12475
12384
12336
12331
12276
12266
12230
12204
12203
12199
12156
12087
12043
12032
12025
12007
11922
11885
11880
11720
11527
11441
11412
11398
11314
11253
11253
11217
11182
11099
11062
11017
10941
10906
10873
10807
10779
10692
10658
10602
10539
10454
10409
10342
10313
10302
10276
10203
10187
10142
10114
10083
10080
9986
9847
9834
9818
9736
9673
9672
9588
9481
9457
9448
9373
9347
9320
9268
9253
9228
9192
9173
9153
9040
9018
8978
8974
8956
8879
8751
8729
8725
8721
8669
8596
8436
8384
8381
8368
8366
8359
8331
8282
8281
8218
8218
8163
8056
7975
7910
7906
7903
7869
7719
7673
7629
7597
7580
7574
7568
7565
7557
7523
7520
7373
7360
7295
6861
6841
6832
6778
6747
6527
6461
6425
6283
6274
6184
6174
6173
6087
6042
5991
5882
5876
5823
5797
5715
5665
5629
5595
5581
5563
5487
5432
5428
5396
5343
5323
5244
5242
5160
5097
5092
5079
4959
4923
4806
4749
4695
4568
4543
4528
4515
4442
4440
4417
4385
4303
4271
4257
4256
4213
4137
4116
4058
4023
3952
3943
3929
3884
3859
3812
3749
3668
3625
3608
3471
3383
3341
3242
3225
3086
2952
2952
2934
2813
2793
2758
2747
2744
2732
2712
2637
2635
2358
2304
2277
2095
2092
2034
1947
1824
1780
1727
1717
1612
1607
1597
1530
1487
1357
1319
1252
1252
1209
1189
1152
1089
1059
1044
1002
937
869
851
843
829
818
776
731
701
671
518
504
367
293
237
216
207
150
103
13
