99948
99911
99871
99814
99779
99762
99747
99660
99648
99630
99604
99493
99489
99462
99457
99417
99349
99343
99319
99306
99283
99261
99224
99201
99172
99099
99078
99059
99012
98942
98786
98784
98739
98530
98453
98420
98419
98388
98306
98297
98229
98221
98220
98189
98056
97994
97981
97934
97803
97799
97635
97508
97386
97370
97284
97249
97208
97198
97033
97031
97003
96967
96944
96925
96909
96832
96807
96728
96695
96679
96661
96627
96619
96570
96565
96531
96313
96286
96279
96234
96132
96096
95980
95978
95932
95869
95855
95812
95679
95678
95658
95636
95599
95539
95518
95510
95457
95449
95001
94953
94947
94915
94875
94855
94817
94704
94672
94671
94642
94630
94516
94488
94435
94338
94309
94288
94235
94208
94193
94097
94072
93946
93921
93902
93865
93839
93835
93791
93647
93645
93629
93605
93479
93416
93371
93351
93288
93235
93221
93218
93123
93024
92983
92920
92839
92824
92816
92789
92717
92713
92711
92711
92673
92635
92630
92598
92573
92522
92426
92422
92359
92291
92187
92118
92116
92088
92002
91946
91923
91906
91885
91851
91842
91832
91800
91681
91638
91552
91491
91436
91414
91345
91315
91296
91249
91226
91061
91007
90990
90923
90780
90775
90768
90671
90634
90402
90392
90337
90337
90287
90200
90115
90063
89980
89955
89949
89910
89879
89868
89754
89703
89638
89594
89533
89413
89397
89372
89349
89345
88975
88903
88776
88690
88678
88677
88635
88634
88634
88619
88519
88481
88476
88431
88409
88356
88314
88274
88235
88201
88167
88026
87893
87871
87870
87866
87777
87771
87755
87593
87564
87535
87525
87520
87504
87503
87498
87425
87298
87224
87101
87012
86952
86705
86699
86556
86468
86454
86453
86387
86324
86319
86315
86300
86277
86272
86256
86225
86217
86215
86184
86098
86038
86026
86018
85924
85916
85887
85885
85864
85742
85739
85732
85645
85615
85592
85461
85425
85402
85334
85265
85237
85182
85166
85119
84949
84844
84811
84770
84763
84746
84743
84680
84659
84622
84549
84543
84537
84436
84319
84293
84181
84104
84023
83965
83923
83621
83612
83610
83521
83501
83468
83454
83413
83378
83337
83235
83115
83112
83079
82995
82965
82864
82819
82789
82716
82650
82560
82509
82484
82481
82445
82360
82319
82267
82246
82167
82164
82162
82129
82061
81995
81929
81834
81772
81718
81618
81590
81575
81567
81437
81416
81337
81280
81190
81187
81164
81106
81099
81037
81033
81023
80900
80819
80758
80707
80595
80570
80560
80494
80478
80423
80414
80336
80336
80270
80267
80238
80072
79987
79983
79953
79895
79711
79659
79630
79607
79593
79578
79575
79523
79497
79476
79445
79418
79379
79298
79294
79251
79240
79156
79116
79077
79055
79046
78921
78895
78866
78841
78825
78789
78782
78719
78710
78709
78460
78430
78211
78150
78114
78106
77999
77964
77962
77950
77901
77875
77871
77847
77666
77638
77638
77617
77441
77422
77319
77274
77185
77160
77146
77081
76996
76971
76948
76930
76917
76906
76868
76851
76835
76820
76783
76666
76618
76592
76565
76563
76518
76469
76427
76351
76252
76212
76192
76149
76105
76079
76048
76017
76008
75957
75865
75843
75715
75581
75564
75392
75354
75325
75271
75204
75192
75093
75084
75031
74975
74950
74914
74864
74719
74674
74554
74533
74491
74411
74376
74304
74304
74257
74255
74223
74213
74136
74107
74100
74031
73850
73710
73595
73510
73450
73422
73392
73370
73289
73215
73197
73115
73098
73080
73042
73009
72998
72992
72980
72970
72844
72671
72639
72619
72597
72574
72491
72448
72348
72343
72274
72250
72232
72147
72109
72021
71994
71985
71872
71857
71638
71579
71539
71491
71489
71480
71308
71262
71146
71065
71042
71037
71026
71015
71006
70999
70969
70956
70940
70909
70877
70865
70861
70857
70850
70816
70797
70790
70783
70775
70771
70746
70720
70717
70696
70690
70633
70606
70559
70511
70444
70324
70309
70300
70212
70186
70160
70147
70080
70055
70048
70018
70015
69829
69819
69774
69769
69684
69562
69553
69539
69485
69470
69441
69269
69219
69190
69161
69111
69090
69021
68946
68911
68893
68885
68799
68761
68727
68571
68514
68510
68489
68354
68291
68241
68201
68125
68112
68102
68061
68000
67985
67974
67970
67935
67930
67809
67808
67795
67756
67736
67715
67582
67481
67467
67432
67278
67174
67116
67115
67089
67075
67072
67071
67002
66992
66949
66948
66884
66868
66790
66784
66718
66701
66279
66234
66230
66164
66159
66083
66068
66056
66019
66015
65951
65784
65766
65736
65663
65597
65514
65505
65455
65405
65384
65343
65228
65205
65198
65136
65088
65079
65054
65011
65002
64988
64901
64829
64816
64791
64713
64668
64608
64584
64500
64491
64438
64377
64365
64351
64317
64303
64294
64255
64197
64142
64111
64057
64034
64027
63921
63858
63771
63744
63741
63723
63538
63486
63482
63460
63434
63333
63257
63255
63200
63198
63189
63188
63170
63102
63035
62916
62901
62861
62835
62773
62707
62689
62679
62633
62612
62512
62472
62408
62396
62358
62355
62348
62342
62283
62132
61954
61951
61936
61886
61794
61677
61515
61512
61443
61420
61416
61371
61329
61293
61272
61253
61230
61033
60968
60943
60852
60695
60527
60497
60461
60446
60401
60190
60083
60029
59922
59881
59837
59827
59766
59714
59675
59657
59543
59505
59324
59213
59202
59197
59117
59076
59027
59014
58974
58802
58763
58680
58653
58641
58526
58513
58491
58482
58427
58355
58353
58293
58196
58192
58060
58015
58004
57966
57915
57818
57788
57782
57775
57723
57708
57673
57608
57479
57477
57410
57396
57375
57343
57318
57275
57232
57193
57130
57022
56990
56985
56826
56818
56709
56701
56635
56554
56501
56483
56438
56414
56364
56364
56358
56267
56263
56147
56084
56073
56068
56065
56062
56053
56014
55892
55864
55847
55783
55755
55733
55715
55655
55569
55478
55469
55437
55411
55408
55374
55335
55307
55265
55239
55145
55074
54978
54918
54861
54812
54778
54734
54718
54657
54534
54520
54318
54312
54283
54271
54241
54134
53975
53918
53908
53900
53877
53775
53762
53695
53600
53589
53495
53465
53396
53392
53377
53312
53294
53268
53264
53124
53076
53030
53017
52909
52881
52852
52764
52729
52620
52600
52592
52454
52438
52396
52345
52230
52165
52016
51979
51964
51932
51865
51838
51797
51724
51712
51685
51650
51507
51491
51452
51420
51368
51332
51254
51168
51083
51018
51012
50987
50928
50902
50803
50759
50735
50627
50619
50558
50545
50544
50446
50319
50276
50223
50121
50112
50055
49951
49819
49817
49794
49738
49730
49712
49710
49673
49665
49547
49531
49526
49502
49482
49468
49455
49408
49253
49135
49090
49027
49026
48987
48967
48942
48903
48893
48840
48788
48720
48487
48482
48476
48460
48415
48410
48345
48297
48245
48160
48023
48013
47995
47900
47801
47700
47581
47420
47289
47203
47198
47121
47065
47004
46906
46882
46778
46776
46761
46701
46689
46630
46625
46617
46573
46563
46485
46480
46413
46388
46331
46290
46279
46228
46157
46139
46119
46043
46002
45897
45887
45849
45844
45756
45750
45733
45662
45656
45646
45612
45573
45559
45438
45404
45386
45346
45331
45297
45236
45205
45161
45123
45025
44996
44937
44934
44905
44728
44705
44688
44661
44619
44609
44576
44553
44499
44397
44394
44247
44013
43970
43949
43912
43869
43845
43837
43836
43751
43746
43674
43621
43617
43504
43441
43423
43365
43348
43309
43302
43268
43155
43128
43092
43092
43088
43031
43018
42999
42955
42897
42840
42834
42732
42682
42672
42536
42507
42486
42474
42443
42402
42389
42346
42262
42204
42168
42142
42067
42033
42015
41993
41939
41799
41797
41782
41725
41715
41706
41626
41623
41581
41504
41468
41421
41374
41246
41160
41101
41090
41076
41006
40936
40848
40744
40724
40698
40685
40567
40546
40504
40482
40440
40376
40298
40276
40216
40167
40139
40066
40039
39970
39970
39934
39884
39877
39844
39842
39824
39803
39791
39773
39677
39670
39564
39521
39460
39429
39407
39386
39377
39350
39318
39306
39121
39031
38935
38908
38856
38847
38843
38774
38698
38697
38674
38543
38496
38467
38462
38460
38429
38402
38360
38326
38306
38298
38162
38050
38042
37988
37912
37892
37880
37855
37791
37741
37609
37589
37335
37326
37324
37270
37252
37083
37004
36987
36936
36881
36788
36772
36744
36710
36694
36656
36534
36526
36491
36479
36459
36429
36415
36337
36329
36324
36318
36295
36276
36192
36166
36143
36065
36014
35996
35959
35879
35857
35853
35756
35719
35681
35598
35350
35321
35310
35295
35276
35249
35178
35030
35029
35003
34820
34811
34739
34717
34687
34599
34566
34552
34514
34477
34421
34398
34389
34384
34278
34252
34159
33996
33947
33812
33779
33596
33499
33476
33433
33404
33289
33264
33247
33154
33073
33064
33000
32800
32774
32737
32688
32686
32590
32545
32458
32453
32425
32380
32356
32354
32328
32324
32200
31964
31958
31904
31752
31749
31727
31669
31641
31630
31612
31564
31526
31489
31477
31458
31441
31411
31383
31368
31344
31304
31284
31218
31206
31122
31067
31061
31058
30916
30863
30679
30643
30583
30525
30516
30495
30466
30430
30417
30359
30283
30203
30133
30077
30048
30031
30017
29996
29947
29718
29667
29605
29482
29471
29451
29428
29395
29282
29194
29105
29085
29037
29011
28905
28877
28853
28726
28706
28629
28616
28585
28576
28472
28447
28446
28410
28388
28291
28154
28064
27989
27987
27961
27948
27828
27815
27798
27726
27648
27615
27519
27490
27485
27448
27243
27211
27165
27159
27068
27002
26873
26853
26848
26753
26600
26528
26512
26435
26374
26287
26255
26223
26092
26080
26042
25948
25891
25783
25782
25766
25530
25458
25422
25376
25364
25335
25229
25220
25205
25191
25108
25108
25061
24891
24813
24772
24748
24689
24659
24624
24586
24405
24330
24282
24259
24242
24232
24069
24035
24017
23963
23789
23759
23752
23733
23681
23610
23596
23400
23158
23117
23065
23064
22964
22937
22917
22915
22894
22781
22733
22699
22688
22686
22426
22393
22311
22143
22116
22113
22088
22083
21998
21984
21965
21901
21870
21821
21684
21340
21321
21318
21312
21300
21282
21239
21146
21102
21017
21014
20998
20981
20839
20830
20799
20763
20748
20727
20685
20613
20613
20572
20565
20527
20471
20439
20381
20350
20312
20308
20270
20000
19912
19871
19784
19774
19668
19572
19502
19475
19463
19430
19399
19361
19312
19249
19200
19185
18997
18982
18941
18931
18923
18755
18746
18673
18644
18567
18518
18424
18375
18335
18175
18165
18153
18126
18110
18006
17982
17857
17835
17784
17708
17677
17573
17489
17143
17033
17033
16972
16927
16921
16900
16878
16875
16742
16664
16660
16624
16560
16450
16403
16390
16367
16356
16346
16316
16311
16193
16174
16156
16044
15986
15883
15845
15752
15693
15534
15514
15485
15468
15461
15358
15294
15205
15120
14998
14968
14892
14828
14765
14759
14660
14616
14616
14596
14592
14463
14410
14367
14271
14251
14179
14124
14092
14024
13988
13961
13938
13818
13794
13764
13754
13725
13704
13698
13658
13655
13629
13537
13504
13491
13459
13453
13439
13405
13400
13280
13212
13132
13115
13087
13083
13049
13014
12939
12842
12801
12735
12692
12624
12614
12547
12501
12454
12424
12316
12216
12112
11991
11928
11916
11898
11896
11871
11847
11844
11801
11798
11753
11752
11692
11573
11473
11357
11272
11241
11117
10989
10948
10946
10932
10892
10890
10881
10827
10743
10701
10594
10580
10533
10519
10510
10393
10387
10364
10352
10337
10320
10302
10292
10274
10264
10196
10129
10096
10052
10051
10050
10029
9999
9970
9955
9944
9921
9912
9891
9752
9726
9721
9712
9583
9562
9555
9461
9335
9298
9271
9262
9259
9198
9171
9084
8976
8956
8953
8946
8925
8890
8861
8765
8745
8642
8640
8496
8461
8364
8325
8319
8265
8120
8003
7987
7963
7937
7893
7860
7809
7760
7722
7682
7556
7551
7499
7436
7398
7224
7058
6919
6894
6839
6815
6767
6762
6713
6683
6638
6558
6388
6331
6321
6210
6026
5935
5767
5721
5704
5665
5645
5604
5595
5559
5500
5499
5385
5238
5231
5177
5010
4985
4969
4907
4868
4752
4531
4529
4522
4510
4483
4467
4457
4424
4421
4366
4291
4284
4148
4068
3988
3930
3919
3914
3854
3847
3844
3766
3700
3660
3573
3396
3362
3358
3343
3291
3242
3224
3136
3134
3078
3062
2918
2887
2748
2700
2626
2597
2584
2453
2427
2375
2304
2286
2278
2246
2183
2130
2070
2039
2030
2029
2026
2025
1984
1914
1803
1752
1746
1734
1727
1660
1658
1623
1585
1552
1422
1409
1405
1403
1400
1399
1392
1342
1322
1321
1257
1115
1074
1055
1006
927
920
917
797
655
514
457
371
356
347
330
277
267
227
147
110
53
38
