99960
99939
99933
99907
99874
99858
99707
99687
99553
99394
99309
99268
99252
99165
99157
99064
99035
98992
98962
98961
98941
98857
98824
98754
98661
98631
98609
98606
98546
98485
98450
98447
98397
98386
98383
98375
98354
98330
98319
98292
98287
98275
98270
98253
98219
98124
98122
98019
98009
97890
97786
97766
97692
97648
97586
97567
97534
97532
97510
97447
97370
97366
97332
97300
97279
97209
97167
97040
96996
96987
96981
96878
96875
96846
96820
96578
96543
96527
96520
96518
96438
96345
96325
96300
96271
96211
96177
96159
96130
96017
95985
95949
95942
95897
95887
95870
95791
95699
95671
95667
95597
95530
95444
95388
95386
95352
95261
95100
95088
94996
94819
94785
94739
94715
94528
94291
94232
94224
94216
94113
94101
94052
94041
94036
93975
93963
93915
93810
93781
93756
93733
93716
93706
93683
93630
93622
93591
93570
93566
93558
93553
93548
93545
93433
93362
93256
93220
93194
93162
93140
93138
93122
93064
93018
92963
92935
92763
92747
92714
92698
92690
92561
92513
92501
92462
92443
92413
92374
92331
92275
92264
92240
92176
92158
92144
92126
92109
92077
92075
92008
91960
91860
91651
91536
91466
91335
91322
91299
91271
91252
91187
91140
91055
91011
90999
90976
90907
90851
90841
90834
90815
90739
90679
90606
90530
90475
90454
90448
90447
90440
90305
90189
90122
90108
90069
89955
89936
89886
89879
89866
89798
89795
89792
89738
89720
89715
89617
89616
89605
89593
89578
89518
89514
89420
89388
89383
89381
89207
89184
89116
89115
88982
88891
88864
88862
88856
88780
88763
88741
88708
88695
88658
88656
88655
88565
88535
88485
88453
88373
88287
88255
88212
88188
88133
88102
87991
87687
87631
87469
87468
87452
87184
87182
87180
87153
87110
87059
87046
86857
86825
86730
86682
86616
86589
86484
86432
86331
86328
86312
86281
86165
86139
86034
86004
86003
85985
85915
85870
85862
85699
85659
85637
85609
85606
85573
85556
85553
85553
85413
85402
85367
85355
85309
85300
85137
85071
85000
84894
84845
84803
84785
84769
84756
84753
84737
84725
84691
84464
84463
84407
84404
84394
84336
84310
84257
84027
83883
83856
83817
83789
83761
83703
83699
83681
83677
83584
83543
83511
83474
83406
83381
83339
83317
83272
83266
83173
83160
83070
83069
83062
83027
83018
82995
82866
82695
82668
82661
82504
82395
82334
82296
82203
82147
82072
82004
82003
81961
81920
81912
81856
81853
81839
81830
81817
81774
81762
81730
81694
81687
81637
81622
81565
81508
81465
81454
81400
81373
81347
81337
81327
81290
81278
81198
81153
81095
81088
81077
81059
81008
80927
80922
80874
80774
80741
80685
80654
80450
80435
80419
80345
80317
80279
80243
80157
80068
80063
79915
79856
79849
79843
79787
79631
79628
79588
79445
79344
79296
79260
79238
79224
79187
79153
78994
78980
78977
78963
78952
78942
78924
78851
78819
78791
78691
78632
78589
78550
78528
78524
78452
78359
78356
78307
78230
78226
78206
78123
78047
78020
77905
77875
77851
77841
77566
77522
77468
77450
77416
77397
77381
77291
77234
77165
77145
77074
77052
77011
77009
76978
76928
76813
76763
76751
76641
76587
76558
76536
76418
76414
76381
76361
76351
76305
76269
76213
76186
76166
75984
75969
75765
75755
75747
75734
75697
75691
75673
75653
75599
75581
75561
75551
75456
75424
75416
75375
75312
75302
75262
75243
75239
75098
74968
74950
74948
74813
74749
74676
74595
74564
74530
74385
74365
74331
74325
74317
74311
74283
74233
74184
74164
74056
73832
73690
73664
73663
73628
73531
73500
73454
73354
73261
73233
73072
73066
73045
73026
72869
72836
72778
72760
72747
72606
72498
72453
72442
72385
72375
72358
72325
72310
72197
72188
72041
71990
71984
71829
71828
71819
71789
71780
71779
71657
71637
71610
71582
71452
71351
71274
71260
71230
71142
70922
70904
70824
70722
70685
70613
70452
70422
70344
70201
70118
70115
70061
70007
69896
69849
69827
69808
69757
69704
69700
69617
69557
69554
69529
69527
69517
69402
69398
69387
69324
69274
69196
69192
69150
69113
69090
69083
69041
68982
68980
68906
68879
68866
68827
68757
68631
68558
68554
68553
68467
68347
68340
68227
68209
68146
68136
68132
68125
68089
68053
67852
67841
67836
67753
67734
67724
67723
67678
67677
67676
67660
67631
67625
67558
67512
67502
67474
67456
67435
67395
67298
67289
67174
67133
67120
67015
66888
66874
66873
66834
66819
66785
66780
66764
66738
66639
66608
66334
66268
66243
66235
66225
66060
66030
66022
66011
65983
65943
65934
65874
65851
65816
65771
65760
65744
65627
65567
65553
65486
65482
65478
65472
65426
65421
65394
65392
65283
65183
65113
65098
65083
65023
65007
64986
64900
64837
64732
64709
64670
64608
64415
64307
64278
64242
64201
64186
64174
64152
64101
63998
63964
63939
63888
63868
63842
63840
63835
63834
63771
63733
63668
63652
63602
63509
63455
63454
63385
63351
63226
63194
63174
63146
63118
63072
63044
63037
63001
62999
62994
62925
62895
62661
62588
62546
62490
62427
62402
62310
62296
62230
62189
62159
62134
62129
62106
62065
62029
61956
61879
61839
61703
61636
61579
61577
61569
61491
61472
61384
61337
61332
61258
61257
61255
61245
61169
61150
61010
60999
60938
60875
60773
60568
60556
60529
60468
60462
60329
60308
60295
60289
60055
60026
59838
59793
59702
59587
59520
59468
59449
59448
59341
59293
59227
59190
59183
59126
59101
59060
58973
58963
58940
58933
58906
58842
58840
58802
58664
58660
58546
58422
58221
58213
58211
58102
58003
58001
57957
57917
57893
57876
57804
57796
57756
57736
57677
57641
57637
57637
57608
57574
57546
57489
57443
57435
57427
57391
57383
57271
57184
57182
57174
57143
57123
57072
57031
57021
56971
56962
56922
56896
56861
56842
56820
56800
56740
56657
56652
56569
56527
56469
56429
56334
56315
56233
56214
56166
56078
56046
56042
55896
55890
55885
55876
55827
55783
55766
55736
55687
55683
55653
55651
55650
55567
55561
55439
55436
55435
55426
55412
55375
55355
55329
55329
55314
55270
55232
55095
55090
55072
55003
54997
54995
54926
54821
54788
54775
54768
54680
54651
54643
54604
54590
54579
54568
54567
54547
54545
54434
54431
54430
54386
54339
54328
54295
54233
54191
54160
54154
54130
54112
54065
54047
53985
53971
53926
53873
53862
53739
53714
53667
53657
53621
53609
53573
53491
53486
53469
53417
53354
53348
53281
53101
52997
52843
52833
52782
52685
52601
52585
52552
52509
52447
52395
52371
52336
52287
52253
52161
52094
52080
52052
51951
51920
51915
51759
51738
51690
51657
51621
51616
51592
51576
51548
51512
51506
51451
51448
51393
51290
51183
50804
50720
50621
50599
50584
50575
50536
50458
50404
50270
50253
50179
50165
50139
49970
49940
49882
49798
49657
49657
49608
49596
49535
49533
49533
49414
49370
49367
49352
49327
49301
49092
49076
49003
48961
48818
48786
48755
48736
48701
48670
48599
48517
48457
48423
48368
48261
48237
48224
48140
48110
48106
48033
48031
48010
47948
47855
47833
47822
47818
47757
47717
47711
47703
47624
47601
47515
47499
47482
47267
47252
47251
47192
47189
47184
47079
47073
47042
47026
46990
46915
46816
46745
46743
46715
46540
46465
46463
46460
46380
46364
46285
46262
46180
46160
46158
46146
46109
46092
46042
45954
45949
45796
45668
45664
45646
45605
45589
45558
45456
45422
45336
45314
45281
45232
45230
45228
45182
45131
45108
45066
45060
45046
44994
44936
44900
44871
44762
44571
44559
44544
44512
44414
44397
44396
44302
44294
44270
44146
44141
44110
44033
44010
43981
43844
43759
43745
43733
43720
43701
43540
43468
43444
43431
43407
43348
43272
43223
43117
43095
42999
42987
42968
42926
42791
42774
42732
42728
42718
42620
42568
42506
42494
42411
42389
42250
42140
42125
42086
42079
42048
41974
41969
41959
41925
41902
41841
41821
41805
41756
41733
41689
41667
41662
41609
41585
41562
41558
41506
41487
41456
41431
41261
41038
40845
40624
40620
40580
40568
40529
40509
40418
40412
40411
40402
40295
40290
40280
40175
40081
39921
39779
39631
39623
39389
39382
39371
39367
39359
39343
39334
39290
39187
39134
39085
39003
38996
38961
38923
38859
38752
38671
38612
38555
38533
38389
38388
38283
38258
38197
38192
38117
38107
37938
37902
37786
37766
37746
37741
37721
37701
37642
37499
37376
37279
37263
37194
37162
37124
37080
37075
36981
36938
36896
36894
36727
36699
36647
36565
36546
36530
36523
36515
36490
36444
36424
36406
36395
36317
36227
36220
36107
35824
35783
35746
35661
35625
35392
35386
35371
35345
35290
35199
35189
35177
35158
35137
35121
35112
35110
35101
35084
34984
34914
34836
34805
34791
34622
34564
34465
34416
34391
34364
34324
34265
34247
34240
34201
34167
34134
34073
34069
34053
33919
33754
33752
33748
33728
33721
33691
33654
33648
33557
33547
33531
33462
33443
33432
33397
33366
33365
33357
33285
33193
33132
33121
33098
32981
32978
32948
32897
32886
32880
32861
32854
32723
32694
32641
32509
32425
32408
32388
32329
32306
32245
32178
32124
32092
32090
32013
31996
31905
31889
31829
31825
31787
31497
31412
31389
31370
31348
31296
31279
31237
31178
31052
31042
31001
30978
30967
30952
30891
30861
30852
30833
30822
30789
30785
30732
30655
30629
30569
30508
30452
30426
30403
30391
30327
30233
30225
30159
30033
30022
29982
29857
29674
29612
29560
29545
29540
29522
29497
29436
29306
29219
29201
29161
29145
29016
29010
29000
28848
28848
28758
28686
28675
28662
28641
28639
28584
28502
28478
28388
28358
28333
28318
28282
28198
28183
28157
28148
28145
28144
28135
28076
28046
28012
27782
27759
27668
27638
27405
27404
27340
27296
27233
27192
27188
27129
27018
27006
26997
26994
26882
26864
26708
26554
26482
26449
26447
26379
26303
26263
26200
26016
25987
25974
25950
25903
25894
25878
25771
25727
25689
25433
25424
25390
25321
25287
25262
25209
25209
24867
24650
24571
24556
24528
24487
24417
24392
24229
24216
24087
23945
23815
23792
23784
23700
23676
23624
23552
23539
23336
23077
22928
22691
22634
22567
22542
22535
22511
22420
22409
22270
22193
22176
22174
22162
22134
22091
22071
22021
22013
21984
21918
21912
21882
21875
21795
21770
21720
21665
21516
21509
21448
21380
21351
21336
21242
21173
21135
21127
21091
21089
21044
20998
20995
20938
20910
20900
20865
20834
20722
20643
20606
20590
20585
20556
20497
20439
20385
20385
20363
20298
20231
20213
20175
20125
20057
20008
19897
19852
19848
19846
19797
19757
19699
19678
19580
19547
19476
19455
19353
19277
19267
19163
19148
19136
19131
19035
18904
18804
18803
18656
18575
18474
18429
18132
18102
18063
18033
17914
17881
17853
17830
17815
17790
17790
17626
17535
17533
17521
17430
17386
17328
17309
17308
17297
17252
17211
17136
17053
16955
16948
16853
16851
16727
16669
16659
16649
16456
16415
16369
16257
16184
16163
16100
16059
16037
15944
15934
15925
15914
15811
15810
15803
15799
15697
15610
15585
15542
15455
15453
15415
15391
15389
15366
15346
15327
15325
15126
15098
15062
14945
14860
14800
14739
14727
14709
14704
14687
14658
14607
14598
14570
14553
14525
14437
14384
14362
14319
14302
14284
13972
13948
13907
13873
13776
13738
13712
13693
13655
13538
13503
13477
13429
13426
13359
13291
13238
13203
13202
13123
13106
13092
13090
13025
12970
12914
12848
12791
12783
12749
12681
12678
12671
12636
12572
12441
12370
12344
12167
12122
12098
12081
11907
11822
11805
11801
11770
11705
11647
11643
11622
11597
11540
11539
11518
11516
11468
11441
11418
11373
11370
11263
11208
11194
11159
10896
10846
10816
10798
10774
10742
10707
10679
10636
10633
10620
10619
10547
10510
10471
10469
10461
10455
10453
10374
10362
10318
10312
10287
10202
10134
10015
10012
9989
9968
9939
9798
9604
9573
9512
9460
9286
9251
9200
9167
9109
9063
9058
8993
8992
8936
8836
8832
8696
8685
8640
8607
8484
8316
8274
8084
7926
7907
7797
7725
7609
7436
7415
7300
7252
7243
7160
7010
6924
6895
6627
6600
6596
6527
6302
6280
6265
6152
6073
6005
5998
5997
5988
5943
5918
5810
5806
5769
5655
5624
5524
5476
5474
5441
5361
5259
5235
5184
5169
5059
5035
5023
4971
4883
4874
4872
4795
4763
4717
4688
4550
4532
4455
4373
4329
4270
4230
4217
4141
4096
3980
3918
3850
3837
3682
3660
3499
3148
3142
3115
3087
3020
2992
2991
2955
2921
2896
2867
2840
2799
2639
2625
2607
2604
2431
2421
2409
2272
2245
2223
2171
2111
2027
1999
1872
1740
1721
1672
1584
1365
1350
1206
1170
1092
1077
1075
1054
990
924
807
690
686
582
580
576
507
320
256
150
61
54
