99996
99957
99897
99842
99820
99814
99796
99533
99525
99484
99443
99321
99271
99222
99195
99153
99080
99061
98991
98939
98904
98882
98861
98796
98794
98764
98752
98722
98706
98681
98676
98658
98558
98536
98483
98431
98423
98273
98122
98084
98070
98069
98013
97971
97951
97877
97723
97709
97679
97677
97652
97618
97592
97538
97382
97308
97278
97178
97109
97011
96961
96936
96828
96827
96716
96711
96706
96702
96666
96641
96617
96616
96586
96557
96538
96498
96431
96354
96217
96210
96108
96060
96044
96035
96004
95955
95863
95807
95769
95720
95685
95650
95630
95551
95538
95482
95466
95358
95339
95293
95260
95222
95208
95199
95158
94997
94904
94896
94865
94830
94771
94704
94704
94629
94601
94601
94596
94580
94504
94423
94263
94245
94241
94136
94104
94071
93962
93857
93754
93751
93677
93630
93628
93487
93449
93251
93178
93124
93103
93084
93078
92955
92954
92920
92849
92780
92655
92627
92626
92620
92582
92541
92475
92450
92377
92267
92168
92165
92135
92101
92096
92076
92073
92042
91862
91824
91786
91772
91731
91627
91554
91530
91523
91454
91451
91430
91419
91396
91393
91315
91313
91225
91215
91172
91140
91040
90992
90857
90778
90774
90620
90609
90559
90546
90421
90375
90328
90320
90244
90159
90142
90128
90121
90094
90026
89998
89919
89848
89800
89642
89638
89574
89530
89527
89511
89496
89440
89432
89329
89282
89249
89125
89053
88996
88893
88736
88714
88638
88616
88578
88572
88517
88497
88290
88252
88238
88128
88040
88030
87978
87962
87899
87875
87692
87616
87594
87548
87502
87492
87464
87436
87426
87420
87334
87317
87248
87212
87175
87148
87099
86869
86859
86839
86802
86648
86545
86545
86536
86468
86412
86359
86354
86288
86201
86157
86132
86130
86042
85935
85873
85844
85816
85802
85792
85771
85641
85573
85415
85301
85292
85281
85251
85228
85164
85099
85098
85042
85001
84920
84835
84815
84815
84809
84740
84733
84722
84676
84543
84493
84444
84443
84355
84303
84292
84153
84101
84095
84085
84077
84073
84055
84043
84037
84011
83962
83945
83893
83810
83800
83737
83711
83684
83598
83376
83254
83219
83184
83145
83090
83003
82963
82950
82913
82910
82862
82763
82643
82568
82483
82471
82424
82413
82346
82339
82240
82222
82143
82111
82096
82092
82053
81999
81829
81780
81710
81680
81540
81538
81503
81480
81471
81415
81323
81265
81192
81183
81119
81077
81072
81022
81017
80823
80820
80739
80722
80619
80579
80511
80465
80422
80331
80288
80267
80239
80052
80035
80003
79926
79925
79779
79778
79675
79670
79572
79516
79507
79461
79391
79310
79185
79169
79140
79070
78989
78891
78822
78819
78815
78802
78759
78740
78692
78673
78640
78624
78568
78556
78530
78499
78489
78241
78220
78202
78201
78155
78139
78071
78031
78005
77995
77971
77883
77860
77815
77747
77725
77718
77647
77641
77621
77583
77581
77572
77500
77476
77427
77422
77410
77275
77169
77159
77081
77002
76889
76869
76672
76591
76567
76485
76459
76410
76359
76271
76266
76247
76038
76008
75987
75910
75902
75877
75847
75802
75691
75552
75422
75316
75132
75128
75116
75092
75087
75013
74951
74944
74929
74870
74870
74764
74695
74645
74642
74572
74443
74405
74361
74258
74233
74198
74198
74029
73979
73951
73779
73688
73460
73431
73420
73355
73269
73186
73132
73123
73116
72995
72956
72864
72801
72668
72637
72572
72537
72406
72404
72386
72305
72261
72243
72226
72146
72132
72099
72094
72052
72033
72000
71961
71905
71888
71879
71855
71820
71770
71747
71746
71701
71692
71676
71599
71587
71428
71418
71241
71208
71134
71113
71031
70995
70968
70957
70914
70876
70759
70746
70703
70692
70654
70635
70630
70612
70518
70480
70461
70347
70333
70241
70150
70047
69959
69892
69885
69770
69705
69639
69638
69591
69587
69536
69507
69486
69460
69418
69363
69354
69228
69194
69185
68966
68965
68959
68920
68760
68692
68681
68608
68571
68535
68490
68475
68429
68413
68265
68179
68104
68068
68066
68060
67969
67928
67872
67825
67803
67776
67769
67747
67745
67688
67587
67517
67511
67503
67465
67458
67277
67246
67171
67041
66968
66902
66859
66782
66627
66289
66169
66062
66047
65922
65850
65841
65768
65748
65722
65699
65651
65624
65618
65539
65514
65463
65421
65384
65347
65269
65190
65114
65099
64822
64804
64798
64796
64766
64731
64722
64690
64679
64586
64560
64510
64431
64408
64348
64343
64339
64170
64161
64156
64120
64106
63939
63889
63862
63854
63830
63815
63771
63745
63742
63721
63686
63627
63614
63562
63547
63541
63474
63460
63456
63430
63384
63300
63262
63247
63232
63183
63139
63110
63078
63042
63020
62824
62803
62801
62746
62739
62728
62698
62614
62544
62534
62461
62413
62376
62290
62280
62259
62244
62224
62202
61975
61954
61674
61674
61663
61660
61609
61400
61380
61344
61216
61167
61073
61060
61037
61001
60968
60943
60927
60885
60867
60782
60672
60613
60576
60496
60368
60308
60271
60232
60185
60181
60168
60120
59906
59848
59835
59597
59594
59556
59518
59486
59411
59329
59264
59199
59097
59048
59030
58987
58981
58972
58817
58708
58670
58631
58625
58565
58543
58521
58453
58388
58370
58350
58286
58196
58102
58082
58060
58057
57970
57943
57932
57668
57653
57590
57546
57482
57455
57401
57247
57200
56966
56929
56925
56888
56822
56756
56643
56594
56539
56537
56441
56437
56374
56323
56238
56116
56077
56071
56038
55952
55947
55945
55944
55723
55695
55636
55636
55531
55403
55384
55380
55347
55176
55157
55128
55048
55019
54925
54921
54907
54898
54798
54636
54603
54590
54570
54569
54527
54524
54519
54503
54485
54480
54473
54221
54198
54123
54084
54084
54078
54038
54011
53959
53872
53857
53770
53758
53735
53665
53654
53601
53528
53510
53482
53453
53430
53417
53405
53347
53335
53267
53157
53135
53118
53063
53007
53004
52926
52917
52801
52771
52751
52687
52548
52531
52494
52487
52357
52351
52326
52294
52292
52285
52285
52281
52197
52105
52100
52098
52006
51957
51862
51808
51787
51708
51674
51657
51624
51614
51597
51553
51507
51491
51460
51388
51380
51352
51216
51190
51184
51147
51061
51021
51009
50980
50948
50908
50842
50834
50790
50779
50743
50732
50691
50509
50430
50363
50361
50350
50340
50268
50209
50146
50111
50068
50067
50052
50049
50036
50030
50024
49965
49960
49958
49949
49889
49785
49539
49427
49357
49357
49337
49304
49287
49200
49172
49164
49068
49044
49037
48985
48957
48949
48898
48822
48759
48679
48617
48596
48489
48368
48341
48282
48224
48220
47890
47860
47817
47694
47624
47490
47443
47438
47336
47240
47162
47063
46984
46845
46843
46699
46687
46663
46626
46535
46531
46531
46530
46480
46457
46451
46341
46233
46070
45986
45940
45915
45899
45891
45849
45843
45732
45710
45676
45628
45566
45548
45456
45392
45388
45342
45325
45183
45086
45056
44865
44839
44778
44705
44665
44579
44572
44554
44270
44239
44208
44182
44153
44112
44030
43995
43941
43893
43892
43844
43781
43757
43723
43671
43612
43547
43505
43487
43456
43290
43119
43115
42972
42920
42855
42807
42803
42799
42780
42755
42748
42715
42663
42581
42498
42403
42275
42274
42264
42257
42070
42069
42046
42022
41937
41921
41871
41867
41581
41550
41517
41475
41254
41189
41157
41136
41048
41026
41023
40949
40923
40898
40893
40838
40790
40777
40772
40762
40733
40687
40482
40442
40353
40310
40273
40269
40258
40251
40225
40136
40026
39766
39755
39691
39678
39676
39670
39608
39584
39271
39242
39210
39197
39128
39090
39057
38794
38731
38704
38703
38663
38576
38507
38485
38474
38465
38456
38427
38415
38365
38328
38216
38184
38132
38106
38063
38046
37998
37966
37796
37792
37791
37763
37676
37577
37561
37558
37526
37516
37516
37402
37376
37347
37332
37169
37066
37036
36968
36966
36938
36763
36733
36729
36700
36631
36588
36486
36430
36425
36404
36360
36287
36274
36204
36150
36052
35969
35724
35712
35711
35624
35590
35581
35549
35425
35382
35343
35304
35154
35127
35076
35059
35007
34921
34883
34748
34685
34653
34548
34547
34542
34524
34518
34474
34341
34316
34261
34200
34073
34026
33889
33876
33875
33861
33797
33757
33737
33729
33669
33630
33595
33551
33540
33533
33489
33475
33361
33357
33207
33198
33176
33112
33094
33050
33027
32980
32956
32928
32893
32857
32855
32854
32846
32763
32723
32683
32644
32601
32598
32584
32570
32535
32510
32453
32370
32357
32326
32291
32273
32262
32221
32217
32203
32136
32119
32110
31834
31822
31773
31766
31686
31636
31609
31588
31566
31441
31215
30914
30909
30879
30877
30785
30708
30645
30608
30604
30505
30502
30492
30478
30449
30438
30397
30236
30220
30202
30182
30181
30143
30071
29998
29939
29869
29715
29629
29580
29562
29528
29490
29385
29255
29237
29211
29189
29124
29071
29065
29062
29026
28992
28948
28920
28791
28775
28674
28618
28568
28541
28402
28298
28209
28199
28194
28193
28077
28061
27973
27860
27816
27768
27567
27523
27506
27467
27376
27261
27214
27130
27094
27026
27013
26987
26929
26898
26811
26810
26781
26670
26631
26559
26505
26471
26389
26267
26251
26247
26169
26099
26014
25985
25984
25953
25922
25847
25828
25801
25798
25516
25396
25335
25296
25271
25250
25248
25182
25066
25059
24987
24980
24915
24845
24834
24801
24783
24707
24688
24602
24568
24467
24370
24363
24333
24286
24262
24257
24201
24199
24137
24113
24059
24037
23958
23888
23875
23862
23655
23651
23637
23589
23489
23469
23421
23265
23257
23243
23231
23218
23152
23097
23017
22976
22972
22909
22851
22841
22810
22801
22783
22676
22665
22616
22567
22528
22510
22457
22348
22311
22231
22197
22189
22186
22128
22122
22070
22064
22019
21977
21896
21834
21776
21771
21768
21753
21727
21652
21611
21609
21549
21533
21495
21436
21395
21242
21240
21221
21204
21182
21096
21011
20988
20974
20929
20805
20804
20777
20763
20722
20717
20634
20444
20443
20284
20247
20242
20166
20108
20096
19965
19867
19684
19650
19611
19554
19541
19478
19474
19446
19431
19403
19391
19310
19286
19267
19229
19175
19036
19008
18839
18834
18781
18671
18638
18547
18537
18511
18452
18377
18367
18354
18339
18274
18238
18222
18219
18066
18059
18038
17876
17864
17837
17836
17803
17759
17744
17724
17710
17649
17627
17555
17429
17405
17344
17323
17287
17281
17235
17206
17204
17155
17118
17092
16993
16978
16978
16910
16747
16693
16661
16612
16564
16564
16561
16548
16540
16535
16522
16494
16467
16461
16450
16439
16429
16384
16374
16361
16306
16228
16213
16198
16156
16104
16040
16033
16010
15856
15784
15772
15724
15634
15518
15491
15471
15465
15349
15333
15330
15319
15252
15245
15236
15233
15174
15129
15106
15085
15053
15018
14982
14859
14827
14779
14733
14687
14672
14645
14641
14624
14604
14429
14427
14357
14339
14243
14212
14122
14122
14111
14055
14010
13976
13930
13913
13887
13818
13748
13737
13699
13589
13509
13495
13380
13379
13341
13264
13176
13132
13064
13060
12989
12985
12962
12875
12838
12786
12745
12719
12708
12689
12604
12570
12522
12495
12374
12343
12217
12162
12153
11985
11985
11967
11956
11926
11889
11875
11865
11792
11721
11665
11619
11594
11585
11584
11567
11493
11452
11401
11339
11297
11272
11258
11180
11098
11071
11060
10956
10932
10860
10754
10636
10617
10496
10485
10472
10448
10412
10375
10375
10332
10282
10242
10193
10161
10023
10018
9727
9628
9621
9605
9459
9415
9407
9401
9309
9286
9256
9229
9069
8992
8964
8937
8893
8875
8814
8718
8717
8688
8647
8582
8567
8522
8369
8295
8218
8181
8174
8108
8089
8080
8057
8039
8012
7993
7786
7763
7595
7573
7502
7454
7410
7404
7312
7310
7297
7294
7276
7262
7260
7233
7200
7179
7148
7030
6921
6904
6888
6844
6843
6835
6819
6807
6745
6691
6685
6683
6626
6588
6582
6515
6471
6441
6341
6328
6244
6202
6175
6168
6117
5979
5924
5752
5678
5636
5610
5560
5496
5483
5476
5462
5297
5244
5194
5120
5091
5091
5085
4994
4944
4915
4902
4837
4692
4644
4599
4553
4526
4420
4351
4305
4066
4060
4052
4026
4000
3975
3899
3890
3854
3772
3767
3683
3576
3542
3532
3504
3364
3307
3220
3061
3035
3015
2996
2946
2934
2925
2894
2769
2733
2713
2698
2695
2664
2631
2608
2572
2547
2471
2458
2415
2405
2360
2353
2335
2334
2292
2287
2199
2142
2131
2095
2054
2008
1984
1966
1952
1942
1868
1792
1716
1665
1659
1611
1550
1538
1498
1338
1307
1272
1233
1160
1135
1132
1108
1084
1041
927
893
858
857
851
803
774
745
724
660
600
514
415
405
385
383
327
314
287
244
30
