99888
99870
99855
99849
99812
99756
99741
99622
99578
99482
99455
99435
99373
99315
99296
99141
99112
99104
99081
99046
98991
98977
98958
98945
98916
98886
98817
98811
98805
98775
98767
98694
98686
98608
98551
98477
98435
98397
98238
98212
98211
98061
97970
97948
97923
97908
97655
97594
97589
97581
97477
97390
97368
97277
97260
97227
97222
97217
97179
97154
97057
97002
97001
96965
96893
96860
96745
96679
96563
96551
96459
96451
96427
96406
96352
96334
96271
96251
96083
96013
95975
95975
95909
95900
95850
95835
95797
95754
95717
95647
95618
95504
95478
95416
95388
95373
95286
95186
95183
95145
95126
95073
95070
95047
95002
94932
94931
94777
94718
94711
94646
94622
94504
94448
94382
94316
94306
94247
94233
94211
94193
94175
94171
94127
94101
94064
94035
94000
93979
93905
93881
93849
93790
93721
93694
93629
93536
93517
93461
93461
93418
93407
93226
93112
93042
92942
92886
92794
92688
92609
92549
92541
92498
92414
92357
92351
92277
92269
92229
92204
92148
92085
92056
92056
92044
91944
91926
91828
91824
91793
91661
91635
91618
91481
91428
91395
91297
91169
91147
91075
91041
90916
90852
90837
90762
90759
90753
90726
90706
90697
90624
90618
90615
90551
90506
90506
90454
90137
90059
89959
89947
89895
89843
89780
89562
89552
89513
89488
89329
89311
89239
89239
89228
89201
89181
89112
88986
88902
88880
88858
88841
88773
88710
88620
88612
88608
88524
88496
88485
88467
88370
88362
88342
88303
88249
88136
88124
88106
88082
88070
88066
88027
87882
87801
87725
87702
87651
87601
87532
87399
87315
87312
87301
87275
87227
87087
87082
87062
87055
87039
86980
86976
86961
86954
86949
86687
86684
86581
86568
86562
86517
86514
86470
86443
86352
86333
86254
86253
86189
86139
86018
85961
85956
85905
85893
85873
85749
85483
85470
85463
85453
85425
85344
85164
85146
84910
84800
84764
84737
84716
84707
84535
84348
84231
84200
84115
84040
83988
83965
83951
83843
83655
83650
83648
83629
83505
83422
83271
83237
83219
83168
83020
82909
82880
82859
82842
82826
82799
82700
82654
82635
82490
82473
82448
82395
82348
82271
82188
82140
82073
82065
82009
81960
81929
81893
81805
81747
81683
81668
81647
81349
81328
81264
81261
81146
81104
81094
81005
80877
80847
80780
80757
80674
80645
80539
80529
80398
80358
80299
80250
80213
80207
80205
80148
80134
80122
80082
80045
80045
79980
79821
79812
79745
79716
79550
79544
79497
79479
79476
79460
79366
79307
79254
79214
79185
79107
78961
78928
78776
78733
78719
78692
78689
78547
78505
78439
78364
78290
78275
78141
78110
78056
78055
77967
77934
77855
77777
77730
77669
77663
77539
77476
77391
77278
77202
77082
76954
76937
76852
76832
76809
76765
76743
76732
76718
76675
76640
76582
76567
76563
76457
76444
76406
76381
76311
76183
76099
75891
75763
75739
75728
75701
75565
75537
75504
75487
75324
75298
75274
75257
75244
75207
75181
74941
74814
74788
74728
74698
74547
74534
74465
74415
74255
74192
74176
74138
74121
74088
73991
73928
73854
73762
73680
73589
73542
73442
73332
73329
73317
73314
73249
73135
73131
73097
73057
73045
73030
72971
72870
72860
72814
72775
72756
72730
72706
72626
72625
72607
72579
72523
72481
72456
72375
72328
72312
72306
72136
72126
72078
71915
71908
71894
71828
71814
71782
71777
71732
71718
71636
71611
71597
71457
71267
71135
71129
71128
71109
70912
70848
70657
70623
70585
70512
70508
70504
70477
70402
70401
70382
70343
70333
70333
70260
70196
70106
70062
70033
70021
70012
69903
69892
69871
69854
69799
69725
69708
69694
69643
69627
69564
69526
69499
69386
69377
69370
69336
69318
69203
69202
69177
69134
69056
69021
69003
69002
69000
68989
68963
68950
68925
68872
68863
68793
68771
68764
68760
68688
68686
68671
68671
68654
68652
68588
68560
68423
68419
68367
68353
68327
68268
68268
68198
68167
68128
67926
67864
67833
67817
67756
67641
67581
67575
67490
67474
67422
67305
67247
67238
67174
67165
67112
67038
67030
67026
66909
66905
66814
66806
66790
66712
66690
66683
66599
66568
66509
66498
66314
66250
66248
66211
66173
66138
66080
66057
66025
66009
65959
65918
65864
65845
65810
65753
65742
65738
65726
65721
65683
65679
65643
65643
65540
65514
65423
65379
65361
65254
65251
65202
65190
65171
65171
65083
64979
64890
64881
64877
64863
64777
64639
64629
64573
64552
64540
64477
64338
64281
64223
64183
64160
64085
64054
64050
64010
63979
63903
63890
63890
63812
63779
63707
63702
63672
63643
63635
63511
63319
63041
63016
63005
62893
62836
62804
62757
62701
62676
62660
62655
62568
62557
62531
62476
62422
62390
62378
62332
62313
62232
62199
62184
62092
62085
62048
62048
61996
61957
61948
61909
61844
61817
61806
61749
61722
61721
61674
61637
61622
61514
61463
61446
61411
61380
61364
61331
61305
61250
61139
61099
61086
61080
60985
60938
60867
60809
60788
60750
60735
60697
60654
60635
60615
60599
60369
60367
60323
60300
60048
60015
59884
59880
59834
59796
59787
59779
59752
59698
59669
59527
59504
59495
59469
59416
59381
59371
59358
59335
59315
59279
59263
59230
59202
59090
59037
59014
58954
58938
58862
58756
58698
58685
58607
58541
58479
58456
58390
58245
58201
58063
58013
57999
57955
57849
57842
57808
57733
57688
57636
57560
57489
57422
57415
57401
57357
57346
57334
57261
57224
57094
57074
57048
57041
56952
56895
56870
56800
56782
56740
56542
56532
56518
56483
56438
56266
56139
56086
56009
55999
55979
55969
55967
55956
55847
55776
55758
55737
55687
55543
55510
55508
55439
55439
55403
55273
55240
55225
55177
55085
55078
55076
55036
55014
54993
54964
54936
54930
54929
54830
54793
54769
54705
54692
54662
54617
54564
54481
54364
54359
54338
54239
54123
54113
54013
53983
53910
53886
53884
53826
53824
53801
53768
53678
53635
53595
53506
53350
53308
53234
53185
53128
53049
52975
52879
52826
52730
52707
52591
52576
52562
52527
52499
52494
52426
52358
52305
52284
52262
52226
52214
52167
52137
52070
52059
52022
51969
51840
51794
51736
51646
51603
51505
51489
51327
51322
51263
51201
51126
51109
51065
51064
51058
51051
50993
50962
50950
50905
50811
50810
50726
50700
50698
50682
50587
50564
50477
50435
50427
50253
50236
50166
50143
50106
50039
50038
49985
49952
49933
49923
49919
49902
49743
49738
49612
49568
49562
49547
49512
49454
49376
49362
49279
49271
49249
49230
49096
49078
49035
48811
48777
48673
48576
48390
48376
48340
48330
48305
48281
48227
48190
48146
48116
48109
47975
47844
47804
47657
47539
47537
47458
47383
47372
47318
47290
47281
47249
47185
47116
47018
46830
46801
46795
46790
46771
46734
46586
46530
46482
46480
46432
46289
46239
46221
46090
45835
45807
45805
45788
45782
45745
45718
45607
45453
45316
45270
45225
45203
45169
45093
45027
44917
44876
44750
44681
44616
44581
44530
44513
44395
44346
44277
44221
44216
44171
44123
44053
43915
43906
43838
43792
43751
43750
43716
43548
43517
43373
43349
43316
43302
43260
43233
43139
43131
43075
43000
42923
42893
42815
42814
42807
42794
42765
42684
42668
42654
42647
42644
42630
42594
42590
42480
42472
42414
42378
42348
42181
42124
42105
42086
42036
42028
41917
41845
41814
41797
41767
41711
41693
41657
41615
41608
41560
41510
41472
41439
41428
41409
41347
41343
41227
41211
41170
41058
41050
40946
40935
40898
40853
40847
40845
40795
40748
40665
40628
40522
40508
40484
40427
40407
40368
40353
40281
40123
40078
40067
40049
40039
39967
39933
39925
39923
39862
39836
39821
39778
39730
39682
39659
39594
39559
39516
39417
39409
39396
39359
39332
39302
39213
39209
39193
39188
39117
39108
39054
38992
38981
38848
38617
38563
38524
38521
38509
38507
38496
38418
38406
38362
38230
38125
38097
38029
38019
37926
37916
37756
37709
37706
37643
37598
37560
37468
37460
37271
37234
37123
37064
37062
37002
36876
36816
36740
36721
36684
36658
36608
36507
36501
36402
36366
36313
36305
36197
35812
35783
35732
35640
35583
35570
35539
35514
35511
35485
35419
35350
35230
35226
35225
35197
35177
35169
35099
35049
35036
34874
34807
34775
34700
34540
34526
34520
34514
34441
34437
34434
34390
34373
34334
34285
34232
34218
34177
34057
34048
33934
33870
33835
33817
33806
33729
33645
33632
33630
33616
33609
33594
33541
33508
33433
33389
33357
33307
33303
33279
33278
33246
33233
33173
33129
33108
33012
32880
32862
32855
32822
32788
32726
32638
32401
32335
32334
32301
32290
32216
32179
32157
32121
32120
32078
32052
32045
32030
31996
31985
31946
31913
31832
31764
31743
31702
31697
31639
31530
31490
31212
31175
31145
31118
31108
31062
31009
30958
30856
30832
30789
30765
30758
30720
30671
30596
30578
30482
30478
30466
30414
30268
30237
30213
30193
30147
30133
29896
29854
29697
29689
29677
29519
29399
29326
29242
29239
29165
29146
28992
28979
28831
28823
28819
28815
28743
28543
28492
28455
28441
28411
28403
28365
28316
28311
28233
28223
28217
28199
28155
28144
28116
28077
28048
28016
27923
27900
27859
27655
27651
27628
27605
27579
27521
27402
27394
27355
27305
27275
27258
27256
27193
27173
27087
26884
26833
26614
26597
26595
26575
26542
26499
26463
26392
26384
26354
26233
26179
26111
25978
25974
25916
25885
25817
25735
25711
25684
25678
25508
25411
25383
25356
25354
25328
25267
25204
25151
24992
24962
24936
24878
24871
24755
24731
24727
24722
24692
24646
24596
24573
24502
24390
24355
24349
24303
24184
24184
24043
24039
23984
23973
23958
23872
23836
23796
23749
23741
23634
23630
23575
23562
23537
23408
23355
23327
23257
23150
23091
22989
22962
22943
22891
22671
22659
22583
22564
22527
22463
22456
22432
22377
22316
22304
22166
22117
22009
22003
21995
21972
21950
21937
21885
21810
21799
21791
21778
21629
21557
21530
21426
21399
21396
21338
21291
21223
21043
20905
20771
20763
20714
20684
20668
20574
20509
20508
20504
20428
20389
20389
20233
20221
20220
20098
19953
19929
19900
19872
19841
19800
19767
19731
19597
19577
19551
19496
19495
19480
19477
19469
19444
19327
19276
19243
19163
19153
19146
19121
19036
19017
18976
18960
18929
18872
18825
18791
18724
18688
18637
18553
18522
18507
18493
18401
18184
18181
18167
18132
18063
18024
17916
17787
17777
17732
17651
17618
17611
17592
17589
17566
17565
17534
17530
17425
17328
17295
17288
17266
17252
17169
17157
17151
17087
17050
17047
17036
16933
16895
16839
16790
16612
16527
16310
16275
16102
16097
16072
16052
16015
15953
15876
15867
15800
15796
15791
15768
15761
15749
15745
15731
15640
15623
15595
15587
15559
15437
15436
15422
15417
15408
15390
15368
15345
15317
15222
15154
15142
15133
15119
15082
15046
14994
14984
14926
14748
14668
14507
14342
14338
14315
14281
14254
14029
13965
13923
13922
13824
13740
13707
13705
13700
13583
13548
13505
13475
13473
13469
13446
13432
13420
13278
13208
13136
13099
13054
13008
12902
12893
12805
12640
12599
12574
12520
12509
12462
12419
12316
12280
12270
12184
12156
12142
12070
12036
11917
11869
11789
11781
11740
11731
11728
11693
11683
11621
11591
11551
11546
11504
11500
11495
11483
11421
11387
11377
11369
11325
11157
11147
11078
11062
11015
10993
10944
10929
10928
10758
10711
10700
10551
10534
10527
10440
10387
10386
10318
10272
10229
10213
10055
10031
9939
9928
9909
9908
9879
9850
9798
9788
9538
9527
9495
9476
9473
9463
9384
9374
9304
9302
9234
9205
9204
9173
9167
9141
8988
8898
8827
8725
8706
8702
8678
8655
8571
8525
8400
8387
8246
8143
8073
7904
7849
7791
7759
7746
7632
7570
7525
7435
7422
7329
7311
7283
7250
7236
7150
7137
7130
7126
7104
7104
7023
7012
6984
6972
6919
6891
6888
6856
6821
6801
6789
6759
6733
6691
6687
6521
6456
6399
6330
6249
6245
6207
6204
6163
6161
6140
6095
6059
6043
6018
6011
5934
5878
5635
5630
5555
5453
5418
5414
5357
5348
5330
5261
5177
5135
5106
5053
4933
4913
4907
4880
4858
4818
4662
4593
4574
4531
4504
4455
4433
4430
4262
4203
4184
4114
4055
4029
3916
3861
3821
3756
3744
3703
3565
3491
3480
3472
3466
3447
3437
3399
3398
3393
3319
3292
3219
3153
3152
3137
3127
3073
2886
2838
2829
2687
2596
2592
2522
2513
2494
2413
2412
2344
2295
2130
2026
2023
1814
1797
1783
1779
1777
1653
1644
1503
1334
1334
1288
1283
1272
1251
1250
1224
1205
1174
1155
1086
1077
1067
845
803
792
773
767
736
701
689
673
609
609
437
431
425
412
406
328
245
155
135
125
84
