99964
99910
99747
99730
99704
99695
99626
99602
99571
99533
99531
99530
99461
99429
99346
99286
99189
99183
99152
99041
99028
99015
99014
99005
99002
98975
98969
98826
98750
98724
98687
98499
98477
98443
98426
98380
98276
98191
98108
98075
98024
98004
97982
97966
97807
97635
97588
97588
97519
97487
97475
97446
97398
97394
97368
97362
97357
97274
97257
97243
97196
97176
97154
97111
97100
97007
96954
96894
96848
96833
96762
96751
96651
96608
96535
96457
96408
96408
96383
96356
96355
96313
96284
96259
96178
96075
96012
95902
95869
95850
95839
95839
95823
95771
95736
95524
95517
95382
95367
95286
95243
95212
95165
95125
95092
95038
95035
94870
94772
94695
94618
94443
94321
94281
94193
94171
94116
94109
94082
94015
93980
93928
93881
93856
93819
93808
93736
93683
93640
93604
93586
93561
93520
93510
93499
93486
93443
93365
93361
93224
93029
93001
92950
92873
92854
92845
92839
92837
92763
92742
92734
92732
92601
92450
92450
92406
92352
92347
92291
92252
92185
92078
92072
92023
92016
91956
91871
91852
91810
91690
91667
91478
91427
91312
91268
91059
91054
91026
91020
90942
90907
90862
90800
90754
90698
90646
90542
90509
90483
90472
90463
90376
90371
90176
90116
90096
90025
90005
89885
89875
89844
89837
89814
89717
89601
89395
89360
89350
89299
89238
89188
89183
89114
88945
88944
88878
88775
88772
88717
88713
88677
88675
88642
88628
88595
88508
88419
88418
88394
88251
88179
88173
88103
88066
88036
87978
87975
87941
87939
87913
87887
87877
87678
87676
87637
87624
87592
87556
87514
87430
87430
87343
87277
87230
87210
87187
87164
87103
86881
86863
86862
86798
86767
86730
86716
86691
86668
86634
86625
86558
86467
86460
86352
86258
86237
86097
86035
85968
85964
85945
85921
85896
85874
85850
85757
85712
85532
85458
85377
85368
85362
85285
85276
85268
85222
85159
85138
84946
84867
84836
84782
84744
84574
84424
84388
84377
84200
84159
84148
84053
84020
84009
83948
83887
83804
83695
83694
83661
83578
83541
83483
83402
83386
83373
83335
83310
83281
83278
83220
83197
83181
83179
83084
83076
83072
82998
82928
82878
82870
82850
82612
82576
82574
82421
82359
82234
82108
82063
82005
81862
81804
81763
81718
81645
81631
81597
81575
81542
81468
81383
81351
81296
81277
81275
81269
81259
81170
81169
81164
81136
81132
81106
80997
80973
80907
80905
80679
80652
80568
80527
80488
80459
80407
80402
80382
80327
80306
80272
80184
80176
80126
80124
80064
79945
79935
79935
79921
79772
79705
79645
79585
79576
79542
79519
79472
79370
79336
79312
79262
79214
79172
79147
78910
78864
78861
78845
78685
78623
78606
78571
78486
78339
78214
78122
78086
78064
78021
77942
77847
77825
77786
77735
77657
77585
77565
77540
77495
77456
77454
77434
77413
77293
77101
77073
76955
76919
76829
76824
76792
76728
76727
76718
76702
76668
76665
76634
76575
76566
76554
76539
76518
76509
76443
76358
76277
76138
76128
76106
76106
76095
76072
76060
75966
75908
75812
75802
75645
75561
75560
75432
75294
75283
75282
75264
75239
75217
75211
75209
75196
75175
75164
75102
75031
74929
74906
74890
74820
74791
74775
74754
74676
74651
74599
74567
74530
74486
74358
74217
74216
74172
74110
74099
74044
74022
73944
73893
73854
73822
73807
73734
73718
73709
73679
73641
73618
73544
73381
73361
73306
73299
73196
73185
73080
73061
72979
72815
72798
72770
72738
72584
72497
72491
72470
72430
72392
72386
72317
72190
72173
72106
72092
72072
72056
71851
71793
71775
71770
71712
71610
71601
71541
71532
71525
71489
71361
71322
71321
71304
71287
71278
71262
71231
71200
71181
71167
71104
71087
71032
70921
70854
70781
70779
70744
70740
70739
70653
70562
70545
70521
70504
70447
70443
70417
70399
70381
70281
70217
70202
70116
70111
70003
70001
69983
69980
69948
69888
69869
69741
69720
69649
69583
69508
69494
69349
69309
69237
69181
69167
69163
69153
69113
69108
69106
69096
69095
69033
69004
68923
68907
68589
68516
68505
68498
68465
68416
68370
68353
68339
68332
68321
68309
68280
68228
68195
68189
68164
68125
68109
68013
67919
67893
67858
67706
67635
67572
67495
67478
67447
67437
67409
67407
67381
67379
67288
67278
67204
67081
67065
66950
66883
66872
66833
66774
66669
66654
66645
66579
66448
66276
66273
66167
66055
66002
65921
65914
65892
65816
65805
65706
65700
65673
65604
65535
65415
65413
65382
65302
65204
65105
65057
64922
64919
64914
64907
64849
64806
64798
64771
64725
64629
64553
64534
64523
64517
64401
64324
64295
64261
64230
64133
64123
64002
63971
63959
63939
63934
63923
63905
63787
63721
63714
63711
63666
63624
63543
63543
63495
63479
63428
63344
63335
63322
63210
63201
63188
63098
63015
62956
62955
62909
62881
62852
62696
62603
62554
62466
62428
62345
62327
62326
62303
62292
62292
62276
62244
62238
62221
62188
62172
62100
62098
62074
62052
62043
61820
61776
61770
61757
61725
61691
61689
61688
61609
61595
61503
61400
61394
61290
61258
61222
61115
61080
61074
61010
60934
60891
60842
60806
60765
60729
60718
60713
60627
60540
60513
60363
60313
60313
60294
60278
59992
59983
59934
59920
59892
59880
59840
59834
59782
59708
59586
59546
59538
59455
59436
59435
59426
59423
59351
59350
59221
59211
59139
59088
59036
59024
59014
58977
58769
58589
58579
58567
58544
58532
58489
58438
58386
58300
58273
58204
58175
58137
58062
58039
58011
57943
57853
57807
57800
57779
57755
57569
57548
57538
57508
57491
57449
57440
57299
57255
57199
57040
57020
56987
56960
56897
56886
56766
56738
56631
56544
56496
56380
56346
56292
56277
56240
56183
56145
56101
56100
56038
55962
55874
55818
55816
55787
55776
55574
55568
55539
55458
55454
55432
55405
55366
55195
55153
55048
55032
54993
54935
54916
54840
54761
54700
54636
54636
54600
54593
54504
54485
54475
54440
54418
54312
54263
54256
54219
54195
54142
54120
54115
54081
54068
53927
53922
53699
53638
53623
53543
53394
53380
53269
53268
53242
53222
53167
53117
53078
53033
52840
52808
52782
52712
52709
52510
52397
52357
52329
52324
52287
52120
52107
52091
52070
51953
51905
51889
51888
51838
51750
51728
51724
51705
51611
51566
51441
51428
51423
51365
51269
51075
51035
50966
50931
50886
50860
50793
50772
50750
50673
50641
50589
50566
50523
50410
50392
50375
50375
50218
50165
50090
50082
50057
50007
49864
49811
49602
49591
49540
49495
49487
49479
49474
49344
49274
49245
49226
49186
49104
49075
49054
48955
48871
48741
48611
48603
48562
48545
48513
48501
48457
48440
48367
48282
48222
48185
48089
48059
48057
47982
47959
47929
47850
47806
47784
47606
47591
47577
47502
47445
47339
47306
47209
47189
47165
47094
47067
46969
46940
46900
46817
46781
46778
46757
46642
46428
46300
46155
46095
46042
46029
45934
45902
45866
45865
45832
45814
45734
45727
45700
45687
45674
45626
45576
45541
45454
45445
45417
45415
45366
45313
45307
45288
45285
45285
45236
45189
45174
45092
45076
45009
44968
44916
44820
44782
44711
44586
44569
44512
44498
44458
44436
44411
44359
44354
44311
44306
44133
44071
43999
43835
43749
43706
43661
43610
43454
43427
43369
43367
43318
43295
43172
43134
43094
42837
42818
42805
42722
42719
42715
42697
42679
42623
42620
42597
42567
42501
42472
42454
42433
42363
42248
42247
42206
42151
42120
42056
41964
41933
41926
41861
41809
41759
41748
41688
41637
41609
41533
41465
41450
41330
41290
41079
40950
40927
40840
40818
40783
40751
40672
40566
40563
40553
40518
40497
40439
40357
40327
40313
40296
40229
40229
40218
40211
40206
40097
39988
39982
39948
39904
39865
39858
39736
39650
39637
39604
39422
39371
39333
39275
39211
39187
39087
39046
38912
38888
38826
38810
38810
38803
38778
38668
38628
38475
38402
38266
38259
38243
38237
38198
38184
38165
38086
38081
37969
37950
37922
37833
37822
37800
37644
37634
37629
37558
37537
37497
37411
37376
37328
37321
37204
37140
37081
37063
36974
36955
36901
36886
36870
36824
36810
36759
36538
36535
36525
36489
36489
36442
36427
36391
36354
36335
36296
36244
36177
36051
36019
35993
35936
35913
35866
35846
35816
35786
35728
35641
35598
35579
35555
35499
35489
35449
35389
35226
35120
35112
35074
34976
34938
34833
34717
34653
34645
34623
34602
34601
34568
34543
34516
34453
34437
34357
34202
34075
33957
33906
33855
33845
33832
33829
33803
33792
33575
33558
33506
33487
33477
33434
33433
33330
33307
33213
33135
33070
33062
33009
32854
32853
32681
32669
32661
32639
32607
32573
32565
32549
32538
32453
32448
32440
32338
32229
32171
32090
32081
32059
31977
31976
31943
31835
31789
31763
31633
31630
31431
31394
31344
31341
31287
31252
31193
31124
31004
30950
30948
30895
30891
30870
30828
30804
30767
30707
30658
30542
30476
30399
30380
30321
30299
30196
30083
30052
30018
30003
29908
29882
29880
29796
29750
29686
29526
29518
29445
29433
29360
29268
29167
28908
28860
28852
28724
28685
28648
28614
28603
28479
28474
28452
28448
28400
28290
28210
28184
28165
28138
28127
28014
28004
27994
27822
27798
27782
27768
27743
27658
27631
27556
27547
27455
27380
27314
27269
27197
27067
27036
27028
27023
26948
26762
26700
26600
26485
26464
26441
26431
26397
26365
26232
26231
26185
26090
26087
26080
26004
26003
25996
25922
25822
25811
25749
25730
25583
25561
25483
25405
25328
25254
25247
25207
25094
25056
24989
24956
24839
24803
24784
24738
24681
24645
24641
24573
24556
24525
24494
24450
24438
24393
24352
24337
24305
24296
24291
24250
24242
24230
24175
24137
24103
24054
24017
23967
23876
23865
23858
23840
23808
23748
23735
23714
23713
23679
23658
23643
23407
23395
23339
23310
23266
23230
23225
23045
23036
23010
22918
22904
22811
22744
22681
22681
22655
22621
22601
22465
22401
22396
22373
22320
22282
22255
22223
22212
22181
22180
22058
21993
21985
21981
21856
21839
21684
21650
21605
21541
21497
21481
21477
21474
21428
21355
21313
21306
21215
21115
21059
21046
21017
20956
20919
20902
20900
20887
20835
20817
20816
20780
20733
20697
20644
20580
20497
20484
20378
20207
20183
20159
20134
20083
20077
20061
20016
19943
19870
19848
19841
19757
19709
19584
19464
19415
19413
19343
19321
19304
19263
19254
19148
19117
19085
18989
18966
18934
18844
18840
18761
18701
18699
18695
18673
18669
18637
18563
18455
18437
18428
18412
18342
18175
18150
18083
18055
18051
18035
17981
17860
17817
17790
17768
17626
17603
17597
17596
17595
17561
17497
17471
17390
17373
17366
17346
17260
17237
17128
17095
16949
16935
16911
16899
16884
16832
16743
16735
16502
16452
16347
16279
16228
16141
16129
16114
16046
16019
16016
16000
15941
15906
15815
15789
15655
15507
15392
15357
15320
15259
15221
15144
15055
15048
15017
15012
15001
14993
14934
14879
14841
14823
14720
14667
14632
14626
14621
14512
14508
14470
14453
14410
14365
14189
14159
14136
14118
14068
13999
13905
13859
13849
13797
13753
13658
13590
13551
13461
13419
13416
13218
13213
13023
13013
12981
12950
12890
12845
12800
12713
12615
12545
12521
12509
12474
12330
12254
12190
12120
12014
12009
11760
11713
11695
11627
11531
11501
11464
11399
11396
11395
11393
11379
11365
11305
11276
11227
11215
11136
11129
11069
10921
10876
10866
10861
10860
10847
10842
10815
10785
10730
10706
10620
10563
10554
10477
10424
10350
10344
10295
10284
10228
10154
10064
9994
9985
9939
9847
9845
9799
9785
9767
9750
9734
9724
9616
9598
9596
9590
9570
9496
9489
9464
9383
9361
9285
9282
9276
9240
9230
9204
9050
8958
8897
8876
8709
8678
8660
8643
8596
8479
8463
8396
8292
8282
8193
8163
8157
8119
8110
8088
8081
8061
8011
7874
7842
7833
7832
7726
7600
7597
7569
7560
7514
7465
7459
7450
7277
7249
7164
7152
7113
7079
7023
6987
6961
6939
6778
6659
6610
6538
6435
6393
6373
6361
6287
6285
6256
6235
5910
5891
5821
5809
5724
5696
5645
5533
5520
5496
5484
5453
5435
5425
5387
5274
5263
5256
5240
5228
5153
5066
5042
4930
4790
4752
4744
4687
4620
4613
4590
4577
4540
4505
4480
4459
4424
4299
4277
4227
4177
4127
4118
4117
4093
4072
3852
3805
3743
3696
3694
3618
3591
3550
3504
3496
3473
3422
3391
3308
3042
2981
2959
2929
2903
2888
2866
2790
2728
2719
2676
2657
2545
2542
2530
2108
1968
1915
1892
1835
1773
1661
1656
1598
1592
1473
1418
1398
1396
1389
1374
1214
1095
990
940
884
882
759
692
633
549
545
511
494
493
441
432
376
343
323
309
234
219
213
184
96
