99934
99876
99828
99826
99825
99750
99717
99648
99620
99589
99588
99582
99525
99519
99515
99460
99412
99346
99213
99208
99159
99157
99092
99062
98998
98804
98801
98624
98600
98595
98556
98491
98465
98464
98394
98354
98253
98198
98102
98018
97963
97961
97839
97745
97738
97505
97424
97279
97244
97241
97181
97179
97132
97049
97041
96972
96876
96744
96734
96729
96611
96595
96584
96525
96524
96510
96194
96137
96102
96098
96047
96010
95940
95938
95896
95810
95778
95763
95709
95670
95621
95568
95558
95548
95492
95490
95386
95368
95357
95344
95311
95303
95293
95188
95167
95163
95074
95073
94991
94939
94935
94890
94853
94847
94837
94755
94737
94728
94666
94661
94620
94523
94511
94505
94495
94345
94314
94275
94147
94137
94050
94019
93958
93940
93935
93896
93879
93860
93747
93719
93713
93660
93611
93586
93574
93535
93453
93425
93395
93326
93287
93266
93229
93188
93184
93174
93127
93097
93051
93038
93021
93008
92900
92898
92876
92848
92761
92705
92692
92682
92667
92649
92643
92630
92629
92610
92572
92465
92374
92346
92339
92322
92305
92274
92253
92221
92204
92165
92069
92005
91918
91882
91860
91793
91763
91667
91622
91585
91555
91547
91486
91271
91238
91147
91132
91102
91100
91010
90876
90830
90797
90697
90639
90593
90576
90483
90438
90404
90402
90329
90192
90109
90091
90059
90001
89975
89938
89888
89848
89833
89785
89776
89771
89735
89635
89397
89381
89329
89311
89259
89183
89182
89108
89078
88986
88903
88901
88849
88807
88759
88627
88496
88470
88333
88296
88289
88168
88131
88129
88119
88116
88074
88003
87960
87956
87898
87889
87844
87806
87709
87686
87596
87448
87427
87418
87395
87309
87221
86970
86963
86937
86926
86897
86884
86882
86667
86493
86443
86422
86413
86384
86307
86288
86279
86254
86127
86070
85974
85896
85887
85844
85830
85819
85789
85647
85595
85580
85505
85447
85368
85155
85141
85126
85056
85020
85002
84986
84815
84811
84704
84669
84609
84586
84568
84538
84501
84346
84184
84143
84090
84078
84059
84048
84032
83975
83902
83879
83776
83736
83730
83695
83663
83644
83612
83538
83520
83478
83465
83383
83344
83337
83230
83211
83156
83090
83060
82992
82796
82779
82646
82439
82428
82314
82160
82058
82030
81796
81733
81728
81700
81672
81667
81482
81466
81445
81422
81283
81257
81113
81027
80933
80895
80855
80833
80768
80707
80689
80660
80640
80613
80613
80611
80601
80601
80573
80517
80413
80400
80336
80319
80277
80242
80240
80229
80156
80146
80137
80067
80057
80029
79979
79968
79908
79723
79679
79562
79291
79289
79252
79250
79204
79198
79153
79144
79121
79085
79078
79076
79063
79007
78997
78993
78938
78867
78852
78828
78751
78734
78723
78700
78689
78687
78528
78403
78386
78248
78098
78069
78039
77962
77931
77853
77822
77745
77695
77538
77522
77497
77464
77422
77404
77394
77392
77353
77334
77269
77233
77220
77216
77191
77105
77027
76925
76804
76771
76752
76716
76640
76621
76578
76468
76464
76447
76273
76167
76072
75982
75957
75940
75929
75844
75763
75732
75730
75659
75531
75486
75394
75363
75318
75261
75201
75160
75155
75060
75048
74999
74947
74923
74917
74880
74872
74775
74765
74744
74744
74727
74610
74562
74544
74531
74487
74426
74378
74301
74297
74256
74039
73990
73920
73913
73680
73645
73617
73566
73469
73455
73402
73184
73051
73029
73013
73011
73002
72994
72956
72929
72847
72847
72846
72817
72754
72736
72674
72637
72620
72619
72601
72587
72568
72498
72457
72427
72423
72414
72361
72281
72249
72198
72145
72125
72039
72024
72011
71997
71996
71993
71974
71947
71889
71778
71757
71753
71710
71644
71471
71431
71229
71190
71176
71043
70994
70993
70922
70766
70695
70690
70663
70490
70473
70452
70343
70279
70250
70222
70212
70198
70172
70122
69993
69877
69854
69745
69688
69675
69647
69632
69615
69534
69486
69398
69374
69358
69326
69261
69183
69180
69142
69123
69090
69068
69017
68971
68956
68859
68838
68832
68782
68641
68557
68488
68443
68315
68282
68040
68029
67963
67948
67915
67896
67880
67786
67719
67636
67288
67261
67183
67079
67031
66817
66796
66793
66735
66727
66693
66634
66487
66483
66317
66294
66291
66280
66238
66235
66046
66021
65960
65927
65900
65892
65876
65593
65562
65377
65284
65243
65198
65181
65094
65079
65065
65060
65023
65007
64991
64923
64892
64884
64840
64703
64677
64657
64592
64581
64549
64545
64504
64468
64461
64452
64436
64418
64417
64415
64377
64341
64290
64267
64226
63842
63833
63806
63798
63774
63769
63749
63726
63532
63450
63376
63352
63285
63264
63206
63145
63119
63118
63098
63082
63014
62960
62953
62887
62856
62817
62804
62783
62634
62486
62443
62414
62334
62317
62305
62285
62283
62221
62213
62170
62033
61922
61910
61769
61739
61708
61704
61643
61617
61540
61451
61393
61334
61297
61293
61199
60985
60897
60739
60638
60632
60562
60523
60470
60401
60372
60327
60294
60289
60259
60212
60179
60112
60060
60021
59989
59973
59924
59860
59816
59744
59744
59601
59502
59498
59472
59400
59224
59185
59172
59165
59138
59072
59068
58977
58971
58907
58894
58851
58820
58773
58714
58629
58616
58569
58557
58557
58536
58528
58515
58463
58417
58409
58294
58181
58063
58040
58038
58022
57932
57874
57840
57798
57793
57727
57715
57698
57646
57601
57520
57501
57406
57345
57330
57252
57121
57113
57113
57057
57045
56967
56955
56797
56779
56693
56629
56572
56484
56469
56372
56354
56262
56210
56106
56069
56002
55988
55987
55987
55986
55849
55715
55687
55668
55635
55571
55543
55528
55497
55412
55365
55331
55315
55298
55269
55213
55212
55165
55058
55050
54994
54893
54815
54809
54804
54732
54682
54629
54613
54607
54598
54569
54541
54515
54500
54398
54320
54311
54301
54278
54263
54134
54131
54129
54080
54026
53930
53930
53689
53667
53608
53598
53570
53505
53502
53462
53288
53245
53231
53216
53201
53199
53120
52959
52892
52877
52811
52765
52763
52743
52640
52546
52504
52282
52267
52251
52204
52132
52126
52123
52053
52044
51956
51910
51896
51830
51803
51664
51662
51643
51563
51533
51504
51487
51398
51353
51339
51323
51304
51266
51139
51129
51053
51036
51010
50938
50915
50866
50694
50627
50591
50567
50565
50505
50485
50351
50303
50135
50049
50035
50022
50005
49979
49879
49876
49875
49813
49764
49755
49750
49646
49560
49517
49478
49421
49406
49288
49016
48936
48925
48921
48874
48798
48774
48713
48663
48662
48583
48581
48572
48428
48408
48324
48280
48269
48212
48154
48127
48105
48081
48046
48010
47958
47745
47725
47710
47623
47573
47566
47483
47461
47374
47337
47328
47138
47120
47109
47082
46992
46983
46955
46915
46757
46681
46666
46656
46630
46509
46461
46319
46296
46267
46257
46202
46152
46025
45976
45929
45914
45868
45784
45630
45617
45613
45589
45554
45542
45487
45477
45367
45349
45323
45321
45294
45289
45269
45231
45223
45145
45116
45041
45034
44961
44945
44930
44913
44887
44824
44686
44609
44576
44556
44478
44430
44403
44382
44275
44250
44244
44184
44164
44109
44048
44024
43996
43913
43913
43897
43850
43842
43826
43715
43678
43607
43597
43519
43378
43361
43316
43226
43213
43123
43059
42974
42876
42831
42700
42594
42547
42428
42408
42375
42360
42327
42321
42306
42303
42087
42063
42057
41998
41771
41751
41608
41525
41519
41496
41472
41398
41392
41388
41368
41288
41257
41244
41164
41149
41123
41106
41093
41047
40894
40882
40834
40726
40724
40686
40665
40597
40584
40557
40516
40394
40391
40385
40353
40183
40151
40082
40063
40025
40013
39992
39976
39968
39742
39686
39585
39546
39463
39456
39440
39437
39381
39380
39368
39332
39314
39238
39213
39125
39119
39029
38951
38930
38927
38858
38841
38840
38829
38796
38792
38778
38739
38703
38646
38531
38484
38483
38415
38342
38337
38304
38261
38224
38222
38202
38052
37997
37965
37959
37873
37829
37759
37642
37591
37569
37540
37491
37459
37453
37450
37427
37244
37180
37059
37044
37039
37017
36959
36949
36913
36873
36856
36849
36801
36786
36704
36680
36642
36621
36620
36519
36473
36397
36365
36357
36349
36333
36325
36315
36315
36276
36243
36231
36214
36148
36139
35921
35900
35837
35666
35657
35657
35638
35593
35589
35582
35565
35535
35446
35407
35399
35323
35281
35263
35248
35119
35082
35081
34974
34890
34845
34755
34741
34651
34643
34633
34609
34565
34537
34524
34508
34446
34437
34422
34384
34331
34305
34262
34162
33863
33818
33771
33762
33724
33676
33585
33498
33456
33444
33380
33364
33246
33188
33098
33087
32941
32781
32773
32578
32490
32454
32444
32327
32160
32105
32048
32041
32021
31977
31975
31942
31871
31862
31819
31758
31693
31688
31487
31436
31429
31389
31371
31275
31272
31138
31026
30965
30942
30926
30910
30876
30844
30825
30733
30705
30699
30690
30589
30566
30374
30351
30272
30154
30108
29981
29947
29920
29870
29851
29672
29612
29525
29514
29424
29215
29215
29213
29205
29160
29109
29096
29076
29033
28922
28893
28808
28775
28745
28590
28563
28473
28422
28419
28409
28389
28386
28326
28324
28291
28265
28200
28151
28120
28079
28059
27984
27950
27941
27924
27842
27818
27795
27787
27787
27640
27583
27469
27455
27356
27315
27290
27245
27221
27218
27167
27155
27029
26948
26864
26790
26755
26700
26660
26611
26594
26494
26341
26335
26183
26132
26084
26047
25988
25929
25910
25862
25832
25831
25788
25712
25577
25541
25511
25412
25407
25337
25330
25247
25235
25227
25134
25097
25053
24805
24757
24692
24638
24585
24515
24507
24415
24401
24386
24368
24308
24296
24214
24141
24095
24052
24009
23879
23817
23777
23699
23662
23587
23550
23516
23473
23472
23467
23437
23402
23324
23203
23089
23088
22951
22811
22749
22663
22639
22613
22587
22585
22500
22394
22368
22346
22328
22314
22238
22095
22091
21899
21819
21754
21677
21627
21608
21543
21410
21398
21389
21219
21084
21074
21064
21043
20993
20974
20962
20924
20922
20873
20853
20800
20785
20771
20582
20533
20514
20512
20423
20385
20325
20297
20293
20241
20237
20119
20119
20006
19970
19751
19744
19710
19697
19696
19682
19595
19510
19430
19428
19319
19308
19210
19130
19113
19108
18983
18982
18934
18890
18850
18707
18668
18505
18476
18392
18346
18317
18268
18260
18260
18259
18247
18245
18207
18089
18073
18038
18027
17980
17971
17944
17923
17905
17858
17853
17808
17758
17736
17697
17608
17596
17530
17463
17381
17349
17260
17220
17176
17130
17113
16965
16957
16935
16863
16758
16746
16676
16584
16572
16468
16418
16379
16377
16358
16271
16150
16137
16062
16017
15978
15910
15858
15843
15811
15757
15677
15653
15620
15576
15571
15556
15511
15481
15469
15342
15229
15187
15180
15140
15108
15030
15029
14966
14961
14945
14870
14863
14857
14849
14828
14827
14823
14731
14721
14714
14621
14561
14458
14302
14297
14244
14234
14175
14121
14092
14084
14076
14068
14050
13999
13911
13886
13811
13721
13675
13602
13598
13560
13559
13383
13310
13291
13267
13247
13230
13197
13122
13115
13076
13056
13001
12966
12907
12902
12844
12837
12641
12593
12524
12487
12400
12324
12304
12113
12112
12111
12065
12064
12063
11912
11871
11859
11824
11777
11736
11643
11611
11596
11595
11547
11539
11502
11496
11472
11413
11400
11397
11389
11377
11324
11292
11216
11197
11168
11138
11135
11123
11099
11097
10943
10898
10839
10721
10707
10663
10626
10521
10439
10438
10427
10411
10300
10256
10245
10210
10068
10052
10009
9972
9965
9945
9943
9835
9751
9665
9628
9606
9566
9544
9536
9500
9415
9391
9361
9206
9048
9004
8802
8735
8728
8687
8649
8554
8360
8347
8333
8296
8276
8261
8190
8159
8121
8074
7988
7968
7962
7911
7853
7570
7495
7489
7480
7431
7410
7388
7357
7343
7339
7296
7183
7176
7151
7113
7049
6981
6961
6887
6848
6619
6608
6568
6566
6485
6457
6408
6366
6299
6285
6268
6239
6215
6209
6074
6028
6002
5958
5931
5913
5877
5837
5823
5808
5774
5596
5549
5539
5517
5442
5383
5370
5293
5271
5261
5239
5238
5237
5203
5041
4967
4935
4865
4780
4776
4774
4740
4628
4543
4214
4126
4038
3996
3795
3749
3748
3719
3677
3667
3614
3612
3527
3524
3439
3421
3416
3380
3265
3209
3082
3024
3003
2953
2921
2899
2710
2578
2531
2396
2138
2067
2036
1932
1899
1860
1844
1842
1838
1831
1820
1781
1676
1619
1582
1570
1567
1552
1530
1497
1440
1391
1390
1382
1352
1254
1227
1186
1106
1076
1067
1046
989
952
860
839
827
753
715
714
694
632
608
434
429
396
327
315
232
228
222
170
154
127
110
0
