99952
99940
99851
99826
99774
99514
99440
99327
99319
99278
99166
99166
99047
99027
99021
99019
98975
98938
98932
98932
98884
98850
98845
98795
98786
98769
98718
98673
98636
98629
98618
98608
98570
98521
98448
98425
98378
98341
98330
98322
98308
98292
98207
98195
98150
98145
98113
98058
98031
97965
97944
97910
97874
97725
97718
97713
97652
97650
97649
97528
97484
97424
97387
97312
97308
97287
97270
97266
97050
97036
96973
96890
96880
96866
96864
96768
96670
96598
96571
96563
96464
96463
96180
96175
96114
96023
95998
95998
95983
95956
95867
95851
95786
95771
95759
95744
95699
95593
95562
95546
95436
95333
95282
95204
95134
95059
94861
94816
94787
94767
94723
94625
94549
94528
94527
94396
94360
94279
94259
94214
94181
94154
94129
94060
93954
93922
93906
93901
93897
93751
93633
93623
93593
93440
93432
93412
93372
93368
93316
93251
93235
93211
93196
93175
93107
93072
93054
93021
92968
92964
92872
92862
92819
92806
92756
92709
92669
92540
92480
92458
92414
92314
92260
92252
92218
92182
92157
92114
92086
92046
91962
91933
91923
91858
91848
91642
91620
91586
91517
91514
91486
91404
91354
91351
91332
91253
91222
91208
91194
91153
91111
91078
90990
90976
90966
90951
90902
90867
90865
90856
90723
90600
90591
90590
90578
90492
90488
90472
90436
90171
90101
90077
89979
89902
89891
89870
89866
89820
89683
89644
89638
89628
89617
89555
89547
89402
89356
89241
89206
89188
89165
89070
89064
89026
89005
88999
88975
88918
88751
88745
88725
88631
88621
88545
88543
88414
88388
88336
88287
88252
88245
88194
88091
88073
87991
87985
87985
87930
87903
87868
87864
87832
87808
87757
87710
87693
87622
87577
87565
87534
87532
87479
87381
87368
87350
87319
87298
87287
87206
87049
86992
86987
86888
86869
86869
86795
86699
86648
86606
86500
86475
86429
86423
86333
86280
86145
85905
85865
85849
85797
85773
85730
85706
85632
85539
85512
85487
85458
85422
85381
85368
85334
85277
85270
85224
85027
84961
84949
84866
84704
84700
84692
84677
84665
84630
84623
84607
84526
84498
84455
84430
84397
84248
84205
84170
84093
84088
84088
83774
83603
83569
83548
83515
83413
83305
83278
83265
83189
83156
83143
83092
82986
82934
82914
82792
82773
82745
82717
82716
82645
82618
82574
82518
82453
82413
82355
82309
82309
82282
82232
82227
82181
82174
82155
82131
81990
81838
81601
81555
81539
81459
81443
81329
81262
81235
81102
81070
81055
81013
80923
80915
80865
80817
80771
80757
80751
80680
80663
80660
80603
80572
80503
80414
80393
80391
80383
80375
80264
80191
80191
80171
80157
80127
80074
80074
80039
80014
79954
79926
79914
79810
79732
79696
79683
79680
79422
79401
79379
79365
79323
79284
79163
79161
79148
79147
79099
79081
79074
79042
78900
78799
78794
78678
78675
78628
78589
78554
78521
78517
78424
78417
78411
78373
78272
78234
78154
78149
78100
78082
78059
78044
77955
77884
77881
77874
77834
77779
77767
77746
77687
77437
77427
77387
77383
77364
77360
77301
77291
77251
77239
77187
77177
77177
77092
77091
77039
76969
76942
76884
76868
76868
76828
76753
76747
76581
76568
76558
76543
76400
76348
76297
76164
76017
75972
75954
75897
75887
75874
75840
75797
75765
75731
75691
75690
75675
75670
75666
75649
75528
75441
75370
75212
75144
75136
75081
75049
75036
75013
75008
74899
74854
74836
74783
74755
74678
74653
74652
74573
74537
74503
74466
74462
74433
74327
74298
74295
74217
74161
74094
73987
73959
73931
73856
73815
73684
73501
73489
73446
73422
73340
73231
73212
73096
73084
73071
73062
73008
72983
72982
72809
72798
72766
72575
72553
72525
72492
72373
72348
72335
72333
72313
72203
72168
72156
72144
72092
72080
72065
72021
71966
71934
71797
71675
71673
71488
71386
71335
71301
71269
71233
71117
71024
70982
70939
70797
70616
70598
70560
70534
70517
70460
70391
70375
70326
70275
70243
70028
70022
69940
69905
69905
69873
69810
69642
69620
69570
69527
69476
69445
69420
69388
69382
69374
69369
69301
69291
68954
68935
68922
68855
68755
68616
68531
68465
68448
68405
68349
68244
68218
68197
68078
68051
67948
67941
67835
67741
67701
67636
67546
67446
67314
67226
67224
67177
67085
67043
67030
67012
66977
66897
66879
66797
66790
66767
66743
66670
66666
66526
66513
66504
66488
66465
66432
66387
66333
66321
66125
65972
65962
65911
65895
65858
65747
65742
65728
65720
65704
65683
65514
65360
65059
64782
64776
64771
64755
64747
64709
64637
64603
64591
64576
64451
64339
64292
64267
64246
64207
64200
64059
64003
63986
63911
63907
63906
63884
63773
63757
63727
63701
63631
63619
63610
63589
63425
63383
63339
63294
63269
63204
63159
63084
63009
62798
62783
62741
62612
62581
62466
62372
62358
62289
62262
62238
62220
62216
62211
62185
62181
62070
61996
61927
61868
61801
61763
61738
61709
61708
61703
61648
61610
61598
61592
61576
61461
61366
61356
61317
61297
61262
61096
61087
61075
61063
60917
60898
60857
60788
60775
60764
60742
60717
60716
60714
60664
60656
60630
60589
60567
60527
60450
60404
60385
60296
60293
60265
60237
60225
60208
60150
60106
60029
59952
59904
59866
59824
59796
59697
59679
59679
59645
59538
59518
59500
59439
59414
59379
59353
59313
59299
59295
59268
59253
59214
59208
59201
59038
58679
58669
58512
58450
58367
58329
58227
58000
57983
57948
57932
57919
57890
57880
57852
57781
57718
57712
57712
57698
57677
57601
57490
57463
57420
57404
57377
57303
57202
57201
57189
57100
57083
57033
56813
56789
56767
56761
56756
56663
56626
56618
56589
56552
56500
56405
56349
56273
56141
56129
56012
55999
55989
55946
55889
55841
55830
55808
55767
55697
55692
55569
55514
55440
55379
55308
55300
55279
55276
55262
55232
55193
55120
55107
55082
55073
55062
54967
54923
54787
54748
54627
54593
54565
54509
54463
54375
54329
54308
54137
54072
54008
53987
53931
53916
53877
53864
53631
53545
53463
53389
53384
53141
53113
53095
53090
53028
53024
52823
52808
52804
52694
52682
52678
52668
52622
52589
52573
52446
52359
52287
52220
52146
52100
52093
52033
51905
51890
51833
51699
51656
51640
51633
51591
51463
51438
51431
51381
51369
51347
51293
51247
51243
51203
51175
51165
51102
51004
50992
50970
50923
50921
50915
50820
50817
50806
50749
50698
50639
50590
50555
50545
50467
50464
50450
50429
50304
50289
50193
50054
50038
49978
49959
49957
49938
49890
49778
49583
49426
49411
49339
49280
49240
49219
49200
49112
48900
48791
48680
48593
48493
48391
48383
48374
48282
48213
48196
48164
48099
48086
48007
47966
47958
47932
47825
47793
47702
47691
47645
47581
47533
47512
47465
47432
47415
47335
47280
47194
47163
47092
47090
47075
47030
46969
46567
46539
46527
46511
46402
46384
46369
46354
46312
46310
46090
46079
46033
45977
45914
45879
45806
45765
45721
45606
45562
45517
45507
45484
45427
45384
45357
45242
45194
45191
45143
45089
45076
45065
45064
45043
45027
45023
45020
45012
45010
44889
44873
44848
44763
44740
44738
44678
44676
44639
44632
44623
44465
44322
44297
44249
44161
44148
44148
44098
44087
43994
43908
43884
43879
43826
43818
43814
43733
43711
43674
43658
43645
43568
43564
43556
43524
43511
43415
43399
43323
43303
43183
43153
43117
43085
43012
43005
43001
42994
42972
42945
42935
42932
42849
42843
42837
42766
42761
42671
42645
42628
42627
42625
42624
42618
42487
42484
42437
42379
42259
42203
42193
41964
41902
41854
41825
41821
41813
41757
41747
41664
41654
41621
41398
41360
41359
41310
41193
41154
41127
41064
40822
40692
40648
40629
40624
40566
40561
40501
40432
40415
40410
40358
40346
40294
40270
40205
40165
40120
40037
40036
40018
40011
39949
39909
39839
39814
39709
39696
39615
39584
39545
39480
39453
39441
39370
39343
39335
39321
39302
39088
39025
38975
38877
38861
38857
38841
38573
38549
38540
38531
38409
38141
38116
38098
38097
38032
37971
37932
37889
37876
37869
37756
37737
37519
37497
37495
37479
37384
37353
37309
37299
37278
37269
37208
37077
37041
36797
36793
36733
36670
36632
36567
36553
36541
36539
36509
36412
36384
36307
36234
36229
36187
36149
36149
36148
36141
35954
35930
35849
35759
35653
35574
35573
35564
35553
35442
35409
35321
35302
35297
35288
35252
35207
35166
35154
35087
35045
35024
34981
34932
34890
34888
34808
34807
34801
34745
34743
34723
34694
34644
34608
34582
34536
34527
34510
34299
34287
34282
34252
34247
34081
34045
33917
33887
33854
33843
33814
33811
33792
33752
33735
33726
33718
33714
33685
33625
33535
33503
33491
33480
33363
33356
33350
33188
33188
33124
33112
33025
33022
32966
32964
32932
32882
32836
32830
32824
32725
32686
32622
32509
32476
32468
32450
32375
32345
32124
32114
32085
32081
32039
31940
31922
31916
31845
31765
31739
31491
31486
31468
31448
31442
31422
31407
31381
31346
31312
31260
31249
31178
31070
31047
31009
30975
30973
30876
30848
30797
30748
30557
30517
30508
30458
30428
30421
30363
30347
30288
30236
30180
30147
30112
30112
30110
30108
30048
29970
29807
29805
29795
29764
29720
29717
29716
29679
29655
29619
29513
29486
29473
29402
29386
29356
29338
29303
29300
29144
29109
29095
29081
29001
28983
28935
28909
28869
28757
28750
28680
28651
28484
28464
28397
28355
28348
28223
28179
28144
28090
28088
28075
27996
27959
27911
27891
27831
27760
27748
27705
27672
27619
27583
27552
27482
27432
27378
27198
27123
27040
27014
27005
26951
26919
26908
26856
26854
26832
26825
26767
26643
26613
26591
26544
26489
26324
26318
26310
26136
26124
26114
26095
26089
26074
26058
25967
25857
25789
25724
25683
25581
25525
25509
25343
25292
25258
25189
25157
25157
25151
25090
25056
25029
24957
24943
24859
24827
24803
24736
24725
24710
24623
24576
24574
24529
24468
24420
24398
24372
24357
24190
24161
24095
24074
23893
23784
23694
23672
23444
23422
23408
23340
23305
23305
23303
23252
23238
23188
23172
23064
22995
22965
22952
22881
22815
22745
22675
22646
22529
22507
22507
22498
22492
22386
22381
22376
22299
22292
22199
22189
22142
22075
22063
22023
21973
21967
21924
21912
21743
21604
21602
21530
21496
21454
21409
21393
21381
21379
21293
21259
21204
21130
21106
21088
21081
20898
20657
20518
20487
20466
20442
20310
20279
20243
20197
20160
20072
20034
20006
19991
19979
19975
19968
19959
19907
19856
19793
19783
19740
19732
19691
19638
19622
19598
19569
19368
19326
19325
19291
19225
19077
18965
18900
18877
18733
18707
18663
18645
18421
18393
18345
18326
18292
18251
18194
18186
18169
18143
18115
18051
17943
17921
17881
17876
17822
17762
17717
17687
17660
17624
17562
17534
17528
17515
17491
17430
17370
17304
17258
17112
16991
16881
16823
16697
16669
16555
16235
16229
16185
16170
16128
16123
16112
15890
15810
15779
15653
15652
15560
15548
15463
15337
15269
15175
15166
14991
14937
14866
14809
14805
14671
14603
14594
14473
14459
14428
14229
14202
14197
14139
14136
14072
13990
13843
13835
13811
13664
13652
13623
13590
13562
13544
13384
13320
13296
13274
13238
13048
13032
12952
12942
12845
12835
12834
12786
12744
12715
12675
12644
12514
12512
12432
12370
12355
12322
12303
12171
12119
12079
12051
12044
12022
12015
11932
11871
11821
11757
11727
11707
11705
11704
11637
11488
11342
11235
11201
11177
11174
11169
11135
11111
11108
11095
11093
11091
10999
10891
10883
10848
10826
10764
10744
10697
10684
10605
10584
10534
10523
10352
10153
10133
10121
10092
10003
9989
9938
9923
9916
9893
9880
9814
9778
9712
9705
9597
9573
9420
9397
9390
9334
9319
9266
9169
9169
9116
8931
8867
8855
8844
8836
8720
8675
8628
8565
8450
8412
8394
8345
8245
8120
8095
7999
7993
7989
7810
7768
7638
7568
7496
7479
7450
7401
7218
7217
7189
7174
7157
7108
6953
6914
6844
6835
6826
6822
6641
6578
6558
6520
6468
6373
6372
6315
6251
6015
6007
5932
5910
5888
5773
5714
5692
5677
5658
5647
5538
5491
5466
5462
5423
5397
5319
5311
5310
5206
5204
5082
5057
5045
5039
5018
5000
4786
4742
4474
4461
4459
4458
4348
4316
4316
4307
4254
4208
4203
4128
4118
4048
4018
3999
3950
3940
3668
3630
3608
3519
3504
3451
3450
3440
3367
3346
3332
3170
3112
3101
3034
3018
3002
2993
2992
2953
2888
2869
2849
2840
2811
2690
2673
2520
2503
2500
2493
2451
2321
2188
2146
2043
1968
1961
1933
1873
1817
1604
1595
1534
1466
1384
1368
1345
1297
1291
1268
1240
1141
1139
1073
1061
882
878
787
787
732
693
661
607
478
460
201
198
67
22
