99994
99847
99813
99766
99746
99719
99714
99670
99643
99600
99562
99549
99509
99474
99460
99457
99349
99306
99251
99226
99088
99060
98970
98948
98932
98893
98837
98775
98693
98469
98432
98429
98420
98307
98254
98249
98228
98122
98110
98064
98042
98000
97958
97927
97892
97877
97849
97823
97818
97806
97739
97738
97668
97652
97647
97582
97568
97544
97531
97496
97490
97408
97390
97386
97317
97244
97062
96980
96948
96844
96838
96787
96785
96779
96727
96693
96631
96614
96562
96542
96356
96314
96294
96133
96112
96088
96065
96054
96050
96045
95939
95842
95835
95831
95802
95759
95738
95729
95676
95668
95506
95452
95303
95249
95036
94946
94924
94896
94836
94744
94694
94666
94649
94608
94589
94412
94407
94382
94318
94300
94097
94057
93998
93994
93986
93870
93867
93835
93820
93789
93763
93743
93699
93680
93675
93636
93589
93578
93564
93537
93530
93384
93361
93172
93067
93060
93045
93018
92971
92885
92802
92772
92771
92739
92696
92675
92639
92611
92603
92590
92491
92487
92413
92370
92289
92281
92280
92223
92182
92159
92125
92104
92064
92005
91983
91946
91931
91911
91789
91754
91705
91645
91574
91502
91456
91417
91358
91357
91349
91284
91277
91248
91107
91094
91074
91053
90942
90941
90914
90897
90746
90701
90674
90640
90568
90567
90464
90414
90384
90180
90042
89978
89974
89863
89850
89810
89719
89656
89592
89527
89497
89490
89400
89341
89304
89247
89200
89115
89035
88995
88956
88950
88945
88942
88933
88886
88813
88794
88720
88694
88679
88667
88662
88528
88524
88404
88013
87978
87939
87913
87896
87850
87738
87724
87710
87702
87702
87680
87671
87651
87599
87599
87572
87477
87334
87311
87246
87092
87064
87038
87012
86979
86962
86939
86897
86884
86884
86845
86759
86691
86663
86601
86535
86528
86484
86464
86435
86419
86360
86347
86341
86335
86300
86279
86234
86224
86168
86068
86067
85934
85917
85911
85908
85830
85743
85726
85607
85582
85579
85551
85489
85450
85385
85368
85335
85304
85268
85241
85240
85115
85030
84978
84901
84840
84839
84816
84760
84487
84460
84435
84434
84359
84271
84270
84204
84187
84099
84069
84061
83999
83959
83850
83824
83707
83696
83693
83646
83607
83598
83596
83558
83519
83503
83473
83458
83426
83379
83307
83261
83205
83196
83124
83004
82980
82900
82821
82777
82765
82683
82679
82654
82629
82617
82605
82563
82492
82421
82420
82413
82407
82188
82131
82110
82109
82084
82067
82063
81990
81875
81830
81731
81698
81684
81593
81511
81496
81445
81394
81308
81292
81174
81086
81037
81027
80933
80854
80773
80745
80737
80725
80682
80547
80542
80435
80409
80312
80285
80272
80231
80218
80097
80011
79922
79921
79879
79833
79807
79551
79457
79445
79438
79376
79289
79229
79198
79165
79002
78964
78938
78896
78850
78842
78754
78677
78650
78558
78503
78435
78398
78126
78119
78118
78114
78106
78039
77927
77919
77742
77703
77688
77576
77553
77516
77500
77473
77371
77235
77220
77151
77143
77137
77043
77031
76967
76837
76515
76474
76445
76443
76440
76438
76337
76234
76209
76148
76147
76131
76118
76101
76096
76078
76062
76032
75954
75819
75798
75602
75553
75411
75347
75255
75154
75061
75052
74960
74857
74844
74805
74697
74628
74501
74374
74341
74255
74220
74073
74065
73920
73916
73910
73893
73724
73658
73645
73575
73450
73433
73424
73335
73318
73273
73271
73236
73174
73067
72872
72843
72822
72770
72761
72608
72530
72377
72361
72357
72313
72230
72159
72092
71800
71746
71643
71596
71550
71541
71497
71478
71467
71448
71417
71416
71394
71368
71333
71330
71283
71226
71192
71187
71172
71072
71002
70925
70921
70808
70679
70577
70493
70476
70444
70246
70194
70189
70181
70169
70162
70151
70083
70038
69989
69987
69969
69953
69930
69902
69821
69814
69791
69590
69477
69461
69335
69297
69272
69229
69166
69104
69075
69044
68968
68944
68917
68899
68882
68734
68679
68588
68352
68345
68247
68219
68117
68077
67942
67883
67795
67794
67601
67549
67444
67367
67308
67297
67264
67204
67079
66916
66889
66839
66797
66753
66692
66691
66681
66670
66604
66440
66241
66215
66210
66202
66166
66152
66125
65987
65974
65938
65909
65845
65841
65780
65739
65633
65531
65512
65494
65484
65482
65391
65372
65244
65238
65236
65236
65175
65151
65131
64943
64926
64891
64735
64724
64715
64627
64596
64542
64537
64535
64487
64435
64399
64395
64274
64186
64185
63945
63914
63910
63907
63905
63885
63881
63833
63827
63804
63722
63719
63634
63618
63595
63594
63498
63496
63471
63422
63288
63286
63251
63212
63198
63025
62999
62885
62795
62736
62710
62687
62613
62496
62393
62387
62351
62349
62337
62327
62320
62285
62216
62147
62117
62026
61969
61922
61909
61908
61894
61857
61831
61802
61677
61626
61619
61602
61544
61511
61376
61277
61264
61263
61246
61084
61073
61025
60996
60949
60930
60869
60811
60703
60622
60618
60562
60519
60517
60489
60415
60369
60347
60309
60269
60258
60206
60152
60056
59977
59941
59928
59820
59808
59787
59786
59684
59667
59626
59547
59519
59507
59493
59485
59483
59455
59428
59368
59363
59357
59250
59207
59141
59054
59020
58923
58911
58905
58880
58759
58745
58727
58681
58568
58470
58458
58436
58419
58159
58125
57990
57982
57981
57894
57827
57815
57715
57670
57661
57646
57616
57608
57514
57495
57410
57390
57346
57214
57170
57147
57075
57058
56887
56849
56838
56783
56769
56760
56730
56689
56676
56617
56601
56522
56387
56377
56356
56324
56323
56230
56159
56107
56019
56004
55924
55923
55911
55907
55870
55773
55748
55713
55700
55622
55600
55582
55522
55410
55302
55284
55279
55200
55176
55123
54995
54968
54967
54922
54915
54860
54783
54766
54752
54737
54660
54593
54591
54570
54566
54551
54475
54462
54391
54289
54239
54230
54167
53975
53970
53968
53930
53875
53872
53699
53684
53534
53428
53413
53371
53322
53197
53111
53080
52990
52897
52890
52806
52779
52746
52731
52671
52610
52575
52526
52341
52327
52304
52288
52271
52255
52233
52193
52169
52074
51972
51972
51940
51755
51752
51686
51679
51662
51650
51578
51546
51407
51393
51235
51220
51197
51181
51161
51139
50993
50897
50806
50783
50756
50709
50517
50404
50392
50354
50333
50313
50275
50235
50217
50209
50196
50187
50172
50160
50085
49976
49873
49850
49847
49759
49743
49707
49610
49532
49498
49495
49329
49300
49121
49063
48923
48923
48918
48911
48906
48906
48867
48853
48850
48780
48765
48742
48719
48687
48679
48659
48632
48618
48481
48426
48398
48342
48338
48324
48224
48186
48118
48112
48108
48103
48088
48085
48028
47990
47987
47947
47860
47853
47772
47756
47712
47625
47523
47503
47364
47233
47096
47040
47007
46891
46872
46814
46809
46795
46784
46783
46773
46643
46622
46609
46586
46456
46422
46323
46159
46156
46105
46032
46013
45722
45613
45520
45509
45503
45442
45430
45404
45386
45355
45342
45340
45205
45202
45182
45166
45098
45050
45031
45005
45000
44985
44781
44754
44702
44648
44604
44601
44592
44557
44547
44339
44314
44180
44164
44061
44054
43962
43914
43893
43887
43876
43861
43846
43742
43625
43617
43486
43414
43372
43335
43305
43288
43167
43152
43111
43106
43097
43075
43075
43050
43020
42954
42952
42938
42917
42914
42914
42875
42867
42797
42788
42694
42688
42616
42557
42488
42478
42448
42448
42433
42411
42375
42362
42338
42289
42164
42100
42093
42090
41933
41884
41821
41684
41554
41531
41393
41368
41208
41137
41099
41081
40999
40986
40919
40845
40814
40809
40730
40639
40537
40518
40348
40257
40248
40246
40237
40104
40001
39820
39818
39815
39759
39710
39695
39686
39654
39638
39534
39526
39487
39444
39287
39216
39154
39133
39129
38902
38693
38680
38653
38643
38538
38444
38418
38344
38335
38309
38304
38274
38241
38211
38203
38197
38170
38166
38124
38069
38061
38056
38052
38039
37967
37962
37890
37876
37806
37794
37513
37512
37511
37494
37483
37386
37385
37275
37266
37212
37188
37155
37108
37044
36981
36978
36926
36847
36827
36712
36649
36648
36487
36303
36295
36265
36207
36202
36181
36176
36082
36058
36044
36037
35803
35778
35749
35728
35698
35574
35482
35410
35340
35336
35227
35198
35175
35137
35039
34986
34985
34916
34900
34855
34815
34804
34795
34758
34734
34709
34585
34574
34538
34532
34493
34464
34422
34418
34403
34290
34204
34122
34070
34011
33992
33991
33926
33893
33749
33745
33716
33714
33653
33614
33608
33575
33507
33479
33424
33410
33269
33216
33213
33205
33189
33119
33056
33009
32913
32836
32765
32737
32637
32604
32448
32442
32411
32348
32338
32239
32234
32165
32158
32139
32105
32075
32046
32036
32023
32002
31988
31927
31906
31874
31802
31716
31674
31624
31593
31592
31494
31384
31254
31179
31178
31126
31091
31052
31041
31025
31020
31012
30979
30934
30930
30930
30914
30892
30815
30789
30785
30781
30729
30694
30664
30575
30558
30555
30519
30512
30451
30439
30377
30347
30334
30276
30254
30208
30200
30161
30140
30134
30098
30087
30034
29824
29663
29643
29615
29554
29541
29462
29342
29289
29276
29214
29190
29157
29148
29082
29046
29009
28962
28900
28895
28836
28709
28694
28582
28575
28513
28483
28423
28361
28340
28322
28254
28211
28198
28192
28190
28188
28142
28129
28119
28111
28050
27947
27821
27819
27789
27740
27611
27596
27498
27437
27416
27406
27348
27325
27243
27166
27051
27040
27039
26992
26980
26850
26792
26488
26472
26461
26143
26007
25968
25965
25949
25903
25803
25642
25603
25400
25385
25268
25156
25109
24972
24929
24870
24824
24710
24694
24651
24426
24413
24336
24317
24304
24266
24245
24190
24117
24112
24028
23977
23890
23847
23767
23760
23731
23707
23596
23532
23492
23431
23425
23392
23377
23194
23177
23046
22979
22936
22826
22813
22803
22735
22707
22694
22688
22681
22640
22511
22500
22475
22427
22354
22303
22296
22240
22226
22174
22085
22041
22017
21982
21966
21934
21897
21777
21695
21689
21677
21667
21614
21606
21500
21478
21409
21400
21375
21354
21319
21254
21235
21142
21140
21074
20982
20909
20868
20779
20771
20715
20628
20620
20541
20541
20536
20495
20462
20372
20284
20179
20174
20136
20118
20093
19922
19862
19789
19785
19782
19781
19776
19753
19726
19675
19671
19506
19475
19437
19387
19206
19100
19072
18991
18976
18692
18630
18581
18425
18274
18253
18203
18189
18183
18116
18031
18017
17964
17963
17950
17828
17825
17756
17727
17691
17688
17613
17580
17568
17537
17376
17372
17370
17341
17337
17224
17180
17172
17163
17098
17067
16979
16947
16931
16723
16610
16553
16483
16447
16379
16352
16259
16145
16131
16043
15968
15870
15845
15843
15802
15793
15788
15732
15653
15635
15612
15562
15497
15462
15369
15326
15301
15284
15278
15261
15211
15151
15129
15115
15112
15049
15044
14954
14891
14814
14767
14664
14625
14617
14573
14499
14469
14467
14405
14393
14372
14351
14281
14266
14162
14137
14073
14058
14026
13995
13980
13801
13722
13703
13654
13638
13609
13556
13522
13445
13420
13402
13341
13339
13332
13247
13239
13205
13116
13102
12914
12903
12867
12839
12699
12637
12555
12515
12402
12393
12215
12176
12057
12045
12024
12004
11806
11700
11607
11571
11480
11446
11401
11278
11217
11159
11073
10785
10765
10679
10665
10660
10620
10611
10586
10573
10554
10552
10534
10522
10493
10440
10328
10265
10203
10189
10166
9992
9988
9959
9911
9797
9783
9729
9726
9507
9366
9356
9334
9328
9322
9318
9309
9242
9137
9106
9082
9051
8994
8987
8895
8876
8825
8755
8638
8617
8578
8575
8500
8472
8452
8428
8347
8291
8259
8194
8171
8162
8131
8075
8075
8045
7896
7854
7740
7720
7720
7709
7689
7665
7646
7538
7526
7524
7519
7491
7481
7467
7422
7373
7222
7170
7167
7148
7143
6999
6980
6921
6917
6903
6897
6790
6776
6773
6720
6718
6690
6641
6633
6516
6501
6382
6324
6309
6288
6247
6242
6116
6110
5996
5978
5976
5921
5895
5572
5565
5472
5392
5370
5357
5220
5099
5057
4911
4843
4812
4795
4746
4669
4652
4639
4613
4607
4591
4574
4492
4454
4362
4336
4313
4273
4233
4161
4138
4125
4124
4123
4120
4109
4054
4045
3954
3946
3944
3932
3869
3811
3809
3800
3798
3780
3738
3713
3674
3599
3587
3441
3410
3341
3337
3330
3324
3307
3274
3097
3046
2957
2781
2764
2680
2657
2644
2515
2486
2440
2397
2351
2295
2286
2285
2264
2246
2229
2204
2197
2166
2098
2017
2014
1892
1781
1762
1760
1641
1600
1546
1534
1461
1402
1349
1271
1232
1225
1208
1068
1058
957
887
884
779
637
633
560
523
420
416
413
292
145
77
28
