99994
99983
99942
99926
99806
99651
99585
99564
99549
99427
99362
99326
99290
99212
99091
99018
99015
98986
98935
98847
98817
98812
98663
98615
98615
98608
98602
98590
98565
98556
98511
98510
98495
98206
98196
98142
98104
97960
97945
97923
97898
97819
97801
97785
97747
97727
97720
97692
97679
97645
97639
97561
97542
97509
97497
97496
97456
97421
97338
97331
97322
97226
97213
97144
97065
97042
97014
96964
96897
96876
96869
96787
96695
96627
96589
96571
96549
96515
96393
96336
96300
96282
96243
96242
96211
96179
96119
96114
96084
96078
96072
95901
95896
95796
95764
95646
95626
95535
95519
95514
95513
95377
95352
95324
95283
95215
95205
95166
95119
95092
94971
94967
94853
94813
94745
94730
94598
94582
94332
94312
94261
94223
94044
93945
93909
93903
93886
93850
93828
93780
93688
93681
93678
93629
93607
93592
93456
93450
93390
93336
93248
93139
93055
93048
92971
92927
92902
92891
92814
92703
92651
92361
92305
92282
92216
92201
92114
92092
92089
92084
92019
92015
92001
91948
91911
91906
91839
91812
91797
91730
91623
91594
91514
91335
91303
91298
91173
91168
91160
91151
91079
91064
91030
91004
90992
90979
90978
90944
90944
90934
90804
90780
90752
90664
90655
90630
90618
90583
90468
90446
90439
90268
90252
90222
90134
90098
90079
89968
89958
89943
89933
89915
89847
89833
89785
89758
89705
89695
89663
89653
89632
89579
89559
89470
89433
89396
89395
89383
89332
89306
89299
89243
89124
89118
88995
88921
88854
88827
88825
88724
88675
88649
88595
88484
88459
88451
88407
88397
88258
88143
88115
88110
88061
88048
88045
88034
88020
87977
87826
87825
87471
87471
87386
87318
87309
87143
87108
87098
87086
86967
86919
86901
86898
86789
86785
86645
86524
86484
86387
86335
86315
86271
86219
86203
86192
86176
86118
86007
85976
85949
85942
85926
85876
85823
85759
85755
85744
85728
85629
85602
85546
85518
85333
85304
85195
85108
84983
84932
84891
84848
84845
84832
84829
84753
84730
84690
84601
84584
84380
84367
84325
84222
84217
84173
83976
83791
83755
83702
83640
83615
83577
83451
83430
83424
83408
83273
83220
83219
83210
83208
83186
83153
83090
82884
82832
82809
82798
82782
82772
82704
82689
82676
82665
82593
82585
82521
82498
82477
82474
82450
82352
82321
82229
82085
82083
82056
82031
81977
81924
81920
81899
81749
81735
81688
81644
81599
81505
81375
81168
81145
81029
80998
80916
80867
80863
80850
80830
80827
80680
80665
80622
80581
80425
80411
80212
80170
80122
80099
80085
80043
79942
79873
79821
79575
79526
79473
79457
79433
79428
79403
79334
79331
79311
79298
79296
79292
79155
79052
79005
79005
78988
78931
78904
78894
78890
78847
78834
78805
78787
78753
78696
78614
78569
78564
78559
78543
78519
78511
78465
78409
78387
78326
78300
78271
78255
78232
78206
77990
77877
77870
77779
77750
77707
77527
77444
77373
77336
77236
77176
77019
76889
76787
76746
76706
76553
76497
76402
76355
76292
76284
76169
76117
76102
76093
76078
76047
75972
75961
75950
75916
75869
75865
75727
75714
75659
75593
75517
75504
75404
75351
75271
75206
75142
75116
75042
75041
74974
74941
74917
74886
74822
74707
74661
74609
74539
74422
74347
74296
74294
74248
74237
74214
74202
74074
73846
73807
73715
73643
73610
73594
73565
73564
73511
73506
73458
73451
73442
73437
73412
73392
73285
73186
73148
72799
72698
72698
72603
72458
72456
72273
72267
72150
72079
72012
71804
71680
71680
71647
71619
71613
71586
71583
71452
71378
71354
71353
71307
71300
71195
71182
71176
71016
71003
70997
70950
70920
70861
70757
70720
70613
70584
70576
70531
70437
70402
70394
70371
70338
70294
70269
70173
70134
70061
70061
70045
70007
69963
69870
69863
69781
69737
69728
69709
69505
69462
69440
69405
69373
69363
69339
69318
69292
69246
69146
69089
69083
68811
68787
68763
68760
68722
68701
68670
68665
68647
68557
68460
68433
68356
68295
68233
68178
68137
68104
68019
67962
67864
67860
67827
67728
67725
67690
67649
67614
67613
67608
67523
67475
67462
67441
67366
67364
67258
67185
67180
67172
67062
67004
66918
66904
66860
66789
66734
66733
66712
66673
66629
66586
66574
66542
66381
66280
66256
66214
66173
66058
66056
66007
65925
65821
65809
65786
65727
65714
65483
65389
65383
65323
65141
65121
65090
65079
65026
64958
64932
64875
64835
64828
64826
64777
64752
64715
64698
64647
64502
64418
64351
64284
64264
64171
64139
64101
63999
63961
63958
63939
63798
63767
63480
63455
63415
63412
63385
63262
63245
63220
63199
63125
63039
63020
63010
62996
62937
62917
62916
62857
62814
62772
62588
62555
62545
62511
62486
62486
62425
62378
62343
62236
62186
62162
62150
62064
62034
61993
61940
61855
61850
61825
61756
61734
61689
61635
61474
61451
61432
61410
61405
61293
61268
61238
61238
61161
60874
60867
60825
60816
60759
60725
60620
60442
60381
60306
60252
60184
60142
60092
60061
60061
59990
59981
59890
59878
59869
59777
59772
59687
59648
59632
59505
59454
59376
59371
59349
59285
59271
59267
59262
59251
59187
59169
59082
59006
59004
58979
58970
58925
58900
58856
58828
58789
58766
58725
58712
58659
58619
58584
58572
58564
58549
58547
58437
58371
58287
58206
58183
58158
58147
57919
57880
57835
57807
57755
57688
57653
57628
57619
57591
57576
57538
57537
57469
57462
57418
57378
57304
57295
57293
57171
57168
57123
57080
57021
56999
56987
56980
56980
56935
56851
56795
56786
56705
56576
56573
56546
56435
56423
56375
56268
56210
56053
55991
55963
55960
55939
55920
55914
55816
55767
55624
55528
55430
55376
55271
55171
55124
55067
54972
54955
54946
54828
54825
54787
54774
54739
54666
54650
54562
54523
54488
54411
54288
54253
54132
54129
54056
53998
53987
53905
53599
53529
53517
53484
53455
53423
53388
53382
53374
53312
53281
53270
53197
53111
53102
53015
52893
52884
52850
52803
52732
52720
52716
52637
52587
52575
52502
52457
52354
52353
52304
52267
52238
52234
52211
52086
52070
52020
51944
51912
51876
51818
51811
51759
51758
51736
51688
51657
51618
51614
51597
51597
51579
51546
51310
51150
51146
51137
51069
51046
51044
51004
50948
50907
50848
50822
50799
50752
50713
50713
50649
50544
50522
50515
50476
50439
50324
50301
50128
50105
50074
49856
49849
49764
49530
49482
49412
49352
49336
49306
49303
49237
49215
49184
49170
49160
49146
49123
49002
48949
48948
48928
48908
48873
48640
48613
48595
48590
48585
48577
48506
48462
48441
48260
48192
47927
47871
47865
47766
47680
47679
47662
47607
47489
47486
47451
47322
47284
47271
47155
47094
47035
46850
46785
46750
46625
46442
46415
46398
46385
46313
46151
46133
46107
45962
45868
45780
45656
45644
45638
45636
45628
45614
45457
45382
45377
45345
45286
45142
45101
45030
44922
44843
44841
44612
44602
44590
44587
44566
44531
44308
44267
44185
44130
44084
44075
43977
43859
43837
43826
43820
43801
43712
43640
43558
43451
43375
43343
43263
43099
43075
43058
43036
43011
42954
42821
42783
42765
42758
42732
42513
42470
42394
42334
42321
42306
42304
42294
42290
42240
42142
42137
42108
42053
42042
42032
42025
41897
41853
41825
41774
41732
41719
41712
41702
41597
41533
41461
41411
41344
41323
41256
41254
41248
41198
41178
41149
41141
41046
40995
40979
40969
40912
40844
40839
40831
40731
40674
40597
40581
40469
40439
40437
40412
40401
40384
40378
40295
40190
40183
40045
39949
39930
39920
39755
39707
39692
39678
39624
39622
39610
39544
39361
39349
39345
39313
39312
39295
39270
39118
39109
39081
39058
39039
39034
39002
38992
38882
38858
38852
38846
38806
38801
38735
38712
38646
38637
38632
38447
38423
38326
38314
38260
38175
38174
38152
38046
37843
37693
37632
37533
37509
37427
37421
37418
37405
37357
37295
37186
37158
37091
37039
37029
37028
37027
37022
36916
36836
36784
36759
36632
36582
36546
36543
36500
36430
36385
36370
36299
36219
36196
36190
36181
36163
36120
36117
36081
36038
36031
35945
35891
35822
35699
35674
35629
35529
35482
35442
35440
35420
35334
35305
35239
35145
35141
35134
35115
35104
35094
34967
34842
34785
34768
34746
34746
34745
34743
34708
34696
34627
34481
34394
34268
34241
34151
34098
33957
33945
33888
33854
33807
33731
33719
33716
33650
33586
33583
33415
33395
33337
33307
33282
33281
33180
33162
33143
33133
33132
33117
33098
33079
33069
33041
33012
32906
32877
32851
32758
32733
32690
32684
32666
32665
32637
32475
32459
32426
32382
32344
32344
32309
32275
32099
32006
31986
31947
31910
31908
31862
31794
31669
31627
31581
31562
31556
31488
31478
31474
31427
31422
31276
31213
31188
31184
31095
31055
30887
30873
30828
30688
30659
30639
30546
30514
30496
30275
30258
30084
30013
29999
29959
29916
29909
29902
29763
29660
29495
29473
29460
29449
29381
29336
29227
29182
29170
29149
29145
29023
28981
28881
28827
28763
28697
28675
28673
28667
28659
28655
28578
28560
28539
28374
28356
28353
28331
28318
28314
28309
28236
28222
28063
27977
27736
27708
27670
27641
27638
27619
27612
27586
27403
27381
27374
27340
27327
27123
27084
27063
27023
26988
26970
26958
26929
26927
26914
26789
26756
26650
26567
26509
26486
26455
26431
26337
26203
26153
26143
26049
26026
26017
26016
25925
25909
25900
25815
25682
25659
25637
25624
25604
25601
25542
25531
25521
25492
25445
25431
25430
25427
25324
25183
25183
25167
25097
25096
24982
24971
24970
24957
24869
24833
24832
24799
24795
24717
24708
24693
24629
24622
24578
24543
24424
24403
24372
24332
24208
24207
24200
24153
24042
24000
23992
23954
23910
23869
23825
23811
23710
23655
23616
23357
23343
23317
23173
23138
23025
22997
22883
22700
22665
22615
22548
22526
22515
22513
22511
22469
22402
22400
22343
22311
22243
22105
22081
21973
21928
21897
21865
21835
21828
21745
21726
21617
21495
21336
21330
21285
21233
21227
21178
21140
21081
21002
20998
20839
20794
20718
20679
20673
20633
20576
20463
20290
20280
20187
20180
20152
20126
20060
20054
20046
20017
19910
19906
19877
19876
19803
19743
19695
19544
19402
19347
19291
19264
19221
19203
19177
19154
19146
19081
19074
19067
19015
18964
18951
18917
18907
18878
18816
18782
18601
18597
18517
18516
18432
18393
18384
18347
18345
18261
18252
18252
18171
18084
18066
18058
18055
18045
18032
17888
17855
17821
17820
17785
17725
17633
17585
17585
17487
17486
17323
17306
17304
17262
17247
17121
17118
17118
17096
17096
17084
17009
16960
16956
16948
16930
16893
16868
16850
16824
16711
16649
16556
16531
16378
16352
16317
16231
16179
16162
16157
16138
15912
15844
15832
15824
15810
15752
15586
15548
15521
15513
15465
15392
15298
15266
15187
15159
15136
15081
15024
14970
14849
14792
14742
14730
14704
14661
14639
14512
14506
14497
14434
14392
14173
14086
14042
14036
14035
14023
14018
13979
13806
13791
13753
13727
13691
13689
13587
13527
13489
13470
13414
13318
13270
13209
13207
13184
13168
13051
13045
13000
12946
12830
12750
12739
12644
12499
12483
12465
12452
12372
12254
12249
11997
11990
11934
11905
11896
11827
11807
11753
11743
11734
11729
11711
11684
11671
11616
11600
11598
11486
11404
11387
11357
11325
11282
11247
11241
11195
11169
11133
11131
11130
11059
10891
10887
10745
10701
10671
10648
10543
10524
10509
10480
10478
10418
10324
10303
10214
10146
10133
10119
10056
10045
10015
10012
9982
9966
9962
9958
9895
9881
9874
9717
9703
9699
9652
9641
9450
9422
9329
9255
9237
9127
9043
8976
8960
8941
8861
8831
8780
8778
8729
8687
8625
8575
8529
8509
8479
8352
8348
8333
8302
8025
8004
7929
7906
7903
7836
7834
7823
7733
7675
7657
7624
7612
7577
7554
7474
7450
7437
7405
7353
7333
7328
7315
7190
7116
7007
6997
6987
6905
6832
6826
6824
6789
6775
6672
6635
6627
6616
6593
6584
6552
6551
6505
6408
6278
6187
6160
6154
6136
6075
6041
5985
5960
5893
5892
5871
5871
5585
5580
5547
5487
5337
5322
5178
5169
5169
5152
5083
4922
4921
4916
4788
4749
4699
4682
4620
4602
4601
4574
4482
4340
4260
4189
4159
4130
4043
4030
3978
3966
3948
3917
3850
3788
3726
3690
3689
3616
3610
3511
3437
3435
3423
3302
3287
3226
3200
3152
3131
2930
2876
2872
2783
2780
2755
2705
2679
2656
2627
2594
2556
2510
2434
2420
2275
2246
2238
2231
2167
2127
1976
1976
1968
1922
1846
1711
1683
1657
1635
1575
1551
1451
1440
1430
1318
1175
1123
1068
1006
935
920
868
822
809
770
726
707
462
404
326
293
259
234
234
233
169
167
54
0
