99964
99919
99889
99750
99701
99668
99658
99656
99648
99618
99494
99248
99227
99216
99190
99187
99162
99161
99159
99123
99117
98966
98933
98929
98891
98868
98864
98728
98690
98688
98637
98598
98569
98506
98443
98355
98346
98192
98178
98175
98161
98126
98105
98069
98042
97956
97926
97870
97849
97836
97807
97799
97724
97671
97660
97642
97591
97555
97550
97509
97388
97366
97289
97265
97260
97212
97184
97168
97099
97096
97061
96998
96991
96967
96893
96889
96870
96861
96860
96813
96782
96781
96748
96736
96660
96549
96489
96449
96441
96321
96297
96277
96261
96240
96228
96075
95996
95957
95716
95683
95653
95651
95568
95544
95524
95443
95440
95411
95409
95376
95354
95322
95283
95276
95141
95089
95086
95056
95026
95026
95025
95018
94872
94810
94792
94764
94744
94715
94671
94666
94643
94619
94611
94593
94586
94501
94484
94436
94434
94361
94338
94316
94208
94204
94158
94045
94038
93922
93901
93886
93764
93757
93685
93670
93635
93550
93540
93386
93361
93353
93310
93286
93159
93134
93126
93100
93093
93092
93030
93028
93025
92897
92893
92872
92806
92793
92718
92646
92630
92626
92610
92502
92467
92465
92428
92425
92414
92413
92396
92350
92343
92336
92315
92213
92061
92040
92004
91994
91951
91932
91825
91808
91722
91640
91563
91555
91472
91389
91314
91253
91181
91165
91162
91158
91074
91063
91030
91015
91003
90845
90786
90733
90724
90670
90657
90604
90582
90497
90423
90335
90295
90258
90254
90187
90166
90152
89985
89938
89885
89833
89683
89681
89628
89607
89588
89580
89506
89489
89467
89374
89368
89363
89360
89338
89265
89123
88956
88952
88838
88761
88648
88627
88611
88560
88496
88493
88333
88230
88205
87995
87981
87934
87795
87777
87753
87561
87458
87334
87328
87298
87254
87245
87243
87188
87184
87163
87159
87105
87076
87066
87021
87004
86995
86957
86878
86843
86829
86740
86736
86604
86545
86492
86457
86430
86418
86325
86322
86249
86227
86148
86101
86097
86081
86046
85901
85899
85893
85882
85880
85796
85763
85750
85626
85568
85512
85467
85458
85427
85394
85364
85316
85310
85299
85273
85230
85137
85112
85095
85023
85009
84983
84947
84925
84851
84844
84647
84551
84502
84501
84432
84427
84382
84358
84222
84217
84078
84071
84070
84053
84042
84011
83901
83883
83802
83800
83627
83550
83518
83407
83361
83289
83280
83126
82983
82903
82704
82589
82566
82466
82459
82452
82344
82327
82317
82307
82305
82177
82086
82018
81990
81931
81861
81831
81817
81758
81733
81596
81542
81535
81515
81489
81417
81360
81242
81223
81223
81183
81059
81044
81022
81005
81001
80968
80951
80786
80704
80628
80586
80433
80421
80408
80377
80318
80248
80186
80145
80125
80070
79935
79933
79897
79813
79772
79718
79651
79612
79367
79308
79265
79207
79157
79071
79057
78978
78931
78902
78873
78685
78670
78598
78557
78512
78454
78426
78414
78408
78324
78278
78261
78179
78147
78104
78095
78034
78015
77971
77925
77900
77814
77808
77782
77684
77670
77627
77603
77603
77599
77582
77577
77511
77494
77405
77267
77251
77225
77217
77143
77142
77093
77073
77011
76966
76919
76864
76730
76729
76728
76668
76646
76629
76506
76447
76408
76392
76343
76322
76298
76294
76272
76231
76198
76170
76117
76113
76085
76059
76036
76029
76015
75905
75873
75865
75792
75754
75753
75667
75667
75401
75358
75305
75267
75248
75206
75190
75021
74979
74930
74864
74791
74760
74735
74723
74608
74563
74546
74491
74421
74403
74332
74209
74167
74124
74113
74012
73992
73972
73935
73888
73871
73704
73607
73504
73481
73458
73423
73401
73400
73371
73370
73308
73252
73200
73179
73171
73138
73049
73040
73032
73023
73019
73015
72938
72806
72627
72621
72504
72482
72469
72407
72313
72256
72193
72137
72091
72010
71912
71903
71893
71820
71810
71796
71746
71686
71672
71643
71564
71546
71517
71496
71491
71476
71365
71312
71270
71265
71236
71202
71182
71143
71064
71033
71012
70981
70963
70927
70895
70819
70699
70682
70625
70611
70592
70548
70529
70476
70313
70270
70230
70195
70116
70068
70041
70040
70024
70020
70015
69958
69938
69793
69727
69574
69557
69452
69398
69382
69337
69215
69210
69091
68998
68957
68951
68898
68833
68678
68672
68658
68629
68578
68545
68536
68534
68434
68364
68326
68323
68314
68284
68275
68249
68199
68181
68066
68019
68017
67962
67926
67925
67899
67842
67783
67705
67692
67667
67664
67579
67566
67556
67517
67470
67438
67427
67353
67227
67212
67188
67183
67166
66961
66933
66882
66873
66864
66829
66824
66790
66770
66713
66690
66601
66596
66498
66462
66445
66337
66297
66274
66273
66253
66157
66043
65993
65937
65730
65493
65488
65428
65409
65391
65335
65324
65232
65187
65139
65118
65092
65052
64961
64950
64931
64931
64924
64912
64890
64839
64571
64565
64558
64502
64473
64412
64167
63989
63974
63949
63916
63900
63817
63777
63723
63659
63647
63587
63579
63569
63393
63387
63352
63318
63210
63193
63177
63163
63118
62934
62757
62751
62573
62559
62518
62402
62265
62173
62154
62150
62091
62035
62024
61967
61964
61945
61830
61824
61717
61715
61707
61620
61580
61476
61428
61380
61227
61202
61138
61133
61128
60965
60963
60888
60795
60723
60715
60534
60412
60383
60373
60337
60336
60322
60255
60251
60233
60202
60167
60142
60091
60049
60019
60016
59978
59952
59935
59931
59907
59903
59739
59739
59709
59559
59523
59521
59453
59392
59354
59350
59304
59237
59149
59090
59057
59051
59045
59024
58984
58929
58887
58862
58770
58745
58690
58675
58633
58573
58566
58558
58535
58450
58426
58409
58408
58338
58312
58274
58250
58194
58192
58166
58145
58020
58004
57979
57897
57843
57821
57756
57722
57720
57719
57596
57573
57519
57364
57355
57302
57272
57225
57152
57139
57131
57079
57055
57018
57002
56934
56932
56922
56910
56849
56822
56778
56719
56677
56627
56558
56511
56504
56476
56425
56268
56267
56248
56194
56151
56123
56078
56021
56016
55973
55929
55831
55830
55750
55653
55642
55635
55611
55605
55594
55573
55555
55491
55417
55361
55336
55309
55276
55181
55133
55129
55107
55008
54958
54937
54748
54296
54209
54187
54146
53794
53757
53727
53704
53590
53586
53573
53545
53517
53485
53348
53204
53203
53149
53118
53108
53052
53032
52948
52913
52836
52829
52809
52749
52614
52595
52559
52546
52515
52408
52236
52201
52088
52025
51989
51968
51911
51843
51791
51692
51660
51652
51629
51577
51515
51407
51061
50962
50885
50881
50850
50846
50811
50790
50756
50686
50561
50556
50517
50475
50437
50316
50270
50227
50123
49974
49915
49749
49599
49472
49456
49317
49292
49205
49203
49176
49163
49141
49105
49093
49091
49082
49019
48916
48848
48831
48794
48770
48744
48703
48690
48671
48636
48613
48540
48445
48394
48365
48294
48273
48260
48210
48193
48098
48028
47998
47977
47977
47951
47945
47857
47838
47817
47808
47795
47739
47583
47542
47504
47503
47432
47378
47375
47358
47282
47265
47192
47166
47152
47072
47046
47004
46980
46969
46677
46630
46624
46589
46585
46506
46328
46317
46315
46257
46217
46104
46047
46037
46024
45987
45835
45762
45732
45628
45559
45526
45511
45439
45382
45338
45291
45251
45221
45153
45140
45110
45040
45032
45014
44978
44971
44814
44761
44673
44657
44634
44452
44185
44131
44099
44085
43931
43925
43885
43882
43722
43712
43710
43620
43608
43607
43561
43545
43456
43453
43440
43437
43348
43323
43278
43271
43233
43227
43174
42796
42784
42782
42778
42773
42674
42626
42616
42610
42510
42494
42482
42423
42401
42324
42264
42241
42218
42207
42197
42125
41980
41783
41724
41674
41529
41489
41469
41460
41451
41432
41399
41339
41286
41285
41265
41258
41232
41214
41198
41134
41118
40981
40976
40962
40948
40944
40922
40917
40900
40860
40846
40772
40677
40646
40612
40537
40536
40436
40305
40227
40130
40023
39979
39958
39948
39939
39821
39812
39795
39596
39549
39473
39389
39373
39365
39309
39295
39270
39214
39163
39020
38984
38889
38860
38832
38788
38701
38669
38643
38482
38480
38461
38415
38301
38158
38138
38125
38123
38081
38050
38001
37990
37852
37811
37741
37697
37580
37526
37524
37518
37318
37254
37238
37145
37096
37050
36883
36833
36728
36720
36699
36623
36540
36516
36481
36480
36345
36234
36230
36207
36111
36091
36046
36017
35994
35981
35934
35918
35903
35837
35811
35806
35754
35709
35708
35700
35651
35542
35432
35408
35407
35396
35319
35316
34968
34844
34730
34702
34647
34582
34531
34422
34418
34415
34345
34327
34286
34265
34236
34213
34109
34106
34097
34006
33976
33951
33949
33947
33925
33772
33766
33718
33607
33602
33600
33571
33486
33485
33456
33415
33359
33335
33313
33306
33221
33192
33132
33110
33089
33028
32956
32940
32917
32916
32884
32845
32711
32662
32656
32618
32591
32581
32546
32529
32438
32415
32404
32328
32255
32239
32163
32028
31988
31945
31937
31854
31646
31585
31541
31538
31537
31496
31436
31425
31389
31359
31305
31297
31265
31206
31162
31042
31039
31030
31019
30992
30965
30957
30929
30928
30909
30883
30816
30787
30781
30670
30660
30631
30540
30534
30494
30442
30298
30281
30018
30009
29939
29920
29910
29856
29795
29783
29778
29644
29601
29590
29575
29557
29395
29330
29283
29228
29218
29206
29097
29085
29063
29044
29032
28977
28951
28908
28905
28859
28840
28745
28715
28713
28622
28570
28556
28445
28364
28360
28250
28185
28175
28113
27954
27921
27920
27917
27914
27896
27882
27838
27747
27670
27629
27594
27515
27482
27477
27476
27472
27390
27379
27307
27287
27243
27220
27167
27163
27153
27084
27068
27063
26966
26930
26875
26807
26550
26495
26439
26431
26337
26311
26175
26073
25986
25909
25842
25841
25780
25734
25732
25644
25631
25562
25528
25412
25374
25308
25280
25252
25153
25089
25011
25006
24998
24842
24834
24792
24750
24696
24596
24581
24432
24413
24368
24358
24347
24312
24229
24217
24131
24098
24070
23938
23919
23894
23808
23790
23722
23712
23705
23678
23645
23484
23404
23340
23182
23087
23058
22965
22926
22855
22799
22750
22699
22693
22604
22461
22225
22133
22116
22065
22052
22033
21987
21768
21735
21627
21554
21514
21496
21372
21350
21347
21307
21254
21218
21215
21198
21181
21120
21108
21086
21028
21022
20982
20962
20840
20786
20749
20546
20295
20260
20256
20097
20042
19903
19875
19870
19869
19810
19788
19712
19677
19527
19516
19510
19486
19380
19366
19279
19204
19134
19132
18935
18869
18865
18815
18680
18625
18604
18601
18570
18425
18375
18375
18340
18311
18242
18184
18074
18049
18004
17996
17990
17986
17953
17936
17926
17914
17905
17858
17841
17662
17549
17511
17466
17441
17377
17368
17364
17347
17240
17219
17150
17104
17096
17058
16886
16736
16688
16574
16573
16564
16532
16472
16436
16361
16353
16317
16215
16152
16112
16069
15999
15951
15925
15899
15878
15829
15756
15747
15725
15615
15563
15431
15258
15210
15209
15199
15181
15174
15145
15125
15005
14926
14872
14846
14834
14786
14590
14519
14510
14507
14447
14335
14310
14126
14099
14010
13998
13990
13983
13884
13856
13749
13601
13577
13489
13439
13422
13399
13371
13326
13255
13252
13244
13226
13222
13208
13184
13010
13009
12960
12898
12842
12827
12735
12618
12510
12442
12439
12402
12399
12367
12211
12187
12100
12051
12017
11967
11916
11906
11783
11758
11706
11691
11672
11663
11660
11521
11489
11465
11460
11439
11357
11347
11341
11340
11242
11181
11145
10888
10848
10796
10746
10649
10628
10599
10498
10454
10432
10371
10369
10341
10267
10162
9814
9661
9626
9560
9555
9355
9237
9200
9189
9160
9021
8986
8935
8919
8853
8779
8777
8772
8713
8676
8649
8617
8610
8480
8476
8448
8404
8371
8361
8345
8273
8262
8212
8123
8067
8051
7964
7847
7827
7823
7811
7800
7770
7755
7645
7640
7619
7523
7513
7445
7415
7399
7307
7166
7064
7038
7022
7013
6884
6854
6845
6764
6748
6574
6465
6441
6317
6246
6208
6173
6168
6092
6057
6004
5836
5693
5636
5575
5536
5524
5491
5489
5456
5438
5323
5281
5217
5160
5143
5137
5109
4967
4953
4874
4834
4787
4747
4708
4660
4563
4502
4438
4436
4231
4217
4185
4147
4133
4120
4119
4055
3998
3993
3992
3966
3899
3776
3774
3708
3640
3610
3601
3509
3460
3399
3354
3343
3331
3325
3199
3156
3124
2921
2879
2854
2760
2721
2652
2648
2601
2596
2560
2407
2402
2378
2275
2174
2144
2135
2093
1969
1957
1723
1699
1632
1397
1286
1279
1170
1163
1137
1073
1060
1054
1000
907
895
895
861
793
760
730
668
667
647
586
585
525
487
399
391
375
335
334
308
