99963
99944
99907
99906
99871
99786
99733
99714
99685
99650
99646
99618
99610
99607
99585
99520
99493
99410
99225
99202
99148
99123
99068
98898
98858
98843
98833
98832
98809
98773
98738
98645
98596
98592
98574
98573
98465
98460
98369
98189
98094
98006
97913
97819
97791
97745
97713
97617
97595
97588
97570
97549
97530
97525
97484
97384
97175
97163
97139
97131
97106
97103
97082
97067
97060
96997
96978
96978
96892
96881
96862
96817
96781
96758
96688
96619
96611
96335
96304
96298
96281
96279
96212
96140
96140
96131
96100
96072
96071
95992
95938
95775
95747
95726
95694
95692
95607
95584
95583
95439
95405
95356
95284
95279
95274
95262
95155
95130
95032
95005
94918
94884
94828
94730
94635
94634
94572
94522
94423
94407
94368
94367
94367
94208
94179
94068
94062
93978
93947
93816
93780
93769
93755
93734
93721
93698
93687
93478
93474
93406
93228
93217
93167
93115
93065
93037
92971
92933
92917
92892
92882
92805
92797
92787
92773
92752
92697
92521
92489
92486
92482
92474
92467
92304
92260
92148
92136
92040
92023
91983
91942
91897
91871
91833
91775
91764
91730
91637
91554
91552
91525
91484
91445
91432
91413
91352
91347
91317
91299
91287
91245
91219
91168
91097
91088
91043
91032
91021
91011
90990
90949
90920
90769
90743
90739
90728
90639
90612
90549
90518
90485
90471
90469
90457
90374
90274
90242
90239
90201
90129
90107
90058
89988
89897
89794
89660
89579
89568
89430
89380
89376
89279
89214
89195
89134
89086
89033
88962
88799
88667
88633
88612
88578
88482
88440
88409
88313
88272
88255
88035
88024
87932
87904
87893
87823
87695
87539
87520
87518
87427
87420
87413
87406
87403
87378
87327
87324
87285
87283
87219
87192
87177
87030
86934
86917
86776
86520
86462
86342
86332
86296
86120
86110
86055
86051
85843
85837
85812
85730
85585
85556
85548
85527
85381
85321
85276
85262
85151
85113
85106
85066
85048
85038
84901
84849
84757
84741
84719
84717
84670
84578
84551
84530
84510
84490
84444
84394
84375
84350
84313
84310
84298
84273
84250
84204
84186
84158
84127
84119
84077
84063
84008
83776
83736
83682
83559
83548
83500
83471
83435
83338
83287
83154
83145
83139
83087
83013
82976
82825
82733
82723
82715
82703
82620
82548
82511
82486
82478
82434
82405
82379
82308
82156
82093
82051
82045
82021
81957
81934
81899
81892
81880
81865
81826
81778
81758
81702
81557
81556
81527
81523
81473
81431
81360
81300
81214
81002
80977
80964
80933
80880
80869
80832
80783
80607
80587
80483
80480
80473
80471
80465
80419
80334
80323
80309
80184
80072
80040
79999
79987
79963
79939
79761
79705
79656
79654
79641
79527
79524
79430
79188
79188
79170
79136
79055
79031
79009
78890
78804
78675
78632
78569
78524
78468
78447
78372
78337
78308
78302
78247
78218
78217
78176
78012
77946
77920
77895
77876
77856
77819
77681
77635
77635
77609
77586
77579
77543
77421
77358
77332
77301
77252
76923
76889
76839
76683
76642
76600
76543
76504
76437
76405
76385
76308
76308
76297
76256
76171
76119
76085
76041
75963
75882
75860
75855
75837
75819
75751
75703
75674
75634
75568
75547
75470
75453
75407
75360
75314
75271
75226
75197
75145
74850
74813
74743
74651
74484
74443
74419
74384
74356
74354
74294
74284
74254
74213
74122
74071
74063
73970
73795
73794
73696
73672
73541
73511
73493
73374
73365
73350
73335
73304
73156
73118
72958
72894
72875
72827
72769
72750
72670
72618
72604
72513
72477
72318
72259
72164
72116
72111
72091
72073
72063
72053
72036
72015
71898
71875
71874
71866
71776
71775
71754
71582
71575
71526
71518
71422
71404
71392
71329
71289
71187
71118
71117
71087
71082
71045
70954
70926
70822
70731
70645
70635
70616
70533
70502
70498
70495
70494
70405
70242
70230
70165
70159
70007
70000
69993
69950
69863
69763
69739
69718
69714
69593
69546
69511
69505
69414
69297
69263
69100
69090
69078
68995
68975
68897
68885
68872
68710
68614
68605
68533
68528
68430
68413
68385
68325
68263
68207
68206
67954
67891
67812
67797
67740
67648
67633
67568
67406
67401
67353
67341
67248
67242
67233
67169
67111
67061
67005
66921
66918
66912
66893
66851
66804
66740
66723
66715
66712
66698
66687
66574
66557
66381
66314
66275
66188
66152
66136
66130
66125
66120
65871
65823
65789
65746
65493
65353
65321
65305
65252
65195
65165
65135
65114
65081
65079
65007
65007
64962
64925
64814
64784
64687
64385
64355
64297
64296
64268
64257
64229
64142
64050
64003
63983
63864
63851
63817
63781
63721
63628
63579
63302
63255
63172
63150
63144
63074
63050
62999
62953
62946
62888
62888
62876
62874
62873
62861
62820
62786
62748
62726
62671
62603
62597
62511
62370
62218
62209
62174
62093
62079
62044
62015
61944
61922
61819
61742
61699
61583
61478
61421
61406
61396
61334
61320
61250
61207
61184
61159
61121
61052
60962
60949
60933
60918
60875
60869
60814
60767
60694
60657
60640
60603
60565
60344
60334
60244
60205
60050
59995
59956
59937
59922
59897
59870
59833
59735
59731
59723
59643
59641
59623
59428
59232
59056
59023
58982
58955
58941
58868
58848
58813
58682
58562
58544
58510
58494
58419
58367
58337
58229
58073
58016
57883
57855
57801
57791
57755
57696
57646
57552
57543
57519
57517
57470
57466
57406
57350
57325
57248
57172
57153
57141
57107
57037
56997
56915
56876
56727
56726
56702
56581
56575
56575
56563
56489
56457
56423
56405
56390
56380
56373
56331
56317
56311
56299
56270
56265
56255
56212
56209
56170
56117
56102
55918
55792
55789
55702
55636
55581
55533
55476
55418
55134
55115
55056
54933
54893
54857
54816
54807
54728
54693
54676
54485
54467
54361
54314
54309
54244
54230
54214
54134
54027
54020
54017
53936
53901
53862
53854
53843
53808
53773
53731
53647
53627
53594
53451
53428
53409
53408
53213
53200
53192
53129
53055
53055
53025
52982
52964
52762
52635
52386
52371
52296
52285
52216
52209
52119
52070
52053
52030
51927
51913
51782
51780
51736
51679
51642
51599
51550
51408
51328
51163
51007
50959
50856
50670
50661
50477
50439
50302
50299
50254
50236
50188
50122
50099
50038
50026
49899
49806
49793
49705
49695
49663
49592
49589
49516
49436
49383
49379
49373
49305
49284
49199
49129
49121
49046
49032
49027
49022
48930
48925
48857
48830
48802
48780
48711
48690
48585
48530
48451
48424
48423
48388
48294
48238
48168
48158
48095
48040
48022
47946
47895
47844
47824
47784
47771
47697
47641
47581
47450
47400
47369
47234
47161
47056
47052
47048
46956
46903
46862
46824
46762
46728
46586
46561
46520
46435
46342
46306
46071
46019
45954
45945
45821
45806
45795
45701
45685
45621
45607
45585
45544
45509
45500
45481
45474
45458
45349
45262
45249
45154
45110
45108
45108
45087
45021
44987
44977
44846
44638
44621
44614
44551
44521
44507
44487
44376
44366
44366
44338
44325
44293
44049
43996
43961
43899
43734
43719
43661
43630
43506
43503
43432
43424
43384
43378
43287
43248
43208
43043
43043
43025
42999
42964
42897
42856
42845
42833
42796
42795
42565
42485
42482
42459
42449
42417
42417
42136
42068
41999
41933
41914
41900
41871
41777
41712
41669
41655
41652
41498
41491
41441
41427
41379
41342
41320
41269
41227
41101
41030
40959
40875
40748
40699
40649
40575
40533
40390
40226
40174
40143
39957
39944
39922
39899
39842
39815
39783
39687
39597
39543
39511
39313
39239
39181
39169
39153
39118
39092
39035
38935
38914
38847
38827
38826
38813
38798
38675
38568
38537
38505
38428
38409
38360
38338
38318
38302
38258
38236
38230
38149
38111
38106
38047
37996
37950
37924
37915
37911
37906
37734
37724
37648
37633
37575
37448
37440
37409
37399
37377
37327
37235
37206
37204
37201
37141
37131
37089
37016
37013
37001
36883
36812
36765
36760
36739
36645
36565
36523
36459
36423
36388
36375
36328
36284
36267
36228
36217
36153
36124
36072
36018
36006
35929
35904
35897
35835
35819
35803
35797
35760
35680
35669
35666
35630
35584
35479
35472
35303
35145
35114
35111
35103
35047
34876
34797
34773
34762
34749
34723
34689
34606
34531
34428
34412
34356
34340
34340
34305
34273
34173
34065
34028
33969
33962
33949
33877
33846
33813
33771
33595
33482
33444
33385
33342
33341
33326
33321
33319
33294
33204
33076
33040
33022
33016
32947
32911
32904
32874
32873
32842
32754
32670
32642
32593
32591
32588
32561
32394
32355
32187
32136
32028
31966
31910
31852
31852
31761
31741
31699
31660
31656
31651
31613
31535
31498
31464
31436
31338
31320
31207
31169
31161
31125
31112
31108
31019
30711
30596
30590
30565
30516
30496
30440
30436
30414
30412
30387
30370
30318
30207
30097
30076
30070
30023
30013
29913
29721
29707
29667
29600
29573
29525
29506
29469
29397
29390
29303
29285
29256
29254
29064
29034
29031
29028
28971
28859
28851
28784
28769
28761
28708
28705
28670
28631
28627
28578
28495
28469
28394
28309
28105
28040
28032
28029
28002
27880
27876
27867
27848
27834
27828
27719
27676
27645
27634
27605
27583
27486
27482
27461
27424
27414
27397
27329
27272
27261
27239
27239
27094
27075
27034
26971
26867
26857
26828
26808
26731
26728
26723
26684
26629
26534
26509
26496
26475
26457
26453
26441
26311
26300
26296
26265
26231
26227
26189
25954
25871
25828
25818
25677
25662
25625
25602
25598
25559
25156
25143
25107
25043
25028
24996
24993
24985
24958
24796
24763
24736
24697
24679
24643
24592
24493
24461
24439
24354
24330
24199
24191
24165
24098
23970
23850
23849
23791
23790
23788
23751
23581
23431
23430
23409
23383
23222
23209
23195
23179
23168
23086
22913
22896
22886
22862
22809
22785
22742
22716
22697
22651
22646
22542
22537
22395
22394
22390
22383
22375
22219
22177
22125
21987
21977
21817
21785
21771
21741
21635
21635
21586
21537
21494
21461
21414
21406
21388
21289
21238
21170
21124
21060
21003
20931
20911
20889
20855
20817
20805
20788
20693
20579
20432
20418
20399
20378
20338
20239
20238
20225
20083
19971
19908
19847
19766
19717
19655
19654
19653
19650
19639
19616
19416
19355
19239
19231
19000
18987
18981
18970
18848
18838
18805
18788
18783
18741
18711
18685
18508
18506
18487
18487
18441
18152
18151
18024
17955
17918
17897
17848
17809
17803
17793
17789
17774
17773
17725
17724
17652
17618
17539
17533
17480
17458
17410
17253
17212
17210
17180
17133
17047
17039
16955
16927
16884
16818
16779
16746
16721
16693
16692
16671
16637
16625
16565
16560
16460
16438
16397
16360
16347
16339
16326
16241
16231
16101
16068
16030
16004
15966
15910
15889
15860
15848
15773
15745
15677
15651
15639
15632
15596
15580
15474
15378
15228
15226
15188
15156
15033
14995
14969
14969
14938
14928
14889
14808
14593
14541
14493
14399
14392
14354
14182
14138
14132
14105
13991
13962
13887
13844
13831
13797
13761
13686
13630
13610
13564
13501
13493
13490
13457
13438
13390
13367
13335
13321
13250
12923
12917
12902
12880
12838
12653
12645
12589
12547
12450
12438
12428
12377
12351
12303
12233
12225
12194
12187
12147
12123
12112
12106
12086
12055
12028
12024
12019
11973
11935
11836
11821
11799
11777
11722
11663
11630
11607
11579
11562
11549
11529
11441
11440
11423
11381
11258
11231
11206
11199
11162
11156
11124
11005
10989
10924
10857
10843
10810
10715
10612
10545
10543
10427
10377
10374
10318
10289
10257
10250
10232
10226
10220
10193
10163
9997
9970
9946
9906
9831
9824
9810
9768
9766
9751
9712
9688
9664
9639
9592
9541
9482
9445
9413
9383
9364
9293
9205
9161
8986
8979
8911
8901
8819
8804
8787
8744
8708
8700
8689
8633
8481
8471
8410
8363
8286
8212
8141
7975
7858
7847
7831
7814
7810
7761
7650
7580
7566
7526
7458
7453
7453
7434
7374
7358
7339
7337
7316
7273
7265
7210
7155
7110
7091
7078
6975
6939
6930
6914
6850
6836
6682
6628
6501
6458
6206
6198
6176
6095
6074
6035
5979
5975
5920
5901
5852
5822
5708
5697
5577
5524
5510
5506
5485
5446
5370
5366
5301
5230
5205
5173
5149
5132
5020
4999
4990
4905
4892
4821
4809
4801
4787
4738
4582
4557
4545
4488
4338
4308
4157
4105
4075
4055
4047
4038
4031
4006
3977
3960
3881
3874
3843
3811
3721
3691
3562
3519
3518
3430
3405
3285
3103
3074
3024
3011
2957
2937
2893
2842
2799
2740
2703
2579
2577
2575
2574
2534
2514
2486
2477
2450
2430
2387
2324
2157
2132
2095
2057
2056
2056
2015
1876
1828
1817
1774
1720
1710
1689
1596
1468
1435
1426
1421
1318
1285
1284
1101
1100
1066
987
894
814
706
660
650
643
620
577
516
510
496
432
401
393
279
234
173
166
87
39
