99872
99849
99819
99801
99765
99756
99687
99659
99584
99567
99554
99538
99482
99452
99449
99383
99377
99344
99296
99239
99234
99178
99144
99026
99011
98954
98907
98834
98819
98787
98764
98615
98564
98459
98409
98367
98346
98180
98062
98042
98021
98001
97957
97934
97859
97851
97792
97784
97764
97696
97679
97544
97513
97512
97503
97479
97436
97268
97236
97165
97121
97044
96911
96900
96856
96754
96668
96644
96584
96551
96532
96523
96506
96471
96463
96412
96393
96330
96296
96295
96234
96221
96156
96140
96113
96100
96090
95946
95914
95838
95835
95831
95826
95762
95757
95718
95714
95704
95687
95680
95678
95654
95606
95554
95546
95454
95369
95368
95362
95348
95340
95315
95303
95290
95255
95149
95127
95104
95067
95045
95000
94997
94936
94920
94833
94744
94741
94676
94617
94596
94549
94537
94491
94469
94440
94358
94337
94300
94291
94259
94168
94128
94107
94012
93856
93844
93788
93787
93756
93672
93644
93549
93488
93475
93416
93341
93285
93231
93193
93021
92967
92950
92879
92878
92821
92622
92542
92531
92407
92176
92155
92103
92100
92076
91771
91757
91750
91736
91672
91663
91500
91489
91478
91434
91345
91339
91301
91211
91169
91144
91128
90891
90768
90767
90668
90629
90568
90557
90543
90499
90411
90405
90270
90255
90100
89975
89962
89936
89627
89598
89591
89589
89424
89420
89392
89388
89371
89284
89072
89049
89024
88944
88886
88855
88849
88806
88732
88701
88697
88620
88547
88501
88493
88426
88391
88358
88344
88341
88319
88314
88308
88268
88253
88246
88166
88160
88117
88046
88001
88000
87987
87963
87946
87916
87809
87580
87534
87326
87132
87124
87111
87086
87030
87013
86969
86871
86819
86716
86652
86528
86482
86458
86447
86445
86429
86426
86395
86373
86341
86293
86229
86201
86199
86188
86182
86149
86065
85987
85980
85875
85851
85846
85841
85822
85816
85798
85775
85737
85663
85613
85516
85501
85500
85489
85489
85476
85473
85459
85437
85266
85138
85133
85047
84954
84938
84913
84894
84781
84736
84714
84695
84657
84644
84521
84488
84473
84437
84300
84208
84119
84005
83953
83857
83820
83802
83692
83581
83402
83304
83117
83116
82973
82960
82865
82676
82625
82609
82475
82453
82442
82417
82330
82205
82175
82144
82060
81906
81831
81831
81756
81722
81675
81498
81482
81460
81349
81315
81249
81223
81155
81141
81136
81010
80968
80901
80836
80836
80778
80670
80576
80558
80524
80428
80387
80354
80319
80315
80293
80284
80238
80237
80094
80084
80039
80009
79974
79839
79825
79817
79806
79696
79657
79633
79606
79595
79473
79405
79402
79305
79285
79276
79251
79191
79137
79125
79119
79087
79077
79040
79014
78959
78834
78823
78760
78681
78652
78636
78607
78561
78522
78426
78375
78346
78343
78309
78303
78277
78271
78265
78211
78135
78130
78117
78104
78086
78059
78053
77890
77854
77823
77806
77735
77658
77605
77583
77570
77559
77521
77397
77350
77336
77317
77277
77258
77216
77214
77164
77114
77048
76997
76892
76881
76874
76846
76769
76700
76598
76458
76396
76364
76329
76311
76270
76231
76210
76188
76134
76093
75913
75817
75775
75618
75614
75485
75455
75355
75248
75202
75186
75177
75135
74997
74969
74958
74914
74902
74893
74890
74841
74726
74712
74678
74658
74650
74643
74452
74425
74419
74395
74395
74381
74380
74314
74221
74186
74112
74099
74062
74033
74020
74008
73934
73779
73739
73594
73585
73583
73429
73365
73183
73156
73010
72923
72923
72853
72836
72778
72763
72723
72574
72487
72434
72372
72361
72325
72278
72251
72243
72191
72125
72090
72009
71930
71885
71850
71726
71706
71678
71678
71646
71607
71528
71492
71463
71419
71386
71380
71324
71214
71200
71151
71124
71114
71092
70964
70963
70874
70863
70836
70830
70803
70655
70638
70604
70601
70439
70372
70348
70280
70231
70227
70191
70136
70129
70117
70092
70057
70002
69902
69896
69843
69829
69805
69780
69745
69700
69699
69656
69509
69508
69500
69473
69431
69253
69225
69067
69043
69006
68898
68667
68649
68646
68601
68527
68524
68511
68463
68447
68396
68390
68380
68375
68325
68290
68222
68191
68175
67893
67881
67880
67752
67737
67698
67631
67546
67537
67430
67374
67371
67273
67212
67152
67122
67039
67006
66999
66983
66954
66922
66875
66852
66752
66668
66662
66625
66614
66538
66502
66453
66375
66369
66355
66351
66325
66237
66235
66051
66018
66015
66013
65991
65972
65957
65938
65845
65771
65734
65699
65605
65486
65236
65145
65111
65083
65067
65024
64983
64935
64931
64865
64784
64646
64546
64530
64526
64426
64316
64131
64015
63999
63987
63958
63933
63888
63795
63756
63728
63688
63600
63516
63499
63490
63458
63398
63393
63346
63344
63328
63259
63111
63046
62991
62982
62925
62896
62886
62726
62601
62511
62463
62448
62433
62430
62398
62168
62020
61984
61913
61863
61846
61839
61813
61727
61669
61660
61573
61566
61519
61514
61513
61486
61426
61423
61413
61363
61348
61305
61200
61175
61136
61123
61037
61023
60963
60902
60812
60671
60633
60553
60548
60547
60515
60409
60377
60363
60352
60330
60232
60201
60132
60096
60001
59952
59950
59780
59729
59679
59669
59636
59587
59403
59345
59318
59207
59158
59070
59013
58966
58899
58896
58852
58845
58805
58739
58680
58650
58525
58479
58361
58352
58243
58210
58151
58090
58067
58058
58011
58010
57996
57953
57594
57524
57480
57471
57248
57172
57086
56911
56894
56730
56668
56602
56523
56516
56447
56342
56334
56323
56323
56258
56252
56193
56124
56069
55993
55982
55974
55963
55959
55946
55866
55757
55681
55605
55588
55562
55450
55386
55357
55339
55238
55168
55129
55126
55091
54885
54859
54831
54805
54801
54749
54737
54593
54555
54538
54429
54285
54251
54240
54111
54098
54044
54028
53939
53935
53858
53854
53815
53814
53724
53716
53694
53656
53590
53551
53489
53483
53468
53431
53424
53413
53399
53389
53388
53386
53242
53146
53124
53058
53038
53012
52873
52819
52806
52793
52718
52706
52669
52664
52645
52577
52535
52393
52365
52362
52343
52309
52306
52303
52266
52256
52204
52191
52174
52072
52058
52046
52022
52001
51996
51993
51964
51915
51739
51732
51705
51690
51679
51652
51637
51636
51568
51393
51324
51224
51190
51120
51116
51048
50987
50816
50780
50767
50744
50668
50646
50608
50534
50495
50447
50377
50205
50171
50159
50045
49872
49858
49857
49831
49723
49701
49666
49656
49584
49547
49527
49398
49392
49319
49284
49207
49099
49074
49071
49012
49010
48979
48964
48797
48772
48755
48742
48613
48548
48532
48505
48455
48401
48393
48359
48250
48248
48247
48134
48100
47699
47674
47612
47396
47353
47304
47297
47274
47238
47227
47140
47137
47128
47085
47032
47010
46894
46891
46874
46781
46727
46627
46625
46600
46555
46512
46473
46257
46257
46152
46130
46129
46111
46106
46041
45992
45967
45924
45906
45839
45806
45779
45777
45775
45678
45388
45374
45352
45264
44955
44915
44881
44840
44839
44827
44650
44630
44534
44459
44410
44386
44262
44213
44182
44128
44099
44032
43851
43821
43719
43713
43709
43690
43573
43570
43545
43486
43482
43382
43335
43235
43168
43110
43074
43058
43053
42964
42944
42881
42861
42858
42841
42833
42723
42711
42692
42615
42532
42525
42479
42440
42336
42330
42326
42322
42312
42283
42260
42249
42224
42214
42168
42167
42163
42114
42085
42028
42015
41974
41969
41926
41896
41883
41875
41639
41601
41512
41496
41427
41380
41372
41313
41150
41123
41107
41039
41019
40972
40952
40934
40931
40910
40899
40896
40887
40861
40840
40811
40773
40703
40627
40497
40476
40474
40473
40402
40321
40269
40224
40167
40141
40125
39986
39982
39871
39871
39862
39628
39618
39568
39451
39441
39382
39376
39370
39340
39335
39322
39158
39157
39129
39128
39055
39054
38957
38948
38924
38843
38839
38818
38809
38756
38747
38701
38600
38535
38490
38416
38313
38299
38294
38283
38270
38177
38099
38068
37982
37858
37846
37844
37837
37744
37673
37643
37538
37478
37465
37447
37423
37406
37386
37368
37360
37297
37289
37278
37270
37258
37233
37220
37151
37142
37018
36981
36977
36896
36854
36805
36760
36739
36737
36729
36686
36669
36596
36554
36516
36452
36429
36420
36417
36416
36351
36350
36308
36279
36254
36247
36245
36113
36108
36014
35951
35931
35925
35876
35874
35819
35793
35763
35746
35687
35681
35677
35624
35551
35539
35415
35160
35091
35068
34959
34958
34815
34546
34513
34500
34473
34459
34305
34226
34171
34170
34149
34138
34106
34098
34063
33790
33761
33747
33663
33565
33557
33515
33493
33261
33238
33145
33104
33032
33030
32973
32968
32857
32817
32767
32657
32538
32488
32451
32431
32347
32334
32330
32326
32306
32296
32276
32253
32206
32203
32203
32083
32012
31950
31936
31901
31809
31756
31751
31742
31711
31634
31624
31564
31357
31330
31320
31295
31292
31248
31239
31138
31039
31032
30982
30903
30876
30587
30575
30546
30513
30450
30355
30103
30100
30091
30069
30047
29981
29948
29833
29764
29625
29591
29591
29589
29575
29570
29566
29538
29531
29406
29384
29378
29215
29196
29168
29111
29102
29095
29095
29050
28977
28952
28946
28851
28831
28741
28738
28711
28592
28518
28442
28397
28390
28360
28357
28346
28345
28289
28248
28212
28178
28175
28117
28095
28003
27962
27904
27819
27813
27803
27797
27732
27534
27507
27465
27413
27340
27270
27231
27227
27121
27107
27095
27082
26943
26911
26816
26807
26668
26633
26611
26609
26566
26546
26541
26475
26381
26341
26331
26322
26306
26172
26106
26065
26021
26003
25923
25920
25901
25687
25642
25633
25608
25549
25535
25511
25492
25431
25409
25378
25368
25326
25286
25201
25185
25045
25020
24862
24809
24747
24717
24716
24639
24446
24387
24386
24366
24337
24291
24171
24163
24151
24113
24041
23974
23961
23938
23903
23851
23836
23818
23741
23740
23735
23622
23598
23521
23478
23371
23351
23324
23226
23214
23159
23148
23067
23042
23035
23032
22946
22891
22879
22869
22823
22775
22773
22746
22674
22642
22439
22393
22367
22326
22312
22182
22165
22115
22066
22027
22017
21973
21945
21914
21886
21760
21734
21666
21645
21594
21564
21553
21505
21500
21500
21484
21408
21403
21220
21000
20971
20929
20916
20870
20831
20801
20769
20673
20607
20492
20481
20429
20426
20418
20308
20286
20218
20050
20012
19968
19946
19915
19913
19860
19771
19682
19630
19625
19559
19427
19415
19394
19246
19196
19132
19062
19051
18790
18762
18755
18571
18546
18542
18455
18434
18409
18301
18247
18156
18056
18039
17959
17958
17784
17741
17740
17711
17693
17679
17666
17653
17599
17479
17470
17395
17374
17324
17255
17060
17047
17019
16968
16927
16900
16854
16790
16602
16511
16499
16444
16418
16399
16399
16342
16197
16045
15887
15848
15819
15764
15742
15676
15540
15496
15478
15431
15395
15301
15299
15199
15113
15110
15089
15089
15018
14989
14816
14812
14727
14665
14608
14595
14575
14515
14423
14388
14358
14323
14241
14181
14161
14158
14139
14137
14109
14105
14087
14083
13946
13914
13890
13840
13828
13804
13780
13759
13691
13608
13606
13501
13425
13371
13362
13265
13219
13216
13215
13157
13144
13082
13073
12962
12922
12919
12885
12870
12858
12851
12839
12645
12625
12497
12344
12264
12185
11951
11903
11891
11875
11855
11691
11634
11566
11561
11520
11377
11350
11305
11156
11119
11110
11079
11053
11024
10910
10835
10800
10776
10738
10639
10622
10608
10523
10506
10461
10324
10312
10241
10236
10048
10002
9942
9934
9930
9930
9928
9810
9797
9765
9751
9745
9651
9578
9536
9527
9513
9480
9412
9409
9333
9326
9323
9205
9153
9149
9031
8991
8960
8957
8836
8808
8780
8622
8619
8601
8570
8567
8563
8537
8509
8482
8438
8434
8422
8397
8366
8334
8260
8133
8043
7973
7967
7887
7879
7853
7813
7776
7753
7695
7565
7561
7444
7417
7416
7408
7290
7287
7204
7128
7124
7120
7032
6854
6818
6817
6705
6614
6598
6480
6459
6281
6167
6165
6147
6145
6101
6092
6030
5855
5680
5651
5604
5586
5556
5524
5462
5458
5428
5290
5284
5206
5203
5195
5143
5129
5121
5009
4999
4818
4814
4793
4736
4720
4552
4411
4347
4196
4194
4167
4079
4069
4042
4030
4025
4019
3848
3703
3617
3603
3560
3553
3525
3521
3424
3344
3288
3282
3276
3199
3178
3095
3053
3047
3045
3041
2950
2938
2917
2909
2862
2827
2723
2714
2692
2688
2660
2658
2569
2523
2521
2498
2433
2291
2138
2131
2000
1957
1949
1936
1928
1845
1833
1831
1717
1659
1616
1607
1550
1523
1417
1407
1378
1326
1239
1220
1155
1135
1096
959
907
855
805
610
582
576
484
430
428
410
169
161
2
