99919
99808
99779
99500
99453
99409
99340
99337
99330
99329
99268
99169
99134
99063
99047
99032
98994
98991
98964
98876
98866
98838
98804
98731
98691
98631
98452
98396
98341
98298
98259
98199
98155
98142
98024
97995
97881
97818
97774
97591
97580
97565
97557
97552
97495
97377
97327
97238
97219
97187
97184
97178
97132
97102
96892
96860
96774
96714
96707
96700
96661
96649
96579
96441
96392
96302
96287
96247
96155
96094
96082
96045
95980
95965
95939
95936
95919
95901
95854
95848
95790
95789
95784
95675
95664
95574
95559
95515
95478
95446
95351
95304
95261
95193
95172
95136
95099
95016
94955
94848
94843
94807
94771
94707
94483
94466
94427
94408
94393
94367
94350
94278
94277
94219
94121
94076
94022
93977
93908
93811
93775
93760
93732
93723
93709
93704
93644
93603
93598
93574
93559
93409
93402
93350
93327
93304
93274
93258
93237
93141
93124
92998
92933
92901
92863
92811
92794
92778
92757
92672
92651
92565
92531
92520
92474
92384
92365
92350
92231
92117
92060
91938
91824
91762
91732
91717
91699
91603
91550
91401
91327
91288
91260
91211
91175
91157
91004
90988
90950
90900
90887
90866
90859
90839
90758
90717
90666
90582
90548
90528
90510
90497
90487
90478
90331
90316
90308
90287
90255
90180
90123
90104
90035
89997
89983
89869
89831
89797
89782
89733
89640
89626
89541
89514
89471
89433
89250
89097
89088
89072
89071
89021
88960
88941
88918
88801
88787
88771
88646
88591
88451
88409
88384
88377
88372
88307
88200
88196
88157
88118
88076
88026
88006
88002
87955
87865
87831
87817
87717
87709
87696
87646
87634
87491
87486
87376
87260
87156
87154
87134
86917
86880
86801
86714
86653
86616
86601
86468
86439
86430
86425
86423
86361
86320
86302
86290
86143
86101
86076
85896
85843
85795
85780
85691
85689
85621
85494
85446
85437
85424
85383
85316
85305
85284
85284
85280
85274
85221
85146
85126
85119
84975
84901
84808
84787
84755
84739
84691
84685
84665
84659
84440
84440
84435
84408
84395
84340
84335
84271
84089
84086
84059
84013
84008
83998
83977
83973
83971
83968
83826
83771
83738
83724
83702
83684
83610
83537
83506
83501
83261
83219
83188
83155
83147
83123
83027
82958
82955
82921
82908
82834
82723
82716
82605
82560
82529
82526
82490
82476
82354
82294
82290
82289
82277
82261
82254
82122
82108
82105
82070
82038
82036
81941
81881
81833
81817
81737
81511
81468
81449
81438
81397
81321
81316
81294
81255
81179
81154
81126
81113
81075
81059
81030
80943
80932
80917
80886
80884
80883
80864
80560
80547
80431
80413
80365
80114
79920
79874
79867
79862
79840
79827
79779
79741
79697
79676
79657
79654
79614
79600
79514
79499
79472
79462
79433
79426
79399
79318
79214
79162
79123
79047
78932
78823
78802
78763
78734
78648
78631
78599
78561
78526
78501
78482
78280
78181
78036
78031
77997
77939
77711
77633
77550
77498
77441
77374
77371
77335
77299
77270
77170
77161
77041
77022
76939
76759
76749
76745
76676
76673
76669
76626
76622
76610
76519
76480
76459
76435
76395
76378
76357
76355
76313
76212
76085
75938
75866
75825
75804
75775
75626
75587
75557
75524
75504
75365
75299
75266
75243
75212
75157
75141
75130
75061
75053
75040
74980
74974
74940
74917
74842
74840
74789
74718
74593
74525
74425
74413
74126
74039
74012
74007
74003
73977
73880
73843
73791
73577
73576
73559
73535
73520
73430
73390
73239
73115
73110
73096
73096
73076
73010
72985
72940
72891
72889
72845
72834
72790
72729
72625
72560
72525
72472
72471
72460
72406
72398
72194
72193
72151
72049
72036
72011
71972
71939
71936
71884
71857
71836
71819
71758
71739
71695
71686
71597
71582
71391
71380
71248
71185
71154
71136
71124
71078
71056
71032
71025
71008
71006
70951
70856
70855
70773
70664
70653
70631
70621
70617
70614
70567
70525
70465
70458
70453
70334
70218
70193
70136
70069
70035
69977
69898
69840
69743
69705
69703
69671
69615
69537
69504
69389
69371
69162
69096
69068
69020
68988
68945
68827
68801
68736
68728
68728
68718
68714
68690
68667
68635
68610
68610
68579
68530
68477
68406
68395
68331
68206
67948
67927
67920
67856
67842
67801
67753
67730
67556
67542
67530
67471
67464
67417
67098
66879
66868
66826
66799
66770
66703
66680
66678
66488
66380
66330
66315
66314
66268
66185
66061
66046
66034
66015
66000
65976
65950
65944
65933
65837
65806
65727
65725
65683
65651
65551
65521
65485
65350
65347
65336
65295
65273
65242
65223
65079
64932
64851
64847
64815
64710
64684
64653
64638
64582
64565
64396
64373
64368
64312
64160
63993
63992
63950
63839
63784
63778
63758
63664
63643
63503
63484
63415
63375
63229
63229
63225
63142
63133
63112
63082
63033
63010
62953
62855
62509
62477
62444
62431
62326
62318
62274
62236
62166
62025
61834
61770
61708
61691
61604
61603
61548
61487
61382
61270
61234
61187
61121
61115
61024
60979
60941
60653
60559
60508
60446
60393
60373
60312
60301
60244
60130
60126
60125
59971
59906
59875
59842
59785
59686
59660
59557
59557
59493
59460
59411
59384
59370
59287
59185
59139
59118
59099
59055
59017
58963
58928
58796
58667
58571
58546
58523
58480
58446
58402
58319
58266
58235
58176
58110
58059
58053
57994
57889
57757
57746
57635
57616
57570
57549
57519
57518
57502
57463
57331
57309
57262
57178
57172
57026
56944
56935
56905
56896
56865
56860
56845
56796
56795
56737
56717
56716
56703
56680
56561
56554
56505
56237
56188
56154
56119
56108
56090
56061
56040
56026
56008
55984
55937
55936
55895
55879
55792
55779
55679
55499
55471
55444
55362
55330
55328
55306
55224
55223
55188
55131
55033
55003
54910
54897
54896
54848
54739
54710
54678
54662
54614
54556
54423
54422
54362
54234
54205
54202
54161
54017
54012
53995
53990
53910
53785
53696
53646
53643
53642
53633
53633
53589
53587
53523
53392
53371
53322
53235
53126
53124
53029
53015
52881
52792
52767
52754
52750
52661
52609
52583
52573
52564
52543
52532
52531
52512
52481
52418
52388
52349
52237
52146
52129
52065
51999
51997
51997
51943
51896
51879
51771
51671
51627
51577
51547
51542
51501
51464
51388
51360
51315
51307
51306
51300
51042
50990
50980
50977
50924
50859
50826
50783
50645
50626
50555
50539
50480
50402
50397
50350
50285
50261
50240
50217
50132
50125
50102
50078
50061
50051
50048
50023
50009
49961
49940
49844
49820
49769
49757
49482
49323
49275
49261
49025
48973
48943
48928
48802
48743
48669
48636
48354
48312
48234
48225
48222
48205
48172
48098
48057
47900
47742
47729
47662
47632
47631
47612
47578
47510
47497
47458
47455
47449
47395
47351
47335
47318
47287
47266
47257
47236
47152
47108
47046
46881
46840
46814
46793
46768
46727
46709
46639
46603
46591
46530
46514
46475
46458
46363
46351
46303
46270
46183
46169
46075
45953
45949
45942
45930
45902
45858
45792
45734
45697
45667
45587
45431
45402
45375
45373
45336
45322
45314
45300
45287
45286
45183
45126
45089
45053
44964
44928
44906
44898
44857
44827
44671
44558
44546
44526
44517
44515
44503
44489
44460
44456
44429
44399
44392
44354
44240
44237
44221
44195
44177
44174
44023
43980
43960
43870
43861
43860
43828
43796
43709
43661
43647
43645
43460
43363
43278
43241
43188
43172
43005
42993
42990
42897
42795
42703
42612
42508
42489
42432
42393
42387
42347
42345
42342
42295
42281
42271
42251
42237
42191
42139
42136
42109
42083
42079
42072
42050
42033
41970
41796
41772
41683
41577
41505
41493
41442
41383
41353
41312
41264
41208
41204
41154
41143
41114
41114
41107
40967
40963
40931
40903
40874
40857
40847
40833
40829
40772
40706
40692
40645
40639
40604
40556
40554
40508
40387
40309
40283
40260
40176
40008
39971
39962
39901
39869
39869
39834
39824
39735
39701
39630
39534
39479
39457
39391
39376
39352
39321
39281
39252
39241
39239
39216
39202
39160
39142
39123
39112
39111
39028
38881
38828
38764
38761
38597
38565
38533
38523
38449
38353
38295
38293
38187
38135
38134
38101
38051
38018
37976
37973
37899
37870
37825
37745
37744
37714
37661
37637
37604
37552
37498
37495
37483
37408
37404
37269
37173
37155
37098
37075
36989
36900
36885
36706
36656
36622
36599
36598
36592
36585
36575
36562
36428
36415
36411
36316
36299
36293
36293
36273
36263
36216
35937
35914
35904
35827
35817
35783
35771
35743
35694
35629
35506
35438
35419
35415
35300
35275
35253
35163
35143
35109
35103
35021
34990
34901
34851
34651
34618
34591
34547
34338
34321
34316
34238
34198
34175
34106
34079
34013
33946
33919
33881
33876
33836
33822
33754
33725
33721
33626
33522
33450
33427
33347
33321
33264
33261
33244
33209
33198
33180
33066
33064
33014
33007
32990
32981
32940
32866
32847
32769
32744
32650
32639
32526
32252
32246
32236
32202
32092
32075
31907
31872
31738
31719
31670
31668
31666
31616
31590
31484
31441
31377
31363
31302
31269
31250
31191
31014
30939
30909
30840
30812
30810
30754
30749
30747
30721
30658
30652
30647
30604
30356
30289
30286
30276
30238
30238
30180
30129
30101
29995
29963
29953
29907
29885
29746
29488
29231
29189
29121
28993
28802
28738
28579
28554
28533
28515
28469
28383
28357
28355
28354
28238
28198
28186
28165
28130
28113
27984
27982
27915
27913
27864
27785
27722
27662
27618
27495
27474
27431
27378
27332
27203
27123
26961
26848
26684
26632
26597
26588
26430
26425
26360
26284
26277
26128
26095
26066
26045
25897
25871
25774
25752
25748
25485
25450
25427
25376
25359
25357
25354
25323
25321
25315
25204
25181
25131
25121
25096
25078
24954
24884
24881
24873
24779
24752
24708
24698
24643
24579
24558
24550
24526
24457
24293
24251
24165
23995
23905
23892
23874
23872
23724
23671
23374
23362
23328
23289
23268
23264
23263
23205
23186
23181
23134
23047
23018
23011
22950
22825
22806
22750
22748
22693
22633
22617
22585
22524
22435
22420
22352
22337
22235
22095
22095
22084
21996
21961
21935
21918
21891
21835
21691
21688
21361
21277
21142
21142
21122
21038
20945
20902
20843
20803
20767
20644
20563
20497
20427
20400
20396
20370
20361
20346
20306
20170
20165
20117
20089
20087
20036
19937
19937
19929
19872
19861
19852
19816
19765
19698
19663
19663
19655
19597
19538
19514
19439
19420
19379
19351
19298
19209
19013
19002
18876
18856
18770
18762
18722
18700
18643
18555
18539
18519
18470
18440
18436
18395
18390
18321
18297
18256
18232
18176
18167
18096
18081
18009
17900
17813
17771
17704
17548
17487
17474
17369
17340
17309
17175
17135
17125
17065
16786
16575
16571
16557
16525
16436
16430
16220
16195
16166
16098
16098
16021
15956
15932
15866
15846
15837
15786
15697
15673
15670
15637
15632
15609
15603
15452
15365
15362
15272
15271
15187
15156
15139
15079
14989
14901
14887
14865
14806
14801
14771
14688
14605
14474
14449
14337
14333
14327
14245
14234
14148
14118
14117
14101
14039
14019
14001
13948
13936
13924
13878
13781
13694
13637
13619
13613
13584
13544
13492
13468
13460
13432
13432
13414
13354
13290
13288
13271
13239
13227
13207
13164
13155
12966
12955
12949
12946
12930
12905
12798
12771
12765
12549
12365
12339
12160
12145
12120
12056
12045
12029
11946
11926
11879
11877
11851
11809
11696
11687
11670
11645
11598
11540
11518
11495
11410
11374
11370
11358
11355
11227
11194
11178
11142
11133
11085
10979
10947
10900
10890
10815
10753
10743
10606
10605
10570
10545
10521
10465
10457
10331
10331
10197
10153
10147
10107
10088
10086
10026
10017
9986
9943
9930
9906
9870
9784
9783
9779
9616
9531
9204
9131
9087
9072
9061
9039
9015
8968
8819
8773
8667
8581
8454
8448
8430
8429
8290
8258
8128
8044
8036
7991
7960
7933
7926
7892
7878
7793
7782
7678
7610
7414
7400
7323
7312
7306
7244
7178
7171
7169
7114
7101
7078
6951
6947
6914
6907
6863
6850
6745
6650
6543
6355
6233
6228
6193
6136
6045
6035
5998
5956
5775
5731
5705
5705
5551
5472
5438
5419
5334
5317
5279
5267
5188
5185
5131
5101
4950
4842
4774
4735
4631
4550
4534
4498
4497
4484
4479
4438
4418
4382
4355
4343
4314
4280
4053
4053
3996
3979
3960
3956
3940
3916
3869
3810
3792
3786
3643
3598
3592
3570
3486
3468
3389
3386
3374
3312
3286
3282
3270
3233
3229
3123
3078
3054
3043
3029
2997
2974
2949
2937
2859
2827
2825
2821
2775
2722
2628
2579
2456
2425
2402
2380
2243
2164
2104
2039
1952
1903
1847
1777
1768
1693
1611
1595
1591
1550
1519
1490
1483
1429
1408
1389
1337
1307
1234
1120
1099
953
952
937
844
786
772
762
647
631
626
496
485
480
470
392
349
239
205
93
11
