99947
99889
99808
99801
99775
99767
99742
99731
99650
99635
99596
99431
99414
99335
99290
99284
99250
99221
98989
98940
98900
98881
98817
98783
98762
98688
98615
98589
98561
98484
98431
98423
98389
98352
98304
98179
98139
98120
98100
98097
98070
97953
97921
97801
97779
97706
97697
97653
97636
97495
97484
97460
97364
97324
97182
97092
97075
97007
96982
96923
96918
96888
96768
96729
96703
96665
96664
96657
96653
96555
96526
96502
96425
96375
96304
96154
96126
96115
96030
95924
95892
95810
95805
95785
95700
95683
95649
95591
95530
95429
95296
95178
95152
95148
95093
95030
94803
94795
94770
94768
94764
94725
94716
94711
94693
94634
94610
94503
94502
94498
94479
94474
94451
94262
94186
94172
94098
94068
93990
93954
93916
93842
93832
93820
93795
93741
93693
93672
93627
93561
93547
93289
93110
93090
93059
92988
92979
92855
92660
92653
92561
92544
92526
92484
92474
92394
92384
92262
92185
92169
92086
92074
92035
91905
91896
91834
91611
91596
91537
91516
91486
91419
91395
91373
91367
91315
91303
91279
91259
91253
91224
91198
91186
91181
91148
91122
91107
91093
91075
91071
91065
91026
90976
90955
90832
90825
90810
90808
90788
90748
90728
90727
90715
90661
90631
90434
90284
90187
90138
90094
90053
89995
89868
89847
89823
89794
89760
89737
89687
89675
89592
89592
89517
89516
89460
89398
89369
89338
89178
89146
89094
89034
88989
88977
88954
88888
88833
88833
88756
88738
88714
88688
88593
88513
88259
88220
88205
88202
88152
88136
88062
88059
88001
87983
87975
87964
87961
87926
87897
87887
87813
87791
87703
87645
87633
87613
87583
87569
87568
87521
87500
87433
87013
86994
86977
86972
86965
86947
86911
86872
86839
86722
86637
86618
86473
86459
86326
86322
86229
86175
86168
86141
86120
85941
85940
85913
85887
85860
85852
85845
85757
85755
85637
85578
85539
85397
85376
85352
85350
85343
85292
85238
85182
85098
85096
84978
84881
84755
84631
84364
84352
84296
84227
84199
84156
84144
84138
84107
84081
84057
84000
83954
83784
83754
83674
83642
83621
83593
83589
83537
83520
83510
83504
83502
83461
83382
83369
83325
83221
83201
83151
83149
83143
83133
83056
83003
82965
82964
82934
82933
82923
82881
82797
82737
82732
82536
82464
82395
82340
82289
82284
82130
82126
82052
82017
81975
81967
81946
81864
81854
81851
81805
81764
81664
81539
81490
81350
81318
81278
81243
81208
81149
81115
81106
81088
81032
81025
80992
80966
80850
80786
80754
80666
80646
80638
80608
80433
80417
80376
80222
80158
80146
80117
80088
80080
80045
80000
79991
79964
79927
79898
79859
79824
79810
79700
79682
79665
79591
79110
79104
79089
78999
78959
78950
78928
78921
78918
78868
78854
78700
78598
78528
78506
78504
78501
78477
78427
78336
78324
78243
78228
78217
78197
78157
78041
77972
77956
77928
77854
77851
77850
77808
77671
77660
77658
77565
77521
77488
77401
77340
77328
77325
77223
77119
76999
76994
76913
76819
76766
76709
76620
76441
76374
76350
76338
76299
76241
76220
76203
76104
76103
76005
75999
75985
75970
75931
75917
75890
75867
75835
75826
75591
75548
75442
75364
75337
75225
75219
75216
75160
75145
75091
75060
74989
74928
74914
74726
74554
74511
74481
74441
74356
74346
74336
74329
74321
74258
74238
74178
73947
73889
73868
73867
73865
73753
73734
73696
73669
73643
73594
73570
73485
73422
73381
73330
73313
73304
73294
73256
73242
73200
73182
73144
73113
73079
73067
72990
72968
72954
72849
72738
72718
72698
72677
72676
72660
72567
72439
72435
72424
72383
72331
72133
72126
72084
72061
72007
71984
71956
71864
71747
71574
71465
71458
71444
71414
71351
71339
71325
71215
71215
71026
70998
70985
70985
70900
70727
70691
70483
70441
70364
70363
70353
70334
70296
70250
70155
70056
70031
70028
69981
69980
69957
69919
69824
69801
69798
69779
69767
69715
69640
69626
69583
69555
69525
69477
69454
69444
69365
69357
69311
69279
69270
69269
69266
69241
69189
69123
69039
68979
68967
68873
68599
68550
68474
68436
68417
68337
68316
68301
68296
68243
68225
68202
68190
68164
68127
68121
68044
67894
67856
67838
67725
67686
67496
67427
67362
67339
67322
67295
67276
67259
67111
67079
67022
66985
66935
66915
66882
66873
66781
66739
66684
66590
66568
66484
66436
66395
66231
66227
66225
66194
66152
66140
66085
66085
66012
65941
65897
65800
65798
65734
65675
65648
65555
65496
65493
65470
65382
65285
65284
65255
65185
65102
65074
65027
65017
64987
64962
64939
64832
64741
64739
64733
64643
64451
64410
64354
64275
64274
64252
64226
64193
64182
64079
64070
64052
64025
64014
63950
63923
63898
63898
63794
63748
63580
63540
63527
63513
63497
63332
63327
63267
63241
63205
63203
63163
63123
63115
63037
63033
63022
62980
62968
62968
62849
62701
62681
62667
62599
62539
62472
62399
62382
62370
62276
62270
62268
62231
62135
62046
62042
62028
61986
61977
61894
61866
61864
61769
61761
61756
61635
61610
61575
61457
61440
61417
61394
61335
61299
61193
61106
61036
61012
60902
60869
60850
60838
60790
60748
60710
60619
60610
60569
60548
60538
60538
60480
60449
60257
60256
60202
60136
60117
59954
59917
59905
59886
59855
59842
59819
59818
59707
59673
59576
59516
59514
59489
59460
59404
59329
59325
59322
59244
59242
59221
59154
58969
58897
58888
58865
58848
58829
58768
58755
58749
58713
58633
58605
58539
58493
58431
58431
58414
58264
58201
58139
58013
57932
57901
57888
57887
57826
57763
57725
57725
57695
57688
57665
57584
57564
57415
57350
57349
57245
57238
57141
57114
57013
56958
56891
56883
56852
56760
56756
56724
56647
56644
56608
56561
56546
56536
56518
56475
56443
56415
56392
56357
56206
56160
56111
56090
56070
56050
56023
55897
55889
55814
55766
55696
55675
55616
55581
55556
55509
55503
55405
55308
55304
55288
55278
55266
55186
55098
55093
55070
55044
55041
55011
54982
54912
54857
54836
54834
54786
54767
54752
54730
54693
54661
54584
54430
54343
54319
54314
54242
54202
54175
54127
54116
54044
53946
53930
53888
53796
53790
53699
53587
53459
53429
53422
53378
53272
53252
53208
53159
53109
53075
53056
53050
53032
52902
52861
52722
52715
52623
52481
52400
52376
52354
52276
52270
52126
51999
51985
51961
51855
51849
51806
51634
51587
51585
51498
51492
51485
51434
51427
51360
51256
51229
51085
51023
50945
50924
50903
50801
50773
50767
50753
50752
50696
50492
50474
50474
50376
50320
50315
50306
50264
50238
50056
50010
50009
50001
49916
49908
49835
49804
49769
49742
49716
49557
49541
49538
49505
49410
49366
49242
49228
49173
49158
49118
49048
48997
48965
48931
48913
48899
48861
48819
48817
48753
48720
48692
48639
48602
48597
48589
48446
48323
48209
48147
48076
48063
48029
48024
48023
48001
47978
47960
47931
47846
47751
47751
47608
47587
47479
47477
47446
47365
47310
47290
47247
46990
46820
46767
46749
46632
46597
46567
46529
46493
46386
46364
46312
46309
46283
46237
46230
46212
46019
45981
45941
45931
45897
45893
45781
45700
45569
45514
45483
45433
45292
45262
45233
45233
45222
45212
45201
45099
45001
44922
44892
44709
44570
44567
44543
44536
44515
44486
44367
44206
44195
44147
44049
44044
44008
44000
43855
43848
43785
43771
43747
43656
43520
43401
43367
43337
43305
43260
43143
43077
43053
43019
43010
43002
42966
42950
42928
42868
42729
42692
42674
42584
42545
42517
42479
42342
42335
42324
42324
42287
42266
42255
42223
42150
42107
42033
42021
42017
42006
41843
41827
41819
41787
41714
41659
41659
41654
41532
41521
41446
41427
41369
41318
41299
41241
41224
41128
41012
40968
40966
40951
40864
40852
40755
40753
40734
40720
40662
40642
40631
40620
40591
40564
40526
40508
40506
40439
40383
40365
40308
40259
40184
40058
40056
40022
40022
39917
39854
39823
39813
39743
39691
39599
39494
39429
39421
39397
39369
39330
39301
39255
39248
39242
39134
38986
38954
38936
38860
38821
38790
38784
38762
38740
38732
38688
38624
38539
38467
38446
38324
38306
38210
38133
38124
38109
38106
38094
38037
37919
37784
37755
37638
37546
37522
37476
37400
37317
37261
37253
37196
37105
37050
37004
36939
36914
36777
36764
36673
36647
36503
36452
36356
36343
36324
36232
36037
36035
36005
35985
35947
35925
35888
35881
35811
35768
35736
35599
35557
35437
35430
35371
35343
35304
35298
35215
35175
35134
35107
34940
34930
34904
34903
34858
34853
34842
34838
34811
34793
34759
34746
34683
34669
34629
34533
34517
34495
34471
34450
34381
34361
34311
34241
34164
34148
34117
34093
34082
34043
34037
34023
34016
33906
33873
33817
33799
33791
33767
33734
33635
33634
33588
33506
33407
33352
33342
33340
33253
33240
33191
33190
32812
32812
32733
32695
32690
32657
32647
32608
32602
32588
32503
32433
32420
32245
32214
32064
32058
32006
31888
31802
31711
31588
31441
31413
31409
31376
31344
30838
30766
30661
30652
30633
30615
30555
30454
30385
30374
30323
30319
30311
30292
30250
30197
30191
30190
30171
30120
30103
30066
30000
29978
29952
29935
29910
29829
29810
29593
29572
29566
29516
29486
29385
29385
29171
29157
29147
29064
29024
29024
28929
28847
28842
28748
28596
28588
28470
28436
28316
28243
28113
28060
28026
27851
27837
27772
27674
27669
27589
27500
27299
27226
27178
27102
26966
26938
26758
26752
26735
26717
26703
26627
26593
26592
26314
26288
26277
26167
26165
26105
26081
26060
26009
25988
25893
25883
25841
25839
25719
25709
25648
25613
25530
25525
25510
25457
25444
25425
25367
25281
25267
25235
25224
25099
25063
24680
24563
24522
24430
24384
24362
24326
24295
24284
24251
24240
24089
24076
24066
24053
23973
23751
23658
23631
23562
23549
23536
23492
23428
23279
23264
23216
23192
23192
23178
23159
23151
23088
23073
23015
22895
22867
22805
22748
22720
22678
22670
22627
22599
22568
22460
22382
22312
22277
22276
22225
22169
22142
22092
21964
21935
21868
21787
21692
21575
21561
21523
21429
21415
21331
21277
21253
21247
21244
21131
21115
21114
21091
21083
20986
20976
20966
20915
20912
20826
20724
20649
20556
20515
20492
20415
20352
20338
20322
20313
20272
20257
20235
20221
20194
20155
20117
20111
20110
20107
20096
20021
20005
19870
19868
19835
19809
19738
19731
19729
19699
19606
19586
19432
19420
19350
19225
19065
19038
19015
19006
19003
18978
18828
18805
18789
18713
18590
18567
18517
18513
18495
18473
18417
18359
18350
18254
18208
18178
18055
18008
17999
17967
17851
17802
17758
17608
17513
17496
17427
17426
17402
17351
17333
17152
17138
17043
17041
16941
16791
16636
16588
16536
16528
16378
16326
16103
16096
16022
16012
15991
15969
15954
15792
15782
15698
15673
15583
15538
15515
15413
15369
15342
15265
15197
14961
14953
14849
14783
14754
14706
14676
14669
14642
14536
14509
14466
14459
14329
14129
14013
13944
13870
13840
13821
13746
13723
13722
13622
13598
13573
13423
13395
13320
13313
13247
13239
13226
13211
13171
13118
13079
12901
12894
12879
12844
12746
12721
12666
12618
12547
12543
12521
12516
12514
12362
12344
12264
12215
12186
12170
12145
12098
12083
12014
12011
11923
11879
11855
11851
11843
11772
11742
11680
11627
11612
11555
11389
11368
11343
11321
11302
11261
11188
11147
11094
11091
11063
11030
11013
10976
10965
10929
10863
10801
10788
10785
10741
10662
10418
10376
10353
10350
10337
10288
10257
10226
10213
10142
10138
9923
9848
9828
9828
9746
9671
9572
9548
9513
9302
9301
9246
9245
9090
8983
8876
8828
8723
8649
8644
8526
8492
8357
8304
8109
8101
8039
8034
8022
8010
7980
7951
7890
7848
7759
7710
7618
7565
7546
7532
7527
7510
7420
7395
7395
7395
7371
7357
7243
7160
7092
7058
6967
6957
6934
6915
6748
6633
6604
6497
6379
6358
6336
6306
6276
6222
6209
6145
6095
6065
6064
6062
6034
6010
6007
5946
5924
5856
5799
5684
5577
5572
5495
5483
5285
5265
5159
5104
5104
5029
4997
4951
4901
4721
4661
4660
4624
4586
4538
4518
4451
4427
4407
4303
4262
4214
4172
4155
4123
4104
4028
3972
3953
3953
3845
3811
3797
3714
3668
3646
3629
3589
3482
3448
3394
3360
3346
3337
3320
3212
3176
3175
3171
3146
3003
2955
2860
2853
2818
2576
2574
2523
2408
2401
2395
2377
2374
2366
2310
2306
2292
2006
1867
1859
1799
1736
1695
1577
1559
1533
1485
1479
1458
1409
1310
1281
1220
1220
1095
1085
1082
1004
960
883
724
682
680
661
656
652
605
597
594
556
488
446
427
417
410
380
380
363
289
277
265
215
181
179
112
108
49
30
23
19
