99916
99872
99846
99845
99738
99709
99617
99549
99522
99513
99497
99496
99486
99437
99422
99300
99128
99073
98909
98756
98713
98696
98646
98635
98633
98607
98581
98560
98540
98527
98494
98445
98391
98367
98272
98181
97750
97721
97564
97559
97553
97516
97512
97510
97437
97338
97303
97252
97204
97171
97150
97129
97051
97033
96994
96989
96949
96918
96878
96810
96782
96670
96501
96459
96406
96316
96311
96302
96199
96144
95978
95891
95657
95639
95630
95552
95540
95513
95511
95481
95386
95383
95337
95093
94870
94743
94738
94737
94704
94703
94670
94587
94523
94507
94452
94444
94426
94409
94383
94368
94348
94314
94243
94241
94234
94168
94077
94043
93983
93980
93962
93928
93917
93854
93797
93751
93646
93597
93587
93583
93556
93476
93357
93313
93275
93249
93170
93160
93128
93123
93112
93055
93001
92991
92970
92882
92882
92806
92797
92770
92737
92723
92697
92677
92473
92357
92278
92190
92165
92147
92137
92118
92103
92031
92005
91869
91803
91802
91724
91676
91664
91606
91532
91463
91436
91418
91410
91365
91363
91257
91247
91202
91037
90992
90904
90884
90880
90840
90697
90685
90666
90639
90634
90623
90593
90524
90476
90451
90430
90369
90332
90302
90278
90126
90022
89974
89904
89837
89793
89758
89725
89677
89602
89561
89505
89423
89358
89232
89179
89178
89057
89040
89031
88947
88939
88862
88847
88844
88796
88791
88791
88758
88755
88750
88744
88725
88648
88597
88457
88409
88382
88365
88265
88234
88191
88180
88176
88133
88114
88023
88013
88004
87917
87871
87857
87672
87640
87633
87488
87460
87428
87331
87302
87284
87276
87254
87203
87180
87107
87100
87096
87089
87035
87029
86969
86968
86801
86766
86623
86611
86463
86408
86401
86359
86265
86210
86052
86050
85948
85884
85797
85723
85719
85591
85584
85582
85525
85432
85404
85149
85116
85023
85003
84981
84903
84888
84845
84746
84599
84583
84573
84568
84516
84514
84507
84454
84420
84329
84287
84267
84169
84104
84096
84086
84069
84033
84012
83922
83910
83838
83815
83681
83673
83654
83647
83591
83528
83515
83504
83404
83270
83245
83239
83229
83175
83150
83004
82938
82891
82827
82808
82788
82768
82715
82677
82638
82450
82404
82363
82325
82286
82201
82148
82050
81981
81941
81895
81785
81760
81721
81455
81438
81323
81319
81297
81277
81253
80891
80823
80785
80723
80277
80197
80152
80146
80140
80109
80019
79962
79864
79858
79782
79706
79695
79643
79609
79603
79599
79544
79537
79519
79513
79497
79481
79315
79310
79289
79242
79152
79086
79039
78714
78678
78671
78667
78664
78609
78593
78513
78428
78394
78293
78265
78245
78159
78134
78130
77970
77715
77707
77652
77590
77582
77575
77514
77441
77188
77181
77152
77013
76982
76915
76898
76812
76790
76679
76655
76655
76650
76641
76617
76526
76458
76416
76403
76402
76283
76225
76216
76198
76175
76124
76099
76057
76023
75976
75974
75971
75934
75893
75871
75855
75829
75824
75734
75717
75701
75691
75653
75598
75579
75513
75410
75388
75138
75111
75023
74945
74901
74889
74885
74856
74851
74801
74793
74782
74702
74686
74644
74589
74587
74554
74528
74503
74492
74458
74427
74369
74369
74314
74233
74114
74034
74021
74020
74000
73979
73979
73948
73874
73825
73759
73734
73710
73635
73614
73540
73516
73506
73396
73345
73213
73205
73186
73159
73143
73118
73053
72976
72945
72935
72890
72859
72801
72784
72761
72698
72685
72645
72643
72577
72552
72501
72494
72434
72381
72329
72324
72285
72280
72257
72182
72131
72020
71808
71793
71770
71759
71744
71710
71618
71486
71391
71376
71306
71263
71227
70966
70817
70770
70742
70739
70704
70659
70646
70614
70555
70549
70536
70525
70481
70466
70465
70448
70394
70388
70379
70335
70335
70310
70288
70273
70246
70234
70222
70152
70058
69967
69940
69893
69812
69812
69739
69738
69728
69614
69536
69483
69423
69378
69343
69280
69255
69198
69194
69099
68763
68713
68692
68671
68573
68494
68456
68373
68348
68344
68312
68282
68207
68141
68103
68092
68076
68001
67990
67982
67874
67851
67807
67796
67730
67684
67612
67571
67569
67552
67522
67478
67456
67383
67363
67358
67283
67268
67199
67172
67150
67064
67013
66931
66886
66838
66818
66775
66771
66771
66765
66707
66705
66678
66675
66655
66606
66515
66514
66505
66493
66449
66396
66376
66287
66277
66276
66154
66143
66130
66112
66007
65944
65932
65757
65751
65705
65700
65607
65552
65524
65477
65331
65138
65106
65074
65032
65029
65019
65003
64960
64943
64942
64870
64851
64833
64818
64811
64595
64565
64528
64465
64389
64365
64363
64326
64280
64279
64261
64242
64162
64071
64069
64068
64026
63984
63937
63891
63546
63541
63499
63486
63405
63371
63360
63346
63337
63323
63322
63295
63257
63195
62953
62874
62837
62698
62685
62663
62435
62394
62369
62278
62256
62202
62182
62176
62169
62066
61957
61954
61822
61779
61761
61726
61699
61579
61548
61534
61521
61497
61352
61271
61262
61177
61171
61067
61032
61016
60974
60958
60931
60921
60779
60725
60677
60670
60656
60643
60597
60505
60391
60369
60224
60197
60180
60179
60140
60089
60050
59975
59920
59804
59571
59478
59456
59443
59418
59381
59329
59247
59198
59034
59029
59011
58963
58957
58898
58856
58836
58682
58665
58664
58641
58596
58591
58567
58556
58540
58533
58514
58481
58436
58379
58345
58248
58204
58180
58178
58167
58149
58132
57922
57915
57914
57887
57852
57775
57703
57622
57615
57472
57435
57372
57364
57351
57345
57316
57269
57226
57223
57212
57127
57115
57047
56926
56908
56794
56766
56559
56526
56526
56393
56358
56324
56310
56240
56219
56215
56204
56192
56111
56101
56075
56068
55932
55890
55858
55821
55791
55718
55641
55568
55567
55537
55517
55336
55332
55329
55325
55227
55182
55157
55050
55048
55031
54972
54915
54775
54748
54670
54639
54512
54407
54386
54380
54234
54234
54203
54075
54015
53950
53881
53733
53670
53670
53620
53610
53513
53506
53441
53415
53349
53348
53330
53325
53316
53229
53205
53204
53181
53163
53109
53102
52974
52940
52939
52795
52781
52756
52636
52625
52557
52537
52515
52479
52467
52450
52432
52384
52363
52350
52338
52329
52283
52275
52216
52179
52151
52149
52144
52128
52013
51966
51948
51733
51707
51558
51556
51478
51435
51432
51247
51222
51211
51126
51106
51033
51013
51012
50970
50894
50842
50833
50769
50741
50687
50676
50670
50660
50626
50609
50471
50398
50218
50196
50193
49985
49889
49873
49698
49623
49608
49443
49380
49378
49363
49298
49235
49220
49217
49188
49182
49162
49131
49104
49050
48977
48936
48935
48803
48792
48713
48686
48636
48614
48566
48553
48537
48444
48417
48345
48308
48306
48293
48289
48214
48131
48068
48062
47780
47740
47679
47675
47588
47539
47526
47490
47467
47391
47320
47290
47259
47237
47231
47165
47107
47105
47085
47055
47024
46993
46985
46978
46890
46880
46847
46786
46688
46660
46658
46618
46571
46562
46559
46478
46468
46462
46459
46388
46336
46325
46321
46251
46166
46105
46078
46016
45953
45889
45870
45824
45794
45729
45649
45637
45614
45580
45562
45545
45514
45366
45359
45320
45300
45284
45199
45192
44949
44902
44901
44901
44896
44877
44875
44703
44702
44672
44668
44610
44609
44576
44566
44552
44547
44499
44491
44288
44237
44233
44175
44157
44129
43893
43789
43753
43692
43582
43534
43506
43495
43489
43419
43365
43320
43155
43151
43127
43107
42972
42959
42895
42872
42852
42824
42791
42731
42611
42594
42366
42313
42288
42227
42162
42156
42063
42053
41939
41899
41873
41866
41830
41813
41712
41650
41647
41642
41637
41630
41590
41507
41465
41417
41402
41049
41023
40971
40919
40915
40899
40890
40755
40740
40726
40662
40598
40549
40464
40458
40444
40390
40272
40234
40227
40225
40085
40080
39944
39939
39921
39903
39866
39831
39802
39712
39535
39518
39502
39423
39416
39371
39282
39272
39182
39127
38998
38962
38904
38892
38881
38860
38825
38806
38708
38599
38585
38445
38348
38260
38234
38233
38203
38201
38196
38158
38148
38139
38024
37998
37986
37893
37856
37827
37822
37788
37738
37730
37694
37557
37433
37218
37214
37165
37135
37121
37106
37097
37097
36965
36955
36926
36891
36830
36669
36667
36536
36496
36371
36294
36187
36160
36155
36014
35660
35631
35520
35514
35510
35473
35463
35381
35345
35308
35289
35246
35154
35031
35019
34955
34900
34865
34800
34780
34740
34599
34576
34556
34493
34338
34315
34283
34245
34203
34149
34066
34054
34048
34034
34019
33975
33941
33919
33884
33734
33543
33501
33430
33386
33272
33271
33254
33220
33196
33196
32965
32935
32745
32617
32576
32561
32557
32529
32528
32460
32420
32405
32401
32361
32209
32192
32158
32125
32111
32110
32098
31891
31875
31859
31812
31662
31649
31634
31564
31516
31512
31464
31399
31361
31339
31334
31330
31306
31300
31266
31236
31209
31152
31063
31037
30998
30971
30813
30785
30656
30644
30618
30555
30444
30437
30428
30330
30277
30246
30209
30088
30025
30013
29909
29857
29835
29830
29823
29777
29716
29606
29601
29516
29410
29399
29284
29246
29243
29215
29180
29115
29101
28932
28857
28829
28786
28635
28623
28606
28485
28476
28450
28344
28320
28266
28158
28149
28064
28030
27994
27972
27896
27879
27874
27847
27814
27729
27722
27611
27571
27506
27463
27458
27420
27397
27279
27214
27111
27103
27060
27056
27006
26978
26875
26836
26819
26693
26647
26587
26584
26569
26537
26506
26505
26492
26414
26406
26389
26265
26255
26187
26180
26094
26090
26013
25938
25938
25922
25868
25709
25643
25579
25420
25405
25283
25282
25237
25134
25108
25104
25046
25021
25009
24902
24887
24779
24778
24717
24612
24093
23987
23956
23929
23923
23879
23831
23791
23785
23750
23746
23641
23588
23573
23498
23478
23299
23227
23221
23221
23213
23212
23069
23023
23012
22953
22931
22869
22779
22761
22760
22697
22570
22557
22541
22525
22494
22487
22468
22461
22338
22250
22219
22158
22138
22097
22009
21982
21979
21886
21886
21849
21823
21823
21814
21801
21758
21723
21668
21636
21635
21582
21564
21541
21433
21363
21304
21283
21147
21058
21052
21033
20986
20983
20900
20852
20847
20831
20748
20723
20678
20675
20670
20658
20623
20607
20589
20534
20508
20370
20313
20295
20265
20256
20179
20071
20045
19980
19973
19969
19925
19864
19853
19837
19803
19737
19731
19623
19601
19570
19529
19483
19478
19430
19412
19353
19345
19210
19152
19079
18976
18957
18876
18864
18836
18779
18723
18673
18645
18614
18597
18563
18542
18405
18342
18324
18288
18282
18232
18226
18197
18117
18068
18064
17983
17952
17940
17793
17768
17682
17366
17317
17170
17127
17058
16990
16964
16923
16920
16904
16809
16781
16773
16772
16746
16726
16629
16509
16491
16439
16414
16364
16185
16117
16106
15901
15861
15825
15822
15783
15730
15691
15646
15545
15520
15406
15401
15335
15320
15191
15176
15131
15072
15002
14748
14746
14735
14724
14703
14684
14580
14558
14477
14460
14457
14380
14273
14271
14204
14001
13983
13972
13904
13847
13701
13623
13497
13480
13407
13277
13240
13229
13122
13054
12990
12981
12965
12842
12829
12821
12775
12737
12707
12697
12664
12618
12615
12576
12536
12522
12514
12462
12421
12361
12327
12229
12194
12168
12095
12025
11963
11949
11909
11895
11875
11867
11864
11850
11785
11780
11589
11579
11563
11551
11471
11462
11447
11442
11432
11252
11216
11087
11014
10947
10892
10778
10777
10734
10715
10692
10671
10646
10450
10406
10388
10383
10328
10305
10286
10246
10177
10157
10154
9978
9967
9933
9892
9880
9879
9855
9792
9682
9682
9581
9529
9443
9370
9363
9211
8993
8887
8756
8753
8723
8687
8664
8433
8430
8425
8362
8339
8274
8257
8162
8152
8117
8101
8053
7848
7789
7777
7775
7739
7679
7549
7531
7509
7495
7484
7424
7393
7297
7221
7210
7152
7147
7120
7097
7056
6645
6642
6637
6630
6555
6551
6520
6506
6483
6469
6330
6278
6250
6210
6178
6106
6094
6089
6034
6033
5909
5849
5689
5673
5631
5597
5380
5345
5187
5105
4917
4895
4813
4715
4674
4641
4598
4574
4500
4425
4398
4383
4350
4309
4293
4255
4113
3984
3923
3915
3819
3531
3474
3472
3419
3375
3373
3295
3239
3132
2998
2989
2978
2974
2915
2722
2712
2642
2551
2551
2447
2446
2424
2419
2401
2367
2359
2337
2264
2213
2213
2210
2199
2143
2122
2092
1983
1910
1870
1741
1710
1696
1642
1565
1557
1501
1468
1441
1333
1299
1163
1121
1084
1051
947
844
820
798
783
769
736
705
682
621
555
517
431
418
393
392
354
326
289
286
149
143
132
114
112
56
39
21
5
