99962
99908
99854
99848
99836
99827
99769
99764
99627
99589
99526
99526
99486
99470
99420
99412
99394
99377
99374
99316
99248
99236
99079
98992
98926
98885
98884
98756
98723
98659
98547
98515
98465
98444
98300
98236
98143
98137
98062
97979
97883
97881
97853
97785
97748
97708
97703
97663
97650
97571
97551
97373
97303
97300
97262
97256
97169
97163
97110
97092
97010
96923
96909
96709
96681
96673
96672
96569
96567
96510
96474
96251
96237
96178
96163
96161
96070
95992
95982
95956
95933
95931
95846
95845
95826
95766
95698
95634
95628
95616
95569
95549
95500
95438
95438
95428
95371
95348
95315
95309
95232
95197
95185
95168
95145
95115
95061
95009
94986
94975
94821
94817
94799
94700
94700
94580
94560
94524
94447
94388
94335
94302
94274
94272
94259
94202
94107
94083
94046
93923
93901
93761
93630
93595
93588
93579
93558
93506
93502
93500
93419
93321
93278
93272
93251
93247
93101
93090
93065
93050
92975
92945
92907
92798
92756
92628
92587
92452
92410
92373
92305
92292
92161
92129
92047
92001
91998
91965
91896
91886
91845
91714
91696
91646
91631
91463
91439
91427
91421
91415
91394
91374
91362
91304
91092
91066
91054
90985
90962
90910
90690
90615
90609
90567
90564
90543
90501
90402
90346
90300
90283
90260
90253
90110
90026
89952
89920
89894
89882
89768
89720
89690
89631
89596
89591
89554
89550
89505
89497
89485
89468
89466
89461
89447
89327
89264
89263
89201
89104
89074
89057
89013
88987
88899
88836
88833
88827
88763
88722
88659
88640
88586
88523
88424
88384
88336
88306
88277
88269
88248
88180
88145
88121
88108
87984
87859
87821
87813
87794
87666
87665
87661
87599
87591
87473
87467
87435
87306
87305
87303
87237
87137
87082
87066
86990
86888
86811
86753
86708
86632
86607
86500
86454
86391
86298
86249
86232
86214
86189
86175
86175
86161
86055
85966
85885
85706
85697
85680
85670
85577
85574
85572
85550
85543
85538
85536
85514
85506
85481
85421
85382
85321
85304
85293
85272
85259
85160
85114
85019
84905
84862
84858
84736
84670
84664
84557
84529
84510
84498
84476
84447
84417
84409
84277
84271
84174
84166
84110
84080
84071
84030
84025
83958
83896
83890
83887
83831
83746
83745
83717
83713
83711
83678
83672
83475
83445
83408
83374
83371
83296
83275
83178
83057
83041
82992
82895
82758
82722
82717
82681
82655
82597
82565
82540
82430
82427
82382
82315
82231
82195
82194
82168
82099
82090
82064
82039
81995
81968
81909
81817
81668
81588
81459
81456
81415
81368
81358
81160
81099
81068
81043
81009
80917
80900
80884
80851
80824
80815
80798
80727
80675
80653
80641
80550
80468
80399
80385
80249
80216
80177
80124
80099
80060
80050
80033
80021
79978
79931
79909
79695
79654
79633
79549
79482
79478
79350
79339
79292
79255
79079
78956
78897
78838
78722
78720
78681
78532
78523
78419
78419
78335
78312
78224
78163
78131
78062
78051
77989
77986
77984
77956
77873
77870
77794
77752
77676
77531
77486
77406
77251
77247
77208
77181
76981
76913
76799
76755
76744
76675
76655
76515
76507
76482
76435
76407
76357
76331
76307
76262
76184
76156
76089
76013
75773
75767
75739
75693
75600
75575
75569
75531
75514
75509
75437
75420
75410
75348
75327
75274
75250
75207
75203
75189
74998
74976
74842
74818
74779
74693
74663
74653
74457
74456
74414
74254
74062
74019
73997
73918
73903
73872
73701
73681
73672
73657
73654
73607
73566
73503
73487
73476
73470
73445
73433
73393
73383
73353
73311
73283
73282
73256
73233
73180
73077
73021
72954
72954
72935
72878
72769
72745
72739
72670
72668
72518
72472
72423
72298
72266
72243
72204
72192
72115
72089
72085
72072
72067
71891
71882
71882
71830
71737
71621
71524
71523
71397
71311
71275
71223
71200
71173
71070
71032
71030
71014
70868
70847
70705
70703
70641
70638
70631
70567
70548
70453
70383
70377
70357
70352
70290
70169
70136
70120
70068
70026
70018
69975
69919
69856
69856
69834
69637
69620
69576
69485
69467
69363
69360
69317
69254
69211
69161
69143
69084
69065
68980
68519
68516
68480
68387
68337
68290
68194
68111
68098
68083
68011
67945
67921
67905
67893
67845
67803
67717
67617
67587
67587
67516
67504
67433
67420
67418
67269
67221
67201
67201
67102
67075
67041
67010
67004
66989
66955
66927
66818
66665
66633
66526
66411
66370
66347
66341
66323
66301
66296
66239
66232
66206
66204
66153
66080
66004
65929
65865
65841
65718
65709
65704
65695
65674
65640
65626
65502
65431
65345
65265
65210
65073
65037
65011
64825
64719
64707
64695
64601
64588
64571
64544
64476
64458
64453
64415
64388
64372
64335
64289
64226
64147
64005
63982
63981
63967
63908
63906
63883
63736
63629
63604
63463
63427
63354
63322
63302
63279
63276
63252
63215
63192
63089
62990
62776
62752
62734
62657
62638
62622
62569
62541
62486
62389
62381
62170
62160
62110
62094
62088
62077
62053
61978
61806
61755
61647
61603
61537
61369
61339
61288
61173
61171
61157
61154
61096
61094
61066
60939
60932
60896
60866
60864
60784
60756
60755
60752
60738
60661
60630
60616
60542
60528
60490
60487
60458
60444
60416
60338
60329
60216
60153
60097
60037
59926
59921
59859
59850
59841
59837
59757
59741
59715
59714
59706
59652
59642
59588
59275
59242
59214
59203
59144
59113
59105
59101
59051
58904
58804
58709
58672
58658
58649
58639
58625
58583
58577
58530
58526
58390
58329
58279
58247
58224
58160
58126
58004
58004
57987
57945
57936
57868
57799
57767
57718
57628
57628
57620
57616
57608
57584
57448
57418
57334
57250
57142
56853
56836
56800
56767
56759
56694
56674
56668
56630
56598
56576
56563
56518
56507
56434
56361
56312
56287
56281
56251
56148
56098
56078
56049
55930
55910
55827
55825
55773
55721
55679
55619
55610
55592
55489
55477
55354
55301
55257
55228
55094
55073
55000
54964
54946
54843
54814
54806
54749
54689
54595
54577
54474
54317
54139
54051
54034
53935
53919
53865
53835
53827
53779
53653
53574
53483
53473
53450
53370
53359
53347
53338
53306
53248
53241
53216
53202
53201
53176
53167
53145
53041
53030
53018
52991
52886
52863
52769
52750
52709
52707
52654
52590
52436
52424
52420
52414
52347
52234
52053
52047
51971
51925
51897
51884
51848
51831
51802
51799
51758
51740
51652
51635
51565
51518
51428
51376
51319
51215
51214
51087
51061
50873
50823
50722
50644
50568
50532
50382
50374
50356
50309
50265
50250
50222
50150
50117
50103
50100
50077
50054
50049
49909
49887
49886
49872
49826
49807
49793
49770
49764
49631
49567
49548
49333
49331
49156
49133
49081
49023
49003
48987
48898
48898
48884
48764
48631
48436
48400
48310
48237
48141
48093
47943
47923
47868
47857
47802
47717
47666
47656
47644
47635
47569
47565
47536
47532
47487
47363
47309
47269
47174
47116
47108
47040
47035
46947
46912
46869
46852
46818
46816
46615
46437
46413
46357
46353
46336
46062
46032
46003
45909
45885
45842
45792
45749
45687
45678
45673
45615
45569
45540
45538
45500
45438
45424
45379
45315
45311
45202
45109
45093
45075
45058
44923
44805
44789
44717
44648
44632
44538
44530
44519
44464
44462
44395
44295
44231
44208
44181
44168
44155
44151
44083
44076
44027
43950
43925
43918
43848
43821
43735
43733
43725
43697
43600
43508
43296
43278
43142
43122
43080
43069
42974
42960
42841
42786
42776
42678
42620
42575
42538
42516
42181
42164
42136
42133
42094
42080
42049
42011
41997
41958
41946
41853
41693
41689
41636
41606
41580
41472
41411
41359
41352
41317
41285
41241
41241
41235
41211
41166
41162
41148
41115
41061
41041
40998
40874
40851
40843
40770
40732
40697
40624
40619
40504
40349
40300
40277
40276
40270
40157
40105
40060
40047
40029
40011
39969
39918
39909
39872
39797
39702
39692
39667
39657
39594
39569
39538
39279
39246
39228
39190
39135
39104
39076
39007
38864
38848
38830
38752
38649
38630
38612
38597
38582
38578
38515
38485
38407
38369
38326
38254
38254
38238
38212
38077
38052
38019
38015
38002
37958
37942
37887
37860
37799
37790
37747
37742
37671
37630
37555
37491
37462
37458
37426
37424
37348
37292
37287
37284
37241
37197
37121
37121
37081
37000
36999
36907
36841
36746
36630
36621
36610
36548
36498
36493
36480
36445
36297
36187
36099
36097
36091
36070
36062
36040
36036
36007
35895
35852
35851
35836
35745
35665
35642
35539
35536
35353
35302
35269
35215
35191
35161
35116
35069
35057
34972
34812
34776
34776
34638
34579
34523
34521
34517
34429
34375
34366
34362
34329
34242
34156
34109
34013
33999
33974
33938
33887
33852
33807
33790
33654
33616
33562
33546
33542
33321
33301
33267
32958
32835
32734
32688
32617
32549
32506
32465
32380
32276
32131
32067
32050
32047
32025
32024
32000
31993
31895
31882
31764
31726
31676
31651
31645
31515
31494
31314
31085
31036
30933
30886
30873
30871
30822
30819
30761
30614
30608
30421
30412
30351
30250
30180
30139
30113
30112
30108
30015
29957
29944
29757
29744
29716
29679
29677
29648
29643
29602
29579
29573
29561
29530
29494
29453
29380
29336
29327
29193
29118
29109
28993
28879
28839
28787
28783
28774
28640
28619
28473
28447
28431
28413
28341
28334
28290
28287
28051
27951
27933
27856
27749
27667
27629
27607
27553
27537
27524
27472
27454
27451
27432
27403
27396
27308
27223
27213
27168
27141
27106
27072
27025
26934
26920
26905
26871
26852
26834
26814
26737
26617
26610
26499
26479
26471
26430
26420
26409
26383
26377
26309
26290
26154
26087
26021
26012
25980
25942
25916
25902
25866
25843
25834
25716
25672
25669
25663
25536
25534
25503
25487
25375
25288
25189
25155
25053
24993
24922
24893
24843
24836
24716
24667
24649
24607
24574
24466
24372
24361
24343
24287
24258
24187
24127
24042
23984
23970
23913
23882
23878
23795
23699
23623
23589
23489
23465
23332
23299
23269
23190
23110
23024
22913
22792
22737
22716
22673
22663
22658
22539
22254
22248
22232
22184
22149
22147
22094
22050
22029
21988
21969
21953
21827
21820
21694
21691
21681
21658
21577
21499
21497
21479
21458
21450
21440
21434
21341
21333
21247
21121
21114
21092
21069
21069
21049
21006
20964
20955
20856
20711
20691
20677
20600
20599
20588
20548
20454
20397
20380
20290
20128
20108
20106
20091
20048
20022
20017
19909
19888
19833
19806
19751
19681
19676
19673
19671
19662
19633
19626
19588
19585
19584
19572
19565
19504
19420
19406
19308
19231
19222
19024
18974
18856
18853
18842
18679
18536
18511
18500
18492
18433
18384
18376
18255
18194
18054
17897
17869
17832
17817
17666
17666
17543
17516
17504
17280
17249
17195
17170
17133
17026
17025
17019
16969
16949
16932
16845
16783
16774
16763
16614
16560
16511
16454
16441
16427
16419
16380
16359
16353
16265
16239
16182
16125
16027
15997
15978
15934
15913
15907
15799
15792
15772
15692
15662
15559
15527
15504
15500
15496
15408
15340
15279
15277
15214
15140
15070
15045
15031
15016
14935
14787
14784
14736
14723
14632
14631
14625
14518
14498
14461
14450
14372
14364
14300
14264
14259
14168
14162
14067
13961
13958
13932
13905
13883
13743
13672
13643
13635
13573
13571
13263
13170
13150
13091
13007
12940
12939
12937
12919
12904
12825
12713
12710
12668
12625
12592
12548
12489
12404
12402
12390
12388
12371
12159
12110
12105
12104
11672
11649
11648
11648
11604
11488
11443
11393
11388
11365
11306
11161
11137
11084
11057
11053
11011
10881
10856
10741
10711
10696
10624
10521
10461
10414
10332
10318
10313
10295
10207
10148
10076
10076
10032
9976
9883
9867
9841
9831
9787
9730
9722
9677
9670
9635
9578
9475
9474
9471
9436
9404
9329
9304
9242
9188
9116
9022
9004
8963
8942
8833
8733
8694
8516
8470
8443
8383
8370
8334
8277
8229
8228
8140
8060
7981
7894
7867
7844
7804
7681
7619
7584
7286
7256
7172
7149
7123
7094
7061
7015
6913
6895
6797
6760
6714
6616
6614
6610
6433
6374
6361
6224
6164
6129
5938
5834
5825
5811
5798
5668
5566
5562
5452
5413
5391
5380
5375
5374
5364
5255
5252
5201
5185
5179
5173
5153
5119
5118
5083
4982
4964
4917
4847
4827
4782
4713
4710
4681
4500
4499
4436
4405
4400
4329
4246
4096
3978
3883
3854
3826
3816
3815
3749
3709
3597
3583
3573
3533
3426
3406
3306
3249
3244
3242
3240
3209
3160
3152
3096
3067
3058
2997
2970
2815
2804
2755
2736
2686
2682
2653
2639
2610
2534
2511
2501
2475
2394
2356
2219
2203
2177
2173
2133
1928
1841
1664
1599
1576
1549
1476
1458
1366
1349
1312
1297
1237
1213
1198
1130
1040
969
952
816
800
725
658
645
582
515
515
420
228
227
214
168
83
80
18
3
