99991
99973
99963
99927
99872
99866
99785
99785
99780
99760
99572
99555
99479
99391
99352
99215
99192
99161
99155
99132
99091
99041
99040
98926
98919
98833
98719
98706
98524
98461
98425
98424
98422
98312
98311
98277
98228
98225
98139
98121
98099
98056
98051
98047
97943
97930
97925
97914
97895
97476
97472
97427
97411
97367
97367
97346
97226
97068
97055
96916
96910
96898
96871
96862
96835
96758
96749
96711
96702
96658
96587
96459
96408
96348
96248
96236
96189
96157
96142
96126
96063
96043
96036
95985
95976
95880
95853
95805
95775
95771
95752
95737
95625
95618
95456
95443
95425
95333
95274
95246
95240
95191
95142
95134
95099
95061
95044
94945
94844
94778
94773
94700
94649
94469
94422
94328
94256
94052
94002
93991
93985
93957
93851
93697
93570
93555
93496
93443
93433
93319
93283
93231
93210
93184
93141
93120
93111
93103
93078
93077
93040
93003
92997
92989
92986
92986
92875
92828
92768
92727
92713
92688
92683
92632
92575
92490
92459
92420
92222
92169
91978
91880
91833
91711
91608
91559
91475
91426
91400
91379
91361
91257
91163
91160
91145
91106
91064
91043
90895
90720
90629
90628
90622
90572
90538
90467
90454
90447
90390
90245
90222
90206
90185
90133
90091
90078
89997
89947
89765
89748
89723
89591
89529
89508
89506
89393
89322
89304
89093
89063
89061
89033
89030
88991
88987
88866
88847
88752
88667
88615
88608
88361
88330
88284
88237
88228
88204
88185
88181
88172
88149
88113
88079
87980
87979
87962
87930
87884
87802
87798
87794
87767
87742
87714
87660
87622
87611
87582
87550
87446
87401
87261
87250
87202
87167
87121
87062
87002
86980
86911
86817
86786
86756
86720
86702
86682
86682
86674
86673
86657
86655
86624
86612
86596
86473
86334
86314
86231
86216
86059
86049
86011
85978
85897
85881
85829
85821
85726
85721
85711
85693
85674
85497
85393
85374
85332
85223
85044
85028
84948
84927
84885
84882
84812
84672
84571
84563
84557
84344
84313
84253
84181
84157
84076
83651
83615
83613
83597
83575
83570
83515
83421
83361
83329
83273
83241
83194
83132
83033
82958
82891
82858
82791
82745
82736
82728
82714
82644
82570
82511
82499
82477
82407
82393
82385
82358
82268
82257
82246
82227
82214
82206
82142
82134
82009
81973
81913
81906
81866
81708
81601
81533
81369
81347
81346
81320
81309
81299
81129
81095
81067
81060
80978
80945
80902
80858
80710
80708
80695
80610
80597
80562
80540
80532
80503
80443
80368
80349
80347
80343
80339
80309
80308
80307
80307
80167
80140
80077
79992
79919
79887
79805
79803
79746
79717
79618
79597
79591
79577
79517
79494
79469
79451
79387
79331
79239
79212
79132
79127
79097
79071
78995
78946
78756
78717
78714
78704
78703
78698
78672
78619
78514
78458
78431
78334
78301
78253
77983
77917
77906
77840
77832
77678
77637
77626
77601
77547
77468
77393
77344
77327
77295
77281
77081
77073
77031
77017
77011
76965
76916
76842
76801
76648
76589
76523
76457
76429
76367
76354
76316
76271
76248
76204
76182
76139
76126
76089
76089
76071
75943
75831
75777
75676
75617
75614
75605
75591
75589
75575
75538
75515
75458
75338
75334
75259
75121
75083
75019
74987
74722
74706
74660
74603
74599
74531
74499
74493
74357
74303
74273
74254
74207
74197
74195
74132
73992
73956
73905
73874
73856
73817
73815
73799
73759
73745
73730
73683
73621
73609
73607
73485
73480
73471
73427
73401
73351
73324
73157
73112
73093
72971
72953
72921
72920
72875
72864
72792
72761
72742
72686
72639
72583
72502
72502
72442
72436
72398
72381
72331
72244
72072
72049
72044
71876
71800
71767
71764
71762
71718
71682
71681
71672
71621
71611
71553
71545
71528
71526
71486
71475
71344
71314
71224
71104
70908
70762
70742
70699
70695
70604
70565
70551
70528
70486
70469
70464
70438
70360
70336
70329
70314
70280
70190
70125
69961
69957
69951
69943
69931
69931
69882
69727
69714
69460
69385
69377
69182
69155
69143
69142
69042
69027
69019
68918
68862
68841
68835
68833
68717
68690
68686
68593
68569
68520
68507
68404
68253
68252
68228
68148
68147
68109
68103
68066
68007
67928
67823
67815
67735
67733
67661
67643
67606
67537
67537
67499
67485
67467
67424
67395
67375
67279
67243
67227
67214
67162
67159
67087
67022
67017
66996
66972
66874
66834
66701
66693
66642
66558
66548
66546
66542
66482
66464
66436
66416
66413
66392
66364
66336
66273
66255
66250
66075
66055
66040
66033
66001
65959
65944
65922
65901
65865
65646
65526
65486
65435
65387
65332
65238
65220
65170
64992
64895
64841
64794
64792
64750
64697
64695
64685
64620
64581
64501
64365
64250
64219
64217
64146
64101
64045
63848
63680
63627
63612
63493
63261
63071
63047
63027
62954
62910
62861
62857
62773
62754
62676
62616
62489
62461
62391
62382
62280
62264
62117
62096
62044
61694
61694
61675
61650
61609
61543
61519
61483
61449
61314
61278
61263
61209
61194
61123
61081
61026
61021
61020
60973
60968
60935
60845
60816
60816
60808
60750
60672
60575
60538
60466
60463
60421
60385
60297
60291
60153
60131
60044
60029
59997
59976
59891
59885
59819
59806
59745
59744
59674
59672
59597
59589
59470
59412
59402
59334
59327
59303
59289
59226
59164
59057
58977
58942
58916
58892
58890
58883
58876
58855
58771
58720
58718
58703
58627
58525
58481
58424
58317
58220
58218
58125
58118
58100
58096
58031
58012
58011
58008
57953
57879
57870
57804
57781
57720
57617
57595
57460
57338
57266
57217
57164
57108
57075
57043
56970
56812
56765
56690
56674
56673
56651
56651
56648
56565
56456
56450
56418
56415
56410
56372
56368
56344
56327
56324
56313
56312
56292
56289
56286
56190
56156
56080
56066
56030
55894
55817
55601
55584
55518
55512
55511
55510
55496
55484
55474
55449
55432
55258
55148
54880
54808
54798
54664
54577
54575
54323
54300
54290
54287
54252
54229
53992
53983
53901
53880
53737
53704
53704
53701
53688
53686
53654
53524
53523
53514
53372
53361
53320
53254
53243
53208
53149
53108
53087
52959
52838
52827
52804
52774
52763
52746
52654
52652
52652
52637
52587
52533
52525
52482
52440
52422
52244
52189
52169
52033
52015
51995
51960
51901
51868
51790
51660
51409
51385
51354
51340
51312
51273
51253
51087
51043
51020
50961
50903
50902
50721
50611
50599
50584
50299
50264
50230
50186
50154
50131
50130
50109
50066
50055
49869
49825
49812
49791
49650
49639
49621
49597
49596
49399
49390
49379
49359
49224
49137
49131
49112
49006
48964
48897
48866
48753
48635
48569
48551
48495
48437
48285
48267
48247
48183
48172
48131
48121
48042
48004
47991
47984
47939
47745
47686
47683
47677
47515
47299
47289
47263
47260
47071
47018
46971
46901
46825
46776
46766
46749
46682
46660
46658
46517
46465
46436
46432
46385
46353
46253
46233
46200
46173
46140
46132
46086
46043
46040
46016
45976
45920
45836
45832
45807
45800
45785
45631
45614
45540
45427
45357
45331
45295
45261
45257
45194
45166
45082
45056
45050
45045
45009
44963
44922
44852
44839
44812
44767
44647
44641
44632
44550
44502
44374
44359
44348
44340
44194
44064
44004
43878
43799
43683
43673
43650
43606
43588
43545
43525
43519
43500
43466
43407
43386
43337
43319
43209
43143
43067
43065
43007
42992
42949
42928
42916
42900
42858
42811
42774
42727
42721
42679
42661
42635
42626
42539
42523
42463
42408
42318
42288
42284
42277
42185
42159
42136
42118
42094
41981
41845
41770
41715
41583
41572
41565
41540
41499
41449
41447
41355
41043
40906
40867
40801
40796
40650
40649
40638
40490
40479
40421
40331
40304
40295
40260
40209
40196
40085
40067
40067
40058
39975
39902
39876
39835
39768
39702
39651
39562
39546
39496
39329
39267
39192
39174
39139
39129
39060
38914
38815
38784
38767
38756
38676
38578
38534
38504
38455
38407
38389
38375
38367
38276
38245
38235
38208
38145
38062
38056
38033
37883
37841
37760
37748
37644
37624
37577
37405
37404
37386
37379
37355
37277
37139
37075
37025
37002
36958
36935
36826
36674
36661
36649
36580
36454
36441
36335
36249
36241
36185
36185
36143
36126
36069
36011
36011
36009
35963
35850
35770
35764
35676
35630
35550
35528
35526
35516
35431
35347
35261
35255
35223
35186
35171
35164
35099
35098
35047
35006
34959
34949
34915
34880
34836
34753
34686
34662
34638
34604
34594
34510
34492
34337
34333
34310
34276
34256
34238
34210
34204
34173
34131
34077
34076
34064
33959
33934
33913
33831
33815
33800
33795
33782
33757
33686
33594
33493
33430
33329
33324
33294
33214
33199
33115
32864
32847
32727
32526
32521
32423
32392
32372
32271
32072
32026
31935
31916
31914
31814
31775
31742
31715
31638
31379
31267
31262
31249
31242
31203
31039
31036
30920
30900
30838
30824
30745
30730
30636
30607
30570
30569
30549
30454
30376
30266
30110
30082
30052
30024
29908
29772
29762
29712
29706
29699
29684
29677
29662
29608
29578
29566
29546
29488
29467
29436
29384
29368
29320
29300
29070
29017
28978
28969
28968
28957
28940
28784
28759
28695
28608
28524
28511
28426
28411
28384
28302
28294
28288
28274
28267
28247
28216
28146
28137
28129
28086
28003
27985
27981
27979
27930
27928
27882
27874
27843
27809
27785
27754
27740
27613
27608
27583
27503
27470
27416
27411
27340
27322
27318
27310
27268
27181
27084
27071
27037
27008
26996
26920
26897
26884
26859
26807
26782
26708
26646
26596
26591
26576
26563
26559
26539
26459
26385
26380
26344
26340
26339
26337
26240
26218
26207
26185
26176
26030
25994
25983
25940
25939
25926
25828
25809
25790
25710
25654
25616
25587
25575
25547
25479
25467
25399
25304
25284
25217
25212
25093
25062
25048
24987
24946
24907
24822
24804
24785
24715
24711
24670
24606
24604
24583
24480
24471
24460
24408
24388
24382
24362
24348
24281
24229
24197
24183
24181
24139
24016
24008
23980
23960
23817
23785
23735
23724
23678
23617
23590
23556
23535
23494
23385
23309
23171
23153
23153
23100
23093
23092
23074
23051
23028
23002
22862
22824
22824
22792
22569
22538
22529
22528
22441
22439
22428
22376
22281
22215
22205
22195
22194
22192
22005
22000
21997
21903
21857
21793
21777
21739
21710
21708
21687
21657
21652
21583
21575
21536
21472
21296
21293
21273
21200
21170
21110
21007
20929
20893
20880
20866
20830
20776
20773
20754
20734
20652
20517
20481
20479
20464
20404
20396
20320
20293
20212
20206
20174
20173
20124
20121
20116
20069
19983
19915
19911
19894
19846
19842
19760
19750
19740
19570
19546
19479
19446
19374
19272
19206
19190
19163
19116
19083
19065
19062
19054
19052
19019
18980
18974
18963
18933
18926
18890
18804
18798
18746
18729
18726
18682
18594
18547
18429
18357
18351
18285
18255
18243
18177
18148
18138
18095
18073
18049
18004
17931
17922
17914
17808
17779
17762
17628
17585
17479
17465
17453
17413
17090
17080
17038
16709
16666
16588
16459
16458
16427
16300
16290
16207
16065
16040
15979
15932
15885
15873
15864
15847
15738
15587
15490
15481
15232
15037
14958
14951
14883
14873
14859
14842
14832
14797
14689
14669
14645
14619
14490
14440
14408
14369
14366
14358
14310
14277
14234
14196
14184
14127
14108
14097
14047
14036
13982
13859
13841
13761
13704
13640
13600
13534
13418
13327
13242
13237
13126
12988
12966
12934
12766
12714
12704
12696
12552
12512
12510
12468
12454
12433
12364
12293
12282
12257
12060
12051
11911
11859
11805
11750
11665
11650
11564
11549
11517
11481
11461
11393
11372
11337
11218
11167
11108
10966
10964
10859
10828
10781
10702
10612
10608
10580
10573
10565
10553
10486
10357
10188
10145
10132
10035
9908
9902
9837
9783
9702
9604
9460
9452
9354
9349
9267
9225
9213
9178
9154
9115
9114
9017
9003
8996
8968
8968
8934
8923
8843
8779
8726
8707
8664
8586
8575
8566
8319
8299
8268
8264
8232
8226
8161
8145
8139
8123
8051
7943
7902
7896
7786
7767
7756
7724
7712
7643
7618
7558
7491
7318
7290
7278
7276
7260
7247
7181
7169
7166
7147
7135
7103
7014
6917
6860
6842
6832
6667
6639
6512
6506
6453
6240
6188
6129
6044
6022
5994
5977
5943
5886
5876
5837
5814
5772
5679
5623
5527
5484
5385
5227
5154
5149
5038
4795
4774
4770
4757
4722
4711
4676
4660
4646
4556
4525
4469
4353
4324
4287
4227
4181
4147
4140
4091
4055
4049
3992
3899
3896
3890
3703
3662
3530
3479
3477
3470
3299
3248
3085
3023
2993
2936
2780
2717
2597
2580
2572
2494
2460
2286
2239
2162
2150
2077
1867
1820
1787
1780
1767
1753
1744
1696
1584
1511
1480
1337
1085
1078
1044
1021
875
776
684
576
561
553
545
490
452
438
342
290
277
257
138
131
105
103
82
49
