99971
99947
99832
99730
99724
99599
99598
99593
99537
99487
99312
99293
99280
99185
99172
99118
99079
99068
98993
98955
98906
98838
98803
98696
98634
98560
98492
98453
98416
98316
98310
98171
98143
98051
98048
98042
98004
97994
97953
97880
97743
97729
97710
97643
97626
97522
97434
97302
97283
97264
97238
97151
97129
97100
97054
96997
96799
96759
96700
96681
96663
96636
96571
96479
96444
96409
96407
96396
96345
96197
96142
96133
96119
96118
96110
96056
96010
95964
95963
95950
95923
95895
95814
95684
95514
95444
95393
95355
95157
95148
95052
95011
95003
94829
94790
94777
94757
94712
94599
94546
94528
94502
94453
94425
94343
94303
94165
94126
94115
94090
94074
93978
93913
93913
93912
93602
93554
93474
93377
93365
93305
93157
93104
93023
92978
92970
92951
92830
92770
92708
92596
92592
92539
92429
92392
92366
92358
92333
92271
92248
92181
92171
92146
92098
92077
92016
91934
91933
91839
91825
91746
91710
91614
91582
91553
91488
91484
91422
91357
91286
91246
91149
91068
91047
91040
91015
90993
90969
90909
90833
90798
90750
90729
90708
90682
90648
90643
90608
90451
90412
90361
90285
90259
90175
90025
89983
89981
89932
89920
89786
89776
89775
89699
89683
89617
89451
89428
89403
89391
89390
89384
89347
89269
89221
89201
89046
88948
88921
88918
88910
88833
88824
88798
88771
88764
88707
88675
88657
88332
88301
88293
88256
88078
88057
88012
87945
87930
87915
87901
87879
87734
87708
87577
87564
87564
87543
87537
87475
87394
87341
87338
87273
87236
87162
87149
87144
87110
87102
87081
86918
86751
86699
86460
86402
86271
86217
86196
86138
86041
85978
85791
85786
85731
85719
85696
85683
85632
85610
85578
85555
85540
85497
85491
85423
85389
85383
85380
85351
85184
85142
85077
85051
84929
84881
84819
84811
84779
84751
84733
84677
84663
84637
84556
84524
84448
84399
84342
84332
84281
84278
84275
84257
84239
84220
84189
84175
84161
84146
84130
84021
84015
83953
83878
83868
83848
83810
83806
83793
83749
83678
83641
83609
83601
83585
83581
83580
83501
83472
83399
83395
83332
83328
83250
83241
83230
83187
83185
82982
82981
82962
82927
82917
82810
82785
82749
82661
82591
82545
82545
82414
82314
82297
82256
82255
82226
82225
82188
82128
81956
81940
81931
81772
81767
81695
81691
81644
81591
81581
81566
81515
81510
81504
81493
81463
81424
81406
81370
81332
81321
81184
81169
81151
81102
81087
81074
81037
80957
80948
80855
80800
80727
80615
80515
80473
80452
80392
80355
80290
80260
80254
80212
80192
80073
80049
79995
79985
79938
79837
79828
79806
79754
79739
79682
79583
79520
79380
79376
79316
79095
79090
79089
79069
78825
78811
78749
78676
78628
78561
78472
78457
78442
78401
78351
78348
78335
78306
78255
78201
77978
77863
77832
77738
77702
77683
77657
77636
77535
77426
77419
77418
77417
77397
77388
77369
77270
77207
77158
76992
76895
76869
76818
76779
76743
76629
76608
76594
76578
76560
76545
76443
76436
76429
76428
76412
76392
76340
76192
76175
76102
76091
76075
76062
76027
76014
75993
75965
75915
75846
75715
75708
75643
75631
75602
75557
75554
75485
75370
75345
75315
75305
75300
75263
75236
75233
75116
75104
74942
74917
74902
74800
74770
74755
74754
74749
74654
74643
74571
74562
74528
74521
74414
74383
74352
74329
74326
74277
74203
74147
74094
74070
74014
73949
73931
73713
73648
73645
73637
73634
73626
73570
73550
73493
73450
73432
73363
73302
73168
73128
73086
73062
73044
73036
72974
72913
72902
72862
72844
72804
72799
72782
72738
72699
72644
72575
72567
72526
72512
72415
72338
72152
72137
72129
71955
71896
71870
71854
71849
71841
71789
71753
71737
71707
71703
71621
71610
71557
71503
71408
71356
71185
71121
71118
71078
71043
71020
70897
70790
70784
70777
70738
70722
70426
70347
70272
70223
70201
70114
70085
70033
69978
69964
69891
69797
69780
69767
69755
69742
69712
69609
69481
69476
69247
69211
69201
69168
69055
69047
68940
68904
68879
68780
68759
68669
68648
68538
68525
68506
68502
68471
68455
68350
68292
68285
68218
68185
68113
68092
68059
67975
67790
67788
67677
67676
67676
67622
67602
67559
67426
67320
67292
67272
67243
67226
67182
67173
67148
67121
67098
67044
67001
67000
66925
66851
66844
66748
66747
66731
66677
66658
66557
66532
66274
66210
66192
66173
66153
66149
66144
66112
66103
65996
65980
65887
65852
65803
65774
65727
65650
65595
65588
65562
65528
65499
65436
65389
65381
65089
65070
65033
65008
64949
64856
64796
64631
64605
64553
64540
64539
64518
64357
64323
64308
64295
64294
64265
64214
64154
64078
64023
63976
63967
63928
63898
63806
63768
63722
63609
63562
63552
63542
63518
63507
63503
63409
63360
63309
63272
63198
63195
63176
63142
63112
63109
63085
62987
62938
62865
62602
62565
62543
62490
62429
62410
62381
62378
62360
62351
62350
62258
62143
62130
62057
62021
61858
61857
61806
61786
61758
61638
61512
61511
61495
61371
61153
61084
61042
61032
61018
60967
60904
60888
60745
60677
60677
60676
60566
60560
60530
60500
60437
60365
60304
60199
60155
60141
60021
60007
59896
59867
59799
59751
59701
59686
59651
59650
59648
59647
59590
59588
59539
59535
59525
59469
59375
59306
59277
59259
59146
58989
58918
58798
58698
58686
58575
58494
58489
58476
58473
58384
58349
58320
58098
58093
58063
57993
57989
57968
57935
57863
57829
57782
57744
57651
57641
57636
57538
57444
57399
57343
57338
57324
57294
57269
57233
57222
57203
57161
57104
57014
57013
56949
56871
56854
56720
56682
56610
56607
56578
56574
56566
56541
56513
56272
56266
56184
56102
56039
56023
55991
55935
55907
55885
55864
55814
55749
55484
55346
55262
55002
54982
54965
54916
54838
54830
54584
54583
54560
54551
54454
54270
54253
54248
54105
54048
54047
54038
53755
53720
53650
53594
53528
53526
53447
53429
53384
53342
53298
53181
53167
53109
53100
53076
53075
53071
53050
53046
53024
52977
52905
52883
52739
52731
52681
52637
52631
52608
52544
52541
52529
52400
52382
52345
52326
52177
52164
52110
52092
52048
52035
52034
51997
51995
51982
51893
51865
51824
51800
51772
51689
51613
51501
51468
51397
51391
51375
51374
51242
51164
50998
50973
50955
50931
50896
50825
50812
50804
50804
50776
50687
50597
50582
50577
50567
50528
50500
50397
50391
50383
50349
50242
50214
50147
50114
49986
49879
49865
49743
49590
49570
49514
49405
49328
49307
49248
49245
49241
49195
49106
49085
49076
48933
48923
48905
48775
48591
48527
48527
48519
48473
48384
48331
48324
48193
48179
48150
48146
48109
48074
48056
48012
47957
47917
47905
47887
47835
47756
47756
47744
47675
47586
47504
47444
47427
47388
47385
47365
47354
47217
47201
47178
47132
47130
47119
47078
47062
47037
46995
46985
46944
46784
46758
46532
46524
46518
46483
46440
46322
46177
46176
46165
46039
45942
45929
45838
45809
45806
45773
45538
45510
45498
45485
45411
45340
45310
45307
45289
45273
45253
45190
44945
44936
44916
44888
44857
44854
44807
44714
44669
44620
44610
44574
44558
44525
44505
44491
44423
44406
44378
44371
44370
44338
44243
44183
44172
44148
44068
44043
44039
43915
43777
43663
43620
43547
43506
43456
43413
43377
43352
43270
43216
43084
42926
42904
42896
42879
42794
42749
42686
42665
42661
42651
42534
42460
42262
42240
42186
42026
42019
42007
41919
41904
41898
41826
41817
41792
41782
41621
41587
41536
41478
41450
41439
41362
41293
41249
41211
41199
41131
41080
41033
41023
40998
40837
40802
40673
40661
40632
40591
40586
40565
40563
40551
40513
40466
40445
40354
40341
40288
40286
40280
40278
40200
40188
40167
40114
40102
40065
40011
39983
39966
39943
39938
39919
39891
39889
39822
39674
39665
39633
39573
39540
39421
39366
39320
39319
39313
39257
39219
39207
39199
39198
39150
39089
39003
38941
38874
38872
38783
38781
38717
38663
38647
38637
38633
38619
38598
38532
38488
38281
38264
38202
38153
38092
38062
37998
37986
37956
37929
37818
37816
37809
37766
37745
37566
37487
37460
37459
37336
37237
37202
37196
37180
37173
37147
37093
37033
36937
36856
36853
36831
36831
36829
36698
36667
36568
36375
36373
36339
36248
36043
36028
36019
35932
35919
35886
35825
35799
35770
35687
35633
35617
35580
35478
35473
35466
35349
35214
35213
35192
35115
34993
34973
34958
34877
34874
34838
34806
34781
34618
34558
34554
34480
34422
34370
34299
34049
34008
33917
33885
33867
33862
33835
33794
33758
33738
33732
33708
33704
33603
33576
33479
33395
33375
33296
33222
33209
33119
33071
33022
33017
33013
32999
32939
32843
32772
32602
32486
32482
32480
32434
32402
32394
32311
32268
32257
32241
32209
32198
32177
32113
32046
32032
32018
32014
31939
31729
31714
31693
31623
31539
31468
31406
31340
31302
31240
31219
31206
31117
31088
31040
31022
31005
30983
30963
30960
30921
30919
30855
30709
30674
30671
30615
30585
30558
30520
30422
30413
30178
30151
30143
29997
29936
29904
29803
29772
29757
29755
29747
29732
29664
29643
29610
29559
29507
29497
29457
29453
29433
29358
29273
29269
29194
29160
29035
29028
29024
29002
28930
28847
28788
28717
28712
28701
28683
28549
28520
28473
28357
28322
28276
28192
28109
28108
28076
28026
28026
27993
27953
27885
27728
27726
27608
27595
27474
27367
27299
27263
27071
27045
26948
26881
26794
26747
26656
26625
26593
26494
26365
26158
26141
26111
26105
26085
26043
25990
25947
25884
25841
25810
25774
25716
25537
25472
25461
25446
25412
25361
25358
25266
25243
25149
25119
25096
25085
25014
24761
24729
24725
24661
24615
24581
24530
24501
24461
24428
24428
24333
24291
24291
24283
24255
24217
24166
24156
24137
24101
24029
23920
23873
23781
23756
23730
23686
23526
23449
23413
23378
23351
23192
23130
23119
23065
22970
22861
22748
22681
22593
22567
22497
22484
22475
22441
22365
22202
22152
22014
21958
21946
21944
21794
21737
21724
21673
21668
21589
21510
21479
21451
21425
21360
21338
21200
21163
21005
20994
20915
20865
20852
20839
20780
20632
20601
20553
20549
20502
20494
20397
20385
20374
20353
20351
20333
20212
20210
20208
20081
19843
19743
19712
19680
19677
19676
19673
19583
19458
19444
19440
19437
19423
19411
19406
19388
19380
19362
19358
19317
19307
19303
19150
19050
19045
18997
18978
18962
18952
18901
18883
18847
18813
18796
18774
18745
18695
18685
18620
18612
18540
18481
18439
18432
18402
18236
18198
18160
18143
18033
17890
17870
17862
17843
17790
17767
17753
17739
17681
17677
17631
17628
17519
17482
17381
17291
17272
17214
17196
17183
17150
17146
17111
17100
17060
17033
17030
17030
17011
16990
16976
16945
16921
16894
16828
16822
16822
16722
16668
16619
16613
16599
16559
16471
16322
16273
16241
16212
16122
15842
15789
15749
15727
15716
15696
15690
15567
15366
15327
15267
15254
15080
15053
14924
14847
14673
14636
14629
14555
14490
14426
14385
14269
14149
14128
14117
14081
13961
13833
13760
13756
13656
13638
13635
13557
13527
13468
13460
13445
13351
13319
12983
12968
12918
12860
12850
12743
12689
12646
12503
12490
12477
12372
12321
12284
12272
12228
12198
12189
12069
12002
11936
11924
11871
11822
11732
11614
11613
11509
11503
11434
11385
11382
11373
11305
11265
11218
11135
11101
11096
11023
10888
10873
10852
10812
10804
10694
10665
10643
10637
10621
10599
10591
10528
10518
10412
10390
10255
10245
10213
10201
10155
10147
10082
10056
10056
10020
9896
9863
9823
9800
9759
9758
9749
9730
9682
9599
9464
9359
9325
9183
9178
9108
9104
9010
9005
8893
8884
8847
8806
8778
8723
8716
8652
8605
8573
8548
8432
8372
8333
8236
8209
8193
8191
8080
7960
7928
7843
7805
7782
7746
7744
7648
7635
7569
7459
7440
7411
7351
7331
7330
7316
7197
7197
7120
7109
7045
7024
6969
6965
6900
6869
6757
6743
6727
6723
6696
6684
6663
6639
6547
6499
6452
6357
6329
6311
6185
6158
6095
6056
6046
6027
5921
5896
5800
5776
5721
5670
5636
5585
5580
5571
5539
5479
5447
5430
5424
5396
5389
5360
5340
5167
5150
5100
5076
4924
4817
4771
4753
4735
4671
4638
4604
4564
4556
4401
4337
4331
4256
4187
4140
4113
4055
4040
3944
3745
3686
3650
3585
3583
3557
3546
3540
3487
3472
3326
3294
3249
3214
3210
3196
3126
3040
2966
2957
2909
2868
2866
2759
2695
2579
2430
2426
2420
2395
2281
2201
2075
2009
1995
1809
1803
1782
1750
1661
1660
1658
1635
1632
1512
1431
1318
1305
1256
1254
1166
1149
1145
1115
1030
983
894
870
619
609
572
568
460
434
403
377
176
5
3
