99988
99879
99820
99807
99717
99681
99599
99567
99498
99455
99453
99346
99233
99116
99108
99094
99088
99088
99063
99040
99031
98957
98891
98872
98831
98747
98740
98726
98515
98491
98477
98410
98387
98292
98216
98198
98161
98146
98146
98141
97994
97951
97915
97896
97861
97815
97767
97751
97731
97702
97701
97694
97610
97593
97587
97544
97426
97422
97420
97420
97329
97180
97144
97101
97095
97068
97018
96903
96848
96797
96774
96719
96692
96653
96590
96500
96460
96444
96440
96422
96399
96339
96306
96245
96207
96113
96111
96105
96039
96037
96026
95904
95880
95872
95808
95773
95716
95599
95551
95511
95496
95378
95374
95331
95331
95292
95237
95210
95166
94978
94926
94860
94853
94819
94721
94700
94595
94407
94362
94255
94254
94231
94216
94171
94116
94106
94087
94048
93976
93756
93714
93712
93682
93655
93635
93635
93625
93559
93475
93441
93426
93407
93296
93210
92927
92839
92835
92827
92813
92773
92710
92660
92503
92398
92390
92373
92281
92163
92146
92087
92072
92059
92036
92005
91980
91925
91827
91759
91756
91702
91499
91488
91424
91423
91416
91411
91386
91370
91305
91207
91116
91027
91013
90978
90954
90942
90877
90761
90684
90627
90594
90588
90566
90565
90389
90275
90253
90202
90117
90105
90089
90023
90012
89754
89731
89714
89605
89499
89430
89364
89220
89154
89147
89147
89133
89113
89034
88954
88922
88921
88902
88845
88835
88792
88784
88782
88755
88744
88669
88650
88648
88618
88609
88600
88543
88494
88406
88392
88351
88313
88247
88232
88216
88197
88182
88119
87943
87931
87915
87910
87858
87750
87740
87654
87565
87562
87442
87431
87406
87204
87191
87078
87058
87037
87031
86838
86817
86779
86759
86740
86554
86478
86464
86459
86416
86380
86353
86327
86305
86111
86108
86091
86053
86041
86039
86014
85907
85884
85824
85811
85770
85768
85666
85637
85501
85496
85462
85355
85336
85302
85301
85195
85146
85120
85103
84990
84971
84934
84814
84663
84657
84650
84612
84560
84538
84510
84484
84447
84444
84318
84268
84253
84161
84142
84118
84114
84106
84094
84078
84007
84003
83951
83859
83823
83755
83717
83688
83606
83594
83582
83532
83513
83364
83309
83152
83151
83135
83120
83022
82961
82953
82900
82896
82770
82693
82660
82520
82459
82427
82359
82309
82253
82244
82220
82181
82124
82110
82060
82024
81905
81897
81881
81648
81625
81532
81469
81430
81388
81348
81309
81261
81204
81187
81148
81134
81126
81074
81029
80927
80847
80795
80773
80694
80661
80627
80609
80503
80487
80485
80428
80387
80341
80276
80256
80172
80167
80157
80119
80118
80089
80056
79942
79928
79928
79894
79839
79807
79798
79731
79729
79636
79620
79613
79467
79433
79420
79392
79367
79342
79307
79262
79215
79201
79189
79145
79136
79134
79092
79082
79078
79044
79039
79033
79008
79001
78986
78777
78761
78691
78684
78640
78632
78604
78538
78528
78471
78368
78184
78146
78110
78069
78055
78052
77992
77893
77877
77850
77803
77770
77578
77501
77440
77392
77331
77229
77184
77171
77068
77002
76970
76868
76859
76779
76766
76764
76677
76675
76662
76577
76540
76506
76436
76377
76370
76369
76343
76265
76158
76157
76071
75957
75956
75862
75854
75714
75698
75693
75621
75579
75571
75550
75536
75518
75466
75437
75436
75431
75235
75194
75190
75127
75097
74969
74960
74946
74937
74925
74791
74733
74720
74686
74682
74682
74670
74665
74552
74541
74397
74371
74362
74321
74191
74179
74157
74107
74090
74032
74015
73843
73736
73671
73615
73613
73600
73452
73404
73383
73383
73320
73290
73237
73236
73220
73158
73145
73116
73087
73076
72977
72970
72913
72835
72700
72637
72495
72459
72336
72238
72222
72163
72156
71942
71855
71824
71781
71730
71723
71710
71662
71626
71595
71590
71534
71509
71462
71392
71323
71262
71244
71151
71146
71138
71086
71042
71038
70925
70909
70849
70666
70646
70525
70502
70422
70368
70321
70320
70303
70243
70233
70232
70230
70223
70220
70184
70174
70117
70113
70008
69981
69790
69729
69667
69531
69523
69472
69421
69391
69349
69252
69194
69129
69029
68908
68772
68639
68525
68479
68366
68269
68203
68178
68150
68079
67933
67830
67790
67750
67746
67723
67704
67679
67630
67623
67566
67530
67517
67472
67457
67417
67330
67313
67194
67042
67026
67001
66978
66899
66808
66757
66741
66689
66662
66649
66644
66624
66616
66553
66391
66365
66300
66203
66164
66132
66123
66108
65970
65927
65895
65885
65867
65794
65771
65768
65733
65685
65615
65583
65574
65538
65454
65437
65390
65369
65327
65272
65219
65077
64958
64828
64757
64729
64706
64661
64587
64573
64545
64385
64313
64266
64265
64208
64166
64154
64092
63995
63963
63960
63926
63916
63829
63717
63676
63626
63602
63538
63533
63430
63265
63240
63206
63182
63141
63011
63000
62954
62953
62946
62717
62688
62617
62603
62600
62472
62387
62353
62348
62284
62266
62230
62212
62183
62130
62127
62120
62005
62004
62001
61984
61967
61966
61917
61840
61785
61733
61607
61547
61349
61296
61294
61293
61290
61264
61196
61085
61000
60976
60922
60892
60789
60746
60729
60666
60625
60604
60548
60465
60432
60425
60388
60385
60133
60117
60101
60075
60028
59909
59796
59703
59642
59632
59611
59579
59501
59492
59478
59448
59372
59357
59333
59325
59322
59322
59318
59308
59308
59298
59277
59127
59041
59003
58924
58905
58900
58835
58763
58736
58725
58639
58592
58523
58440
58434
58418
58253
58228
58226
58056
58035
57906
57897
57893
57705
57659
57636
57517
57498
57429
57414
57402
57378
57369
57311
57305
57114
57092
57019
56981
56879
56871
56798
56637
56627
56619
56564
56536
56466
56326
56318
56280
56201
56197
56110
56098
56006
55719
55694
55639
55613
55553
55361
55360
55041
54996
54982
54884
54846
54597
54587
54581
54574
54493
54237
54142
54123
54040
53933
53849
53777
53721
53692
53690
53659
53650
53647
53644
53637
53585
53582
53567
53544
53520
53453
53425
53397
53366
53324
53303
53209
53089
52965
52899
52892
52867
52826
52810
52786
52688
52607
52572
52535
52393
52257
52219
52107
52079
52063
52047
52037
51985
51886
51834
51832
51821
51659
51632
51560
51540
51453
51366
51357
51275
51248
51200
51187
51175
51156
51129
51046
50954
50950
50914
50788
50731
50721
50636
50583
50583
50569
50482
50444
50438
50328
50216
50213
50151
50132
50112
50108
49988
49924
49906
49885
49868
49859
49770
49747
49745
49673
49668
49630
49615
49526
49517
49515
49494
49494
49467
49441
49410
49373
49350
49295
49285
49264
49183
49148
49093
49062
49049
49043
49041
49013
49007
48869
48847
48675
48597
48584
48497
48488
48325
48288
48280
48187
48186
48178
48142
48123
48094
48085
48083
48028
47969
47911
47905
47874
47855
47778
47747
47605
47520
47476
47384
47336
47324
47318
47284
47271
47134
47046
47033
46977
46975
46885
46834
46818
46746
46734
46662
46573
46558
46492
46449
46432
46393
46373
46318
46272
46237
46210
46206
46011
45914
45884
45832
45786
45784
45779
45738
45609
45548
45516
45488
45451
45413
45403
45343
45321
45301
45265
45247
45156
45054
45040
45015
45003
44962
44895
44779
44721
44708
44707
44652
44536
44492
44460
44340
44325
44275
44121
43911
43716
43665
43599
43567
43501
43497
43484
43474
43449
43414
43406
43351
43289
43274
43250
43196
43167
43155
43108
43094
43067
43061
43030
43025
43013
42870
42836
42823
42809
42759
42754
42709
42616
42426
42209
42032
42004
41992
41966
41926
41837
41782
41744
41672
41665
41488
41408
41396
41305
41259
41240
41205
41188
40791
40736
40693
40693
40655
40552
40506
40446
40410
40286
40266
40211
40116
40024
40000
39968
39963
39871
39784
39751
39643
39612
39566
39561
39552
39530
39508
39102
39007
39005
38974
38949
38794
38761
38756
38693
38636
38574
38521
38478
38393
38360
38328
38304
38290
38248
38218
38199
38196
38140
38132
38108
38108
37943
37929
37899
37788
37758
37716
37655
37606
37511
37342
37281
37235
37125
37116
37106
37097
37090
36962
36888
36857
36550
36519
36507
36412
36393
36388
36384
36145
36142
36073
36060
36032
36002
35982
35928
35915
35912
35890
35860
35794
35752
35654
35641
35542
35527
35515
35477
35419
35389
35385
35370
35369
35356
35328
35328
35319
35306
35273
35252
35212
35118
34870
34766
34697
34686
34663
34641
34566
34446
34433
34432
34426
34258
34253
34043
34033
33864
33814
33753
33709
33668
33627
33624
33478
33476
33429
33393
33363
33344
33281
33276
33166
33011
32927
32910
32907
32815
32794
32792
32741
32727
32687
32610
32601
32561
32516
32331
32267
32254
32221
32178
32008
31927
31896
31812
31799
31690
31662
31583
31526
31507
31479
31475
31455
31411
31398
31384
31250
31248
31232
31157
31151
31083
31060
30999
30880
30826
30775
30735
30733
30718
30591
30547
30538
30534
30525
30501
30438
30424
30322
30302
30289
30120
30081
30027
30001
29892
29889
29871
29867
29853
29838
29788
29771
29752
29747
29683
29670
29643
29537
29523
29511
29507
29467
29318
29238
29105
28987
28963
28961
28907
28854
28851
28827
28812
28753
28609
28558
28552
28472
28402
28263
28227
28136
28063
28038
27966
27950
27870
27788
27761
27729
27703
27640
27554
27528
27523
27510
27423
27418
27416
27390
27228
27185
27145
27120
27064
27024
26964
26931
26920
26913
26874
26820
26815
26791
26760
26702
26682
26666
26517
26487
26472
26307
26203
26192
26163
26138
26103
26032
26026
25980
25958
25905
25852
25850
25759
25751
25667
25660
25655
25639
25629
25578
25576
25572
25536
25493
25481
25431
25423
25418
25246
25073
25052
24977
24936
24788
24693
24496
24475
24416
24366
24310
24259
24254
24115
24055
24052
23947
23888
23867
23859
23856
23742
23738
23696
23628
23521
23393
23383
23381
23330
23179
23139
23112
23094
23083
23059
23036
22969
22961
22935
22933
22851
22844
22818
22813
22803
22785
22748
22672
22640
22615
22588
22538
22508
22507
22499
22354
22347
22341
22283
22224
22198
22197
22190
22188
22182
22171
22163
22034
21997
21953
21838
21744
21625
21552
21366
21227
21220
21203
21075
20992
20892
20858
20806
20762
20739
20727
20694
20673
20542
20538
20538
20508
20433
20362
20313
20267
20211
20142
20089
20053
20019
20001
19984
19966
19921
19905
19714
19710
19607
19592
19410
19345
19324
19310
19270
19182
19107
19070
19038
18992
18907
18805
18802
18733
18670
18654
18649
18645
18636
18581
18570
18437
18382
18351
18293
18273
18235
18222
18158
18156
18100
18081
18071
18007
17920
17896
17889
17870
17864
17778
17683
17636
17516
17372
17319
17293
17290
17241
17239
17226
17202
17154
17099
17096
17054
17052
17035
16926
16890
16884
16846
16822
16802
16696
16658
16620
16602
16573
16431
16419
16305
16304
16246
16203
16172
16123
16093
16083
15925
15921
15885
15880
15740
15666
15634
15555
15506
15378
15081
15061
15058
15044
15019
14900
14885
14874
14870
14853
14779
14717
14630
14583
14493
14408
14391
14372
14312
14273
14190
14108
14064
14011
13985
13714
13638
13627
13571
13519
13490
13473
13456
13381
13373
13318
13193
13166
13124
12953
12928
12869
12865
12856
12817
12769
12762
12708
12700
12696
12490
12409
12382
12354
12250
12250
12221
12182
12132
12084
12039
12010
11971
11877
11856
11829
11646
11640
11525
11499
11442
11402
11259
11254
11228
11207
11177
10806
10770
10768
10671
10635
10634
10622
10476
10364
10324
10303
10298
10237
10202
10179
10177
10164
10115
10100
10002
9947
9910
9642
9582
9580
9517
9503
9493
9478
9230
9168
9133
9044
9036
8992
8770
8732
8732
8649
8637
8535
8511
8449
8371
8302
8268
8258
8241
8222
8220
8121
8083
8067
8049
8025
7925
7897
7882
7874
7869
7764
7710
7688
7589
7582
7512
7349
7270
7221
7178
7128
7114
7102
7027
7000
6790
6775
6738
6723
6717
6682
6671
6626
6573
6555
6518
6445
6424
6422
6384
6296
6204
6126
6023
5956
5870
5858
5797
5643
5594
5589
5536
5445
5419
5354
5319
5278
5214
5204
5201
5190
5125
5049
4968
4967
4912
4861
4832
4830
4792
4739
4705
4690
4629
4577
4576
4538
4473
4449
4448
4388
4362
4217
4212
4198
4192
4139
4081
4065
3948
3947
3941
3865
3854
3853
3851
3772
3766
3732
3690
3672
3355
3257
3227
3206
3108
3105
3030
3021
3012
2953
2923
2899
2857
2799
2781
2728
2725
2646
2639
2598
2589
2563
2540
2355
2301
2273
2256
2026
1987
1973
1958
1914
1901
1895
1845
1833
1710
1603
1562
1544
1514
1439
1337
1224
1215
1193
1110
990
982
981
945
911
822
815
814
657
629
608
494
478
463
413
318
286
263
245
230
190
170
153
90
64
22
