99936
99790
99761
99730
99716
99701
99688
99550
99517
99500
99382
99334
99283
99278
99241
99174
99167
99127
99089
99084
99062
99030
98863
98773
98766
98677
98667
98656
98652
98640
98599
98590
98570
98512
98481
98479
98345
98289
98230
98227
98107
98092
98072
97980
97962
97883
97737
97709
97624
97593
97551
97539
97488
97439
97427
97414
97386
97296
97262
97236
97082
97007
96906
96812
96694
96524
96517
96438
96425
96394
96379
96366
96335
96304
96299
96275
96258
96204
96155
96113
96042
96033
96001
95988
95879
95850
95834
95825
95813
95708
95681
95658
95555
95525
95433
95290
95195
95136
95103
95102
95079
95047
95045
95045
95015
94994
94875
94764
94739
94682
94664
94664
94655
94343
94230
94182
94053
94001
93955
93907
93866
93843
93838
93809
93749
93692
93669
93646
93614
93546
93420
93366
93360
93360
93307
93179
93074
93063
93012
92992
92980
92967
92953
92948
92787
92757
92754
92730
92686
92662
92648
92625
92528
92515
92490
92366
92330
92311
92256
92220
92216
92100
92064
91989
91967
91889
91833
91799
91679
91671
91576
91514
91486
91429
91362
91246
91190
91153
91102
91038
90950
90923
90894
90613
90585
90539
90529
90511
90476
90453
90370
90344
90338
90326
90318
90288
90225
90206
90203
90131
90124
90057
90040
89995
89844
89483
89395
89393
89376
89316
89272
89129
89092
89091
88948
88902
88780
88739
88725
88610
88564
88563
88551
88543
88510
88387
88230
88220
88094
88052
87990
87899
87879
87848
87830
87808
87767
87725
87717
87700
87679
87673
87657
87559
87465
87436
87407
87394
87368
87348
87186
87113
87113
87105
86961
86956
86923
86912
86880
86874
86873
86608
86541
86449
86428
86420
86396
86353
86342
86205
86023
85953
85934
85933
85906
85890
85699
85671
85649
85638
85609
85516
85499
85287
85234
85206
85174
85097
84961
84920
84902
84900
84789
84757
84658
84518
84410
84406
84376
84354
84342
84329
84302
84291
84219
84143
84134
84048
84044
84037
83991
83982
83943
83939
83936
83794
83765
83761
83759
83676
83652
83550
83523
83476
83444
83410
83397
83372
83277
83181
83098
83027
83019
82983
82957
82881
82801
82794
82588
82418
82337
82335
82234
82211
82123
82097
82005
81922
81889
81809
81765
81761
81711
81486
81463
81435
81402
81378
81374
81347
81279
81278
81161
81141
81124
81080
81048
81015
80979
80971
80939
80909
80857
80770
80745
80713
80651
80632
80558
80500
80247
80215
80184
80126
80108
80106
79976
79891
79820
79758
79747
79700
79632
79585
79536
79486
79386
79370
79368
79299
79271
79239
79169
79055
79000
78998
78974
78972
78913
78900
78881
78721
78695
78691
78678
78650
78501
78484
78472
78371
78340
78313
78254
78164
78149
78147
78133
78053
78024
78014
77963
77950
77850
77835
77772
77771
77725
77701
77684
77647
77549
77451
77389
77369
77347
77346
77322
77244
77181
77150
77113
77020
76991
76965
76926
76917
76889
76844
76792
76645
76638
76613
76542
76529
76472
76436
76397
76364
76229
76207
76120
76102
76100
76087
76007
75925
75884
75881
75830
75681
75666
75592
75576
75520
75468
75430
75395
75323
75276
75125
75108
75064
75060
75007
74891
74890
74857
74799
74774
74691
74669
74650
74638
74567
74521
74469
74397
74309
74291
74156
74146
74146
74129
74055
74008
73931
73928
73903
73898
73896
73887
73886
73834
73810
73777
73715
73625
73605
73495
73479
73338
73315
73175
73171
73125
73082
72964
72912
72883
72873
72864
72677
72671
72594
72534
72357
72347
72319
72282
72260
72241
72225
72220
72114
71977
71965
71946
71866
71850
71849
71779
71778
71756
71721
71702
71653
71642
71617
71601
71570
71462
71429
71345
71341
71318
71243
71058
70946
70906
70869
70867
70856
70793
70792
70682
70566
70551
70373
70336
70310
70195
70067
70044
70043
69979
69918
69794
69787
69774
69712
69711
69676
69638
69617
69574
69534
69527
69507
69486
69471
69465
69405
69316
69291
69252
69213
69156
69107
69069
69042
68926
68880
68868
68853
68822
68798
68780
68761
68601
68579
68563
68421
68402
68398
68392
68372
68217
68214
68199
68099
67774
67708
67511
67501
67492
67461
67389
67356
67075
67024
66936
66822
66789
66778
66717
66716
66593
66591
66571
66495
66495
66445
66415
66318
66296
66209
66175
66158
66142
66102
65985
65937
65883
65866
65833
65805
65801
65796
65736
65708
65659
65640
65537
65527
65522
65292
65284
65257
65254
65250
65241
65214
65049
64973
64944
64917
64876
64857
64852
64852
64828
64823
64787
64692
64687
64680
64623
64529
64377
64330
64274
64240
64215
64189
64168
64162
64072
64010
63982
63927
63855
63841
63804
63780
63752
63736
63702
63681
63562
63489
63464
63374
63260
63197
63183
63164
63111
63083
63078
63061
63006
62964
62942
62859
62787
62779
62745
62739
62714
62710
62589
62566
62476
62356
62348
62336
62333
62333
62307
62289
62234
62211
62187
62164
62104
62057
62014
62006
61972
61930
61929
61920
61900
61896
61857
61857
61837
61836
61709
61682
61609
61604
61593
61508
61470
61393
61357
61157
61121
60994
60959
60897
60813
60809
60772
60722
60608
60487
60478
60472
60416
60415
60360
60338
60219
60211
60173
60155
60098
60069
60040
60030
59992
59966
59754
59689
59654
59609
59558
59528
59453
59436
59319
59280
59219
59187
59109
59102
59035
58975
58905
58892
58786
58783
58764
58755
58698
58628
58627
58588
58568
58548
58498
58436
58427
58406
58352
58323
58282
58264
58211
58148
58118
58111
58094
58027
57926
57893
57880
57880
57861
57797
57719
57693
57654
57533
57504
57432
57333
57311
57276
57215
57206
57161
57089
57031
57028
56841
56720
56603
56248
56170
56162
56109
56107
56060
56050
56001
55921
55813
55803
55785
55784
55741
55736
55636
55503
55397
55356
55352
55263
55248
55211
55177
55171
55128
55081
54914
54899
54832
54775
54749
54742
54732
54630
54599
54577
54570
54491
54453
54412
54396
54366
54338
54274
54251
54247
54230
54225
54180
54085
54053
53932
53928
53870
53857
53822
53798
53762
53718
53698
53683
53679
53640
53590
53587
53568
53550
53379
53248
53242
53222
53110
53059
52976
52816
52783
52701
52555
52481
52391
52380
52375
52355
52324
52292
52195
52121
52069
52068
52055
51999
51955
51925
51898
51834
51799
51719
51682
51594
51583
51495
51293
51282
51268
51232
51168
51156
51067
51002
50978
50977
50958
50943
50929
50900
50821
50670
50664
50580
50575
50429
50419
50371
50366
50322
50173
50142
50138
50134
50123
49958
49904
49856
49826
49802
49801
49766
49756
49733
49731
49665
49613
49599
49587
49507
49406
49361
49314
49284
49283
49278
49152
49137
49024
48897
48874
48869
48838
48835
48788
48695
48683
48639
48606
48535
48512
48450
48400
48367
48317
48303
48295
48225
48149
48065
48010
47872
47871
47852
47794
47788
47759
47721
47639
47525
47487
47411
47404
47375
47364
47279
47275
47243
47214
47111
46983
46979
46977
46961
46882
46827
46763
46738
46694
46678
46640
46449
46446
46424
46412
46408
46312
46224
46100
46062
46043
46009
46005
45988
45822
45800
45718
45670
45638
45632
45622
45520
45481
45385
45362
45260
45146
45100
45086
45006
44873
44764
44755
44732
44633
44591
44573
44554
44546
44450
44427
44419
44387
44355
44350
44321
44294
44127
44127
44069
44056
44004
43968
43954
43783
43726
43677
43653
43624
43618
43605
43533
43527
43502
43231
43227
43173
43105
43104
43087
43044
43005
42992
42786
42764
42742
42737
42728
42663
42498
42438
42409
42377
42348
42293
42288
42106
42089
42054
42026
42001
41976
41974
41974
41959
41957
41937
41770
41754
41713
41670
41503
41373
41332
41239
41193
41126
41087
41041
41035
40908
40777
40681
40582
40569
40440
40435
40433
40390
40373
40291
40244
40224
40117
40116
40084
40035
39896
39884
39717
39713
39655
39645
39643
39598
39598
39571
39529
39525
39477
39473
39464
39455
39432
39395
39245
39174
39172
39095
38973
38950
38885
38831
38823
38805
38757
38631
38629
38618
38533
38439
38394
38215
38056
38051
37949
37943
37862
37842
37830
37818
37782
37720
37651
37643
37565
37543
37540
37517
37492
37480
37448
37418
37380
37367
37270
37235
37181
37169
37159
37155
37106
37083
36975
36964
36938
36907
36839
36782
36683
36678
36651
36576
36445
36440
36349
36254
36253
36140
36022
35980
35962
35870
35835
35826
35813
35666
35595
35571
35405
35394
35373
35298
35178
35171
35147
35140
35127
35079
35033
34947
34790
34760
34705
34704
34702
34672
34672
34643
34453
34389
34290
34284
34223
34172
33997
33974
33757
33753
33739
33632
33496
33475
33415
33333
33321
33319
33250
33215
33141
33035
33031
33027
33019
33015
32899
32872
32872
32748
32680
32652
32191
32081
32063
32012
31992
31976
31913
31912
31902
31876
31858
31793
31736
31697
31691
31666
31541
31523
31499
31374
31283
31109
30970
30967
30936
30797
30758
30753
30720
30641
30629
30512
30501
30499
30479
30365
30341
30300
30181
30151
30025
30005
29952
29785
29718
29687
29658
29646
29645
29554
29538
29518
29490
29404
29385
29348
29340
29259
29254
29211
29195
29069
29046
29039
29003
28990
28989
28938
28789
28738
28727
28646
28604
28550
28543
28484
28441
28430
28375
28355
28321
28292
28235
28180
28168
28146
28090
28077
28071
27951
27910
27882
27757
27732
27702
27691
27666
27626
27620
27480
27450
27401
27376
27191
27149
27103
27091
26941
26938
26888
26869
26855
26764
26750
26723
26704
26691
26671
26640
26596
26574
26483
26423
26408
26394
26324
26315
26275
26270
26214
26184
25977
25933
25928
25904
25900
25835
25716
25653
25640
25617
25562
25559
25512
25508
25476
25430
25418
25389
25371
25173
25146
25136
25121
25071
25027
24948
24867
24740
24733
24706
24549
24500
24430
24393
24358
24336
24319
24274
24250
24246
24232
24176
23988
23917
23875
23856
23846
23797
23793
23771
23614
23597
23567
23535
23523
23490
23482
23415
23318
23299
23233
23226
23199
23196
23131
23122
23027
23000
22978
22920
22868
22851
22821
22667
22576
22561
22422
22356
22340
22279
22244
22233
22183
22183
22165
22141
22126
22006
21978
21944
21934
21931
21904
21791
21697
21652
21627
21587
21563
21546
21520
21504
21411
21343
21274
21270
21189
21046
20971
20839
20682
20669
20664
20631
20557
20532
20508
20495
20363
20357
20301
20279
20141
20133
20107
20064
20003
19975
19973
19890
19864
19807
19791
19759
19735
19547
19533
19529
19498
19470
19448
19443
19396
19377
19334
19284
19176
19151
19139
19129
19111
19052
19037
19020
18980
18918
18866
18789
18787
18718
18562
18504
18459
18446
18445
18441
18346
18247
18169
17912
17852
17752
17734
17723
17714
17695
17609
17594
17581
17580
17535
17454
17431
17430
17336
17289
17253
17186
17151
17126
17123
17093
17061
16990
16980
16856
16844
16758
16656
16609
16494
16455
16369
16355
16248
16238
16174
16172
16149
16132
16073
16049
16013
16013
15941
15903
15855
15846
15740
15655
15561
15558
15553
15463
15454
15361
15354
15317
15311
15299
15076
14950
14899
14818
14806
14729
14671
14653
14595
14509
14504
14392
14309
14244
14203
14147
14144
14137
13988
13980
13969
13966
13889
13789
13757
13694
13624
13594
13448
13375
13311
13221
13127
12911
12776
12754
12740
12663
12329
12270
12201
12194
12190
12116
12038
12028
11997
11980
11980
11978
11903
11757
11716
11665
11660
11577
11529
11526
11443
11402
11255
11250
11250
11191
11087
11011
10941
10919
10904
10837
10826
10767
10741
10623
10472
10452
10418
10410
10353
10352
10337
10283
10203
10132
10107
10071
10045
10038
9926
9913
9845
9827
9729
9729
9657
9567
9473
9448
9410
9386
9383
9335
9316
9230
9213
9212
9103
9078
9014
9008
8931
8900
8887
8680
8653
8644
8644
8522
8505
8480
8298
8214
8159
8105
8033
7953
7910
7870
7762
7573
7537
7502
7427
7409
7376
7356
7321
7309
7179
7175
7108
7082
7066
7039
7021
7011
6969
6941
6913
6885
6747
6727
6722
6684
6582
6548
6461
6442
6226
6224
6208
6064
6014
5915
5873
5662
5648
5605
5603
5531
5505
5486
5310
5280
5242
5241
5213
5151
5139
5087
5062
5060
5042
4819
4778
4750
4745
4702
4631
4626
4521
4472
4464
4448
4437
4230
4171
4077
4041
3992
3959
3877
3817
3724
3615
3533
3518
3516
3508
3472
3412
3405
3350
3293
3246
3239
3228
3203
3060
2959
2904
2862
2815
2815
2790
2722
2654
2619
2579
2564
2528
2471
2387
2372
2337
2328
2289
2288
2216
2110
2005
1967
1880
1849
1725
1712
1598
1583
1563
1553
1499
1482
1430
1251
1191
1186
1181
1017
1013
1001
1000
986
959
817
772
730
614
611
545
524
347
341
340
332
241
236
226
188
187
100
93
78
