99911
99850
99791
99765
99763
99751
99662
99642
99607
99592
99513
99494
99464
99394
99388
99365
99291
99134
99102
99090
99058
98998
98961
98947
98911
98881
98755
98667
98500
98486
98480
98407
98394
98349
98295
98291
98172
98151
98070
97977
97937
97932
97805
97758
97744
97740
97684
97661
97637
97626
97538
97467
97455
97392
97391
97358
97337
97215
97068
97064
97037
97020
96815
96810
96792
96747
96687
96607
96547
96546
96515
96490
96357
96344
96270
96125
96071
96049
95982
95946
95893
95815
95781
95773
95747
95732
95709
95704
95703
95682
95634
95451
95413
95385
95373
95337
95333
95320
95207
95173
95160
95049
95011
94994
94921
94839
94837
94803
94784
94784
94765
94762
94748
94686
94656
94594
94536
94465
94444
94438
94338
94306
94227
94223
94140
94046
94044
93917
93856
93837
93832
93672
93658
93541
93462
93290
93214
93106
93029
92920
92903
92885
92775
92683
92635
92601
92582
92554
92545
92408
92328
92325
92265
92192
92190
92138
92105
92088
92088
92060
92019
91989
91892
91890
91818
91785
91766
91615
91599
91576
91508
91452
91436
91380
91373
91316
91216
91118
91031
90975
90955
90939
90900
90853
90800
90714
90640
90632
90621
90617
90594
90552
90477
90438
90437
90414
90409
90270
90059
90058
90037
89963
89959
89949
89944
89915
89854
89792
89727
89614
89593
89551
89543
89535
89452
89429
89379
89102
88956
88906
88889
88874
88833
88822
88787
88720
88716
88698
88685
88650
88617
88596
88592
88563
88514
88439
88432
88426
88415
88396
88382
88224
88219
88183
88165
88012
87916
87850
87837
87822
87800
87585
87528
87524
87503
87412
87407
87364
87152
87032
86978
86947
86944
86889
86846
86762
86751
86671
86667
86557
86519
86517
86507
86475
86472
86429
86400
86394
86328
86304
86229
86206
86199
86164
86127
86125
86098
86065
86040
86030
85952
85949
85949
85925
85872
85862
85847
85809
85675
85629
85574
85534
85508
85459
85456
85419
85296
85210
85103
85055
85037
84993
84975
84933
84768
84703
84698
84612
84544
84355
84337
84323
84286
84267
84164
84122
84074
83996
83973
83928
83899
83756
83684
83669
83633
83539
83396
83362
83355
83327
83274
83259
83163
83151
83116
83078
83072
83043
83031
82995
82987
82863
82862
82806
82742
82739
82678
82667
82626
82534
82506
82497
82489
82486
82392
82325
82295
82126
82111
82028
81921
81901
81876
81855
81772
81770
81693
81687
81665
81532
81474
81468
81465
81465
81414
81252
81221
81135
80955
80948
80916
80911
80821
80815
80601
80538
80510
80432
80427
80416
80380
80342
80332
80273
80237
80211
80156
80098
80062
80029
79992
79796
79719
79615
79595
79579
79554
79526
79480
79478
79468
79459
79449
79435
79401
79384
79361
79345
79249
79218
79147
79088
79000
78909
78851
78798
78788
78780
78740
78721
78635
78629
78615
78568
78540
78437
78398
78380
78370
78353
78341
78308
78244
78137
78121
78070
78039
77860
77828
77793
77775
77633
77480
77401
77325
77251
77201
77077
77076
77067
77029
76941
76904
76873
76841
76821
76784
76770
76758
76737
76688
76667
76661
76658
76652
76579
76533
76458
76435
76408
76406
76298
76223
76186
76141
76116
76030
75995
75974
75971
75962
75946
75922
75772
75675
75663
75525
75525
75498
75465
75420
75406
75394
75367
75316
75309
75280
75275
75200
75170
75048
75042
75040
75012
74991
74793
74752
74693
74686
74665
74648
74570
74545
74498
74316
74256
74233
74151
74141
74124
74075
73950
73948
73928
73878
73752
73602
73497
73365
73330
73313
73297
73008
72992
72926
72900
72875
72854
72846
72807
72783
72769
72720
72703
72590
72567
72548
72536
72438
72398
72337
72206
72059
71908
71818
71745
71736
71734
71715
71711
71567
71546
71475
71460
71430
71424
71408
71295
71293
71270
71056
70995
70983
70940
70886
70762
70676
70647
70582
70523
70517
70432
70424
70363
70312
70249
70110
70110
70072
70041
69980
69897
69894
69752
69746
69576
69526
69400
69209
69205
69201
69171
69084
69030
69014
69005
68970
68929
68911
68874
68836
68797
68794
68777
68700
68588
68582
68460
68365
68315
68308
68266
68233
68201
68122
68069
67985
67980
67925
67921
67867
67826
67780
67741
67720
67674
67668
67639
67547
67521
67448
67442
67372
67323
67271
67165
67152
67053
67049
67006
66959
66765
66737
66720
66680
66630
66560
66518
66502
66468
66350
66067
66045
65920
65869
65854
65790
65777
65752
65736
65735
65678
65638
65620
65619
65575
65516
65501
65445
65426
65397
65388
65241
65219
65203
65186
65118
65058
64831
64634
64633
64577
64550
64473
64413
64313
64139
64106
64073
64047
63969
63935
63907
63900
63850
63841
63665
63637
63610
63588
63568
63567
63546
63451
63428
63376
63355
63352
63242
63236
63224
63165
63088
63072
62947
62933
62766
62695
62518
62473
62286
62131
62041
62011
62003
61979
61939
61854
61848
61638
61513
61463
61450
61434
61399
61360
61351
61201
61172
61114
61108
61103
61054
61043
60961
60877
60858
60825
60786
60783
60777
60777
60755
60734
60716
60606
60549
60539
60519
60516
60505
60503
60498
60387
60382
60368
60360
60347
60187
60028
60019
59943
59864
59840
59798
59722
59700
59642
59637
59597
59577
59473
59285
59249
59190
59116
59080
58889
58779
58743
58741
58735
58577
58522
58461
58374
58279
58197
58119
58097
58053
57997
57994
57954
57891
57870
57805
57748
57744
57610
57598
57577
57482
57442
57416
57331
57230
57201
57167
57149
57117
57102
56982
56953
56696
56689
56638
56623
56613
56417
56380
56349
56207
56187
56131
56129
56117
56097
56067
56059
56020
56017
55936
55876
55872
55852
55796
55786
55749
55748
55717
55682
55582
55572
55500
55387
55350
55249
55220
55186
55172
55126
55107
54931
54923
54887
54860
54842
54834
54800
54622
54564
54491
54426
54400
54363
54350
54338
54324
54211
54160
54037
54032
53980
53964
53959
53909
53909
53855
53852
53821
53764
53742
53724
53714
53670
53600
53590
53501
53452
53451
53423
53421
53297
53190
53095
53071
53050
53018
53016
52867
52865
52858
52854
52852
52830
52711
52710
52577
52447
52418
52400
52372
52326
52246
52220
52174
52149
52145
52113
52058
51991
51982
51959
51938
51931
51877
51797
51750
51704
51627
51562
51534
51473
51424
51413
51374
51368
51276
51226
51107
51087
51039
51031
51031
50987
50979
50974
50936
50911
50889
50889
50857
50739
50712
50686
50518
50499
50465
50441
50170
49922
49879
49827
49676
49559
49551
49522
49475
49438
49392
49383
49259
49230
48938
48880
48811
48768
48766
48728
48721
48717
48626
48626
48598
48543
48499
48351
48347
48253
48233
48166
48141
48082
48068
47986
47950
47781
47590
47561
47509
47423
47389
47361
47349
47323
47240
47195
47075
46973
46834
46800
46796
46757
46604
46580
46577
46419
46321
46309
46273
46254
46210
46208
46193
46159
46126
46098
46056
46046
45846
45809
45809
45794
45766
45761
45751
45654
45651
45626
45602
45575
45553
45553
45548
45390
45390
45353
45311
45151
45121
45030
45002
44998
44906
44881
44852
44790
44780
44750
44718
44616
44612
44544
44537
44492
44436
44423
44374
44367
44347
44289
44181
44174
44165
44137
44133
44106
44074
44002
43921
43795
43756
43749
43650
43583
43434
43428
43283
43277
43256
43154
43145
43125
43110
43078
43075
43066
43036
43024
42996
42981
42955
42911
42887
42827
42750
42741
42740
42724
42657
42647
42645
42481
42474
42435
42390
42335
42265
42178
42167
42150
42127
42093
42078
42010
41993
41989
41947
41857
41830
41690
41668
41645
41482
41444
41275
41140
41071
40991
40988
40846
40785
40749
40618
40553
40537
40431
40417
40334
40277
40126
40059
39952
39920
39833
39820
39782
39628
39596
39501
39403
39385
39382
39250
39230
39153
39115
39100
39095
39090
39083
39014
39006
38918
38857
38850
38820
38774
38623
38586
38559
38517
38510
38508
38500
38409
38280
38245
38170
38145
38025
38021
38016
37975
37948
37806
37804
37784
37678
37664
37646
37608
37601
37571
37564
37559
37514
37489
37470
37459
37353
37163
37119
37113
37030
36990
36971
36920
36886
36859
36811
36798
36688
36686
36656
36648
36605
36414
36399
36389
36332
36269
36250
36243
36097
36095
36075
36021
36007
36003
35948
35948
35850
35820
35805
35777
35753
35742
35717
35651
35578
35488
35485
35448
35392
35392
35320
35308
35250
35239
35137
35128
35047
34923
34832
34826
34798
34785
34656
34655
34617
34545
34390
34248
34244
34200
34145
34138
34095
34078
34077
34024
34010
33925
33875
33866
33858
33827
33781
33653
33593
33574
33435
33397
33355
33352
33232
33175
33057
32948
32927
32887
32833
32820
32791
32741
32650
32613
32602
32538
32395
32371
32206
32182
32093
31947
31943
31872
31840
31814
31772
31767
31734
31654
31592
31560
31474
31408
31242
31120
31089
30938
30860
30852
30796
30745
30708
30707
30625
30584
30508
30427
30366
30355
30320
30267
30247
30113
30049
30032
29998
29952
29731
29633
29445
29443
29431
29371
29315
29293
29273
29185
29152
29142
29060
29057
29031
28780
28705
28694
28673
28662
28639
28628
28620
28576
28492
28452
28393
28357
28336
28312
28269
28251
28237
28104
28063
28006
27995
27978
27896
27873
27847
27800
27697
27696
27516
27512
27451
27329
27265
27221
27207
27202
27188
27176
27169
27149
27029
27007
26883
26855
26778
26709
26570
26554
26419
26412
26332
26261
26257
26134
26063
26043
25990
25969
25884
25873
25834
25811
25753
25669
25644
25628
25514
25378
25330
25318
25316
25294
25278
25248
25198
25195
25188
25149
25114
25032
25027
25000
24959
24916
24881
24854
24814
24764
24734
24629
24541
24526
24505
24479
24431
24348
24296
24283
24261
24231
24155
24100
24100
23953
23946
23940
23871
23734
23725
23608
23498
23454
23451
23410
23367
23270
23269
23186
23179
23120
23086
23018
22911
22682
22653
22625
22623
22495
22451
22417
22403
22363
22361
22330
22285
22258
22226
22111
22094
22071
22048
21995
21977
21925
21924
21887
21806
21780
21763
21724
21716
21673
21628
21566
21559
21527
21509
21478
21425
21368
21345
21323
21293
21262
21225
21124
21113
21010
20959
20945
20943
20942
20933
20825
20752
20666
20634
20610
20580
20560
20554
20531
20501
20480
20447
20422
20422
20366
20220
20213
20157
20148
20072
19764
19763
19726
19725
19662
19477
19464
19426
19409
19397
19341
19337
19264
19244
19209
19188
19183
19148
19073
19061
19049
19008
18974
18924
18870
18757
18730
18698
18635
18626
18626
18602
18569
18562
18522
18429
18411
18361
18248
18208
18175
18066
18005
17775
17766
17724
17714
17645
17622
17522
17492
17456
17348
17327
17308
17306
17281
17281
17227
17205
17197
17165
17130
17011
16928
16923
16922
16829
16692
16668
16586
16574
16541
16534
16488
16476
16437
16425
16374
16361
16100
16087
15958
15801
15678
15618
15589
15570
15513
15396
15360
15352
15238
15163
15156
15092
15022
15019
15005
14992
14982
14932
14852
14725
14666
14561
14556
14521
14520
14385
14319
14217
14174
14111
14055
14050
14018
14011
13980
13945
13889
13848
13835
13729
13712
13621
13537
13534
13525
13517
13474
13385
13276
13208
13148
13147
13111
13001
12998
12974
12947
12886
12833
12775
12731
12610
12574
12540
12530
12529
12498
12426
12260
12236
12058
12053
11947
11945
11863
11772
11704
11704
11674
11643
11600
11593
11526
11513
11354
11347
11178
11044
10992
10921
10912
10904
10903
10847
10843
10821
10799
10734
10721
10715
10606
10555
10529
10514
10200
10136
10078
10063
10052
9988
9924
9923
9883
9883
9865
9853
9839
9792
9673
9637
9614
9573
9544
9499
9477
9461
9402
9367
9309
9283
9255
9118
9089
9080
9034
9016
8958
8896
8866
8760
8747
8575
8556
8453
8446
8424
8373
8371
8333
8307
8248
8246
8064
8049
7971
7904
7869
7849
7815
7777
7759
7693
7619
7609
7380
7371
7367
7213
7177
7153
7126
7042
6961
6899
6888
6776
6747
6703
6662
6658
6651
6643
6579
6547
6472
6436
6428
6274
6241
6203
6156
6090
6050
6018
5984
5907
5888
5775
5739
5732
5730
5698
5636
5626
5579
5529
5487
5420
5267
5257
5144
5102
5076
5069
5045
5000
4981
4956
4923
4911
4887
4859
4758
4755
4677
4617
4557
4390
4339
4261
4212
4045
3884
3837
3796
3777
3645
3567
3557
3536
3521
3476
3463
3404
3401
3257
3248
3232
3219
3189
3177
3140
3047
3042
3005
2957
2926
2841
2763
2719
2693
2625
2601
2577
2540
2443
2411
2363
2165
2159
2138
2099
1966
1936
1877
1865
1842
1839
1835
1779
1733
1715
1714
1640
1638
1597
1596
1519
1349
1257
1234
1222
1123
1089
1047
1026
973
783
755
742
724
678
579
546
347
337
250
225
147
122
114
113
58
49
