99956
99870
99835
99828
99823
99804
99658
99552
99487
99389
99385
99371
99361
99289
99217
99192
99180
99163
99151
99142
99092
99061
99047
98995
98948
98916
98854
98773
98711
98670
98588
98541
98481
98444
98398
98391
98281
98247
98243
98243
98223
98188
98027
97988
97976
97955
97922
97836
97818
97773
97765
97751
97710
97705
97675
97634
97614
97600
97526
97521
97474
97464
97427
97334
97184
97172
97118
96931
96874
96849
96775
96611
96559
96554
96522
96413
96335
96321
96252
96194
96138
96072
96057
96024
95901
95836
95817
95728
95638
95626
95569
95546
95349
95335
95292
95277
95255
95239
95238
95213
95143
95072
94966
94896
94804
94797
94754
94606
94467
94457
94442
94284
94239
94008
94000
93912
93831
93791
93739
93728
93707
93670
93592
93551
93503
93497
93462
93416
93367
93353
93349
93321
93278
93267
93126
93103
93056
93054
92996
92923
92919
92889
92858
92839
92786
92784
92758
92705
92681
92637
92628
92592
92558
92538
92407
92352
92326
92305
92262
92241
92190
92189
92183
92157
92120
92048
92045
92035
91841
91827
91814
91652
91571
91514
91506
91424
91381
91366
91356
91346
91314
91293
91133
91071
91006
90961
90954
90949
90949
90948
90911
90829
90758
90728
90680
90620
90610
90604
90564
90367
90357
90325
90287
90168
90152
90145
90081
89990
89949
89890
89879
89875
89823
89817
89775
89723
89685
89443
89435
89427
89419
89353
89275
89163
89145
89051
88998
88973
88971
88960
88957
88947
88892
88860
88839
88833
88833
88817
88815
88728
88613
88572
88529
88520
88516
88488
88340
88335
88256
88254
88234
88156
88152
88136
88071
88052
88000
87990
87986
87978
87930
87878
87761
87713
87650
87636
87499
87492
87437
87423
87405
87394
87356
87281
87160
87136
87050
87030
87016
86992
86875
86871
86791
86782
86770
86745
86552
86355
86334
86303
86300
86222
86091
86066
85953
85944
85934
85877
85857
85831
85801
85800
85641
85585
85560
85543
85504
85469
85417
85390
85358
85299
85294
85194
85184
84948
84934
84840
84791
84780
84759
84717
84645
84634
84604
84521
84496
84460
84447
84331
84300
84264
84262
84216
84111
84016
83983
83969
83928
83836
83815
83798
83768
83765
83742
83738
83661
83537
83515
83447
83432
83360
83312
83259
83152
83138
83094
83055
82874
82825
82789
82775
82762
82761
82708
82666
82620
82585
82581
82552
82500
82367
82271
82230
82192
82145
82087
82064
81970
81799
81783
81707
81698
81532
81529
81400
81390
81333
81179
81143
81096
81066
81023
81021
80995
80982
80976
80890
80880
80874
80874
80853
80767
80757
80736
80702
80524
80508
80372
80317
80262
80255
80241
80179
80101
80091
80077
80069
79964
79843
79782
79709
79643
79543
79527
79520
79503
79326
79312
79294
79187
79160
79144
79140
79078
79044
78977
78952
78922
78906
78884
78759
78720
78701
78685
78505
78478
78464
78427
78426
78414
78388
78382
78324
78233
78189
78187
78121
78084
78073
78027
78026
77915
77890
77859
77839
77799
77770
77715
77693
77691
77642
77623
77602
77570
77501
77495
77494
77379
77343
77319
77208
77188
77172
77121
77026
77022
76994
76923
76904
76874
76719
76709
76685
76675
76541
76425
76425
76411
76350
76349
76340
76285
76281
76264
76252
76081
76066
76026
75983
75938
75892
75708
75705
75647
75623
75466
75462
75419
75407
75360
75357
75300
75271
75138
75138
75093
75035
74927
74808
74774
74763
74752
74750
74621
74541
74503
74422
74419
74351
74220
74162
74112
73997
73754
73736
73683
73660
73640
73603
73553
73519
73516
73447
73430
73373
73214
73145
73143
73121
73109
73097
73085
73041
72974
72842
72682
72664
72606
72606
72556
72420
72352
72337
72228
72164
72119
72017
71981
71914
71901
71855
71801
71794
71759
71705
71660
71651
71512
71501
71452
71417
71403
71360
71324
71275
71274
71268
71247
71150
71127
70963
70904
70816
70723
70607
70602
70428
70391
70293
70196
70190
70102
70096
69972
69837
69717
69657
69620
69603
69426
69409
69392
69384
69374
69349
69270
69224
69189
69181
69109
69096
69060
68985
68831
68828
68782
68773
68751
68730
68708
68629
68559
68545
68543
68479
68457
68451
68424
68403
68381
68373
68237
68155
68063
68037
67910
67902
67879
67758
67748
67740
67720
67697
67654
67597
67590
67476
67451
67423
67381
67344
67299
67251
67241
67168
67133
66945
66930
66883
66761
66717
66665
66641
66638
66587
66535
66516
66508
66428
66420
66319
66311
66254
66227
66184
66081
65888
65790
65739
65571
65531
65301
65262
65236
65192
65091
65067
65029
64818
64718
64615
64600
64584
64579
64573
64503
64502
64448
64264
64233
64211
64133
64100
64065
64061
63999
63995
63937
63880
63811
63800
63618
63606
63572
63564
63563
63484
63388
63186
63092
63057
63032
63014
62973
62904
62843
62773
62728
62664
62616
62576
62501
62470
62461
62419
62387
62345
62311
62245
62236
62204
62165
62125
62088
62088
61894
61853
61757
61732
61683
61659
61645
61492
61448
61361
61344
61316
61272
61230
61175
61105
61058
61044
60975
60967
60844
60786
60740
60723
60590
60524
60520
60377
60352
60311
60138
60118
60006
59947
59944
59927
59891
59839
59821
59743
59711
59686
59659
59579
59479
59425
59332
59199
59150
59071
58924
58915
58884
58878
58869
58867
58837
58812
58783
58734
58727
58721
58710
58707
58546
58538
58484
58417
58417
58361
58325
58321
58289
58158
58051
58048
58035
57957
57888
57830
57716
57713
57551
57314
57282
57260
57218
57200
57145
57128
56987
56905
56894
56891
56828
56798
56754
56733
56588
56498
56472
56421
56356
56334
56299
56283
56275
56257
56201
56201
56113
56097
56052
56028
55823
55775
55752
55717
55642
55481
55472
55369
55291
55286
55285
55249
55231
55158
55111
55095
54993
54991
54896
54890
54857
54856
54751
54645
54628
54627
54482
54462
54444
54433
54431
54397
54395
54345
54314
54302
54261
54195
54106
54105
54044
53945
53915
53839
53825
53817
53659
53518
53478
53468
53400
53373
53334
53291
53264
53256
53227
52976
52960
52949
52862
52856
52822
52816
52766
52711
52664
52442
52440
52426
52349
52257
52213
52107
51893
51848
51835
51811
51807
51767
51739
51727
51683
51661
51606
51603
51591
51473
51235
51225
51162
51141
51114
51097
51074
51037
50996
50989
50982
50761
50734
50704
50611
50537
50471
50350
50315
50262
50144
49951
49889
49886
49840
49816
49789
49763
49696
49696
49613
49612
49611
49517
49425
49415
49382
49357
49349
49341
49248
49134
49111
49104
48845
48829
48811
48662
48597
48581
48553
48552
48542
48507
48407
48209
48141
48126
48115
48055
47995
47918
47882
47798
47730
47710
47707
47447
47405
47383
47356
47341
47339
47333
47300
47284
47254
47213
47083
47038
47019
46999
46993
46985
46959
46832
46820
46617
46607
46550
46497
46432
46382
46364
46331
46295
46169
46073
46029
45965
45922
45920
45888
45876
45762
45717
45701
45696
45680
45666
45661
45657
45566
45520
45445
45440
45402
45321
45317
45291
45280
45247
45187
45150
45129
45120
45024
45010
45006
45005
44994
44935
44872
44868
44821
44539
44531
44471
44299
44286
44176
44134
44113
44102
44101
44083
44008
43894
43892
43851
43851
43793
43721
43695
43680
43667
43662
43626
43559
43449
43392
43377
43312
43140
43038
42973
42950
42931
42895
42888
42770
42765
42689
42658
42571
42552
42549
42458
42414
42366
42365
42245
42198
42189
42093
42037
42023
42009
41961
41960
41911
41878
41841
41829
41807
41803
41771
41738
41703
41659
41658
41627
41614
41579
41553
41437
41433
41409
41372
41340
41288
41264
41237
41234
41215
41079
41067
40962
40942
40929
40892
40836
40830
40670
40669
40578
40513
40504
40311
40272
40247
40240
40185
40115
40105
40039
40015
39946
39925
39872
39829
39776
39769
39690
39675
39668
39610
39525
39514
39511
39456
39416
39404
39397
39344
39338
39336
39283
39245
39188
39105
39072
39059
39057
39025
38874
38865
38815
38815
38735
38711
38673
38634
38492
38480
38428
38418
38316
38304
38189
38186
38123
38061
37980
37962
37958
37865
37841
37826
37727
37696
37682
37668
37646
37608
37542
37514
37480
37220
37206
37177
37173
37142
37108
37060
37043
37021
36861
36840
36750
36731
36708
36690
36629
36559
36548
36514
36499
36474
36380
36306
36270
36171
36168
35996
35976
35881
35872
35862
35828
35811
35801
35631
35607
35521
35459
35446
35388
35348
35348
35342
35338
35316
35285
35102
35075
35061
35027
34956
34881
34843
34775
34698
34698
34687
34664
34639
34604
34546
34474
34440
34425
34338
34259
34258
34179
34146
34125
34085
34056
33871
33698
33666
33654
33622
33559
33556
33549
33527
33494
33488
33453
33423
33281
33261
33195
33152
33121
33025
33002
32920
32882
32876
32686
32623
32486
32475
32437
32343
32315
32304
32285
32216
32200
32175
32144
31820
31724
31643
31631
31571
31567
31548
31546
31522
31503
31473
31443
31395
31267
31146
31109
31076
31073
31059
31052
31037
30984
30870
30865
30865
30848
30834
30810
30801
30783
30768
30710
30669
30596
30593
30583
30573
30517
30468
30294
30283
30215
30188
30116
30108
30101
30040
30010
29975
29963
29939
29765
29724
29712
29688
29682
29621
29548
29305
29267
29233
29231
29088
29043
28995
28986
28949
28891
28888
28859
28778
28774
28718
28548
28356
28322
28279
28161
28092
28029
28022
27953
27879
27826
27657
27493
27470
27437
27432
27248
27209
27191
27123
27104
27075
27017
26977
26898
26771
26760
26601
26578
26439
26436
26369
26205
26195
26167
26122
26060
25897
25879
25863
25723
25707
25704
25680
25675
25675
25536
25516
25468
25339
25268
25192
25058
25050
25033
24914
24854
24827
24794
24792
24789
24789
24766
24764
24746
24714
24693
24662
24598
24454
24414
24387
24367
24334
24256
24215
24207
24188
24180
24153
24144
24138
24106
24035
23926
23851
23844
23797
23771
23684
23669
23554
23542
23540
23529
23520
23482
23453
23425
23417
23365
23307
23157
23072
22977
22884
22881
22835
22830
22746
22739
22723
22721
22715
22697
22673
22657
22626
22585
22559
22555
22555
22500
22457
22453
22438
22374
22186
22168
22121
22084
22045
21991
21990
21906
21880
21766
21677
21563
21518
21397
21328
21288
21210
21169
21086
21084
21041
20967
20950
20830
20817
20688
20589
20583
20563
20544
20541
20498
20412
20398
20311
20309
20278
20171
20163
20118
20112
20040
19936
19868
19798
19788
19744
19709
19702
19648
19599
19592
19532
19500
19461
19382
19306
19270
19158
19127
19095
19064
19051
19026
19003
18988
18984
18976
18911
18780
18717
18690
18598
18574
18552
18489
18478
18333
18322
18176
18174
18147
18095
18091
18088
18068
17921
17832
17803
17723
17707
17692
17680
17676
17660
17555
17464
17445
17424
17371
17350
17349
17320
17317
17278
17250
17226
17209
17123
17047
17017
17006
16920
16893
16859
16793
16735
16715
16711
16629
16589
16431
16293
16184
16181
16129
15875
15771
15753
15736
15675
15649
15569
15544
15520
15507
15481
15449
15408
15362
15355
15245
15212
15202
15153
15146
15139
15129
15103
15019
14906
14886
14815
14798
14757
14699
14667
14605
14557
14540
14453
14391
14365
14363
14285
14255
14109
13951
13878
13872
13773
13665
13562
13555
13545
13526
13447
13354
13310
13306
13294
13206
13160
13123
13108
12981
12933
12915
12863
12853
12779
12773
12734
12721
12631
12626
12573
12529
12525
12412
12351
12325
12311
12272
12159
12094
12062
12061
12055
11981
11949
11892
11802
11698
11672
11563
11561
11531
11488
11443
11439
11408
11368
11327
11217
11143
11043
11035
10985
10982
10960
10938
10929
10927
10858
10733
10715
10687
10645
10540
10218
10201
10199
10143
10133
9986
9921
9904
9882
9761
9636
9604
9591
9486
9439
9310
9288
9276
9240
9208
9142
9099
9062
9021
8997
8976
8975
8970
8963
8882
8804
8790
8667
8581
8490
8473
8369
8367
8363
8355
8313
8257
8144
7993
7949
7946
7894
7888
7856
7853
7721
7589
7565
7548
7471
7465
7457
7421
7361
7283
7245
7221
7144
7125
6973
6957
6788
6675
6656
6623
6593
6487
6484
6481
6447
6428
6332
6305
6273
6221
6115
6073
6042
6022
6018
5970
5879
5743
5715
5666
5632
5619
5571
5545
5542
5520
5495
5483
5393
5359
5341
5319
5302
5211
5118
5091
5070
5027
5017
4999
4995
4904
4836
4815
4795
4705
4625
4581
4541
4467
4440
4362
4242
4130
4091
4018
3968
3925
3923
3905
3645
3623
3592
3545
3518
3454
3365
3332
3300
3293
3249
3242
3223
3222
3185
3077
3001
2986
2888
2715
2559
2542
2535
2488
2408
2286
2270
2088
2014
1989
1955
1907
1740
1666
1307
1294
1227
1178
1137
1130
1077
1067
1022
888
751
641
622
522
340
322
276
203
199
182
163
4
