99908
99896
99762
99756
99659
99626
99625
99612
99561
99399
99383
99376
99149
99137
99050
98998
98963
98937
98894
98831
98742
98597
98491
98410
98310
98275
98224
98219
97996
97862
97797
97672
97622
97607
97423
97365
97334
97322
97272
97146
97141
97054
96915
96914
96894
96832
96811
96763
96707
96703
96513
96492
96333
96263
96250
96150
96110
96060
96018
95952
95890
95836
95824
95789
95774
95751
95684
95653
95637
95577
95517
95444
95406
95406
95304
95232
95208
95159
95142
95122
94895
94871
94762
94733
94566
94515
94504
94424
94397
94322
94269
94183
94148
94147
94122
94076
94040
94026
94000
93856
93808
93771
93692
93464
93409
93375
93372
93343
93310
93309
93299
93244
93239
93153
93120
93098
93081
92952
92896
92887
92879
92756
92730
92725
92705
92611
92607
92599
92520
92516
92459
92428
92347
92308
92236
92185
92177
92169
92131
92116
92071
92071
92043
91947
91910
91882
91881
91842
91792
91458
91392
91387
91383
91352
91348
91309
91248
91019
91007
90981
90979
90930
90894
90794
90631
90602
90525
90516
90482
90407
90318
90290
90279
90137
90030
89943
89893
89883
89804
89739
89705
89599
89593
89580
89480
89458
89392
89342
89341
89212
89211
89155
89139
89072
88990
88938
88926
88902
88897
88866
88844
88748
88736
88706
88626
88570
88528
88492
88325
88303
88281
88278
88223
88177
88156
88117
88099
87998
87989
87957
87946
87932
87907
87882
87826
87707
87705
87580
87476
87372
87322
87212
87031
87023
87019
86989
86917
86848
86812
86766
86747
86742
86651
86599
86592
86557
86541
86536
86510
86467
86450
86412
86355
86352
86229
86226
86209
86104
86052
85970
85937
85920
85824
85791
85711
85708
85604
85423
85398
85329
85324
85314
85287
85286
85163
85135
85056
85000
84967
84950
84927
84903
84693
84658
84656
84464
84449
84386
84319
84288
84167
84152
84099
84047
84024
84015
83988
83914
83863
83857
83797
83656
83576
83522
83516
83514
83509
83490
83480
83476
83386
83276
83191
83182
83176
83100
83041
83002
82990
82986
82923
82921
82884
82865
82854
82709
82707
82688
82630
82579
82562
82392
82369
82357
82275
82259
82190
82132
81889
81888
81872
81867
81816
81768
81721
81694
81567
81566
81522
81490
81454
81441
81428
81417
81382
81348
81256
81234
81234
81231
81165
81158
80965
80892
80849
80725
80717
80675
80662
80568
80543
80492
80451
80423
80422
80407
80171
80110
80071
80070
80058
80049
80047
80043
80035
80014
79988
79905
79852
79803
79798
79774
79750
79695
79688
79639
79410
79377
79197
79186
79183
79160
79044
79022
78920
78834
78811
78782
78757
78742
78626
78498
78476
78372
78323
78256
78098
78076
78030
77908
77895
77889
77864
77774
77748
77630
77612
77566
77490
77431
77431
77410
77384
77375
77205
77188
77174
77148
76846
76835
76766
76734
76578
76525
76524
76315
76283
76279
76220
76173
76154
76136
76088
76046
75975
75849
75833
75795
75780
75766
75756
75729
75715
75698
75609
75589
75560
75552
75504
75436
75420
75352
75303
75278
75266
75256
75141
75131
75093
75092
75065
75030
75014
74992
74958
74930
74921
74865
74835
74782
74717
74712
74691
74653
74636
74626
74616
74576
74540
74476
74413
74347
74346
74312
74299
74265
74157
74049
74005
73937
73879
73794
73714
73672
73623
73598
73515
73474
73397
73371
73277
73039
73002
73001
72997
72995
72895
72847
72801
72750
72726
72585
72566
72556
72477
72467
72321
72301
72253
72203
72190
72152
72140
72115
72045
71944
71900
71900
71732
71713
71618
71606
71564
71546
71506
71491
71469
71463
71376
71370
71268
71234
71223
71212
71133
70931
70886
70840
70803
70791
70698
70567
70547
70427
70379
70379
70313
70262
70212
70186
70166
70155
70112
69949
69942
69894
69822
69816
69808
69747
69743
69527
69524
69486
69450
69424
69329
69231
69222
69189
69136
69083
69081
68997
68979
68979
68881
68831
68819
68805
68758
68741
68721
68698
68673
68512
68470
68470
68444
68368
68196
68135
68134
68120
68116
68086
68080
68079
68068
67998
67979
67898
67841
67820
67748
67620
67574
67525
67464
67449
67426
67424
67402
67188
67128
67045
67026
66968
66931
66892
66886
66879
66870
66846
66725
66689
66684
66622
66542
66429
66373
66354
66305
66283
66278
66265
66234
66216
66156
65929
65874
65844
65770
65739
65665
65654
65577
65544
65535
65268
65244
65104
65094
64964
64914
64850
64828
64775
64745
64674
64598
64592
64522
64485
64459
64446
64439
64428
64370
64254
64161
64159
64113
64063
63950
63902
63826
63754
63734
63632
63489
63475
63471
63375
63320
63308
63237
63217
63107
63100
62965
62945
62942
62853
62737
62712
62693
62677
62666
62583
62535
62515
62421
62409
62377
62375
62367
62342
62216
62213
62204
62150
62109
62082
62066
62061
61973
61949
61938
61907
61900
61734
61660
61501
61371
61297
61275
61262
61243
61170
61083
60952
60889
60805
60731
60710
60648
60638
60574
60553
60548
60517
60472
60456
60433
60431
60286
60224
60209
60163
60123
60007
59907
59879
59875
59874
59832
59825
59799
59737
59702
59700
59690
59667
59646
59637
59599
59594
59528
59516
59481
59392
59375
59299
59251
59225
59195
59090
59020
59007
58987
58933
58767
58743
58548
58480
58422
58409
58408
58320
58284
58049
58047
57982
57894
57862
57854
57762
57755
57673
57672
57624
57529
57272
57042
57013
56987
56976
56929
56876
56804
56753
56751
56727
56690
56680
56573
56498
56456
56388
56341
56311
56303
56286
56222
56215
56133
56068
56048
55999
55981
55898
55834
55725
55628
55539
55532
55531
55521
55466
55425
55392
55216
55047
54995
54952
54927
54814
54714
54614
54614
54555
54501
54439
54421
54259
54249
54244
54171
54163
54142
53983
53980
53869
53854
53773
53690
53614
53598
53544
53524
53451
53433
53410
53408
53358
53356
53350
53340
53311
53251
53207
53184
53148
53125
53111
53059
53000
52970
52899
52898
52776
52773
52768
52762
52595
52550
52529
52264
52181
52157
52112
51940
51883
51874
51852
51837
51791
51731
51616
51584
51471
51389
51333
51328
51327
51311
51265
51257
51176
51145
51101
50934
50881
50827
50812
50809
50797
50750
50715
50694
50660
50536
50371
50336
50259
50100
50071
49961
49926
49773
49773
49746
49725
49712
49711
49698
49649
49587
49480
49470
49466
49433
49386
49316
49293
49281
49170
49161
49115
49056
49044
49025
49016
48927
48843
48551
48426
48406
48392
48349
48308
48255
48228
48214
48202
48149
48064
48035
48000
47997
47929
47866
47838
47836
47788
47707
47687
47672
47642
47555
47437
47353
47351
47327
47177
47133
47128
47062
46973
46971
46849
46792
46790
46733
46660
46543
46508
46463
46417
46413
46356
46317
46245
46232
46227
46166
46120
45979
45684
45640
45640
45638
45587
45498
45427
45367
45356
45292
45247
45217
45203
45095
44997
44945
44858
44710
44710
44623
44612
44553
44544
44508
44474
44394
44364
44315
44217
44167
44107
43941
43826
43736
43678
43670
43616
43565
43500
43482
43476
43455
43455
43439
43438
43432
43424
43403
43162
43078
42995
42873
42813
42799
42761
42734
42719
42643
42633
42558
42553
42510
42493
42391
42311
42180
42061
42055
42021
41877
41869
41854
41835
41770
41746
41746
41732
41602
41565
41564
41523
41521
41444
41221
41178
41116
41114
41080
41069
41010
40963
40865
40859
40823
40795
40728
40709
40660
40631
40543
40473
40435
40430
40349
40321
40297
40246
40163
39989
39984
39883
39880
39829
39823
39789
39786
39753
39735
39720
39703
39607
39510
39476
39434
39386
39384
39383
39382
39362
39349
39306
39285
39258
39101
38987
38908
38780
38757
38752
38667
38646
38645
38602
38588
38438
38420
38372
38259
38215
38197
38104
38081
38007
37958
37946
37939
37846
37842
37769
37746
37709
37696
37656
37625
37597
37586
37473
37463
37459
37456
37447
37391
37360
37295
37208
37187
37172
37155
36984
36953
36915
36889
36884
36854
36825
36762
36756
36670
36593
36568
36524
36448
36439
36324
36239
36218
36185
36182
36119
36089
36053
36005
35987
35901
35844
35829
35798
35780
35733
35730
35692
35652
35610
35592
35554
35527
35504
35382
35308
35171
35150
35127
35062
35051
34948
34917
34906
34876
34873
34872
34860
34735
34628
34610
34610
34488
34447
34426
34412
34389
34348
34289
34282
34191
34182
34153
34129
34102
34095
34004
33982
33803
33791
33788
33763
33752
33738
33650
33523
33487
33477
33404
33332
33307
33299
33280
33250
33221
33188
33089
32942
32894
32889
32819
32796
32745
32706
32594
32549
32517
32507
32459
32386
32379
32292
32282
32212
32193
32112
32087
32074
32062
32036
31936
31922
31761
31643
31622
31529
31451
31445
31431
31365
31356
31355
31218
31212
31159
31119
31083
31023
30966
30833
30762
30747
30712
30708
30681
30670
30603
30466
30403
30388
30364
30274
30270
30263
30261
30237
30000
29983
29936
29917
29860
29724
29705
29704
29642
29617
29524
29520
29488
29380
29375
29375
29162
29053
29051
29028
29000
28904
28889
28879
28772
28769
28715
28705
28703
28649
28565
28524
28304
28273
28240
28230
28209
28103
28091
27993
27953
27912
27878
27830
27800
27496
27473
27430
27420
27365
27331
27326
27252
27247
27141
27133
26957
26933
26882
26882
26849
26823
26742
26677
26640
26606
26575
26489
26486
26353
26324
26155
26147
25960
25897
25880
25706
25683
25657
25643
25621
25596
25593
25587
25548
25443
25319
25300
25288
25168
25057
25009
24983
24974
24922
24875
24779
24773
24610
24603
24602
24577
24568
24488
24483
24433
24421
24323
24313
24254
24243
24214
24168
24028
24028
23981
23953
23863
23841
23815
23765
23758
23754
23649
23554
23546
23504
23495
23471
23457
23313
23239
23131
23020
23019
22795
22781
22761
22684
22676
22674
22579
22572
22506
22488
22321
22216
22193
22177
22124
21997
21986
21870
21815
21710
21698
21640
21635
21631
21629
21616
21595
21573
21570
21429
21365
21342
21281
21275
21259
21208
21151
21048
20995
20728
20684
20556
20524
20512
20489
20479
20445
20307
20205
20170
20091
20066
19923
19919
19895
19840
19835
19824
19779
19746
19735
19653
19591
19567
19523
19523
19434
19355
19262
19262
19179
19037
19037
19031
18939
18921
18917
18890
18886
18867
18774
18769
18701
18697
18648
18642
18639
18624
18619
18608
18590
18587
18503
18424
18351
18346
18328
18262
18259
18186
18157
18147
18123
18108
18100
18093
18055
18001
17971
17897
17800
17795
17793
17759
17759
17697
17675
17647
17642
17620
17612
17506
17503
17455
17437
17367
17331
17273
17265
17205
17138
17136
17003
16997
16915
16913
16912
16912
16829
16738
16684
16603
16528
16525
16504
16497
16464
16452
16446
16379
16359
16216
16207
16125
16092
16078
16064
16040
15951
15907
15894
15874
15869
15853
15843
15745
15602
15555
15508
15444
15379
15135
15092
15081
14931
14876
14861
14842
14757
14703
14703
14659
14581
14536
14524
14508
14310
14274
14240
14230
14195
14140
14071
14004
13996
13996
13949
13817
13796
13651
13623
13570
13446
13423
13263
13256
13149
13108
13005
12970
12960
12941
12856
12850
12849
12803
12707
12616
12526
12473
12418
12309
12277
12265
12181
12120
12081
12000
11995
11984
11935
11901
11808
11717
11682
11661
11482
11457
11383
11374
11370
11352
11346
11329
11325
11256
11204
11193
11081
11074
11059
11031
11021
10985
10793
10715
10699
10687
10669
10656
10604
10568
10559
10514
10482
10480
10417
10382
10320
10316
10182
10056
10052
10037
9965
9895
9882
9853
9845
9715
9667
9649
9595
9593
9577
9575
9564
9558
9525
9395
9377
9370
9335
9198
9145
8990
8981
8881
8866
8729
8714
8659
8642
8545
8496
8417
8409
8403
8387
8353
8336
8251
8236
8200
8191
8180
8159
8086
8052
8015
8010
7917
7899
7562
7516
7491
7397
7368
7334
7276
7249
7205
7198
7134
7133
7018
6958
6954
6910
6906
6887
6883
6859
6809
6556
6522
6518
6488
6473
6454
6431
6378
6348
6333
6197
6185
6162
6071
5965
5951
5896
5856
5849
5840
5784
5723
5717
5662
5640
5608
5545
5456
5438
5417
5355
5300
5207
5133
4957
4922
4922
4917
4906
4855
4778
4741
4619
4612
4591
4521
4507
4486
4456
4443
4384
4293
4266
4212
4184
3986
3776
3722
3703
3701
3568
3550
3536
3531
3528
3477
3453
3424
3394
3377
3376
3372
3347
3238
3214
3189
3175
3120
3034
2959
2953
2838
2798
2785
2757
2695
2671
2652
2629
2605
2602
2424
2415
2409
2409
2347
2294
2268
2252
2225
2201
2111
2076
2043
2042
1980
1962
1923
1825
1699
1678
1610
1591
1494
1413
1281
1171
1125
1120
993
854
850
787
744
709
706
596
553
520
504
490
444
379
364
352
293
247
158
119
69
54
33
16
