99820
99805
99762
99698
99689
99685
99643
99503
99471
99444
99386
99365
99361
99304
99205
99187
99161
99085
98920
98917
98906
98714
98698
98559
98394
98369
98363
98313
98255
98254
98228
98208
98065
98057
98047
97762
97751
97709
97696
97523
97507
97439
97387
97353
97334
97224
97186
97180
97163
97030
96988
96784
96749
96719
96717
96683
96651
96649
96580
96284
96173
96083
96055
96013
95973
95954
95939
95894
95862
95850
95831
95775
95744
95648
95640
95515
95404
95386
95383
95309
95269
95268
95266
95241
95237
95231
95173
95154
95090
95048
94977
94826
94802
94750
94749
94680
94646
94626
94606
94590
94571
94461
94399
94394
94336
94242
94114
94107
94039
93986
93869
93816
93776
93749
93724
93724
93707
93683
93616
93596
93561
93509
93505
93471
93362
93335
93330
93320
93181
93160
93062
93033
92953
92930
92909
92875
92854
92842
92809
92687
92683
92539
92536
92434
92407
92192
92102
91905
91809
91804
91714
91665
91594
91441
91432
91284
91283
91256
91208
91196
91175
91175
91159
91075
90996
90954
90821
90793
90723
90699
90641
90588
90587
90547
90440
90434
90429
90412
90322
90308
90223
90181
90169
90121
90031
90022
89967
89928
89850
89819
89805
89787
89705
89586
89529
89508
89487
89461
89436
89415
89354
89331
89259
89226
89201
89177
89161
89128
88925
88858
88823
88800
88797
88764
88757
88717
88611
88599
88527
88381
88356
88205
88114
88062
88002
87990
87945
87881
87876
87857
87790
87783
87708
87625
87605
87443
87384
87380
87365
87363
87355
87294
87286
87243
87202
87164
87091
87087
87038
87019
86922
86719
86687
86601
86448
86406
86401
86329
86319
86277
86260
86237
86108
86047
86033
86000
85965
85948
85946
85890
85854
85699
85637
85623
85523
85480
85434
85267
85253
85222
85215
85203
85201
85078
85015
84982
84852
84851
84833
84821
84819
84785
84762
84525
84523
84515
84361
84345
84203
84179
84082
84045
84012
83985
83972
83966
83926
83894
83760
83744
83733
83718
83699
83694
83688
83542
83531
83172
83120
82978
82977
82914
82865
82706
82605
82574
82505
82502
82478
82397
82304
82248
82225
82102
82091
82021
81914
81818
81783
81729
81642
81634
81606
81511
81414
81398
81390
81368
81349
81322
81280
81212
81132
81089
81081
81065
81058
80972
80909
80838
80816
80727
80670
80660
80645
80541
80539
80492
80484
80385
80372
80352
80221
80124
80063
80030
79883
79881
79849
79837
79795
79786
79730
79672
79671
79660
79621
79619
79563
79550
79512
79451
79359
79285
79284
79152
79130
79010
78988
78962
78907
78823
78762
78752
78641
78556
78489
78473
78472
78425
78345
78223
78091
78090
78049
78031
78027
77957
77808
77755
77676
77646
77514
77507
77498
77361
77300
77223
77186
77138
77105
77055
77034
76966
76885
76874
76855
76853
76698
76623
76482
76431
76431
76413
76388
76377
76332
76314
76312
76308
76268
76011
75970
75968
75950
75896
75839
75798
75785
75760
75750
75654
75652
75609
75505
75483
75426
75362
75245
75210
75147
75090
74911
74895
74853
74744
74671
74619
74588
74575
74543
74520
74440
74286
74197
74152
74108
74100
74096
74069
73987
73960
73769
73741
73734
73697
73645
73608
73566
73547
73537
73528
73495
73474
73413
73276
73214
73202
73172
73118
73068
73063
72902
72765
72746
72729
72727
72706
72579
72479
72464
72245
72174
72119
72076
72035
72006
71977
71975
71928
71883
71840
71830
71815
71805
71595
71555
71519
71487
71486
71467
71378
71307
71299
71236
71182
71150
71122
71100
71055
71028
71014
70947
70881
70877
70743
70703
70693
70621
70571
70567
70562
70517
70512
70495
70454
70448
70377
70359
70324
70116
70113
70110
70088
70049
70046
69985
69931
69926
69873
69846
69820
69780
69675
69675
69527
69510
69498
69321
69273
69140
69066
68925
68876
68867
68863
68798
68779
68771
68729
68648
68616
68558
68540
68528
68522
68504
68342
68324
68318
68176
68148
68101
68095
68006
67999
67928
67831
67765
67758
67750
67656
67589
67542
67498
67487
67483
67470
67449
67417
67407
67358
67357
67288
67102
66918
66881
66857
66737
66668
66648
66626
66585
66451
66400
66369
66351
66311
66259
66251
66208
66130
66106
66046
66031
65961
65931
65926
65821
65811
65796
65767
65717
65694
65690
65683
65567
65561
65502
65417
65342
65325
65314
65267
65243
65240
65174
65153
65147
65134
65084
65006
64861
64836
64699
64656
64569
64475
64458
64452
64446
64442
64394
64316
64246
64237
64226
64134
64082
64068
63986
63940
63888
63838
63769
63742
63706
63694
63678
63600
63580
63569
63472
63449
63408
63399
63340
63205
63186
63133
63034
63034
63019
63012
63011
62999
62949
62932
62866
62799
62768
62703
62637
62637
62634
62609
62608
62553
62545
62509
62508
62498
62436
62385
62248
62221
62219
62197
62175
62150
62134
62015
62011
61865
61854
61830
61826
61790
61787
61741
61722
61647
61598
61574
61557
61475
61449
61443
61408
61406
61345
61329
61313
61222
61211
61037
61013
60949
60923
60851
60825
60822
60804
60778
60709
60694
60661
60636
60594
60557
60477
60385
60279
60260
60180
60159
60153
60044
59876
59761
59747
59700
59700
59689
59660
59655
59647
59632
59565
59549
59516
59451
59359
59325
59315
59263
59177
59177
59088
59064
59036
58963
58929
58926
58870
58839
58763
58723
58690
58575
58571
58510
58500
58368
58362
58345
58322
58289
58278
58251
58247
58189
58148
58094
58017
58010
57957
57889
57878
57818
57807
57621
57488
57457
57443
57427
57396
57354
57335
57334
57294
57260
57224
57204
57168
57097
56993
56961
56902
56828
56824
56818
56735
56639
56624
56596
56569
56495
56458
56413
56355
56352
56219
56182
56099
56045
56012
55916
55859
55660
55656
55643
55639
55604
55548
55526
55522
55501
55483
55478
55421
55355
55314
55304
55144
55115
55053
55032
55026
54993
54882
54832
54763
54709
54647
54605
54330
54313
54269
54228
54222
54164
54036
53938
53923
53864
53832
53831
53783
53633
53632
53507
53497
53408
53400
53386
53380
53234
53118
53090
53069
52931
52900
52855
52778
52733
52565
52524
52328
52164
52076
52071
52067
51986
51727
51629
51591
51561
51482
51310
51306
51282
51189
51160
51139
51036
51010
50989
50960
50958
50862
50778
50744
50727
50700
50377
50356
50348
50195
50127
50105
50095
50082
50069
50060
50052
50034
50005
49992
49990
49986
49925
49910
49823
49738
49698
49653
49634
49515
49262
49118
49100
49090
48989
48960
48928
48713
48710
48652
48649
48644
48641
48572
48518
48471
48308
48258
48245
48241
48225
48195
48180
47970
47877
47865
47844
47799
47724
47713
47683
47674
47528
47503
47326
47281
47278
47212
47073
47007
47006
46917
46896
46780
46729
46690
46558
46447
46443
46434
46358
46345
46330
46307
46216
46165
46157
46109
46097
46050
45950
45862
45855
45853
45763
45614
45469
45341
45337
45304
45294
45241
45133
45058
45044
45028
44934
44875
44838
44828
44801
44751
44744
44734
44727
44702
44679
44630
44484
44438
44358
44323
44287
44273
44254
44205
44154
44112
44111
44092
44079
44019
44016
43978
43946
43796
43777
43712
43638
43574
43567
43553
43501
43466
43457
43444
43415
43366
43326
43210
43041
42735
42707
42601
42578
42564
42510
42492
42430
42420
42348
42344
42336
42222
42195
42156
42145
42120
42089
42080
42048
42024
41949
41908
41615
41609
41580
41515
41430
41419
41346
41314
41287
41230
41224
41131
40998
40932
40887
40781
40778
40772
40737
40717
40620
40468
40458
40443
40431
40392
40380
40349
40317
40296
40264
40164
40126
40120
40088
40087
40079
40035
40019
39747
39669
39641
39624
39494
39489
39455
39436
39416
39362
39355
39313
39302
39277
39269
39088
39073
39058
38915
38909
38904
38888
38804
38785
38744
38735
38733
38660
38659
38651
38641
38509
38442
38363
38351
38331
38326
38238
38220
38154
38020
37970
37966
37863
37785
37729
37692
37689
37661
37638
37587
37570
37527
37518
37502
37350
37327
37258
37192
37157
37013
36942
36834
36810
36740
36679
36637
36605
36529
36456
36455
36432
36411
36368
36327
36320
36277
36246
36193
36126
36071
35957
35919
35862
35850
35850
35823
35772
35741
35639
35575
35531
35451
35430
35406
35352
35333
35216
35176
35167
35099
35075
35058
34956
34869
34673
34615
34571
34571
34509
34501
34459
34402
34383
34148
34006
33927
33842
33772
33750
33696
33613
33571
33335
33330
33306
33270
32768
32661
32654
32618
32570
32544
32442
32430
32300
32266
32240
32202
32149
32109
32099
31992
31983
31955
31810
31684
31619
31577
31554
31525
31412
31384
31285
31233
31196
31050
30977
30888
30852
30808
30751
30750
30742
30675
30580
30545
30520
30436
30373
30247
30158
30084
30029
29979
29863
29851
29795
29781
29748
29688
29680
29564
29426
29394
29314
29312
29258
29192
29163
29109
29091
29076
29015
29006
28884
28878
28832
28811
28786
28768
28704
28684
28654
28532
28429
28399
28227
28222
28196
28108
28040
28012
27995
27863
27853
27839
27805
27715
27616
27581
27467
27462
27404
27373
27362
27178
27152
27146
27049
27037
26884
26809
26760
26694
26671
26664
26613
26533
26522
26477
26349
26344
26312
26205
26172
26166
26128
26114
26065
25871
25746
25732
25711
25700
25695
25689
25676
25675
25653
25609
25572
25495
25474
25414
25363
25349
25338
25278
25203
25201
25155
25109
25041
25016
25002
24943
24922
24892
24818
24817
24808
24765
24757
24747
24723
24675
24639
24561
24509
24451
24435
24407
24405
24291
24199
24155
24026
24000
23901
23837
23823
23796
23737
23701
23693
23693
23557
23528
23365
23262
23244
23223
23159
23047
23031
22940
22877
22855
22842
22827
22794
22724
22705
22673
22665
22607
22581
22521
22462
22429
22426
22367
22362
22360
22358
22322
22267
22265
22264
22259
22245
22219
22207
22119
22102
22069
21922
21918
21884
21791
21787
21690
21680
21545
21532
21362
21337
21304
21273
21262
21169
21156
21101
21055
21036
21010
21007
20996
20940
20912
20882
20811
20801
20660
20639
20635
20590
20573
20543
20425
20417
20387
20386
20376
20371
20367
20361
20216
20181
19927
19915
19862
19740
19626
19551
19542
19516
19495
19415
19388
19382
19330
19300
19256
19223
19210
19162
19138
19056
19000
18835
18814
18797
18722
18699
18690
18638
18628
18536
18410
18398
18372
18369
18023
17912
17903
17837
17798
17771
17681
17627
17586
17548
17417
17407
17302
17245
17237
17235
17218
17215
17176
17174
17167
17161
17159
17084
17077
17023
16999
16944
16915
16901
16888
16879
16834
16740
16535
16531
16531
16529
16473
16446
16414
16399
16355
16332
16321
16234
16211
16200
16146
16018
16014
15902
15886
15869
15835
15822
15781
15774
15760
15693
15665
15660
15611
15585
15563
15519
15519
15501
15492
15486
15483
15443
15425
15400
15364
15359
15325
15280
15176
15060
15043
15020
14989
14942
14926
14828
14797
14760
14744
14689
14636
14567
14494
14488
14359
14347
14337
14332
14303
14271
14251
14237
14203
14197
14196
14181
14144
14113
14107
14060
13983
13968
13909
13777
13747
13717
13682
13664
13576
13561
13488
13323
13276
13248
13222
13090
13087
13049
13023
12993
12985
12960
12884
12882
12809
12771
12555
12537
12465
12402
12384
12327
12319
12283
12193
12141
12092
11916
11913
11911
11852
11810
11785
11744
11735
11729
11702
11663
11638
11426
11402
11124
11031
11009
10913
10844
10790
10714
10700
10643
10501
10483
10441
10405
10289
10247
10231
10228
10103
10092
10048
10047
9904
9858
9850
9768
9762
9736
9700
9660
9512
9507
9505
9480
9433
9189
9159
9131
9090
9065
9038
8963
8954
8786
8715
8664
8549
8369
8299
8237
8168
8086
7997
7963
7949
7917
7904
7834
7755
7734
7600
7500
7485
7446
7442
7424
7419
7373
7371
7306
7301
7285
7242
7219
7188
7113
7104
6991
6908
6897
6891
6876
6825
6745
6720
6634
6629
6626
6548
6544
6262
6102
6006
5894
5778
5696
5694
5658
5562
5506
5500
5498
5483
5439
5425
5396
5391
5329
5278
5219
5129
5092
5020
5004
4982
4959
4908
4845
4782
4778
4753
4665
4629
4610
4603
4559
4533
4528
4484
4339
4314
4169
4141
4125
4083
4004
3972
3965
3921
3905
3896
3896
3886
3751
3730
3730
3701
3678
3647
3611
3584
3520
3480
3403
3381
3357
3323
3289
3271
3246
3159
3131
3083
3074
3051
3032
3004
3004
2995
2985
2957
2944
2894
2875
2821
2805
2755
2732
2692
2586
2581
2561
2436
2290
2256
2201
2175
2109
2055
2043
2030
2016
1971
1892
1783
1731
1723
1688
1676
1611
1567
1491
1429
1389
1309
1291
1189
1157
1079
1063
1033
969
963
943
887
788
750
661
614
601
554
497
434
408
295
280
185
182
175
120
104
85
67
7
