99911
99909
99909
99871
99856
99810
99795
99759
99703
99694
99619
99492
99467
99453
99439
99411
99402
99265
99217
99197
99067
99063
99044
99033
98995
98986
98935
98870
98865
98821
98803
98740
98734
98602
98575
98557
98548
98415
98328
98305
98264
98226
98114
98086
98043
97999
97993
97973
97962
97887
97795
97760
97756
97688
97682
97669
97646
97601
97479
97466
97403
97248
97209
97177
97109
97104
96980
96974
96957
96953
96872
96856
96824
96796
96771
96740
96724
96527
96475
96469
96465
96457
96372
96294
96208
96163
96158
95888
95799
95709
95660
95605
95587
95543
95490
95490
95482
95433
95282
95234
95195
95018
95006
94985
94972
94963
94923
94804
94770
94690
94659
94632
94600
94556
94533
94389
94143
94121
94115
94059
94056
94027
93937
93928
93917
93876
93818
93782
93730
93716
93678
93616
93611
93410
93401
93400
93374
93360
93248
93087
93042
93032
93006
92990
92827
92826
92803
92670
92575
92473
92314
92224
92171
92020
92019
91946
91894
91750
91703
91595
91533
91497
91461
91423
91374
91314
91304
91278
91162
91054
90944
90940
90896
90837
90835
90808
90660
90658
90604
90521
90432
90357
90306
90262
90256
90249
90210
90203
90094
90061
89984
89856
89674
89655
89629
89599
89590
89557
89539
89513
89492
89446
89409
89376
89306
89245
89220
89169
89058
89052
89018
88993
88955
88906
88860
88795
88706
88678
88654
88649
88619
88615
88578
88504
88453
88432
88377
88374
88368
88351
88283
88243
88228
88226
88222
88174
88144
88125
88103
88092
88084
88037
87956
87913
87892
87858
87827
87756
87566
87511
87443
87329
87299
87243
87197
87186
87166
87141
87079
87070
87029
86982
86947
86864
86784
86729
86687
86622
86596
86562
86531
86431
86407
86358
86242
86190
86174
86151
86133
85959
85957
85862
85853
85821
85795
85793
85733
85704
85575
85516
85469
85449
85398
85354
85287
85266
85245
85186
85173
85147
85111
84968
84892
84889
84815
84745
84690
84528
84522
84473
84445
84420
84413
84401
84244
84160
84139
84052
84032
83928
83882
83601
83582
83546
83497
83485
83401
83352
83344
83255
83241
83184
83145
83136
83124
83072
83070
83047
82867
82783
82775
82753
82715
82677
82626
82606
82581
82575
82542
82486
82430
82366
82356
82353
82329
82318
82285
82130
82033
81859
81807
81795
81712
81480
81430
81170
81146
81107
81047
81001
80850
80839
80835
80662
80560
80479
80451
80384
80378
80300
80262
80233
80194
80167
80155
80151
80111
80087
79940
79920
79901
79824
79792
79667
79648
79616
79374
79304
79283
79278
79271
79270
79267
79229
79186
79148
79134
79114
79105
79064
79001
78983
78897
78884
78852
78827
78796
78739
78738
78655
78596
78486
78457
78451
78434
78428
78304
78272
78199
78065
77983
77854
77849
77841
77834
77810
77735
77632
77555
77543
77444
77388
77315
77201
77197
77166
77141
77124
77117
77055
76958
76889
76774
76646
76587
76402
76345
76308
76279
76277
76258
76108
76058
76033
76022
75992
75953
75927
75878
75824
75817
75811
75747
75737
75727
75702
75656
75630
75556
75556
75546
75497
75440
75419
75399
75384
75296
75291
75263
75175
75170
75121
75041
75040
75021
75002
74968
74941
74935
74910
74858
74854
74807
74614
74578
74538
74521
74475
74433
74406
74363
74070
74022
73941
73885
73847
73830
73753
73624
73616
73571
73553
73502
73263
73194
73154
73140
73021
72940
72912
72911
72727
72673
72606
72584
72512
72497
72316
72190
72061
72044
71980
71949
71923
71903
71877
71867
71849
71845
71801
71746
71729
71646
71615
71612
71595
71522
71514
71412
71369
71357
71343
71343
71238
71143
71142
71107
71022
71014
71011
70983
70947
70928
70848
70836
70804
70695
70688
70655
70650
70577
70494
70474
70439
70408
70335
70310
70258
70160
70120
70108
70098
70062
69777
69775
69771
69751
69682
69674
69616
69558
69470
69453
69431
69404
69402
69327
69324
69229
69202
69165
69081
69039
69030
69001
68985
68983
68964
68896
68869
68812
68767
68574
68521
68431
68421
68375
68351
68338
68296
68292
68177
68105
68092
68059
68058
68041
68011
68005
67987
67908
67860
67823
67703
67607
67537
67445
67434
67427
67419
67380
67298
67258
67226
67203
67176
67138
67128
67016
66989
66950
66931
66879
66786
66687
66657
66636
66583
66490
66421
66402
66398
66288
66287
66274
66270
66212
66154
66124
66048
66015
65999
65957
65777
65750
65659
65658
65614
65601
65556
65486
65337
65309
65278
65230
65185
65130
65113
65111
65069
64999
64958
64918
64723
64680
64647
64631
64368
64327
64255
64239
64057
64031
63978
63972
63968
63860
63855
63777
63769
63721
63647
63539
63468
63447
63363
63330
63330
63324
63224
63103
63068
63058
63016
63012
62971
62965
62902
62880
62817
62793
62726
62719
62595
62533
62514
62341
62267
62230
62210
62204
62166
62076
62024
62003
61974
61853
61833
61822
61788
61755
61677
61671
61665
61527
61479
61463
61463
61307
61044
61032
60914
60831
60748
60720
60710
60653
60614
60595
60569
60465
60433
60373
60161
60145
60103
60077
60044
60023
59976
59964
59945
59918
59910
59855
59739
59681
59665
59639
59557
59392
59337
59145
59130
59094
58489
58486
58471
58359
58329
58235
58224
58188
58149
58101
58033
57869
57851
57848
57847
57836
57723
57502
57422
57406
57395
57383
57336
57320
57267
57249
57247
57183
56944
56903
56882
56870
56810
56708
56671
56647
56617
56563
56555
56544
56543
56449
56419
56346
56317
56251
56002
55845
55804
55793
55781
55772
55725
55705
55703
55644
55636
55566
55554
55488
55476
55458
55378
55326
55228
55185
55082
55014
54954
54893
54885
54676
54511
54507
54466
54399
54382
54375
54285
54170
54136
54133
54127
54090
54028
53896
53865
53823
53633
53560
53540
53499
53424
53421
53381
53367
53337
53326
53222
53161
53159
53109
53035
52954
52937
52874
52852
52841
52826
52792
52634
52505
52472
52405
52400
52348
52334
52093
52088
52040
52006
51981
51980
51976
51950
51932
51922
51858
51803
51792
51761
51676
51577
51524
51434
51352
51343
51322
51320
51272
51206
51168
51118
51057
51052
51012
50959
50906
50871
50798
50784
50711
50685
50647
50556
50476
50471
50443
50441
50426
50387
50321
50216
50201
50171
50161
50045
50015
49955
49892
49877
49874
49804
49790
49739
49731
49707
49676
49644
49623
49601
49576
49552
49549
49546
49476
49449
49435
49419
49364
49304
49282
49272
49052
48906
48855
48779
48775
48746
48726
48695
48695
48687
48582
48524
48420
48402
48397
48383
48361
48309
48234
48233
48104
48055
48020
47997
47927
47894
47856
47809
47801
47774
47751
47696
47690
47666
47638
47591
47518
47419
47415
47398
47324
47251
47176
47082
47074
47018
46966
46935
46906
46901
46887
46880
46851
46838
46813
46781
46753
46741
46661
46638
46545
46526
46515
46514
46496
46319
46230
46174
46158
46000
45975
45967
45864
45803
45772
45539
45530
45503
45444
45367
45212
45184
45164
45141
44989
44839
44799
44402
44293
44282
44275
44246
44170
44101
44027
43971
43953
43944
43932
43844
43768
43724
43721
43707
43614
43572
43553
43463
43435
43426
43426
43400
43341
43221
43021
42857
42827
42731
42715
42703
42699
42688
42680
42674
42664
42631
42620
42611
42389
42380
42334
42277
42214
42195
42116
42060
42039
42024
42012
42007
42004
41997
41994
41954
41924
41903
41843
41732
41707
41673
41610
41600
41372
41354
41306
41189
41091
41082
41059
40952
40878
40795
40783
40747
40747
40538
40526
40481
40438
40427
40289
40286
40127
40120
39993
39898
39882
39827
39763
39698
39653
39486
39404
39378
39353
39353
39339
39314
39305
39266
39250
39230
39218
39127
39090
39018
38970
38940
38866
38820
38818
38676
38675
38586
38505
38412
38384
38366
38245
38170
38122
38083
38040
38005
37979
37862
37860
37800
37796
37785
37775
37750
37715
37699
37677
37540
37503
37343
37282
37211
37138
37133
37057
37057
37014
36993
36989
36964
36925
36893
36721
36678
36643
36642
36588
36289
36284
36220
36210
36158
36081
36026
36021
35980
35969
35945
35904
35845
35743
35730
35639
35517
35496
35478
35465
35438
35423
35348
35331
35211
35170
35143
35142
35135
35062
35060
35049
34997
34953
34919
34897
34777
34715
34657
34580
34416
34414
34410
34403
34391
34289
34275
34246
34215
34194
33969
33852
33847
33827
33808
33804
33718
33641
33549
33478
33392
33310
33245
33202
33131
33122
33077
33067
33007
32988
32950
32936
32809
32567
32520
32399
32377
32340
32234
32212
32188
32166
32146
32018
31962
31954
31870
31833
31811
31806
31720
31648
31629
31626
31620
31567
31517
31503
31495
31390
31331
31330
31329
31300
31242
31227
31217
31137
31132
31051
31015
30972
30898
30837
30820
30686
30585
30509
30407
30336
30320
30283
30250
30239
30166
30148
30081
30064
30003
29966
29873
29846
29837
29814
29795
29764
29683
29682
29586
29582
29572
29446
29296
29206
29198
29179
29159
29117
29088
29045
28972
28671
28665
28656
28637
28600
28540
28519
28435
28390
28362
28319
28224
28160
28159
28138
28080
28052
28000
27973
27903
27859
27802
27702
27670
27649
27596
27594
27575
27568
27562
27521
27470
27371
27348
27281
27262
27259
27213
27191
27179
27147
27089
26937
26852
26818
26809
26801
26707
26611
26598
26541
26536
26529
26499
26495
26453
26397
26362
26356
26312
26301
26288
26288
26150
26124
26031
26029
26014
26012
25977
25970
25952
25915
25904
25889
25841
25805
25715
25666
25639
25567
25566
25414
25341
25335
25211
25154
25154
25094
25078
24985
24898
24848
24776
24773
24764
24710
24667
24615
24557
24485
24304
24240
24216
24194
24179
24164
24116
24021
23970
23948
23932
23915
23896
23895
23795
23714
23662
23652
23608
23534
23467
23382
23379
23313
23303
23271
23222
23186
23179
23178
23160
23114
23111
23085
23074
23002
22934
22898
22898
22855
22762
22714
22698
22680
22603
22465
22341
22333
22264
22245
22238
22199
22148
22137
22117
21928
21926
21921
21843
21779
21709
21617
21574
21464
21447
21387
21317
21293
21281
21217
21196
21192
20888
20800
20723
20703
20608
20601
20590
20587
20557
20477
20427
20421
20352
20324
20291
20248
20150
20148
20070
20059
20056
19924
19799
19753
19636
19585
19579
19545
19445
19438
19438
19421
19407
19319
19297
19176
19151
19145
19069
19046
18999
18988
18981
18854
18842
18806
18765
18748
18732
18679
18641
18620
18585
18515
18476
18428
18322
18305
18270
18206
18189
18107
18052
17988
17820
17672
17614
17601
17597
17586
17585
17580
17542
17533
17531
17480
17451
17432
17415
17403
17382
17381
17252
17187
17185
17179
17165
17165
17070
17048
17019
16914
16885
16878
16807
16793
16769
16512
16490
16316
16207
16153
16100
16090
16079
16029
16022
16009
16009
16008
15880
15802
15780
15730
15714
15688
15687
15677
15673
15617
15526
15525
15479
15389
15342
15275
15270
15202
15163
14990
14972
14926
14900
14900
14893
14881
14801
14763
14759
14687
14584
14461
14454
14448
14416
14410
14157
14151
14092
14064
14060
13993
13901
13863
13822
13798
13702
13674
13563
13505
13388
13307
13256
13246
13214
13210
13195
13178
13133
13125
13093
13082
13041
12987
12940
12897
12798
12795
12782
12781
12721
12600
12595
12465
12420
12345
12342
12334
12279
12275
12274
12201
12186
12160
12134
12120
12072
11920
11918
11904
11815
11744
11654
11641
11639
11626
11595
11539
11484
11451
11425
11393
11376
11341
11307
11298
11275
11193
11161
11109
11102
11000
10955
10937
10826
10672
10627
10531
10442
10417
10308
10249
10222
10142
10128
10097
9906
9905
9826
9817
9684
9632
9615
9510
9338
9246
9244
9237
9078
9072
8945
8918
8853
8766
8762
8742
8736
8711
8535
8396
8361
8324
8259
8194
8054
8034
8021
7947
7943
7831
7705
7597
7537
7521
7485
7428
7419
7329
7289
7277
7248
7235
7201
7174
7170
7048
6943
6917
6906
6859
6839
6690
6660
6592
6579
6516
6509
6293
6287
6264
6259
6203
6201
6199
6183
6162
6146
6145
6132
5882
5775
5671
5624
5618
5607
5586
5573
5475
5437
5348
5348
5230
5173
5156
5135
5119
5017
5000
4880
4742
4661
4620
4579
4569
4560
4560
4476
4473
4469
4421
4284
4281
4254
4235
4179
4139
4135
4070
4002
3934
3918
3901
3894
3874
3852
3744
3714
3704
3655
3624
3555
3543
3478
3469
3372
3253
3219
3202
3196
3061
3023
2984
2900
2816
2787
2773
2744
2715
2709
2649
2624
2298
2231
2213
2196
2160
2154
2084
2083
2048
2042
2029
2028
1997
1987
1942
1747
1715
1692
1555
1510
1507
1480
1476
1406
1405
1328
1222
1193
1183
1136
1116
1036
1017
1004
857
707
691
664
612
589
587
579
548
541
523
461
349
268
263
258
182
124
