99922
99779
99698
99662
99593
99570
99554
99549
99464
99437
99435
99331
99329
99294
99139
99113
99099
99094
99086
99052
99029
99023
98996
98936
98930
98921
98847
98818
98740
98710
98710
98707
98688
98683
98594
98573
98539
98489
98372
98110
98000
97992
97967
97959
97904
97735
97729
97716
97593
97584
97449
97373
97092
97032
96977
96890
96861
96830
96787
96686
96681
96668
96635
96632
96630
96598
96579
96559
96545
96497
96432
96421
96398
96395
96374
96233
96203
96195
96117
96094
96072
96066
96059
96051
96025
95963
95925
95895
95887
95752
95726
95632
95509
95491
95469
95284
95273
95249
95226
95099
95087
94995
94965
94862
94809
94796
94750
94717
94615
94438
94399
94341
94303
94287
94286
94200
94199
94191
94151
94125
94088
94080
94045
93902
93871
93579
93343
93298
93196
93191
93064
92935
92903
92856
92852
92838
92809
92807
92611
92470
92376
92341
92304
92292
92189
92182
92158
92150
92125
91923
91919
91873
91866
91849
91833
91831
91829
91798
91791
91748
91722
91679
91674
91605
91546
91465
91430
91409
91340
91335
91303
91286
91272
91261
91235
91154
91090
91090
90962
90820
90819
90730
90706
90660
90636
90524
90503
90447
90441
90341
90251
90213
90040
90029
90007
89965
89935
89819
89804
89800
89796
89788
89768
89681
89581
89580
89471
89451
89348
89332
89319
89318
89303
89232
89205
89184
89156
89117
89101
89080
89071
89063
88984
88970
88960
88904
88895
88872
88843
88768
88719
88711
88634
88601
88541
88315
88190
88072
88071
88062
87960
87903
87741
87728
87696
87694
87615
87612
87580
87542
87490
87466
87425
87384
87380
87369
87301
87286
87141
87061
87034
86963
86912
86884
86806
86787
86773
86482
86457
86404
86323
86317
86217
86149
86141
86056
86028
86020
85970
85941
85913
85874
85852
85745
85731
85729
85714
85680
85662
85540
85506
85487
85485
85314
85286
85261
85248
85199
85161
85159
85151
85073
85044
84936
84893
84874
84829
84782
84728
84704
84690
84580
84528
84525
84487
84411
84314
84293
84161
84155
84133
84122
84106
84078
83995
83933
83867
83850
83823
83823
83799
83754
83715
83707
83706
83684
83670
83639
83632
83623
83573
83559
83545
83481
83451
83449
83413
83410
83392
83346
83323
83291
83283
83246
83108
83080
83047
82933
82904
82872
82812
82776
82773
82716
82596
82581
82540
82537
82511
82464
82396
82385
82254
82172
82118
82107
82044
82022
81917
81855
81844
81831
81791
81731
81713
81659
81649
81489
81371
81275
81205
81176
81161
81036
81021
81008
80860
80775
80718
80712
80677
80540
80539
80386
80366
80345
80283
80243
80209
80118
80023
79953
79931
79924
79858
79799
79755
79716
79707
79638
79624
79530
79306
79254
79240
79239
79225
79160
79156
78988
78986
78930
78924
78790
78577
78511
78486
78418
78413
78307
78295
78269
78228
78226
78188
78167
78121
78057
77992
77915
77896
77879
77865
77846
77843
77690
77642
77549
77512
77454
77328
77268
77222
77200
77155
77135
77054
77011
77010
76990
76983
76842
76773
76735
76715
76595
76579
76529
76515
76451
76366
76341
76302
76199
76151
76095
76021
75993
75897
75878
75784
75767
75731
75707
75706
75597
75530
75511
75433
75384
75383
75380
75350
75312
75289
75243
75108
75068
75039
74921
74913
74841
74776
74763
74731
74714
74573
74563
74500
74490
74465
74416
74390
74262
74261
74212
74120
74086
73940
73901
73878
73860
73827
73766
73715
73584
73511
73489
73441
73217
73164
73142
73128
73064
72982
72980
72952
72864
72853
72836
72802
72749
72685
72685
72684
72682
72654
72603
72594
72568
72556
72546
72523
72513
72427
72351
72319
72188
72182
72108
72024
72016
71968
71860
71816
71797
71735
71716
71626
71615
71537
71468
71445
71325
71322
71134
71112
71031
70927
70853
70758
70733
70558
70555
70445
70414
70375
70326
70319
70303
70249
70113
70088
70085
70018
69883
69868
69714
69696
69670
69645
69474
69473
69461
69394
69325
69146
69126
69123
69116
69073
69047
69014
69004
68965
68894
68763
68711
68619
68576
68568
68532
68531
68492
68483
68438
68359
68346
68320
68305
68252
68038
68038
68033
67971
67965
67955
67867
67847
67804
67714
67680
67645
67618
67585
67548
67361
67205
67139
67098
66948
66947
66864
66844
66743
66738
66730
66716
66709
66686
66629
66599
66518
66388
66318
66302
66291
66240
66216
66204
66164
66146
66096
66091
66090
66028
66022
66007
65997
65955
65942
65870
65854
65803
65794
65753
65734
65620
65600
65494
65485
65480
65461
65423
65398
65267
65209
65124
65077
65054
65030
65002
64999
64905
64899
64857
64749
64705
64702
64639
64525
64388
64385
64315
64295
64210
64176
64143
64119
64111
64060
64051
64037
63997
63786
63673
63652
63615
63611
63593
63572
63533
63466
63330
63288
63217
63188
63173
63161
63111
63014
63003
62971
62883
62881
62824
62682
62660
62622
62614
62531
62462
62407
62402
62379
62361
62323
62081
62044
62010
61994
61986
61970
61916
61902
61864
61691
61571
61563
61528
61489
61482
61406
61389
61372
61336
61313
61266
61094
61067
61024
60962
60946
60936
60913
60902
60860
60760
60689
60656
60575
60447
60385
60364
60363
60276
60262
60230
60228
60186
60076
60065
60030
59898
59817
59766
59757
59636
59577
59574
59570
59519
59515
59473
59436
59429
59266
59238
59120
59043
59032
58992
58990
58979
58927
58919
58896
58883
58882
58869
58847
58834
58822
58804
58803
58687
58630
58618
58617
58574
58346
58332
58185
58105
57970
57932
57720
57715
57709
57695
57634
57631
57625
57524
57468
57408
57386
57318
57299
57281
57139
57105
57077
57068
57037
56992
56973
56829
56786
56753
56753
56744
56729
56676
56651
56622
56474
56402
56337
56278
56247
56227
56067
56063
55990
55907
55896
55894
55766
55760
55738
55474
55402
55395
55297
55280
55277
55277
55175
55160
55131
55093
54968
54960
54945
54801
54798
54690
54658
54651
54644
54561
54561
54524
54472
54445
54379
54263
54210
53990
53941
53894
53860
53781
53758
53721
53717
53697
53689
53684
53645
53557
53497
53454
53434
53391
53379
53351
53336
53029
52881
52853
52698
52646
52621
52611
52606
52528
52521
52396
52349
52222
52185
52181
52135
52127
52027
51975
51975
51891
51855
51847
51720
51684
51649
51570
51551
51517
51356
51163
51138
51088
51078
51078
51066
51029
50983
50929
50848
50834
50817
50801
50787
50784
50555
50550
50532
50521
50508
50395
50350
50323
50269
50259
50244
50237
50196
50122
49987
49982
49936
49927
49900
49856
49793
49747
49574
49558
49551
49543
49533
49516
49514
49463
49311
49298
49268
49247
49235
49217
49211
49174
48959
48950
48923
48913
48891
48745
48639
48539
48489
48437
48385
48374
48349
48276
48272
48264
48224
48222
48191
48127
48029
48029
48002
47975
47904
47793
47740
47700
47613
47594
47535
47479
47463
47450
47436
47382
47309
47300
47252
47240
47237
47172
47162
47075
47032
46997
46743
46667
46642
46635
46606
46574
46564
46508
46394
46275
46114
46107
46106
46077
46053
45925
45925
45602
45567
45549
45470
45420
45410
45403
45401
45296
45236
45198
45195
45179
45177
45175
45149
45089
45067
45021
44995
44911
44897
44853
44761
44721
44711
44703
44655
44607
44606
44585
44551
44440
44426
44388
44291
44278
44271
44261
44206
44185
43961
43947
43945
43871
43851
43841
43829
43799
43795
43768
43697
43675
43648
43583
43304
43294
43279
43097
43090
43089
43045
43029
42935
42876
42864
42842
42837
42807
42732
42675
42659
42617
42594
42568
42488
42485
42439
42427
42380
42367
42364
42257
42216
42161
42140
42122
42041
41997
41996
41900
41857
41827
41754
41523
41491
41313
41292
41288
41251
41223
41192
41151
41092
41087
40995
40945
40923
40917
40878
40842
40831
40820
40701
40635
40622
40560
40480
40458
40422
40378
40353
40337
40273
40260
40177
40076
39961
39939
39933
39782
39747
39716
39708
39699
39671
39647
39644
39633
39612
39525
39518
39509
39503
39477
39379
39313
39039
38994
38986
38972
38869
38855
38784
38784
38767
38652
38646
38621
38620
38449
38312
38149
38140
38045
38041
37991
37975
37971
37944
37877
37819
37631
37615
37514
37490
37440
37393
37360
37338
37318
37222
37163
37019
36998
36929
36897
36855
36795
36763
36720
36701
36660
36632
36604
36582
36535
36499
36494
36469
36389
36229
36203
36192
36086
36065
36025
35980
35928
35853
35651
35638
35620
35367
35335
35314
35268
35238
35210
35205
35180
35152
35126
35120
35112
35037
35014
34931
34814
34773
34588
34548
34493
34441
34327
34283
34236
34220
34044
34026
34014
33885
33874
33851
33800
33795
33768
33620
33589
33523
33440
33401
33384
33368
33340
33323
33281
33238
33162
33080
32979
32739
32681
32623
32601
32562
32523
32516
32450
32449
32413
32406
32293
32287
32279
32278
32159
32065
31984
31879
31861
31852
31843
31740
31690
31510
31485
31477
31468
31411
31410
31322
31276
31247
31233
31054
31027
30953
30806
30725
30718
30669
30654
30609
30593
30575
30477
30454
30357
30299
30286
30170
30057
30018
29984
29962
29960
29959
29817
29813
29758
29669
29654
29469
29389
29380
29332
29264
29225
29019
29018
29000
28997
28983
28906
28898
28894
28658
28602
28571
28561
28528
28475
28408
28395
28369
28335
28269
28240
28207
28132
28121
28109
28069
28028
28004
27989
27818
27807
27723
27695
27689
27676
27676
27628
27627
27614
27541
27512
27414
27316
27284
27157
27053
27039
26997
26970
26930
26876
26857
26840
26773
26764
26691
26630
26530
26452
26317
26312
26275
26077
26073
26069
25979
25898
25829
25790
25781
25767
25759
25617
25604
25521
25493
25467
25457
25421
25368
25313
25228
25204
25144
25102
25060
24986
24921
24900
24858
24814
24765
24675
24647
24613
24513
24482
24450
24431
24394
24388
24352
24142
24119
24105
24074
24069
24022
24016
23812
23763
23745
23703
23703
23675
23644
23623
23605
23603
23587
23560
23426
23393
23371
23359
23349
23339
23316
23305
23299
23262
23237
23193
23036
23008
22998
22955
22913
22897
22872
22854
22695
22554
22523
22489
22481
22432
22420
22418
22416
22366
22307
22289
22185
22099
22038
21947
21918
21891
21793
21682
21664
21536
21499
21375
21363
21254
21242
21227
21081
21023
20875
20846
20829
20712
20619
20592
20563
20553
20513
20381
19953
19925
19837
19716
19568
19532
19302
19302
19244
19225
19211
19128
19086
19071
18957
18820
18798
18793
18792
18792
18749
18747
18730
18696
18682
18680
18655
18403
18325
18257
18239
18215
18197
18131
18099
18070
18057
18030
18013
17997
17996
17844
17800
17768
17714
17666
17551
17540
17518
17491
17336
17309
17218
17202
17200
17039
17019
16994
16978
16910
16810
16787
16782
16752
16743
16705
16584
16578
16409
16377
16192
16157
16095
16063
16042
16018
15921
15814
15799
15706
15636
15564
15562
15549
15517
15477
15477
15472
15460
15419
15388
15326
15325
15255
15254
15203
15178
15156
15133
15079
14973
14931
14880
14799
14778
14553
14494
14492
14450
14328
14304
14103
14045
14029
13923
13905
13869
13852
13847
13839
13838
13838
13820
13783
13754
13689
13642
13631
13598
13476
13213
13197
13169
13158
13087
13016
13013
12967
12967
12706
12678
12578
12574
12554
12533
12420
12255
12228
12217
12206
12181
12179
12179
11949
11879
11775
11531
11481
11424
11294
11286
11273
11234
11157
11156
11151
11147
11086
11014
10971
10904
10897
10843
10800
10750
10699
10646
10636
10584
10506
10497
10486
10422
10368
10343
10297
10275
10246
10172
10166
9930
9867
9837
9711
9682
9569
9500
9335
9326
9324
9304
9273
9257
9255
9239
9229
9157
9106
9043
9010
8991
8965
8868
8792
8670
8602
8577
8513
8494
8380
8203
8137
8126
8116
8045
8044
7989
7961
7954
7907
7847
7711
7502
7378
7343
7299
7284
7265
7261
7203
7186
7183
7001
6996
6920
6895
6843
6820
6742
6726
6691
6672
6640
6615
6523
6514
6454
6450
6408
6370
6362
6276
6234
6212
6199
6160
6137
6106
6059
6053
6007
5958
5952
5870
5864
5852
5764
5763
5751
5697
5694
5666
5564
5488
5450
5415
5348
5339
5205
5197
5184
5155
5046
4958
4874
4797
4773
4728
4720
4575
4562
4526
4523
4478
4462
4419
4414
3965
3946
3939
3869
3862
3798
3796
3772
3644
3618
3469
3270
3257
3255
3224
3187
3180
3134
3103
3085
3040
3024
3022
2924
2855
2753
2739
2720
2673
2664
2647
2603
2566
2533
2478
2462
2446
2445
2428
2407
2341
2300
2291
2276
2191
2181
2130
2115
2075
2056
2034
2019
1966
1945
1873
1863
1845
1713
1670
1487
1449
1399
1388
1377
1370
1317
1194
1010
981
955
806
722
678
677
657
646
626
622
614
575
392
345
252
220
201
150
65
16
13
