99932
99767
99670
99645
99574
99529
99473
99300
99261
99248
99204
99077
99009
98981
98947
98911
98905
98894
98841
98736
98727
98674
98627
98604
98560
98507
98484
98368
98326
98276
98239
98177
98154
98145
98137
98069
98010
97998
97977
97850
97789
97708
97692
97589
97503
97482
97369
97241
97236
97110
97106
97103
97100
97033
96944
96876
96786
96735
96639
96567
96506
96467
96455
96452
96426
96409
96357
96323
96202
96153
96118
96115
96080
96044
95906
95903
95882
95854
95722
95672
95619
95534
95502
95462
95453
95438
95407
95378
95371
95340
95319
95062
95053
94960
94942
94903
94846
94764
94750
94727
94715
94706
94502
94285
94265
94264
94197
94088
94047
94010
93883
93676
93673
93664
93597
93511
93460
93444
93367
93295
93291
93252
93188
93144
93000
92958
92955
92941
92896
92866
92815
92812
92764
92760
92676
92511
92350
92305
92277
92227
92214
92190
92136
92068
91997
91991
91987
91971
91956
91878
91868
91839
91835
91777
91688
91636
91375
91353
91167
91154
90935
90914
90757
90744
90742
90712
90602
90465
90373
90314
90289
90280
90272
90230
90212
90184
90178
90129
90086
90014
89919
89822
89801
89773
89722
89584
89576
89556
89418
89416
89398
89337
89307
89275
89266
89263
89223
89177
89121
89060
89026
88862
88849
88831
88804
88771
88740
88656
88636
88585
88554
88463
88435
88426
88310
88265
88235
88165
88138
88053
88048
87967
87926
87886
87883
87871
87853
87801
87706
87668
87597
87592
87547
87538
87517
87344
87332
87299
87285
87283
87276
87155
86923
86899
86884
86846
86759
86735
86671
86649
86628
86626
86564
86511
86507
86426
86420
86415
86407
86406
86381
86376
86371
86350
86291
86269
86254
86247
86192
86169
86152
86106
86092
85927
85797
85795
85689
85629
85626
85611
85599
85579
85557
85496
85361
85346
85166
84975
84869
84849
84772
84697
84681
84676
84654
84610
84588
84558
84529
84464
84415
84342
84253
84248
84241
84208
84153
84088
84065
83974
83964
83952
83939
83924
83813
83760
83740
83684
83610
83558
83556
83527
83508
83478
83423
83316
83279
83188
83176
83142
83069
83069
83023
82912
82881
82846
82820
82811
82733
82684
82582
82486
82469
82465
82443
82442
82427
82376
82350
82322
82309
82220
82178
82151
82077
82011
81954
81934
81766
81757
81757
81720
81705
81631
81468
81442
81416
81122
81078
81067
80956
80952
80948
80883
80864
80797
80792
80792
80651
80576
80510
80465
80439
80428
80403
80374
80248
80155
80120
80118
80040
79963
79940
79897
79666
79640
79636
79496
79476
79465
79386
79376
79371
79272
79246
79139
79072
79048
79041
79019
78997
78953
78942
78846
78807
78803
78795
78767
78673
78510
78491
78432
78415
78410
78343
78300
78296
78141
78045
77944
77903
77901
77900
77883
77787
77767
77754
77705
77700
77694
77654
77615
77603
77455
77361
77322
77311
77256
77245
77038
77027
76979
76973
76928
76920
76911
76850
76848
76796
76714
76668
76572
76558
76555
76539
76434
76431
76411
76410
76279
76186
76174
76170
76131
76010
75991
75979
75978
75888
75882
75870
75826
75761
75716
75594
75582
75579
75540
75358
75339
75264
75205
75097
75059
75015
74934
74934
74924
74709
74606
74573
74553
74506
74487
74473
74445
74403
74388
74387
74326
74324
74282
74268
74237
74224
74205
74163
74072
74062
74038
74025
73975
73952
73913
73885
73848
73806
73666
73653
73602
73507
73337
73166
73127
73094
73053
72949
72889
72873
72785
72719
72445
72433
72429
72423
72317
72225
72217
72207
72191
72156
71911
71807
71797
71766
71731
71684
71663
71661
71573
71541
71530
71416
71410
71343
71254
71239
71174
71169
71089
71065
70976
70956
70949
70698
70655
70653
70618
70589
70561
70549
70491
70466
70461
70417
70415
70391
70318
70288
70280
70208
70204
70180
70177
70070
70068
70019
70008
69988
69966
69937
69889
69860
69845
69843
69825
69786
69766
69747
69541
69501
69480
69478
69376
69357
69354
69187
69059
69025
68947
68902
68875
68807
68784
68755
68742
68738
68526
68513
68494
68478
68157
68103
68031
68000
67961
67918
67904
67841
67814
67790
67786
67688
67671
67498
67493
67482
67481
67434
67421
67338
67295
67282
67280
67244
67244
67148
67084
67049
66956
66909
66886
66794
66715
66673
66601
66574
66439
66435
66411
66397
66376
66323
66311
66128
66108
66066
66061
66000
65986
65980
65912
65850
65760
65699
65697
65691
65677
65564
65551
65503
65481
65420
65412
65405
65378
65298
65270
65198
65083
65012
64891
64853
64780
64670
64526
64465
64456
64405
64371
64327
64280
64073
63959
63959
63944
63804
63725
63691
63688
63686
63596
63521
63446
63388
63351
63318
63259
63119
63063
63037
63034
63003
62972
62962
62959
62954
62914
62904
62895
62772
62733
62714
62669
62633
62616
62563
62517
62493
62394
62332
62314
62289
62276
62037
62008
62007
61875
61801
61780
61718
61641
61595
61519
61508
61426
61413
61347
61327
61280
61262
61245
61186
61121
61106
61074
60926
60920
60912
60817
60786
60774
60758
60735
60678
60589
60521
60423
60416
60286
60206
60190
60178
60143
60111
60102
60094
60041
59974
59944
59898
59850
59837
59801
59738
59705
59690
59624
59621
59583
59544
59482
59317
59310
59309
59292
59234
59219
59129
59104
59016
59004
58991
58988
58900
58840
58830
58812
58804
58795
58672
58662
58608
58551
58536
58530
58474
58387
58340
58279
58243
58216
58173
58150
58125
58113
58109
58075
58013
57926
57826
57777
57649
57646
57575
57568
57440
57368
57362
57316
57278
57259
57243
57177
57110
57082
56950
56944
56928
56861
56842
56810
56770
56677
56672
56639
56623
56589
56587
56516
56511
56509
56491
56460
56456
56445
56391
56347
56326
56261
56248
56241
56240
56232
56183
55925
55913
55889
55856
55807
55726
55557
55549
55547
55516
55463
55426
55408
55356
55320
55230
55094
55060
55057
54996
54960
54949
54925
54734
54731
54563
54422
54408
54298
54271
54257
54242
54129
54117
54111
53951
53870
53749
53728
53721
53718
53681
53648
53633
53599
53594
53592
53525
53374
53324
53317
53263
53261
53054
52975
52895
52824
52614
52595
52589
52494
52447
52436
52422
52416
52375
52339
52130
52027
51993
51949
51939
51937
51933
51884
51857
51812
51671
51615
51582
51562
51542
51515
51500
51484
51453
51447
51429
51334
51265
51242
51232
51122
51069
51012
50900
50895
50859
50851
50842
50686
50660
50618
50602
50596
50582
50529
50517
50483
50403
50294
50287
50277
50250
50181
50167
50104
49990
49849
49844
49835
49779
49722
49713
49695
49634
49629
49573
49487
49481
49425
49226
49190
49137
49121
49093
49022
49000
48952
48890
48843
48808
48781
48760
48746
48705
48452
48374
48257
48256
48250
48245
48231
48226
48180
48050
47968
47914
47893
47888
47741
47714
47686
47654
47579
47510
47499
47264
47226
47224
47181
47167
47138
47117
47070
47011
46949
46830
46827
46825
46739
46584
46502
46501
46442
46161
46150
46099
46073
46013
45993
45986
45951
45925
45867
45856
45834
45782
45768
45732
45598
45574
45495
45483
45356
45251
45234
45129
45064
45025
44995
44972
44818
44778
44723
44551
44493
44388
44388
44342
44341
44279
44243
44154
44143
44096
44096
44065
44020
44012
43968
43931
43900
43848
43737
43647
43403
43394
43356
43321
43265
43163
43125
43088
43052
43017
42990
42813
42768
42766
42715
42675
42661
42656
42588
42541
42484
42465
42440
42431
42419
42408
42389
42371
42317
42168
42128
42102
42090
42045
42043
41947
41918
41898
41888
41856
41813
41808
41688
41684
41616
41536
41532
41448
41391
41361
41264
41246
41169
41095
41073
41032
41007
40957
40952
40937
40910
40895
40857
40848
40765
40759
40723
40652
40640
40639
40635
40628
40586
40309
40275
40275
40236
40190
40171
40122
40064
40062
40027
40022
39943
39942
39862
39825
39805
39759
39655
39592
39591
39567
39554
39481
39463
39388
39366
39338
39294
39280
39248
39240
39224
39197
39165
39128
39071
39062
39045
38936
38891
38841
38801
38678
38627
38593
38574
38540
38468
38435
38389
38281
38217
38151
38011
37869
37866
37738
37711
37627
37606
37528
37525
37355
37316
37251
37229
37223
37221
37153
37149
37128
37090
37006
36960
36890
36883
36812
36805
36733
36700
36687
36686
36602
36594
36572
36465
36462
36399
36356
36307
36173
36141
36096
36095
36059
35728
35653
35651
35555
35437
35437
35429
35370
35320
35297
35189
35188
35134
35117
35115
35039
34854
34796
34783
34762
34715
34675
34608
34533
34532
34440
34423
34410
34350
34317
34307
34289
34194
34124
34020
33969
33918
33917
33888
33883
33870
33829
33717
33705
33696
33692
33629
33596
33580
33537
33376
33368
33336
33237
33183
33173
33173
33029
33013
33002
32961
32946
32926
32920
32912
32863
32859
32821
32716
32700
32677
32671
32614
32608
32438
32401
32255
32233
32200
32171
32129
32094
32078
32010
31990
31859
31737
31709
31687
31550
31523
31265
31083
31060
31033
31024
30962
30831
30815
30497
30493
30443
30394
30385
30319
30316
30307
30277
30210
30168
30165
30161
30140
30006
29982
29970
29906
29864
29833
29694
29498
29414
29393
29390
29382
29345
29344
29113
29103
29089
29071
28967
28750
28736
28652
28628
28432
28285
28165
28117
28099
28098
28080
28065
28023
27878
27872
27870
27824
27789
27642
27627
27573
27573
27568
27497
27476
27472
27469
27462
27434
27416
27309
27176
27093
27032
27021
27017
27014
26953
26897
26875
26801
26778
26746
26705
26686
26569
26394
26359
26305
26293
26208
26173
26139
26129
26039
26025
26020
26003
25939
25932
25877
25820
25739
25731
25651
25623
25602
25596
25534
25399
25366
25315
25270
25166
25102
24996
24971
24943
24890
24874
24870
24838
24822
24777
24747
24735
24685
24674
24611
24604
24547
24542
24458
24407
24371
24347
24235
24231
24096
24065
24059
24045
23969
23948
23934
23819
23810
23778
23773
23755
23650
23633
23603
23583
23554
23489
23486
23473
23465
23430
23430
23424
23422
23321
23298
23257
23194
23142
23142
23125
22974
22961
22868
22846
22829
22810
22761
22630
22619
22613
22594
22567
22480
22420
22392
22376
22274
22268
22246
22199
22183
22146
22095
22076
21999
21963
21946
21938
21868
21840
21824
21772
21749
21740
21666
21614
21592
21498
21468
21458
21353
21329
21310
21264
21240
21217
21200
21155
21078
20969
20964
20925
20863
20719
20708
20523
20480
20267
20081
20064
19996
19923
19895
19864
19833
19755
19752
19639
19607
19567
19540
19533
19434
19422
19376
19339
19284
19259
19228
19224
19156
19125
19121
18942
18939
18916
18816
18772
18757
18699
18645
18634
18633
18631
18593
18441
18439
18366
18147
18140
18050
18042
17959
17941
17863
17829
17794
17779
17756
17750
17701
17487
17315
17285
17274
17273
17159
17153
17112
17032
17022
16948
16911
16826
16747
16695
16655
16651
16603
16575
16569
16565
16542
16520
16488
16452
16417
16365
16347
16318
16290
16253
16141
16132
16114
15914
15865
15863
15859
15820
15812
15734
15700
15683
15618
15607
15547
15528
15473
15408
15291
15133
15126
14964
14953
14885
14823
14813
14754
14697
14673
14664
14570
14558
14556
14494
14482
14438
14366
14361
14354
14303
14243
14206
14167
14154
14135
14047
14022
13887
13881
13825
13823
13742
13534
13473
13455
13455
13411
13402
13380
13334
13295
13265
13193
13157
13037
13003
13002
12969
12864
12821
12764
12685
12682
12612
12525
12464
12395
12371
12364
12276
12256
12170
12036
12021
12015
11836
11798
11782
11594
11581
11519
11495
11304
11287
11204
11185
11126
10962
10860
10820
10811
10764
10713
10607
10563
10561
10539
10535
10511
10505
10491
10363
10264
10178
10113
10109
9963
9950
9930
9914
9786
9739
9707
9665
9624
9547
9471
9451
9435
9426
9303
9201
9149
9102
9071
9050
9032
8877
8611
8540
8380
8371
8330
8126
8109
8096
8079
8004
7995
7764
7699
7397
7396
7316
7236
7172
7144
7141
7015
6870
6857
6827
6749
6740
6697
6633
6539
6511
6454
6383
6062
5984
5958
5956
5941
5848
5807
5784
5778
5760
5733
5726
5680
5616
5612
5516
5513
5501
5493
5473
5455
5407
5395
5349
5282
5246
5239
5236
5203
5175
5052
5039
4949
4935
4901
4831
4822
4740
4707
4678
4598
4541
4488
4352
4281
4271
4211
4178
4133
4127
4105
4087
4045
4003
3960
3948
3861
3810
3766
3717
3677
3663
3613
3570
3548
3545
3428
3418
3316
3171
3142
3140
3065
3024
2989
2856
2693
2677
2666
2614
2602
2599
2383
2379
2343
2164
2158
2152
2078
2028
1982
1942
1912
1902
1901
1821
1766
1742
1737
1732
1608
1552
1523
1520
1511
1496
1487
1366
1348
1294
1267
1228
1226
1065
1017
777
761
755
651
622
452
404
318
297
233
214
132
