99991
99918
99916
99908
99898
99777
99702
99673
99503
99441
99420
99406
99399
99233
99220
99096
99067
99043
99034
99001
98824
98686
98603
98542
98530
98516
98512
98483
98416
98415
98411
98363
98349
98312
98195
98167
98091
98071
98071
98066
98060
98052
98015
97913
97904
97859
97853
97770
97704
97687
97679
97670
97666
97556
97516
97501
97321
97273
97102
97095
97043
97024
96960
96927
96846
96843
96833
96806
96793
96722
96707
96695
96653
96586
96473
96385
96370
96318
96250
96142
96046
96025
95946
95941
95910
95903
95887
95875
95820
95805
95798
95761
95727
95714
95658
95606
95537
95528
95492
95474
95471
95454
95447
95439
95415
95393
95320
95248
95238
95101
95071
95038
94955
94944
94861
94838
94773
94763
94673
94634
94602
94594
94584
94551
94500
94498
94476
94473
94442
94362
94193
94176
94157
94134
94090
94065
93999
93945
93906
93889
93868
93832
93797
93685
93579
93568
93564
93492
93321
93279
93123
92998
92897
92840
92839
92808
92752
92752
92605
92590
92369
92323
92296
92263
92146
92133
92087
92038
91890
91874
91840
91740
91679
91585
91519
91484
91475
91445
91439
91174
91144
91114
91102
91077
91026
91019
91015
90969
90939
90866
90826
90804
90632
90622
90544
90501
90457
90448
90348
90255
90141
90074
90032
89870
89797
89688
89655
89638
89521
89384
89286
89278
89258
89080
89011
88987
88968
88853
88812
88768
88741
88709
88671
88633
88587
88576
88536
88533
88503
88488
88463
88322
88280
88128
88128
88089
88052
87951
87916
87909
87886
87815
87807
87727
87683
87664
87560
87550
87417
87407
87400
87370
87370
87166
87163
87030
87019
87000
86888
86880
86866
86801
86705
86697
86696
86676
86591
86582
86517
86503
86478
86470
86391
86217
86200
86178
86178
86124
86015
85963
85939
85937
85804
85792
85772
85756
85725
85687
85679
85581
85579
85531
85529
85433
85410
85391
85347
85336
85225
85156
84966
84752
84702
84669
84460
84390
84296
84294
84252
84117
84087
83964
83934
83922
83867
83840
83663
83475
83434
83371
83297
83253
83249
83225
83187
83164
83134
83112
83066
83055
82873
82718
82671
82620
82615
82566
82525
82525
82457
82407
82189
82159
82150
82141
82140
82104
82091
82088
82059
82039
81990
81971
81952
81905
81901
81873
81859
81773
81658
81638
81589
81514
81514
81501
81477
81353
81285
81240
81222
81219
81204
81076
81054
80987
80985
80957
80867
80864
80814
80813
80756
80704
80550
80484
80294
80169
80142
80017
80015
79947
79814
79724
79587
79400
79400
79369
79359
79347
79336
79289
79227
79211
79166
79094
78995
78941
78850
78811
78752
78722
78722
78602
78578
78533
78526
78414
78391
78326
78243
78215
78189
78160
78044
78043
78020
78013
77996
77985
77971
77963
77854
77851
77776
77754
77744
77680
77543
77493
77376
77368
77186
77131
77037
76906
76899
76788
76758
76681
76668
76549
76548
76493
76298
76246
76243
76216
76211
76189
76134
76044
75927
75924
75883
75879
75834
75751
75644
75599
75558
75538
75517
75385
75336
75319
75313
75293
75281
75197
75136
75117
75091
74971
74858
74721
74635
74448
74417
74373
74370
74357
74347
74336
74304
74275
74269
74266
74264
74260
74211
74188
74183
74109
74076
74074
73971
73965
73767
73749
73733
73721
73672
73519
73454
73193
73189
73109
72882
72880
72870
72810
72779
72720
72716
72709
72668
72662
72469
72449
72433
72348
72334
72318
72310
72254
72239
72181
72151
72133
72048
71776
71734
71716
71690
71588
71520
71503
71399
71360
71324
71324
71258
71229
71194
71145
71117
71115
71088
71025
70956
70889
70856
70586
70464
70404
70329
70160
70153
70150
70147
70134
70105
70024
70023
70001
69972
69916
69908
69893
69490
69476
69439
69419
69371
69361
69324
69323
69323
69278
69202
69152
69128
69103
69093
69062
69061
69016
68976
68934
68774
68738
68647
68640
68488
68470
68428
68399
68377
68295
68244
68227
68222
68207
68112
68096
68055
68022
68021
67971
67914
67913
67862
67844
67822
67705
67680
67679
67615
67611
67512
67488
67480
67443
67348
67344
67316
67308
67306
67305
67287
67264
67047
67019
67014
66957
66956
66949
66884
66806
66777
66671
66638
66507
66467
66431
66319
66300
66174
66155
66080
66066
66030
65883
65865
65798
65719
65676
65547
65463
65225
65208
65174
65173
65139
65097
65049
65005
65003
64993
64982
64961
64938
64928
64897
64866
64837
64830
64803
64762
64761
64590
64575
64562
64484
64461
64390
64342
64332
64173
64156
63964
63960
63934
63883
63870
63842
63807
63802
63689
63598
63577
63501
63441
63414
63398
63350
63014
62782
62752
62701
62655
62638
62634
62546
62471
62395
62355
62308
62247
62181
62139
62117
62100
62082
62075
62041
62002
61993
61985
61980
61933
61911
61801
61779
61778
61685
61589
61493
61400
61315
61313
61269
61245
61179
61125
61120
61046
61036
61013
60682
60613
60596
60349
60346
60342
60330
60296
60266
60260
60249
60214
60202
60183
60114
60064
60002
59988
59940
59913
59897
59875
59838
59781
59769
59759
59737
59664
59661
59649
59587
59507
59316
59309
59309
59277
59247
59247
59165
59153
59140
59107
59080
59076
59065
59037
58959
58901
58859
58856
58855
58753
58738
58714
58698
58602
58477
58471
58438
58432
58409
58382
58331
58329
58206
58179
58176
58155
58102
58056
58055
58021
58005
57969
57935
57891
57808
57761
57748
57720
57682
57667
57664
57621
57535
57527
57489
57409
57171
57144
57139
57043
57008
56985
56980
56942
56810
56771
56676
56570
56488
56485
56438
56426
56408
56365
56359
56179
56140
56073
55975
55791
55755
55660
55590
55552
55502
55478
55394
55308
55214
55123
54976
54918
54912
54849
54823
54761
54709
54670
54662
54600
54539
54502
54460
54402
54342
54336
54267
54225
54187
54158
54083
54066
54062
53926
53884
53845
53824
53791
53752
53745
53656
53645
53550
53515
53485
53468
53403
53361
53293
53251
53214
53139
53137
53067
53031
52994
52989
52834
52720
52686
52632
52553
52495
52486
52423
52400
52369
52095
52091
52021
52016
51971
51879
51783
51760
51756
51742
51724
51720
51677
51653
51562
51540
51507
51427
51388
51371
51300
51299
51292
51209
51198
51175
51160
51128
51114
51073
51072
50996
50961
50920
50791
50730
50666
50636
50633
50614
50515
50485
50403
50389
50384
50315
50301
50244
50195
50171
50100
50096
50095
50083
50017
49985
49961
49864
49765
49674
49666
49547
49525
49490
49469
49409
49358
49269
49187
49001
48983
48973
48943
48863
48813
48681
48672
48661
48631
48446
48359
48302
48302
48281
48263
48204
48199
48199
48138
48121
48082
48018
47970
47849
47804
47769
47682
47639
47619
47618
47502
47502
47441
47407
47387
47375
47323
47267
47157
47142
47108
47065
47007
46957
46869
46868
46784
46707
46653
46581
46445
46376
46358
46357
46327
46323
46264
46070
46062
45987
45928
45903
45900
45881
45824
45762
45738
45651
45624
45609
45604
45518
45321
45236
45161
45145
45130
45093
45067
45046
44988
44972
44965
44957
44926
44924
44866
44831
44814
44787
44770
44752
44747
44740
44707
44704
44684
44574
44446
44402
44385
44322
44321
44299
44267
44239
44186
44186
44166
43990
43966
43789
43701
43570
43404
43374
43357
43353
43307
43270
43269
43252
43214
43179
43158
43088
42952
42902
42885
42818
42764
42749
42739
42680
42582
42575
42525
42510
42499
42401
42173
42060
42006
41917
41871
41861
41854
41846
41806
41748
41715
41656
41629
41610
41575
41570
41550
41507
41460
41415
41317
41215
41178
41169
41117
41008
40978
40898
40896
40850
40820
40778
40593
40588
40574
40505
40446
40431
40422
40374
40270
40219
40206
40150
40141
40113
40089
40061
39911
39624
39618
39596
39492
39488
39480
39309
39287
39260
39082
39072
39066
38965
38928
38919
38768
38665
38490
38450
38414
38373
38282
38260
38242
38236
38201
38193
38149
38103
37875
37708
37607
37597
37588
37479
37447
37356
37355
37351
37318
37261
37247
37227
37035
37024
36964
36873
36871
36863
36823
36807
36702
36697
36674
36657
36538
36428
36419
36356
36213
36198
36134
36097
36012
35997
35894
35882
35806
35769
35737
35635
35623
35617
35605
35534
35506
35390
35342
35234
35198
35175
35124
35124
35109
35091
35060
35014
34964
34949
34704
34660
34659
34651
34553
34515
34509
34406
34261
34245
34166
34141
34133
34106
34031
33988
33917
33903
33809
33797
33567
33541
33464
33378
33190
33187
33134
33126
33117
33052
32959
32941
32913
32905
32891
32885
32864
32843
32732
32716
32703
32652
32606
32580
32562
32492
32392
32347
32008
31991
31894
31885
31866
31859
31786
31750
31746
31720
31640
31569
31567
31559
31518
31493
31386
31317
31191
31138
30981
30832
30822
30688
30661
30619
30612
30598
30563
30479
30478
30369
30339
30299
30231
30213
30019
30010
29907
29879
29847
29790
29784
29754
29739
29687
29658
29587
29568
29552
29527
29473
29407
29350
29346
29283
29218
29162
29158
29125
29097
29063
29054
29009
28973
28897
28863
28845
28830
28770
28747
28528
28511
28449
28441
28313
28202
28200
28178
28168
28147
28141
28024
28007
27978
27932
27921
27894
27838
27836
27802
27763
27728
27726
27718
27522
27462
27399
27381
27353
27336
27329
27322
27298
27271
27261
27120
27104
27032
27004
26956
26954
26951
26897
26894
26814
26782
26778
26675
26653
26605
26597
26545
26534
26517
26509
26479
26445
26416
26387
26385
26375
26363
26314
26288
26267
26225
26197
26062
25973
25955
25891
25871
25762
25744
25562
25498
25487
25429
25415
25348
25337
25315
25267
25206
25177
25113
25070
25068
25047
24996
24988
24926
24871
24775
24767
24742
24735
24725
24667
24513
24506
24489
24480
24402
24402
24263
24237
24210
24145
24091
24055
23868
23845
23711
23707
23650
23527
23514
23495
23482
23427
23379
23348
23336
23301
23288
23263
23220
23202
23125
23045
23044
23033
22997
22960
22883
22866
22857
22803
22798
22739
22698
22677
22672
22653
22605
22602
22548
22488
22476
22470
22425
22373
22340
22335
22318
22313
22242
22233
22206
22197
22179
22157
21963
21957
21783
21782
21684
21673
21634
21587
21476
21457
21332
21260
21232
21223
21123
21078
21034
20994
20992
20855
20498
20425
20406
20327
20162
20141
20106
20074
20047
20040
20031
20020
19985
19937
19924
19826
19807
19807
19743
19688
19676
19587
19506
19487
19451
19403
19388
19364
19360
19311
19253
19231
19225
19204
19170
19113
19091
19007
19002
19001
18976
18958
18899
18884
18811
18808
18805
18802
18799
18706
18599
18599
18580
18481
18289
18271
17923
17890
17855
17839
17734
17680
17651
17637
17584
17583
17556
17522
17483
17478
17371
17251
17251
17230
17225
17215
17203
17188
17166
17154
17143
17071
16881
16751
16713
16627
16620
16472
16383
16368
16355
16340
16325
16308
16263
16262
16224
16221
16219
16152
16086
16072
16058
16027
16009
15882
15841
15794
15753
15741
15694
15683
15652
15616
15559
15498
15484
15479
15472
15421
15405
15368
15277
15247
15227
15208
15206
15179
15147
15054
14963
14916
14900
14767
14501
14493
14475
14471
14464
14364
14324
14306
14303
14118
14102
14015
13951
13934
13866
13857
13669
13554
13488
13427
13325
13315
13303
13280
13263
13190
13154
13011
13007
12887
12805
12793
12760
12748
12654
12566
12556
12354
12300
12280
12261
12194
12120
12072
11975
11860
11844
11821
11743
11708
11705
11665
11634
11557
11509
11381
11346
11341
11327
11323
11246
11165
11136
11131
11127
11100
11088
11020
11000
10976
10883
10774
10728
10598
10549
10548
10337
10273
10260
10223
10173
10163
10071
10030
10026
9915
9883
9880
9870
9837
9790
9524
9485
9454
9419
9386
9378
9356
9205
9175
9148
9130
9086
9073
9066
8966
8847
8830
8827
8753
8736
8707
8680
8667
8652
8619
8544
8336
8320
8270
8193
8190
8174
8023
7998
7973
7942
7881
7773
7762
7721
7668
7593
7522
7394
7306
7267
7262
7228
7210
7129
7108
7008
7005
6998
6851
6749
6710
6691
6568
6456
6398
6389
6355
6323
6245
6224
6164
6065
5981
5950
5931
5927
5912
5827
5826
5739
5723
5717
5708
5616
5610
5605
5528
5366
5355
5267
5088
4964
4920
4909
4905
4828
4789
4788
4768
4602
4601
4576
4385
4360
4348
4265
4197
4142
4139
4112
4101
4082
4078
4065
4046
3998
3863
3610
3602
3598
3534
3519
3450
3405
3370
3360
3295
3243
3229
3219
3218
3138
3130
3115
3112
3080
3002
2965
2926
2882
2674
2637
2623
2582
2510
2509
2483
2477
2401
2340
2164
2158
2149
1999
1967
1942
1910
1879
1735
1672
1635
1615
1499
1438
1351
1250
1188
1146
1112
1082
983
975
918
893
804
775
750
722
699
648
606
601
491
431
315
315
215
163
137
108
89
70
