99991
99975
99916
99911
99884
99837
99815
99809
99693
99607
99548
99542
99514
99467
99463
99415
99392
99311
99200
99179
99146
99016
98860
98809
98642
98557
98496
98449
98358
98262
98241
98072
98008
98000
97981
97778
97743
97691
97680
97654
97630
97609
97533
97530
97487
97392
97376
97350
97257
97185
97090
97089
97078
97067
97044
97020
96945
96941
96935
96932
96867
96859
96832
96656
96655
96541
96516
96485
96408
96384
96367
96347
96306
96298
96234
96189
96181
96064
96044
96039
96026
95984
95968
95947
95943
95915
95815
95787
95784
95718
95669
95524
95481
95446
95427
95371
95273
95213
95209
95146
94968
94933
94913
94766
94732
94632
94559
94557
94460
94445
94431
94425
94287
94261
94223
94182
94156
94044
94034
94027
94001
93877
93872
93574
93569
93543
93527
93419
93357
93325
93312
93182
93174
93154
93098
93076
93008
92999
92946
92891
92844
92812
92800
92616
92609
92601
92563
92375
92307
92108
92101
92077
91802
91792
91771
91650
91595
91545
91534
91473
91300
91261
91194
91147
91094
91051
90717
90660
90494
90493
90441
90415
90322
90252
90248
90152
90118
90103
89987
89971
89809
89751
89708
89699
89669
89656
89596
89535
89497
89448
89401
89364
89292
89285
89278
89267
89141
89139
89132
89065
88962
88909
88867
88850
88829
88733
88726
88678
88670
88646
88632
88578
88481
88446
88422
88412
88285
88070
88014
88010
87998
87954
87829
87824
87785
87756
87750
87693
87604
87567
87544
87256
87171
87155
87055
87045
87024
86936
86842
86834
86824
86801
86766
86731
86660
86595
86578
86566
86561
86543
86538
86467
86445
86338
86241
86192
86158
86154
86107
86104
86079
85957
85928
85885
85831
85774
85772
85724
85723
85646
85634
85550
85514
85474
85317
85180
85061
85060
84979
84762
84619
84517
84477
84454
84416
84394
84377
84375
84240
84189
84159
84146
84137
84072
83977
83976
83917
83910
83898
83891
83835
83831
83735
83730
83591
83574
83427
83356
83335
83298
83237
83043
83040
83034
83034
82923
82866
82866
82739
82738
82709
82685
82632
82597
82595
82545
82448
82398
82388
82367
82110
82105
82091
82057
82053
82017
82006
81979
81941
81928
81905
81629
81575
81548
81499
81496
81475
81388
81355
81341
81273
81228
81196
81173
81146
81109
81069
81059
81028
81027
81020
80881
80875
80854
80844
80823
80779
80612
80595
80587
80523
80392
80361
80334
80329
80321
80306
80302
80241
80207
80199
80193
79914
79913
79896
79742
79730
79692
79648
79610
79444
79413
79317
79264
79251
79170
79097
79080
79060
79002
78894
78830
78754
78649
78615
78581
78471
78400
78362
78325
78257
78244
78226
78187
78104
77999
77972
77966
77957
77949
77900
77893
77853
77830
77793
77750
77612
77563
77522
77482
77446
77346
77316
77238
77216
77198
77195
77186
77099
77047
76953
76892
76711
76672
76665
76476
76475
76120
76061
76054
75995
75988
75972
75723
75695
75622
75581
75502
75399
75357
75344
75339
75324
75268
75177
75100
75055
74928
74879
74852
74809
74806
74798
74797
74682
74638
74579
74553
74536
74322
74267
74233
74211
74111
74094
74019
74004
73936
73881
73680
73651
73642
73638
73616
73576
73517
73516
73458
73457
73457
73424
73403
73397
73310
73282
73224
73191
73188
73142
72959
72945
72850
72762
72749
72719
72687
72608
72599
72592
72558
72555
72540
72481
72399
72354
72281
72225
72197
72186
72165
72090
72089
72085
72035
72005
71947
71931
71879
71696
71694
71614
71608
71498
71495
71357
71302
71224
71088
71083
71074
70987
70954
70866
70852
70811
70744
70701
70657
70647
70602
70567
70514
70472
70455
70404
70341
70308
70261
70221
70207
70105
69935
69716
69680
69623
69606
69490
69387
69359
69356
69269
69244
69197
69141
68779
68756
68755
68751
68717
68674
68618
68546
68462
68428
68389
68362
68310
68266
68221
68205
68150
68123
68072
68026
68019
67989
67836
67801
67729
67725
67708
67678
67631
67614
67605
67568
67430
67295
67217
67164
67144
67079
66964
66963
66944
66898
66806
66797
66763
66746
66614
66590
66532
66530
66450
66420
66395
66384
66380
66296
66287
66240
66192
66160
66104
65891
65813
65786
65736
65728
65713
65605
65566
65532
65500
65395
65279
65251
65239
65173
65092
65081
65078
65065
65055
64945
64909
64758
64739
64546
64527
64381
64366
64356
64320
64310
64293
64287
64261
64118
64100
64086
64038
63994
63938
63888
63867
63821
63809
63806
63682
63649
63635
63603
63599
63597
63564
63517
63516
63508
63493
63405
63402
63389
63301
63205
63189
63170
63166
63089
63084
63073
63017
62999
62961
62927
62897
62816
62767
62743
62684
62643
62624
62541
62538
62411
62388
62360
62329
62255
62254
62227
62202
62188
62013
61979
61976
61936
61804
61776
61715
61694
61606
61588
61342
61321
61199
61160
61106
61090
61063
61063
61041
61036
60925
60923
60905
60823
60713
60689
60651
60572
60529
60347
60345
60308
60246
60240
60147
60119
60076
60063
60059
60001
59999
59840
59793
59768
59690
59688
59647
59597
59586
59570
59554
59483
59453
59423
59294
59224
59194
59108
59064
59045
58930
58923
58898
58865
58865
58858
58778
58763
58758
58745
58737
58728
58710
58659
58634
58539
58505
58413
58247
58180
58149
58135
58106
58065
58010
57956
57866
57771
57704
57563
57528
57499
57447
57438
57402
57293
57252
57163
57125
57124
57102
57087
56988
56976
56919
56846
56827
56733
56715
56691
56676
56649
56579
56509
56367
56361
56348
56327
56315
56282
56210
56192
56099
56059
56019
55983
55911
55840
55789
55759
55740
55697
55494
55189
55136
55114
55111
55101
54987
54987
54973
54952
54935
54926
54915
54879
54853
54806
54765
54736
54701
54691
54687
54625
54614
54565
54550
54547
54486
54486
54385
54338
54298
54228
54188
54132
54088
54058
54004
54004
53979
53938
53937
53927
53864
53818
53689
53679
53650
53640
53543
53499
53498
53429
53398
53390
53368
53283
53213
53171
53151
52791
52762
52699
52694
52654
52450
52420
52394
52373
52292
52270
52083
52065
52043
51991
51970
51946
51921
51904
51860
51856
51773
51767
51608
51549
51421
51370
51289
51267
51222
51210
51152
51146
51056
50978
50772
50743
50689
50669
50665
50656
50415
50345
50284
49965
49916
49897
49893
49887
49786
49714
49706
49690
49686
49666
49642
49616
49575
49527
49491
49460
49459
49435
49336
49321
49171
49155
49121
49112
48989
48959
48957
48957
48773
48662
48650
48531
48342
48323
48282
48150
48119
47989
47904
47857
47828
47808
47780
47680
47642
47640
47574
47479
47474
47457
47415
47391
47349
47256
47208
47117
47116
47109
47044
46994
46950
46856
46808
46637
46616
46441
46429
46310
46098
46002
45979
45954
45946
45939
45935
45901
45802
45707
45706
45502
45501
45469
45392
45329
45132
45125
45110
45045
45017
44996
44976
44975
44971
44950
44877
44873
44840
44647
44610
44576
44527
44431
44297
44296
44205
44135
44055
44018
44016
43959
43957
43926
43858
43838
43812
43779
43726
43643
43576
43565
43423
43387
43381
43361
43242
43156
43150
43066
42998
42956
42879
42861
42799
42794
42708
42668
42658
42641
42628
42614
42558
42449
42397
42393
42386
42309
42304
42285
42284
42223
42216
42185
42185
42155
42146
42137
42016
41962
41933
41875
41853
41807
41727
41709
41701
41656
41623
41592
41580
41487
41478
41472
41424
41328
41326
41249
41212
41135
41099
41098
41083
41076
41059
41046
40924
40899
40852
40827
40822
40758
40754
40741
40723
40710
40701
40684
40631
40571
40506
40471
40452
40439
40366
40259
40165
40121
39823
39801
39774
39738
39587
39581
39406
39365
39360
39328
39312
39165
39165
39075
39036
38961
38910
38889
38844
38784
38774
38774
38762
38743
38730
38697
38674
38637
38437
38425
38399
38375
38164
38133
38069
38050
37987
37970
37921
37910
37907
37880
37802
37789
37773
37730
37651
37622
37591
37575
37557
37427
37426
37332
37298
37298
37214
37186
37171
37140
37095
37078
37038
37001
36977
36925
36830
36827
36802
36727
36689
36682
36675
36639
36602
36596
36550
36484
36393
36365
36345
36344
36326
36246
36099
36058
36043
35858
35718
35634
35579
35516
35439
35425
35401
35289
35267
35217
35200
35071
34977
34887
34827
34750
34681
34459
34434
34420
34386
34307
34146
34088
34061
34051
34038
34033
34003
33970
33933
33872
33871
33805
33730
33586
33536
33491
33426
33378
33317
33315
33307
33267
33266
33261
33238
33222
33198
33132
33040
33021
32987
32955
32877
32780
32751
32674
32642
32634
32610
32584
32377
32334
32295
32226
32138
32133
32125
32095
31875
31837
31779
31760
31617
31603
31603
31510
31480
31478
31411
31391
31381
31380
31286
31222
31202
31139
31131
31113
31057
31044
30961
30920
30908
30826
30795
30794
30753
30747
30700
30674
30631
30608
30563
30502
30473
30441
30424
30420
30299
30289
30209
30207
30168
30134
30087
30037
29938
29910
29829
29828
29816
29791
29700
29672
29597
29574
29570
29449
29425
29400
29371
29342
29280
29259
29202
29082
29057
28971
28971
28950
28884
28861
28856
28777
28728
28679
28671
28651
28609
28482
28445
28407
28397
28269
28249
28226
28216
28205
28134
28121
28102
27947
27931
27892
27852
27850
27838
27789
27768
27754
27686
27664
27621
27610
27545
27528
27499
27446
27339
27249
27180
27074
27026
27025
26994
26972
26932
26838
26831
26811
26802
26795
26792
26657
26653
26632
26572
26523
26465
26437
26391
26327
26322
26309
26218
26211
26180
26027
25969
25894
25841
25788
25677
25622
25618
25521
25443
25423
25200
25132
25076
25058
25000
24987
24947
24870
24789
24739
24705
24557
24550
24479
24451
24304
24302
24241
24211
24203
24199
24170
24146
24116
23999
23934
23887
23865
23856
23829
23703
23699
23692
23601
23565
23471
23398
23337
23323
23293
23270
23260
23250
23246
23190
23165
23157
23121
23072
23037
22904
22891
22806
22709
22707
22651
22624
22603
22535
22512
22420
22245
22221
22206
22196
22133
22054
21927
21788
21718
21683
21657
21643
21635
21474
21465
21330
21285
21135
21124
21096
21091
21057
21018
20993
20976
20971
20962
20944
20847
20805
20674
20664
20650
20518
20441
20427
20354
20343
20313
20294
20267
20260
20060
19999
19981
19880
19847
19782
19723
19698
19678
19663
19470
19416
19379
19316
19308
19280
19247
19090
19045
19023
18987
18972
18971
18967
18890
18877
18823
18796
18765
18671
18649
18576
18424
18344
18249
18237
18156
18130
18064
18010
17988
17970
17956
17874
17771
17749
17651
17563
17522
17468
17369
17299
17297
17247
17239
17161
17158
17126
17095
17037
17027
16962
16953
16840
16813
16744
16590
16578
16577
16572
16548
16429
16324
16254
16243
16234
16220
16215
16211
16181
16114
16032
15934
15909
15869
15858
15776
15765
15755
15693
15680
15646
15582
15578
15534
15516
15490
15455
15454
15412
15361
15317
15310
15139
15084
15071
15011
14894
14831
14777
14745
14721
14711
14708
14683
14648
14614
14554
14515
14427
14395
14378
14374
14373
14371
14300
14293
14106
14052
13916
13901
13814
13809
13788
13754
13742
13662
13621
13608
13570
13548
13517
13487
13412
13393
13374
13334
13128
13123
13005
12985
12815
12739
12694
12670
12650
12639
12592
12537
12400
12336
12289
12277
12266
12251
12231
12152
12145
12119
12015
11879
11819
11777
11720
11692
11564
11534
11513
11458
11442
11422
11369
11360
11291
11216
11049
10979
10880
10870
10864
10858
10830
10806
10791
10773
10713
10661
10507
10468
10306
10272
10198
10148
10100
9982
9947
9901
9897
9888
9841
9833
9832
9815
9808
9710
9643
9564
9492
9403
9359
9337
9316
9289
9138
9052
8990
8945
8901
8840
8807
8595
8505
8371
8360
8346
8228
8201
8170
8117
8029
7942
7890
7884
7872
7835
7801
7775
7600
7506
7482
7465
7452
7410
7358
7350
7318
7313
7303
7257
7242
7226
7211
7174
7164
7114
7089
7049
7046
7039
7007
6965
6933
6886
6863
6862
6617
6514
6493
6488
6440
6411
6357
6353
6230
6215
6077
6070
6038
5926
5919
5903
5822
5773
5771
5746
5744
5642
5628
5589
5489
5420
5354
5326
5234
5163
5104
5047
5046
4985
4936
4890
4865
4789
4776
4755
4716
4651
4634
4516
4452
4443
4420
4409
4322
4313
4282
4216
4134
4134
4100
4092
4083
4080
3993
3929
3926
3877
3816
3776
3723
3645
3618
3510
3488
3449
3421
3394
3303
3195
3149
3144
3123
3006
2963
2924
2842
2758
2749
2707
2694
2645
2457
2397
2269
2264
2258
2180
2139
2107
2051
2001
1833
1820
1818
1721
1657
1638
1623
1603
1542
1528
1526
1498
1497
1468
1218
1144
1081
1057
979
960
937
918
842
762
511
466
455
451
447
442
442
405
371
370
250
240
180
140
126
106
95
36
