99827
99702
99685
99665
99615
99597
99528
99493
99418
99407
99317
99289
99283
99182
99155
99145
99094
99066
99050
98886
98837
98776
98547
98520
98497
98492
98483
98462
98418
98398
98375
98304
98220
98015
97972
97922
97869
97797
97784
97760
97750
97707
97700
97480
97406
97274
97245
97220
97062
97054
97037
96993
96983
96935
96933
96816
96592
96463
96450
96422
96419
96356
96300
96271
96265
96212
96001
95963
95866
95778
95775
95655
95631
95617
95609
95497
95483
95430
95398
95374
95354
95308
95246
95233
95200
95171
95060
95042
95033
94975
94931
94930
94859
94816
94785
94748
94718
94709
94684
94602
94522
94502
94502
94434
94433
94419
94409
94399
94279
94153
94132
94132
94112
93966
93840
93746
93661
93633
93629
93584
93541
93540
93533
93533
93498
93374
93311
93305
93284
93088
93078
92998
92946
92849
92679
92663
92637
92623
92605
92525
92514
92437
92397
92332
92272
92181
92151
92149
92118
92041
92013
91992
91940
91851
91851
91842
91803
91698
91696
91672
91671
91573
91569
91382
91342
91272
91129
91106
91043
91014
90962
90943
90869
90768
90719
90668
90649
90525
90482
90463
90434
90349
90327
90286
90272
90169
90155
90086
90078
90065
90029
90004
89998
89916
89824
89816
89776
89756
89706
89626
89567
89560
89493
89480
89370
89368
89333
89273
89264
89133
89102
89074
89022
88998
88940
88897
88866
88858
88824
88671
88583
88478
88380
88379
88359
88340
88293
88286
88260
88201
88189
88163
88134
88067
87981
87974
87924
87854
87843
87838
87814
87791
87660
87614
87494
87445
87415
87411
87407
87099
87028
87024
87020
86926
86903
86853
86834
86826
86798
86758
86668
86644
86639
86513
86499
86482
86457
86442
86440
86422
86242
86223
86196
86138
86119
86083
86059
86058
86008
85967
85906
85898
85843
85693
85573
85509
85436
85426
85403
85197
85073
84971
84872
84809
84761
84745
84744
84738
84690
84684
84662
84661
84610
84518
84495
84426
84372
84302
84131
84123
84097
84096
84080
84079
84068
84050
83940
83934
83880
83809
83772
83762
83609
83579
83497
83496
83463
83461
83451
83444
83302
83296
83282
83246
83205
83181
83151
83138
83133
83099
82964
82959
82761
82664
82662
82639
82561
82548
82419
82403
82141
82100
82023
82007
81971
81940
81919
81889
81881
81854
81843
81766
81760
81743
81708
81563
81561
81490
81483
81421
81257
81062
81043
80999
80954
80895
80867
80763
80702
80581
80442
80433
80408
80368
80216
80172
80145
80084
80076
79985
79950
79909
79815
79747
79655
79631
79626
79527
79518
79454
79438
79438
79434
79392
79225
79219
79056
79024
78886
78875
78837
78780
78697
78681
78650
78530
78505
78266
78210
78067
78057
78029
78026
78025
78015
78000
77984
77970
77939
77912
77849
77802
77784
77764
77710
77689
77639
77476
77427
77370
77366
77364
77348
77331
77254
77252
77206
77152
77144
77113
77077
77073
77060
77027
76985
76966
76924
76912
76900
76890
76706
76702
76668
76660
76651
76618
76590
76571
76563
76436
76417
76406
76376
76365
76333
76266
76234
76183
76129
76099
76054
75984
75981
75936
75817
75800
75784
75739
75723
75616
75556
75533
75386
75333
75304
75286
75173
75098
75016
74982
74957
74949
74783
74732
74687
74525
74520
74449
74365
74353
74341
74314
74306
74196
74119
73945
73890
73811
73788
73661
73630
73614
73581
73547
73531
73443
73438
73404
73239
73190
73146
73096
73090
73087
73066
73055
72981
72903
72829
72708
72651
72511
72452
72441
72440
72403
72389
72189
72111
72110
72059
72022
71960
71875
71865
71851
71829
71706
71683
71676
71647
71590
71560
71554
71520
71275
71231
71224
71185
71172
71156
71081
71063
70982
70965
70931
70896
70893
70777
70655
70639
70554
70546
70542
70489
70484
70429
70423
70421
70324
70321
70150
70020
69977
69820
69802
69755
69692
69692
69626
69618
69610
69599
69596
69545
69535
69527
69479
69384
69335
69241
69206
69205
69116
69066
68985
68909
68833
68714
68654
68653
68603
68586
68534
68525
68512
68504
68498
68344
68318
68267
68225
68171
68151
68137
68067
68058
68027
67992
67929
67687
67641
67604
67599
67575
67528
67517
67492
67488
67486
67397
67322
67319
67313
67279
67269
67268
67135
67005
66960
66938
66898
66846
66834
66795
66781
66732
66724
66723
66708
66705
66651
66620
66583
66467
66446
66443
66381
66226
66165
66156
66110
66079
66073
66031
66014
65921
65917
65708
65685
65668
65570
65560
65463
65335
65322
65228
65203
65122
65096
65072
64879
64437
64434
64334
64322
64250
64199
64168
64148
64131
64086
64037
64020
64003
63982
63957
63951
63901
63781
63726
63688
63608
63502
63469
63458
63380
63344
63266
63245
63222
63156
63137
63090
63072
62985
62950
62935
62931
62905
62889
62842
62675
62666
62460
62402
62312
62247
62236
62220
62103
62102
62086
61994
61692
61632
61393
61292
61235
61204
61153
61144
61084
60976
60812
60777
60758
60693
60657
60637
60629
60519
60507
60502
60477
60463
60432
60323
60299
60228
60119
60020
59984
59935
59934
59880
59845
59817
59808
59690
59647
59629
59550
59530
59510
59503
59448
59443
59362
59355
59252
59249
59238
59135
59108
59105
59075
59047
59009
58999
58916
58914
58892
58877
58826
58812
58700
58696
58688
58673
58665
58636
58595
58567
58561
58518
58434
58387
58312
58298
58023
58019
58013
57975
57965
57923
57793
57746
57656
57535
57506
57464
57439
57405
57311
57213
57199
57192
57145
57102
56998
56956
56943
56935
56877
56746
56629
56574
56559
56417
56378
56316
56281
56274
56269
56247
56195
56191
56178
56166
56160
56139
56046
56032
55960
55950
55931
55829
55824
55824
55792
55725
55722
55671
55625
55610
55586
55492
55483
55423
55379
55219
55219
55164
55086
55076
55048
54895
54848
54841
54756
54681
54664
54662
54617
54527
54508
54340
54339
54295
54173
54141
54124
54062
53837
53815
53802
53784
53766
53744
53735
53731
53691
53624
53483
53365
53341
53294
53291
53192
53154
52956
52934
52867
52833
52811
52782
52744
52709
52630
52568
52563
52557
52527
52526
52398
52256
52235
52233
52189
52100
52052
51922
51876
51747
51733
51700
51637
51430
51423
51411
51386
51373
51352
51214
51202
51073
51010
51002
50993
50973
50951
50872
50858
50838
50824
50795
50729
50605
50533
50531
50485
50447
50431
50427
50426
50333
50266
50242
50223
50218
50195
50172
50166
50155
50124
50075
50054
49864
49844
49842
49837
49788
49736
49689
49622
49616
49570
49553
49431
49333
49323
49322
49281
49221
49119
49110
49090
49080
49050
49045
49044
49031
49022
49022
49011
48981
48943
48878
48846
48803
48787
48766
48760
48704
48689
48610
48575
48549
48542
48534
48482
48461
48445
48414
48400
48353
48291
48175
48174
48156
48145
48115
48008
47965
47947
47938
47931
47887
47810
47804
47783
47690
47612
47585
47574
47568
47539
47365
47267
47235
47185
47132
47128
47115
47065
46949
46945
46924
46899
46898
46818
46786
46759
46738
46356
46336
46290
46276
46252
46149
46139
46133
46116
46101
46091
46031
46005
45938
45919
45889
45872
45830
45701
45694
45613
45594
45551
45526
45494
45486
45369
45348
45279
45275
45265
45191
45183
45149
45115
45076
45025
45021
45006
44979
44961
44852
44840
44747
44732
44579
44568
44551
44538
44519
44373
44306
44300
44258
44233
44225
44204
44184
44174
44091
43974
43956
43916
43904
43859
43843
43833
43750
43741
43740
43730
43552
43471
43312
43306
43300
43293
43279
43181
43157
43017
42948
42883
42774
42766
42725
42631
42506
42315
42224
42180
42173
42153
42151
42150
42119
42091
42067
42065
41936
41927
41927
41830
41803
41796
41728
41651
41554
41543
41425
41416
41317
41301
41291
41275
41268
41188
41146
41143
41139
41080
41038
41033
40807
40799
40686
40624
40610
40477
40477
40457
40456
40453
40381
40379
40365
40339
40230
40216
40161
40079
40044
39975
39962
39939
39931
39931
39926
39845
39835
39832
39760
39744
39653
39650
39607
39591
39582
39532
39498
39460
39393
39349
39231
39130
39076
39058
39041
38908
38882
38851
38838
38760
38736
38708
38692
38563
38534
38354
38337
38273
38236
38204
38037
37987
37894
37854
37838
37786
37777
37769
37743
37702
37700
37610
37516
37488
37448
37395
37388
37354
37300
37298
37245
37163
37146
37072
36994
36885
36842
36802
36686
36671
36656
36649
36626
36572
36450
36359
36348
36347
36297
36207
36188
35990
35987
35890
35841
35786
35756
35670
35649
35584
35555
35550
35506
35450
35443
35404
35401
35303
35271
35244
35197
35149
35068
35045
35030
34976
34949
34947
34905
34888
34879
34858
34845
34643
34547
34513
34492
34472
34288
34284
34245
34169
34162
34149
34096
34070
34006
33879
33862
33821
33821
33747
33746
33678
33642
33569
33569
33514
33511
33430
33305
33291
33278
33202
33142
33078
33051
32991
32941
32908
32905
32849
32804
32773
32760
32737
32732
32699
32583
32580
32531
32435
32428
32389
32332
32328
32221
32116
32114
32048
32042
31996
31984
31980
31964
31957
31928
31861
31810
31663
31657
31618
31575
31541
31500
31438
31405
31389
31325
31291
31247
31218
31155
31153
31142
31097
31053
30930
30887
30811
30743
30733
30650
30572
30529
30523
30511
30500
30485
30355
30310
30283
30271
30231
30170
30098
30021
29782
29778
29629
29623
29620
29619
29619
29603
29489
29318
29259
29243
29200
29135
29076
29014
29003
28993
28958
28941
28934
28894
28871
28814
28773
28732
28705
28676
28628
28444
28239
28225
28192
28188
28167
28157
28083
28071
27931
27925
27888
27880
27843
27772
27717
27689
27662
27599
27562
27408
27350
27270
27256
27092
27077
27064
27020
27010
26991
26988
26969
26945
26939
26858
26842
26725
26717
26665
26616
26599
26551
26500
26414
26355
26342
26319
26315
26150
26078
25969
25819
25729
25583
25583
25547
25356
25320
25273
25271
25218
25216
25109
25100
25041
24991
24936
24914
24900
24786
24728
24617
24556
24505
24452
24386
24381
24379
24371
24301
24270
24224
24188
24142
24116
24073
24071
24044
24012
23883
23814
23781
23779
23625
23570
23518
23518
23491
23404
23398
23256
23224
23184
23044
22925
22883
22878
22842
22813
22795
22756
22718
22617
22612
22604
22597
22556
22481
22279
22254
22230
22219
22173
22150
22067
21983
21953
21886
21856
21844
21793
21726
21702
21686
21668
21651
21632
21532
21503
21428
21416
21386
21377
21309
21139
21137
21126
21078
21041
21008
20991
20971
20817
20791
20766
20591
20511
20427
20421
20392
20385
20343
20321
20314
20302
20257
20181
20175
20149
20066
20036
19957
19760
19675
19642
19566
19455
19421
19418
19404
19395
19352
19230
19209
19145
19135
19115
19113
19079
19033
19024
19024
18996
18977
18908
18898
18837
18747
18689
18686
18611
18564
18558
18544
18485
18475
18422
18275
18247
18230
18214
18136
17970
17960
17889
17837
17827
17780
17745
17640
17587
17583
17564
17507
17481
17432
17429
17393
17356
17267
17209
17178
17096
17092
17087
17055
17015
16981
16956
16929
16866
16843
16796
16784
16752
16622
16355
16313
16116
15884
15847
15796
15780
15759
15758
15743
15687
15602
15423
15415
15358
15345
15328
15244
15174
15120
15038
14935
14882
14803
14790
14697
14524
14520
14435
14435
14371
14364
14264
14255
14250
14075
14067
13996
13993
13911
13907
13861
13806
13806
13745
13719
13641
13591
13554
13509
13498
13477
13454
13402
13345
13323
13126
13113
13068
13032
12974
12956
12903
12895
12821
12715
12679
12628
12597
12546
12531
12396
12188
12179
12158
12057
11986
11960
11950
11932
11780
11776
11705
11667
11659
11654
11649
11579
11527
11482
11474
11373
11303
11269
11238
11227
11125
11008
10994
10942
10928
10770
10699
10689
10678
10659
10591
10529
10524
10321
10319
10193
10170
10123
10011
9912
9857
9782
9743
9725
9715
9658
9579
9410
9387
9364
9235
8928
8819
8754
8566
8521
8466
8437
8417
8245
8172
8161
8128
7957
7937
7914
7907
7679
7662
7659
7546
7481
7435
7422
7413
7308
7306
7239
7099
6978
6917
6909
6898
6894
6885
6773
6744
6685
6654
6639
6623
6461
6422
6349
6325
6268
6180
6056
6054
6050
5983
5963
5757
5719
5696
5686
5623
5581
5483
5441
5436
5405
5346
5323
5317
5211
5188
5086
5073
4984
4908
4880
4862
4817
4662
4642
4600
4583
4515
4479
4403
4286
4284
4113
4098
4033
3917
3911
3903
3842
3814
3802
3800
3732
3702
3646
3644
3479
3475
3325
3209
3123
3109
3041
3004
2777
2704
2645
2532
2510
2494
2478
2460
2442
2391
2361
2105
2078
2055
2019
1913
1911
1859
1615
1373
1344
1309
1266
1136
1096
1029
1007
905
851
851
735
724
709
608
603
571
569
516
501
460
401
383
337
256
212
183
116
75
4
