99982
99917
99911
99900
99853
99845
99806
99751
99617
99581
99574
99392
99382
99366
99358
99345
99278
99236
99225
99173
99025
98940
98887
98861
98860
98721
98640
98411
98382
98360
98313
98286
98193
98155
98077
98020
98006
97928
97917
97863
97729
97713
97531
97512
97481
97455
97390
97363
97327
97305
97253
97144
97109
97098
97075
97017
96954
96886
96875
96860
96824
96785
96710
96682
96521
96445
96287
96286
96271
96246
96221
96197
96178
95986
95936
95906
95896
95885
95791
95788
95737
95720
95611
95600
95567
95526
95517
95461
95379
95378
95212
95207
95173
95145
95136
95096
95085
95053
95001
94997
94972
94945
94919
94843
94819
94737
94730
94675
94664
94625
94582
94543
94444
94368
94331
94247
94205
94176
94118
94058
94058
94014
94013
94012
93884
93821
93818
93783
93765
93699
93678
93622
93519
93402
93374
93287
93143
93107
93074
92896
92715
92710
92553
92526
92414
92413
92386
92320
92315
92106
92046
92012
91808
91651
91594
91538
91442
91404
91359
91321
91294
91229
91102
91087
91055
91033
90866
90849
90828
90826
90790
90750
90671
90568
90525
90308
90295
90223
90200
90197
90196
90140
90102
90058
90006
89963
89885
89862
89852
89823
89793
89749
89742
89650
89646
89595
89530
89503
89416
89416
89408
89382
89275
89261
89084
89019
89004
88953
88887
88875
88765
88629
88625
88498
88458
88289
88222
88199
88152
88098
88046
88033
88022
87980
87926
87921
87872
87824
87774
87662
87652
87643
87549
87519
87465
87464
87396
87344
87341
87332
87306
87286
87204
87175
87152
87145
87106
87062
87056
86989
86947
86915
86897
86872
86821
86811
86671
86634
86545
86534
86494
86443
86321
86316
86304
86163
86066
86002
85852
85839
85756
85653
85511
85498
85496
85447
85368
85292
85271
85267
85171
85056
85002
84973
84960
84911
84881
84821
84692
84596
84585
84526
84525
84504
84405
84387
84382
84379
84332
84248
84235
84174
84141
84134
84096
84071
83839
83744
83700
83675
83607
83593
83544
83444
83421
83376
83310
83269
83269
83238
83120
83106
83076
83041
82971
82931
82739
82707
82610
82588
82479
82430
82366
82363
82259
82246
82223
82075
82055
81981
81966
81923
81825
81743
81685
81650
81562
81554
81461
81327
81275
81269
81225
81216
81102
81059
81027
80957
80944
80863
80832
80793
80779
80727
80702
80651
80547
80522
80495
80475
80456
80433
80317
80171
80045
80031
80024
79981
79848
79842
79799
79777
79705
79641
79606
79605
79578
79539
79463
79439
79360
79323
79316
79313
79285
79274
79257
79253
79035
79014
78960
78926
78914
78906
78736
78703
78689
78665
78641
78624
78558
78539
78511
78501
78470
78446
78368
78335
78289
78275
78109
78109
78096
78095
78089
77981
77977
77977
77934
77923
77884
77876
77733
77695
77692
77671
77627
77502
77457
77399
77394
77393
77372
77364
77244
77216
77136
77111
77057
77022
76922
76815
76691
76586
76562
76547
76495
76489
76437
76437
76321
76305
76246
76109
76096
75976
75830
75734
75626
75575
75552
75534
75502
75488
75451
75427
75405
75233
75127
75059
74885
74847
74754
74701
74646
74601
74561
74558
74524
74509
74478
74382
74364
74341
74281
74273
74252
74248
74163
74122
74119
74106
74089
74084
73981
73924
73873
73848
73821
73737
73702
73501
73455
73369
73230
73209
73180
73072
73016
72922
72761
72726
72724
72712
72652
72602
72527
72518
72498
72377
72307
72294
72224
72214
72201
72188
72011
72001
71924
71765
71700
71593
71548
71496
71401
71393
71369
71314
71304
71282
71278
71232
71229
71158
71102
71097
71088
71087
70977
70962
70932
70905
70844
70837
70726
70684
70681
70668
70580
70396
70335
70265
70207
70190
70190
70133
69957
69909
69905
69822
69744
69535
69502
69481
69437
69423
69358
69356
69339
69238
69170
69122
69023
69011
68960
68898
68860
68824
68807
68803
68727
68711
68674
68623
68534
68311
68257
68235
68202
68156
68105
68057
68025
67948
67786
67759
67590
67520
67499
67286
67286
67240
67144
67118
67077
66989
66845
66730
66672
66644
66621
66451
66374
66367
66361
66357
66355
66179
66160
66157
66120
66062
65899
65843
65733
65731
65722
65686
65657
65554
65526
65516
65473
65448
65389
65353
65296
65210
65166
65159
65085
64928
64867
64750
64737
64720
64712
64695
64645
64620
64583
64540
64506
64505
64440
64439
64353
64317
64286
64284
64266
64264
64233
64228
64161
64149
64090
64046
63951
63882
63873
63854
63823
63798
63668
63636
63629
63627
63621
63566
63554
63554
63540
63515
63469
63380
63344
63293
63286
63279
63237
63216
63197
63165
63159
63123
63105
63083
63082
63010
62974
62958
62957
62933
62823
62809
62765
62746
62685
62624
62495
62464
62444
62434
62407
62359
62310
62289
62255
62254
62243
62242
62226
62189
62120
62098
62062
61975
61878
61860
61797
61721
61631
61618
61556
61473
61426
61350
61335
61217
61089
61061
61034
60996
60965
60956
60899
60896
60775
60679
60606
60587
60578
60534
60445
60444
60437
60431
60408
60387
60349
60310
60294
60271
60256
60233
60085
59940
59875
59806
59744
59680
59668
59473
59340
59311
59101
59037
59033
58980
58969
58943
58876
58840
58839
58768
58749
58683
58672
58584
58568
58558
58491
58471
58435
58366
58338
58328
58283
58182
58120
58118
58115
58056
58040
57929
57924
57898
57724
57679
57580
57560
57456
57442
57404
57402
57360
57348
57283
57232
57156
57147
57141
57095
57070
57009
56996
56953
56952
56932
56900
56739
56719
56713
56693
56661
56646
56640
56494
56475
56324
56195
56181
56115
56106
56071
55971
55968
55906
55839
55837
55815
55771
55741
55709
55692
55574
55423
55388
55376
55352
55240
55230
55206
55082
55058
54989
54789
54784
54753
54703
54561
54559
54555
54540
54520
54506
54469
54448
54441
54435
54418
54375
54353
54292
54262
54180
54135
54000
53958
53920
53871
53801
53714
53612
53596
53581
53580
53562
53507
53473
53460
53449
53428
53395
53342
53296
53148
53077
53074
53028
52935
52882
52750
52748
52723
52641
52548
52432
52260
52212
52181
52180
52030
52016
51959
51922
51908
51897
51840
51739
51607
51571
51558
51528
51522
51432
51360
51331
51249
51188
51166
51165
51113
51098
51050
50985
50980
50900
50890
50875
50735
50663
50586
50555
50485
50471
50460
50436
50407
50406
50367
50366
50268
50265
50255
50251
50153
50139
50091
50090
49992
49989
49937
49931
49889
49841
49817
49760
49750
49746
49653
49583
49580
49528
49496
49473
49312
49244
49241
49193
49181
49141
48958
48867
48866
48850
48817
48796
48712
48711
48648
48639
48638
48625
48521
48459
48442
48433
48390
48278
48214
47907
47893
47886
47852
47799
47731
47722
47712
47599
47555
47498
47442
47413
47337
47307
47284
47272
47194
47156
47137
47111
47097
47060
46973
46929
46905
46707
46685
46677
46548
46484
46444
46323
46301
46185
46178
46133
46075
46065
45996
45974
45932
45902
45870
45812
45688
45516
45490
45456
45432
45281
45229
45149
45100
45042
45040
45038
44987
44825
44812
44801
44768
44768
44740
44670
44658
44627
44534
44509
44472
44209
44199
44197
44120
44093
44017
44012
44006
43946
43937
43918
43863
43855
43818
43759
43757
43643
43552
43414
43356
43356
43298
43225
43156
42950
42857
42839
42780
42722
42719
42671
42666
42632
42593
42545
42537
42508
42329
42257
42230
42162
42142
41885
41856
41844
41839
41776
41635
41623
41585
41518
41429
41414
41391
41314
41294
41269
41261
41254
41209
41195
41183
41176
41141
41040
40997
40981
40965
40951
40887
40824
40685
40589
40533
40436
40436
40420
40413
40348
40235
40203
40179
40158
40152
40143
40065
40056
39930
39911
39904
39903
39890
39831
39820
39785
39620
39597
39593
39584
39532
39524
39507
39488
39407
39391
39319
39299
39240
39223
39167
39089
39086
39060
38995
38993
38914
38806
38788
38762
38729
38632
38584
38502
38479
38454
38333
38257
38211
38179
38163
38123
38109
38104
38060
38040
37928
37904
37897
37893
37864
37766
37758
37479
37441
37375
37296
37164
37136
37074
36911
36824
36817
36808
36801
36756
36750
36725
36640
36599
36560
36510
36468
36452
36408
36216
36201
36163
36155
36128
36025
36009
36001
35983
35982
35941
35923
35851
35825
35815
35784
35768
35751
35733
35519
35488
35438
35321
35209
35182
35128
35098
35046
35023
35000
34989
34978
34857
34844
34843
34828
34660
34643
34628
34624
34459
34412
34404
34361
34328
34312
34267
34252
34181
34135
34123
34084
34075
33981
33950
33823
33793
33752
33689
33563
33496
33487
33460
33379
33370
33361
33344
33234
33130
33085
33046
33043
33021
33014
32997
32925
32892
32841
32689
32588
32578
32542
32537
32482
32476
32475
32454
32423
32416
32340
32283
32117
32097
32049
31998
31843
31764
31745
31659
31619
31592
31570
31509
31473
31468
31388
31318
31293
31211
31085
31084
31051
30959
30865
30842
30786
30712
30523
30470
30135
30055
30008
29915
29905
29885
29868
29693
29509
29507
29476
29442
29330
29328
29141
29132
29085
29069
29042
29010
28992
28980
28864
28791
28689
28688
28633
28580
28575
28531
28398
28301
28165
28104
28074
27999
27964
27944
27868
27803
27791
27737
27727
27723
27555
27466
27394
27375
27276
27259
27256
27249
27217
27163
27103
27039
26884
26867
26855
26837
26752
26717
26700
26485
26438
26412
26300
26152
25939
25932
25921
25896
25856
25820
25722
25661
25619
25553
25480
25475
25449
25436
25178
25155
25042
24927
24917
24904
24889
24846
24841
24809
24797
24713
24711
24683
24635
24628
24612
24565
24557
24507
24501
24493
24482
24458
24447
24417
24377
24374
24370
24353
24321
24319
24143
24103
24102
24089
24086
24086
24075
23998
23929
23899
23832
23729
23708
23678
23635
23604
23505
23467
23393
23327
23278
23261
23255
23213
23200
23127
23119
23092
23083
23067
22919
22884
22874
22845
22760
22706
22700
22690
22676
22617
22617
22567
22529
22500
22490
22434
22412
22397
22396
22368
22340
22122
22117
22113
22060
22037
22023
22011
21863
21828
21822
21765
21700
21648
21514
21505
21469
21459
21414
21350
21194
21168
21025
20926
20862
20820
20772
20624
20622
20502
20229
20221
20159
20131
20094
20064
20025
19990
19990
19856
19831
19805
19647
19596
19562
19515
19444
19333
19311
19230
19095
19028
18979
18846
18825
18798
18795
18755
18746
18721
18629
18623
18620
18571
18568
18476
18391
18366
18364
18312
18253
18121
18051
18044
18028
18026
17810
17745
17621
17588
17563
17529
17467
17464
17411
17401
17399
17333
17317
17283
17264
17231
17217
17143
17064
17026
17002
16956
16939
16817
16815
16808
16736
16643
16614
16592
16580
16579
16577
16566
16504
16443
16432
16424
16329
16283
16184
16174
16130
16098
16087
16057
16051
15985
15836
15835
15831
15724
15614
15607
15552
15539
15520
15519
15420
15409
15330
15266
15109
15037
15036
15021
15002
14963
14892
14743
14734
14712
14620
14581
14562
14517
14508
14465
14446
14430
14412
14397
14327
14292
14089
14048
13994
13871
13870
13828
13825
13819
13786
13758
13745
13686
13326
13276
13268
13196
13175
13127
13111
13099
13083
12960
12899
12890
12855
12806
12806
12792
12732
12731
12719
12701
12599
12586
12575
12570
12555
12432
12410
12326
12302
12175
12174
12135
12134
12117
11991
11990
11985
11883
11868
11851
11777
11774
11764
11717
11668
11451
11447
11445
11430
11378
11330
11259
11245
10915
10899
10878
10831
10797
10590
10544
10502
10381
10351
10324
10313
10292
10217
10169
10090
10024
9948
9923
9667
9656
9614
9597
9589
9546
9543
9454
9425
9424
9413
9271
9233
9186
9179
9173
9005
9002
8928
8896
8841
8804
8746
8734
8586
8581
8543
8491
8485
8449
8353
8343
8234
8186
8119
8109
8048
7988
7983
7947
7942
7868
7866
7841
7816
7711
7663
7596
7373
7199
7199
7166
7089
7082
7035
6938
6884
6752
6702
6654
6646
6640
6589
6511
6466
6418
6415
6415
6405
6324
6319
6272
6265
6223
6130
5962
5807
5804
5780
5691
5628
5585
5523
5517
5508
5439
5405
5379
5368
5288
5226
5195
5084
5082
5064
4867
4834
4813
4793
4784
4770
4734
4730
4706
4692
4564
4404
4354
4273
4265
4208
4163
4122
4097
4093
4061
4001
3950
3830
3715
3683
3674
3576
3570
3521
3489
3440
3412
3341
3304
3289
3273
3263
3121
3120
3114
3058
3051
3012
2996
2983
2927
2890
2778
2761
2727
2681
2658
2635
2580
2566
2554
2487
2486
2434
2377
2365
2341
2309
2238
2233
2225
2136
2099
2072
2029
1867
1835
1818
1735
1695
1680
1661
1630
1606
1569
1521
1487
1483
1456
1439
1433
1432
1399
1396
1272
1237
1185
1002
960
748
718
708
703
636
597
586
582
567
378
316
309
296
241
209
146
52
