99963
99942
99867
99823
99783
99742
99681
99654
99608
99600
99557
99491
99441
99389
99361
99351
99351
99188
99116
99018
98927
98842
98785
98735
98713
98692
98670
98669
98612
98581
98473
98447
98447
98342
98287
98264
98234
98196
98067
97846
97786
97747
97611
97562
97551
97457
97439
97429
97345
97265
97217
97191
97152
97064
97019
96993
96950
96916
96858
96847
96838
96771
96767
96668
96661
96536
96482
96351
96317
96293
96272
96265
96230
96200
96171
96163
96162
96148
96114
96050
95800
95799
95778
95740
95680
95609
95588
95583
95562
95455
95449
95424
95389
95385
95347
95338
95284
95217
95179
95178
95149
94957
94955
94916
94913
94905
94788
94770
94731
94727
94589
94575
94552
94447
94395
94260
94118
94101
94095
94088
94052
93998
93965
93931
93847
93830
93673
93595
93507
93381
93374
93296
93245
93241
93237
93207
93197
93109
93059
93055
92902
92820
92764
92745
92699
92647
92544
92528
92516
92438
92431
92404
92220
92178
92115
92108
92086
92059
91950
91885
91538
91457
91399
91354
91291
91222
91214
91206
91175
91139
91127
91070
91069
91056
91000
90992
90956
90949
90932
90900
90889
90876
90873
90671
90636
90606
90600
90576
90526
90420
90402
90385
90344
90320
90253
90231
90141
90130
90089
90005
89918
89895
89889
89857
89844
89814
89801
89689
89680
89500
89330
89271
89195
89191
89130
89096
89059
88978
88934
88922
88916
88913
88891
88852
88810
88779
88775
88601
88537
88449
88409
88394
88340
88317
88271
88256
88196
88176
88155
88106
88015
88004
87946
87771
87765
87644
87619
87616
87604
87541
87507
87421
87375
87319
87263
87250
87190
87111
87092
87083
87036
87018
87015
87003
87000
86959
86932
86899
86856
86841
86827
86785
86775
86757
86720
86718
86688
86632
86546
86462
86413
86402
86383
86252
86221
86127
86106
86021
85973
85968
85917
85844
85842
85758
85701
85630
85548
85534
85490
85417
85325
85260
85249
85166
84882
84851
84845
84836
84761
84732
84654
84606
84525
84389
84359
84261
84181
84178
84073
83996
83964
83914
83907
83897
83873
83824
83811
83774
83680
83680
83669
83664
83498
83484
83478
83448
83302
83275
83194
83085
83074
83036
82990
82948
82930
82909
82890
82886
82813
82755
82728
82675
82658
82581
82489
82479
82428
82367
82320
82317
82306
82188
82165
82162
82071
82054
82049
81935
81935
81924
81816
81771
81752
81688
81604
81564
81553
81546
81453
81436
81317
81310
81305
81262
81168
81028
81024
80972
80941
80898
80819
80813
80722
80660
80650
80636
80578
80274
80217
80186
80178
80165
80115
80080
80070
79971
79942
79936
79918
79912
79906
79902
79855
79824
79730
79669
79647
79597
79557
79532
79489
79430
79405
79384
79383
79361
79275
79252
79155
79013
78968
78962
78941
78897
78841
78773
78737
78688
78523
78439
78433
78351
78236
78122
78115
78110
78065
77970
77956
77922
77909
77880
77794
77782
77779
77707
77695
77517
77516
77515
77424
77397
77349
77347
77277
77195
77052
77045
76986
76981
76943
76891
76815
76785
76762
76760
76742
76712
76691
76678
76651
76649
76633
76532
76481
76402
76384
76303
76272
76260
76255
76200
76066
76057
75950
75945
75816
75797
75774
75722
75710
75690
75422
75405
75339
75208
75166
75110
75103
75093
75042
74998
74926
74809
74802
74632
74623
74537
74514
74405
74383
74344
74316
74304
74301
74197
74163
74124
74097
74042
73960
73937
73850
73846
73839
73826
73809
73779
73615
73615
73607
73440
73436
73435
73370
73349
73254
73227
73104
73095
73069
73004
72994
72894
72778
72763
72657
72604
72544
72509
72494
72466
72296
72211
72184
72123
72113
71907
71875
71723
71703
71665
71556
71517
71476
71443
71434
71364
71322
71222
71206
71176
70957
70855
70850
70617
70579
70526
70237
70230
70197
70124
70100
70064
70053
70018
69907
69872
69800
69735
69498
69438
69432
69420
69414
69412
69412
69375
69353
69328
69260
69105
69096
68967
68885
68569
68545
68535
68524
68469
68459
68379
68270
68236
68236
68200
68190
68103
68078
67985
67961
67726
67694
67631
67620
67607
67553
67538
67526
67465
67408
67257
67240
67227
67208
67171
67156
67145
67104
66899
66885
66557
66365
66269
66236
66207
66196
66196
66177
66068
65946
65937
65926
65918
65878
65764
65705
65631
65603
65596
65591
65417
65403
65397
65396
65274
65226
65171
65132
65104
64770
64689
64631
64565
64550
64523
64509
64469
64416
64411
64361
64328
64319
64189
64107
64045
64020
64001
63944
63942
63838
63814
63781
63735
63728
63648
63555
63475
63469
63288
63270
63225
63211
63193
63134
63101
63085
63026
63005
62984
62965
62892
62791
62770
62725
62710
62664
62580
62547
62535
62492
62435
62426
62398
62390
62384
62346
62322
62321
62295
62290
62248
62232
62152
62141
62078
62059
62049
61949
61933
61895
61887
61887
61881
61863
61816
61791
61704
61686
61684
61513
61467
61393
61350
61329
61310
61271
61200
61106
61061
61044
60969
60961
60957
60822
60810
60787
60746
60739
60679
60638
60575
60536
60491
60254
60251
60212
60201
60195
59928
59844
59807
59806
59779
59740
59716
59571
59569
59518
59508
59354
59279
59181
59155
59133
59127
59106
59063
59031
58964
58792
58771
58704
58643
58630
58599
58527
58407
58352
58297
58296
58212
58211
58204
58203
58171
58135
58114
58096
58067
57971
57907
57863
57832
57783
57657
57505
57473
57446
57429
57288
57274
57274
57184
57145
57144
57135
57114
57092
57092
56800
56766
56759
56718
56584
56502
56489
56461
56337
56306
56288
56196
56186
56161
56148
55990
55860
55831
55698
55682
55679
55588
55574
55433
55426
55348
55329
55279
55246
55203
55116
55074
54895
54809
54693
54680
54495
54458
54370
54359
54345
54228
54181
54104
53976
53937
53902
53875
53820
53788
53759
53752
53734
53689
53670
53601
53580
53576
53474
53387
53369
53361
53331
53322
53204
53189
53173
53166
53068
53063
53040
53038
53009
52990
52900
52891
52863
52859
52841
52841
52815
52814
52796
52758
52738
52733
52692
52419
52384
52367
52246
52220
52172
52140
52134
52072
52018
51972
51946
51901
51849
51795
51746
51735
51656
51642
51554
51545
51468
51337
51289
51275
51192
51181
51180
51163
51117
51107
51087
50966
50898
50885
50850
50781
50648
50646
50593
50575
50564
50471
50453
50409
50405
50331
50244
50229
50213
50190
50167
50079
50036
50017
50007
49883
49880
49861
49843
49831
49816
49779
49746
49718
49601
49576
49509
49504
49434
49405
49369
49331
49316
49171
49157
49155
49152
49090
49083
48934
48916
48905
48857
48754
48633
48613
48532
48472
48448
48374
48342
48293
48270
48262
48262
48248
48235
48218
48180
48057
48055
48042
47971
47969
47939
47767
47752
47744
47728
47693
47591
47509
47470
47458
47449
47381
47375
47364
47194
47164
47148
47143
47075
47004
46993
46956
46937
46768
46736
46651
46633
46461
46426
46339
46330
46176
46095
46002
45976
45921
45812
45773
45725
45659
45485
45463
45391
45386
45339
45169
45166
45164
44896
44869
44848
44785
44771
44743
44737
44387
44274
44262
44165
44158
44038
43922
43891
43860
43804
43749
43722
43607
43559
43460
43451
43437
43373
43312
43308
43253
43043
42978
42969
42960
42949
42909
42727
42707
42687
42685
42649
42640
42619
42560
42557
42557
42551
42520
42450
42428
42423
42411
42403
42314
42087
42062
42043
42043
42003
41894
41863
41830
41781
41740
41723
41693
41684
41679
41643
41504
41298
41285
41011
40939
40936
40844
40795
40770
40768
40745
40721
40627
40575
40564
40557
40529
40491
40480
40452
40328
40323
40309
40172
40160
40051
40036
40014
39994
39970
39925
39803
39686
39653
39643
39637
39581
39574
39543
39538
39534
39511
39453
39448
39356
39256
39210
39209
39208
39207
39094
39021
39006
38956
38932
38923
38918
38893
38885
38877
38873
38736
38735
38733
38712
38683
38655
38618
38609
38598
38593
38533
38512
38507
38505
38485
38433
38433
38330
38281
38270
38213
38185
38163
38125
37996
37969
37933
37663
37659
37636
37462
37457
37400
37312
37290
37138
37138
37106
37090
37068
37065
37045
37021
36932
36791
36761
36696
36671
36616
36579
36555
36526
36482
36478
36476
36458
36425
36407
36359
36265
36256
36203
36191
36186
36034
35989
35899
35870
35862
35856
35805
35715
35612
35493
35488
35477
35407
35321
35302
35283
35276
35256
35249
35135
35103
35082
34950
34941
34926
34886
34884
34834
34822
34764
34634
34551
34546
34518
34476
34462
34447
34385
34378
34355
34340
34276
34146
34097
34060
33964
33947
33860
33855
33724
33702
33584
33551
33523
33521
33455
33425
33395
33365
33296
33264
33259
33220
33187
33148
32988
32948
32909
32900
32754
32743
32709
32660
32555
32388
32374
32251
32221
32205
32168
32135
32119
31719
31650
31584
31549
31451
31353
31332
31280
31192
31156
31145
31081
31056
31049
30934
30858
30784
30771
30744
30723
30668
30655
30650
30636
30520
30475
30325
30247
30232
30078
30034
29980
29801
29711
29694
29669
29659
29626
29521
29517
29437
29381
29357
29328
29295
29188
29164
29155
29107
29075
29014
28854
28796
28796
28712
28644
28616
28581
28579
28547
28536
28378
28366
28355
28210
28098
28097
28062
27936
27929
27746
27724
27698
27693
27566
27536
27419
27419
27377
27376
27352
27246
27166
27043
26987
26940
26928
26910
26904
26879
26770
26768
26750
26711
26703
26691
26602
26557
26374
26357
26352
26345
26333
26157
26115
26080
25933
25914
25905
25893
25798
25796
25789
25621
25581
25547
25369
25308
25208
25185
25145
25132
25121
25107
25049
25034
25032
24950
24851
24789
24710
24686
24670
24575
24553
24495
24452
24436
24354
24348
24243
24210
24169
24137
24134
24055
24051
23943
23941
23926
23906
23803
23773
23698
23614
23597
23493
23450
23421
23396
23389
23321
23265
23162
23122
23097
23096
23075
23035
23021
22925
22918
22868
22813
22808
22799
22748
22640
22595
22577
22420
22399
22386
22348
22309
22259
22168
22009
21950
21926
21873
21803
21717
21675
21640
21616
21610
21609
21506
21489
21481
21448
21410
21297
21184
21137
21133
21109
21107
21028
20967
20826
20821
20777
20769
20645
20614
20454
20429
20389
20376
20299
20256
20231
20195
20133
19990
19976
19876
19843
19705
19618
19599
19578
19545
19509
19489
19458
19381
19322
19216
19194
19133
18884
18816
18736
18684
18587
18439
18356
18356
18339
18268
18225
18198
18160
18114
18048
17930
17861
17842
17816
17802
17799
17776
17738
17671
17658
17615
17589
17497
17496
17271
17250
17180
17180
16992
16967
16922
16858
16806
16731
16718
16686
16678
16629
16560
16555
16529
16500
16489
16255
16206
16205
16191
16075
16066
16035
16010
15987
15975
15942
15928
15896
15889
15869
15800
15794
15727
15717
15631
15618
15585
15565
15558
15549
15429
15414
15412
15249
15221
15194
15137
15136
15131
15055
14994
14973
14941
14916
14881
14870
14865
14822
14768
14723
14627
14555
14528
14511
14496
14296
14254
14207
14196
14193
14186
14175
14133
14105
14049
14033
14023
13978
13874
13789
13782
13753
13748
13740
13689
13645
13605
13591
13460
13368
13332
13314
13277
13243
13243
13227
13148
12990
12985
12772
12751
12715
12650
12623
12580
12568
12480
12363
12303
12071
12062
12045
12006
11985
11978
11839
11797
11786
11748
11721
11549
11403
11397
11378
11324
11291
11236
11184
11138
11125
11109
11069
11035
11006
10955
10881
10831
10825
10765
10672
10670
10591
10565
10528
10227
10192
10180
10177
10145
10082
10033
10011
9979
9946
9918
9892
9879
9876
9820
9805
9774
9746
9713
9636
9612
9605
9541
9435
9391
9333
9312
9301
9265
9224
9222
9179
9176
9152
9122
9070
9010
8998
8961
8942
8809
8801
8715
8693
8608
8599
8586
8530
8524
8479
8471
8463
8441
8301
8251
8140
8109
8057
8001
7931
7911
7825
7773
7712
7692
7584
7570
7538
7432
7165
7106
7024
6925
6917
6856
6779
6777
6768
6713
6670
6567
6552
6539
6510
6499
6463
6352
6224
6164
6155
6002
5955
5926
5909
5828
5826
5763
5758
5731
5682
5612
5608
5597
5582
5555
5551
5501
5431
5356
5355
5322
5269
5210
5158
5093
5085
5033
4984
4971
4931
4924
4917
4890
4702
4681
4654
4644
4610
4608
4543
4487
4449
4403
4372
4311
4288
4275
4193
4163
4137
4023
4012
3998
3997
3978
3849
3790
3787
3664
3663
3560
3430
3430
3410
3340
3221
3175
3140
3121
3083
3028
3023
2962
2951
2772
2647
2635
2508
2503
2277
2175
2118
2050
2034
2014
1983
1936
1867
1821
1786
1778
1752
1740
1578
1422
1317
1266
1261
1239
1221
1179
1123
1091
1061
946
899
882
840
838
822
815
774
702
680
652
613
589
523
515
509
480
298
277
267
247
84
