99998
99950
99939
99909
99899
99862
99765
99736
99704
99671
99617
99587
99572
99545
99538
99532
99505
99435
99431
99344
99292
99119
98972
98945
98942
98768
98679
98537
98521
98446
98314
98233
98232
98211
98175
98172
98162
98090
98083
98055
98008
97955
97874
97770
97767
97739
97720
97634
97543
97521
97489
97456
97291
97250
97228
97180
97141
97097
97063
96988
96986
96979
96838
96751
96683
96634
96608
96514
96502
96446
96312
96288
96250
96187
96165
96153
96106
96053
95851
95798
95764
95761
95744
95653
95627
95616
95519
95519
95510
95497
95474
95379
95375
95356
95297
95280
95240
95237
95162
95154
95153
95102
95011
94895
94818
94772
94759
94546
94531
94507
94396
94392
94365
94334
94326
94279
94255
94249
94230
94122
94058
94036
94012
93884
93783
93754
93700
93679
93661
93616
93578
93559
93496
93488
93440
93395
93315
93274
93217
93209
93166
93138
93117
93063
93060
93040
92950
92900
92819
92785
92730
92691
92679
92668
92564
92401
92388
92254
92154
92145
92141
92093
92089
92019
91972
91910
91900
91860
91857
91741
91739
91722
91690
91665
91664
91644
91615
91530
91529
91474
91457
91392
91308
91282
91154
91152
91069
91015
90995
90938
90924
90892
90882
90763
90744
90735
90651
90650
90646
90513
90499
90491
90478
90413
90313
90309
90308
90219
90218
90115
90057
89987
89952
89950
89817
89769
89761
89675
89658
89655
89622
89544
89433
89361
89331
89250
89194
89098
89095
89055
89023
89019
89019
88993
88975
88954
88951
88944
88944
88895
88872
88850
88784
88728
88560
88535
88472
88437
88397
88361
88232
88145
88124
88052
88023
88018
87929
87928
87841
87808
87760
87707
87676
87655
87648
87628
87561
87450
87400
87303
87192
87143
87125
87110
87075
86761
86693
86534
86505
86469
86464
86445
86368
86322
86304
86245
86184
86144
86100
86071
86023
86000
85938
85867
85853
85849
85725
85597
85577
85464
85425
85361
85237
85214
85149
85146
85139
85116
85114
85069
84969
84948
84876
84828
84736
84677
84619
84602
84569
84551
84286
84274
84229
84217
84184
84092
84057
84033
84025
83972
83964
83895
83838
83747
83723
83715
83712
83681
83673
83658
83432
83429
83177
83096
83085
83072
83071
82973
82955
82875
82831
82769
82734
82727
82650
82643
82593
82593
82540
82518
82470
82444
82427
82397
82392
82268
82249
82214
82172
82129
82085
82034
82005
81893
81852
81629
81629
81462
81406
81402
81354
81328
81243
81237
81215
81174
81073
81064
80995
80964
80900
80879
80868
80725
80653
80633
80594
80498
80462
80375
80301
80283
80263
80092
80020
80015
79792
79790
79718
79621
79347
79309
79207
79191
79168
79140
79135
79106
79097
79056
79056
79018
79008
78970
78932
78754
78704
78656
78653
78511
78464
78422
78386
78324
78250
78248
78247
78215
78150
78138
78079
78067
78015
77991
77974
77901
77865
77777
77772
77668
77637
77635
77601
77586
77548
77494
77434
77415
77393
77371
77357
77338
77255
77251
77226
77202
77167
77126
77101
77054
77041
76995
76879
76834
76730
76585
76540
76520
76412
76380
76242
76236
76179
76110
76082
76038
76037
76022
75994
75947
75944
75840
75803
75732
75714
75647
75619
75615
75512
75503
75465
75435
75399
75377
75366
75366
75314
75288
75277
75186
75101
75094
75073
75045
75044
75040
75039
75026
75002
74982
74871
74865
74836
74657
74649
74505
74446
74425
74377
74297
74143
74139
74117
74107
74086
74007
73903
73866
73828
73723
73700
73685
73665
73636
73615
73602
73543
73525
73431
73431
73372
73306
73176
73123
73112
73057
73052
73047
72966
72921
72878
72851
72848
72748
72404
72238
72210
72079
72024
71943
71886
71881
71869
71867
71862
71851
71773
71757
71743
71685
71655
71639
71635
71609
71602
71601
71561
71554
71545
71539
71515
71457
71316
71304
71296
71291
71278
71189
71183
71163
71124
71119
71035
71009
71001
70959
70871
70848
70762
70745
70692
70647
70646
70624
70526
70464
70431
70418
70292
70240
70176
70169
70164
70133
70127
70126
70088
70048
70011
70009
69995
69987
69913
69882
69859
69855
69830
69805
69799
69791
69682
69654
69594
69587
69541
69524
69489
69452
69366
69351
69332
69294
69247
69096
69071
69044
69028
68999
68983
68979
68913
68898
68890
68846
68625
68596
68584
68571
68553
68520
68512
68439
68400
68394
68390
68373
68296
68231
68183
68144
68104
68100
67984
67939
67930
67807
67706
67581
67575
67461
67424
67407
67366
67349
67335
67320
67272
67144
67138
67109
67084
67075
67050
67034
67032
67025
66925
66915
66905
66903
66884
66855
66853
66831
66784
66712
66680
66605
66587
66546
66486
66346
66318
65949
65900
65867
65807
65788
65768
65766
65719
65673
65639
65582
65559
65533
65498
65485
65425
65250
65239
65209
65121
65068
64978
64903
64854
64828
64823
64798
64753
64724
64689
64626
64577
64472
64419
64367
64293
64207
64197
64052
64039
64031
64008
63993
63985
63972
63961
63868
63829
63807
63771
63731
63674
63644
63548
63535
63510
63353
63323
63287
63243
63198
63158
63131
63127
63116
63078
63060
63036
62924
62921
62899
62746
62710
62660
62659
62609
62596
62553
62547
62421
62333
62271
62155
62144
62117
62071
62037
62033
61882
61599
61597
61595
61583
61566
61490
61242
61136
61120
61114
61081
60980
60979
60889
60789
60779
60701
60699
60585
60562
60561
60462
60456
60435
60396
60391
60329
60325
60260
60142
60062
59918
59850
59767
59755
59745
59724
59709
59706
59637
59626
59624
59589
59388
59359
59280
59215
59190
59181
59177
59166
59153
59139
59101
59098
59089
58985
58969
58908
58906
58894
58871
58709
58672
58631
58556
58535
58476
58429
58401
58215
58148
58148
58144
58136
58124
58105
58084
58070
58020
58017
57883
57869
57842
57817
57806
57773
57761
57751
57706
57613
57601
57539
57475
57461
57363
57351
57162
57117
57116
57095
57076
57056
56969
56906
56893
56879
56867
56841
56721
56694
56680
56641
56613
56606
56453
56346
56344
56313
56291
56270
56238
56224
56201
56189
56140
56130
56066
56043
55881
55859
55834
55811
55735
55655
55641
55633
55593
55509
55461
55356
55355
55331
55264
55217
55202
55183
55171
55165
55041
55027
54901
54901
54751
54694
54568
54508
54498
54486
54479
54315
54281
54265
54186
54129
54117
54098
54021
53982
53982
53967
53941
53895
53845
53788
53773
53770
53756
53752
53595
53560
53521
53520
53487
53464
53446
53431
53310
53304
53255
53220
53142
53061
53003
52983
52865
52863
52716
52711
52660
52597
52539
52478
52473
52473
52454
52436
52401
52391
52350
52349
52326
52286
52218
52206
52138
52132
52106
51830
51786
51768
51749
51589
51584
51453
51425
51364
51362
51286
51128
51058
51005
50956
50936
50829
50826
50775
50711
50694
50679
50608
50599
50589
50500
50465
50398
50385
50115
50019
49937
49706
49702
49670
49621
49586
49583
49470
49319
49277
49272
49248
49235
49112
48990
48926
48852
48690
48658
48598
48564
48522
48375
48297
48095
48066
48052
48047
47965
47922
47881
47819
47795
47681
47595
47580
47549
47533
47490
47432
47355
47077
47070
46939
46799
46774
46773
46763
46734
46637
46580
46479
46476
46461
46442
46399
46294
46246
46244
46210
46174
46125
46112
46100
46071
46049
46018
46002
45999
45934
45927
45911
45879
45839
45757
45740
45731
45726
45711
45591
45465
45449
45384
45349
45164
45007
44993
44892
44879
44766
44618
44579
44577
44424
44411
44357
44284
44216
44207
44176
44152
44082
44081
44032
43984
43981
43949
43936
43907
43783
43742
43671
43670
43608
43602
43477
43472
43369
43364
43281
43265
43179
43163
43108
43097
43069
43066
42908
42877
42809
42784
42770
42732
42664
42521
42471
42448
42288
42276
42239
42155
42062
42005
41961
41872
41832
41762
41748
41483
41408
41403
41316
41308
41282
41184
41053
41044
41021
40942
40813
40809
40746
40741
40653
40576
40544
40397
40336
40326
40295
40293
40213
40126
40072
40037
39962
39923
39920
39622
39586
39507
39502
39497
39298
39284
39246
39207
39167
39150
39139
39125
38792
38662
38557
38491
38467
38419
38413
38400
38372
38269
38186
38118
38061
37916
37902
37867
37856
37836
37797
37734
37713
37692
37621
37567
37540
37503
37465
37427
37241
37178
37127
37061
37023
37013
36963
36955
36905
36885
36814
36705
36688
36669
36599
36402
36287
36247
36226
36219
36177
36007
35984
35946
35908
35898
35896
35882
35848
35825
35784
35679
35658
35626
35600
35482
35463
35442
35437
35413
35339
35302
35243
35227
35213
35174
35108
35043
35019
34960
34847
34767
34756
34750
34715
34615
34606
34585
34577
34506
34432
34407
34382
34342
34259
34251
34248
34224
34098
34074
33984
33937
33918
33789
33752
33709
33690
33631
33605
33432
33303
33257
33246
33232
33189
33185
33185
33173
33159
33137
33105
33072
33048
33036
33003
32996
32972
32971
32943
32907
32895
32845
32790
32745
32680
32661
32570
32527
32516
32506
32436
32372
32352
32296
32276
32238
32181
32167
32080
31996
31986
31955
31953
31896
31891
31822
31797
31785
31759
31700
31671
31655
31605
31552
31536
31456
31436
31348
31271
31229
31208
31206
31176
31159
31142
31124
31007
30959
30831
30740
30733
30682
30530
30458
30356
30354
30265
30166
30116
30081
30007
29956
29883
29871
29869
29731
29610
29551
29537
29518
29512
29481
29384
29384
29348
29247
29194
29155
29086
29066
29052
29006
28885
28737
28728
28610
28572
28558
28496
28463
28441
28370
28253
28226
28186
28184
28165
28155
28049
28045
27929
27842
27749
27731
27674
27601
27571
27568
27536
27513
27495
27479
27107
26846
26729
26687
26575
26465
26251
26080
26079
26072
26055
26032
26014
26000
25983
25981
25946
25937
25830
25658
25606
25576
25565
25550
25549
25541
25422
25384
25280
25268
25266
25250
25234
25224
25186
25146
25131
25129
25049
25027
25012
24991
24975
24965
24890
24868
24805
24786
24738
24719
24491
24490
24480
24448
24365
24345
24303
24213
24211
24175
24153
24138
24113
24093
24061
24055
23964
23947
23935
23930
23809
23695
23616
23601
23567
23518
22952
22848
22832
22759
22757
22558
22545
22475
22452
22441
22388
22343
22214
22190
22173
22169
22167
22155
22133
22125
22002
21978
21954
21832
21714
21691
21683
21596
21476
21286
21110
21040
21026
20919
20906
20856
20824
20807
20790
20790
20743
20716
20690
20643
20608
20567
20523
20491
20463
20389
20385
20365
20351
20322
20282
20145
20141
20038
19973
19939
19914
19843
19821
19712
19704
19701
19669
19519
19510
19474
19471
19449
19333
19327
19287
19279
19204
19105
19081
19043
19013
19011
18923
18904
18877
18838
18769
18744
18742
18731
18668
18658
18640
18616
18582
18537
18498
18454
18395
18336
18303
18212
18188
18106
18084
17998
17948
17824
17810
17732
17696
17560
17488
17449
17426
17320
17307
17275
17244
17228
17170
17164
17150
17109
17026
16968
16879
16810
16791
16756
16748
16482
16470
16441
16409
16356
16260
16203
16203
16156
16110
16088
16049
16023
15989
15956
15952
15789
15772
15713
15691
15656
15619
15604
15562
15420
15316
15218
15128
15082
15074
15031
15019
15006
14952
14949
14836
14836
14697
14572
14450
14438
14357
14330
14327
14288
14195
14193
14149
14133
14025
13984
13982
13956
13899
13816
13814
13758
13653
13624
13493
13435
13400
13279
13209
13161
13045
13037
12987
12842
12828
12752
12688
12607
12581
12524
12512
12487
12457
12426
12408
12407
12404
12399
12362
12151
12135
11931
11847
11772
11711
11615
11560
11478
11467
11417
11416
11413
11283
11114
11065
10994
10957
10831
10785
10542
10252
10242
10166
10149
10029
9994
9845
9762
9689
9660
9572
9555
9535
9484
9470
9465
9456
9453
9408
9297
9284
9158
9113
8988
8965
8849
8806
8677
8676
8659
8655
8574
8546
8483
8466
8377
8346
8260
8245
8086
8069
8029
7944
7936
7886
7874
7852
7810
7684
7681
7640
7626
7583
7403
7324
7273
7257
7161
7052
7012
7011
7000
6995
6893
6871
6837
6814
6772
6690
6580
6500
6426
6397
6375
6319
6269
6094
6074
6072
6042
6021
6014
6009
5867
5818
5812
5794
5787
5782
5573
5402
5376
5319
5295
5190
5186
5147
5146
5073
5072
5043
5031
4810
4758
4710
4623
4605
4546
4502
4501
4450
4387
4351
4347
4343
4241
4210
4175
4161
4040
3955
3854
3806
3764
3732
3723
3705
3652
3552
3494
3443
3365
3063
3046
2945
2922
2918
2762
2762
2598
2579
2499
2458
2352
2300
2228
2226
2198
2104
2082
1940
1892
1880
1863
1833
1677
1593
1570
1551
1507
1486
1399
1385
1383
1358
1354
1322
1274
1263
1248
1237
1214
1205
1151
1079
1076
819
788
680
650
631
627
581
554
476
465
463
437
382
350
344
323
171
96
83
80
