99995
99762
99694
99637
99586
99547
99430
99386
99383
99275
99247
99241
99166
99055
99055
98951
98886
98876
98507
98497
98441
98417
98407
98382
98365
98295
98287
98282
98210
98167
98102
98089
98080
98035
97909
97843
97732
97699
97542
97488
97466
97409
97330
97189
97179
97162
97124
97028
97021
96996
96921
96903
96881
96693
96689
96580
96484
96458
96448
96430
96336
96301
96210
96198
96185
96175
95905
95830
95796
95621
95605
95597
95588
95422
95368
95361
95321
95314
95143
95117
95060
94881
94835
94781
94752
94665
94656
94613
94611
94549
94533
94514
94435
94392
94367
94345
94330
94323
94283
94162
94098
94043
94021
94001
93988
93923
93883
93836
93813
93741
93720
93673
93661
93646
93562
93541
93355
93339
93337
93300
93252
93216
93200
93173
93160
93012
92876
92846
92813
92795
92791
92784
92697
92650
92616
92611
92544
92512
92477
92469
92447
92300
92137
92128
92125
92055
92003
91950
91949
91922
91797
91789
91760
91723
91708
91685
91673
91625
91588
91540
91484
91478
91473
91426
91337
91286
91226
91219
91196
91180
91106
90924
90868
90829
90733
90620
90578
90574
90567
90534
90239
90219
90160
90155
90148
90136
90095
90078
90063
90060
90052
89996
89944
89502
89423
89419
89253
89196
89111
89075
89056
89038
89028
89018
88907
88896
88888
88867
88692
88565
88553
88521
88494
88280
88195
88192
88061
88049
87990
87923
87908
87886
87847
87765
87723
87705
87653
87631
87601
87572
87561
87532
87523
87468
87440
87354
87299
87277
87162
87161
87121
87036
86957
86910
86799
86632
86613
86600
86501
86485
86472
86458
86405
86375
86344
86333
86293
86235
86225
86216
85934
85934
85926
85918
85916
85861
85854
85820
85811
85782
85778
85725
85716
85647
85646
85512
85507
85484
85467
85371
85177
85174
85123
85106
84952
84927
84882
84839
84690
84475
84361
84340
84326
84322
84263
84242
84150
84141
84132
83989
83915
83797
83775
83713
83692
83575
83507
83485
83470
83359
83290
83185
83133
83130
83122
83061
82853
82844
82814
82605
82587
82493
82473
82459
82453
82370
82341
82335
82335
82319
82302
82191
82169
82162
81952
81827
81766
81757
81716
81571
81505
81475
81463
81449
81227
81226
81187
81094
80939
80875
80840
80831
80815
80780
80694
80685
80583
80503
80494
80254
80179
80104
80067
79982
79971
79941
79938
79906
79827
79781
79534
79504
79501
79497
79455
79417
79400
79399
79260
79191
79183
79102
79102
78999
78982
78895
78831
78652
78621
78578
78556
78460
78446
78430
78385
78362
78310
78302
78255
78254
78246
78092
78073
77909
77833
77659
77628
77616
77545
77495
77442
77360
77356
77342
77212
77165
77157
77114
77100
77092
77084
77073
77040
76947
76903
76881
76812
76804
76768
76743
76691
76590
76566
76540
76505
76492
76465
76457
76344
76267
76243
76241
76192
76170
76074
76070
75960
75793
75757
75756
75696
75460
75455
75391
75368
75291
75261
75216
75100
75063
75037
74934
74925
74856
74762
74756
74754
74710
74621
74475
74313
74301
74298
74255
74228
74225
74188
74118
74092
74021
73953
73948
73778
73725
73704
73669
73652
73650
73550
73544
73474
73435
73405
73237
73224
73192
73071
73044
73029
72944
72823
72813
72809
72770
72760
72748
72702
72689
72680
72653
72641
72530
72479
72468
72441
72441
72432
72399
72364
72342
72263
72256
72238
72234
72087
72073
72062
72056
72017
71925
71892
71871
71829
71782
71734
71695
71684
71681
71553
71523
71473
71472
71268
71190
71134
70987
70906
70876
70841
70817
70815
70765
70763
70729
70704
70669
70567
70523
70522
70518
70302
70217
70201
70151
70066
70034
69927
69819
69705
69675
69651
69646
69612
69568
69543
69530
69522
69466
69417
69323
69200
69166
69125
69077
69061
69031
68944
68928
68864
68848
68819
68813
68796
68777
68771
68756
68743
68662
68596
68595
68587
68448
68353
68321
68188
68166
68165
68149
68112
68090
68046
67800
67796
67748
67709
67666
67623
67522
67504
67498
67490
67472
67462
67426
67297
67275
67050
67018
66987
66847
66846
66778
66662
66639
66638
66617
66614
66605
66601
66583
66500
66498
66423
66358
66307
66250
66175
66129
66050
66045
66012
65851
65795
65783
65765
65684
65656
65630
65583
65581
65514
65477
65444
65311
65280
65278
65149
65141
65014
64959
64914
64908
64894
64766
64689
64649
64441
64439
64427
64349
64280
64270
64262
64242
64144
64105
64057
63985
63949
63912
63885
63882
63718
63711
63640
63580
63539
63520
63473
63468
63443
63396
63360
63308
63249
63227
63219
63177
63151
63137
62985
62981
62894
62886
62878
62848
62815
62794
62676
62620
62598
62585
62548
62511
62387
62352
62339
62230
62145
62110
62093
62067
61978
61960
61897
61788
61681
61568
61533
61521
61508
61494
61482
61439
61436
61399
61306
61250
61167
61142
61116
61115
61094
61048
60987
60929
60878
60816
60729
60642
60636
60618
60357
60284
60277
60249
60191
60119
60112
60086
60073
60037
60029
59811
59772
59709
59675
59659
59517
59468
59460
59426
59378
59372
59301
59250
59158
59154
59107
59090
59053
58934
58811
58740
58676
58672
58654
58597
58558
58498
58470
58415
58281
58274
58256
58201
58196
58179
58118
58113
57985
57945
57940
57877
57876
57847
57734
57721
57628
57599
57563
57450
57442
57362
57270
57147
57141
57129
57112
57094
57093
57070
57049
57006
56955
56916
56888
56817
56808
56801
56629
56513
56411
56323
56316
56300
56224
56223
56207
56198
56193
56123
56113
56057
55987
55974
55957
55897
55820
55789
55713
55661
55646
55620
55529
55467
55439
55353
55269
55260
55201
55127
55122
55094
55016
54939
54779
54604
54597
54583
54569
54561
54558
54557
54488
54455
54451
54434
54410
54401
54200
54194
54194
54130
54096
54059
54045
53984
53982
53938
53909
53867
53843
53619
53595
53586
53557
53546
53545
53461
53442
53400
53360
53295
53151
53149
52971
52923
52909
52906
52889
52847
52792
52669
52645
52628
52540
52526
52504
52486
52429
52325
52313
52291
52191
52124
52080
51993
51982
51855
51836
51821
51802
51785
51685
51546
51400
51395
51379
51328
51317
51228
51221
51160
51009
50946
50843
50637
50571
50509
50481
50464
50394
50345
50297
50230
50203
50166
50163
50134
50099
50055
50047
49966
49926
49898
49863
49812
49784
49758
49644
49581
49416
49378
49372
49333
49268
49191
49054
49000
48931
48906
48825
48821
48765
48720
48698
48678
48650
48627
48567
48529
48470
48379
48336
48226
48200
48160
48094
48077
47942
47936
47893
47881
47842
47788
47750
47637
47491
47443
47401
47382
47335
47251
47194
47177
47137
47043
46994
46946
46796
46739
46681
46490
46466
46424
46380
46292
46277
46136
46073
46020
46013
45978
45874
45872
45796
45704
45654
45637
45596
45538
45411
45275
45244
45237
45232
45229
45195
45152
45130
45093
45039
45023
45018
44979
44930
44892
44870
44817
44801
44721
44627
44579
44458
44442
44428
44333
44307
44296
44171
44041
44022
43927
43895
43887
43865
43841
43822
43699
43692
43644
43626
43620
43594
43400
43392
43365
43353
43294
43292
43242
43140
43116
43055
43050
42981
42887
42865
42826
42814
42726
42703
42688
42631
42613
42605
42453
42440
42422
42266
42223
42173
42139
42114
42062
42036
42014
41985
41959
41903
41867
41838
41828
41765
41729
41712
41703
41669
41652
41608
41575
41535
41493
41453
41342
41127
41105
41037
41007
40874
40806
40734
40677
40670
40663
40614
40511
40482
40476
40430
40420
40403
40105
39863
39792
39747
39684
39638
39611
39559
39519
39465
39459
39432
39397
39365
39294
39278
39227
39213
39121
39098
38972
38799
38715
38638
38632
38613
38478
38473
38409
38370
38360
38349
38341
38260
38258
38211
38142
38110
38067
38033
37987
37940
37867
37856
37843
37837
37811
37749
37717
37689
37681
37643
37631
37598
37493
37482
37225
37205
37184
37128
36956
36875
36731
36701
36632
36628
36618
36552
36436
36299
36231
36161
36112
36089
35944
35933
35853
35797
35780
35730
35705
35690
35679
35618
35618
35540
35532
35506
35495
35403
35373
35261
35239
35216
35210
35194
35103
35004
34978
34889
34867
34814
34800
34594
34594
34590
34473
34452
34452
34370
34354
34280
34213
34123
34113
33969
33963
33957
33936
33850
33847
33766
33750
33725
33705
33671
33630
33582
33559
33544
33532
33484
33470
33444
33339
33333
33201
33083
33082
33027
33009
32984
32979
32752
32682
32642
32563
32489
32450
32415
32405
32330
32311
32219
32181
32166
32159
32083
31998
31995
31907
31867
31768
31750
31690
31653
31583
31553
31466
31371
31206
31199
31190
31132
30947
30879
30828
30827
30792
30775
30737
30694
30691
30682
30648
30589
30574
30498
30440
30438
30418
30391
30346
30308
30190
30147
30123
30042
30034
29907
29904
29901
29790
29742
29736
29718
29639
29582
29540
29517
29498
29487
29433
29431
29351
29326
29119
29101
29092
29059
29034
29018
29017
29014
28997
28997
28973
28922
28910
28910
28880
28854
28845
28842
28834
28829
28797
28785
28694
28690
28558
28470
28468
28448
28446
28436
28368
28368
28352
28331
28247
28204
28191
28187
28135
28087
28047
28012
27994
27989
27945
27783
27701
27695
27672
27572
27569
27493
27484
27481
27443
27380
27319
27284
27255
27254
27236
27211
27136
26950
26927
26918
26892
26875
26738
26732
26638
26608
26591
26557
26516
26504
26426
26334
26166
26154
26137
26077
26010
25900
25869
25866
25806
25743
25582
25488
25488
25337
25210
25193
25174
25035
25024
24965
24948
24939
24908
24867
24865
24831
24818
24775
24712
24702
24669
24557
24542
24488
24456
24455
24358
24346
24080
23998
23976
23970
23942
23906
23880
23847
23820
23812
23810
23760
23645
23577
23525
23387
23295
23289
23180
23160
23084
23047
22958
22936
22934
22908
22820
22815
22748
22721
22656
22416
22371
22322
22316
22303
22107
22073
22045
22023
22001
21898
21891
21845
21772
21749
21736
21686
21646
21625
21621
21601
21598
21560
21397
21292
21258
21200
21197
21182
21143
21121
21087
21081
21080
20940
20922
20916
20751
20733
20674
20516
20438
20427
20425
20413
20351
20258
20189
20171
20145
20069
19956
19921
19921
19818
19798
19780
19766
19697
19695
19664
19626
19565
19466
19337
19307
19197
19152
19062
19052
19030
19019
19005
18971
18968
18883
18849
18844
18741
18575
18418
18336
18242
18176
18118
18102
18087
18075
18064
18032
18017
18007
17882
17864
17772
17661
17640
17408
17348
17274
17269
17184
17155
17152
17112
17082
17030
16983
16972
16870
16837
16811
16797
16767
16689
16660
16587
16578
16541
16532
16496
16365
16270
16231
16221
16211
16168
16129
16128
16101
16022
16006
15963
15949
15937
15901
15847
15820
15782
15769
15761
15686
15685
15653
15645
15634
15620
15615
15501
15445
15338
15297
15170
15015
15009
15007
15002
14967
14959
14937
14861
14860
14785
14759
14721
14700
14652
14641
14421
14292
14290
14149
14126
14122
14105
14088
14075
14001
13746
13727
13718
13557
13529
13524
13513
13455
13377
13315
13269
13215
13163
13060
13030
13011
12963
12921
12891
12872
12715
12667
12631
12631
12577
12486
12424
12407
12379
12360
12338
12333
12315
12305
12299
12297
12285
12256
12202
12172
12164
12130
12097
12087
12043
12019
12018
12014
11870
11867
11743
11667
11636
11626
11503
11481
11351
11340
11338
11317
11248
11137
11097
11087
11067
11040
10951
10947
10922
10860
10857
10848
10813
10813
10683
10664
10658
10564
10519
10358
10322
10318
10310
10302
10291
10246
10191
10182
10182
10169
10139
10102
10059
10040
10030
10014
9960
9875
9867
9844
9819
9716
9621
9535
9460
9424
9396
9298
9205
9137
9131
9103
9051
8977
8823
8711
8700
8694
8608
8567
8559
8558
8557
8556
8438
8415
8399
8377
8350
8324
8236
8159
8042
8035
8032
8009
7966
7930
7850
7735
7700
7685
7676
7587
7573
7523
7508
7498
7452
7423
7219
7162
7156
7109
7076
7047
6983
6972
6886
6883
6871
6735
6726
6703
6694
6675
6662
6662
6641
6614
6597
6585
6546
6537
6520
6353
6341
6297
6278
6232
6183
6160
6071
6064
6044
6029
5991
5895
5894
5821
5765
5746
5609
5585
5476
5457
5393
5311
5182
5098
5017
4936
4925
4805
4761
4720
4699
4651
4609
4593
4558
4327
4317
4292
4272
4270
4163
4150
4121
4092
3957
3941
3793
3735
3707
3651
3584
3583
3467
3361
3344
3344
3320
3315
3309
3277
3221
3215
3208
3111
3071
3019
3017
2990
2967
2951
2931
2864
2858
2756
2625
2600
2574
2487
2471
2303
2129
2081
2056
2042
2009
2003
1990
1985
1962
1858
1793
1777
1664
1286
1235
1197
1171
1044
1023
940
922
801
787
753
674
667
659
512
427
380
347
329
213
190
162
133
96
74
45
12
