99850
99776
99694
99623
99588
99541
99451
99402
99396
99364
99245
99176
99110
99089
99046
98968
98882
98839
98787
98787
98778
98764
98671
98582
98346
98327
98295
98216
98109
98102
98069
97947
97909
97879
97872
97861
97819
97741
97641
97597
97524
97524
97424
97420
97288
97240
97063
96980
96968
96943
96936
96881
96855
96840
96826
96799
96764
96717
96672
96652
96652
96451
96445
96388
96306
96296
96295
96293
96292
96127
96085
96066
96057
95990
95856
95851
95820
95815
95771
95635
95570
95553
95542
95532
95530
95478
95434
95430
95423
95256
95226
94979
94957
94945
94931
94899
94876
94790
94696
94629
94628
94592
94566
94500
94498
94497
94407
94404
94347
94221
94158
94099
94041
94019
93915
93863
93747
93685
93599
93556
93491
93475
93449
93439
93439
93410
93356
93295
93086
93082
92999
92987
92982
92883
92852
92818
92810
92809
92803
92638
92634
92588
92384
92351
92277
92267
92260
92219
92133
92118
92108
92067
91911
91873
91847
91806
91802
91771
91729
91612
91542
91498
91468
91429
91334
91253
91197
91190
90904
90887
90834
90811
90807
90764
90549
90523
90477
90460
90360
90336
90272
90260
90252
90243
90174
90172
90121
90030
89999
89999
89929
89804
89633
89614
89556
89544
89530
89506
89449
89360
89216
89140
89097
89085
89031
88960
88949
88840
88757
88738
88684
88656
88652
88633
88556
88520
88473
88349
88333
88278
88222
88185
88166
88101
88070
88069
88067
87981
87962
87934
87855
87842
87803
87800
87798
87788
87688
87611
87608
87452
87402
87304
87151
87098
87015
86986
86957
86896
86894
86869
86829
86813
86500
86464
86416
86398
86291
86288
86281
86249
86235
86206
86137
86034
85891
85864
85803
85769
85757
85668
85512
85477
85472
85459
85397
85292
85272
85266
85142
85088
85086
85062
85046
85043
84968
84967
84947
84920
84845
84822
84578
84560
84522
84455
84435
84408
84395
84385
84339
84326
84305
84300
84250
84175
84141
84138
84108
84076
83954
83949
83914
83881
83835
83735
83725
83724
83671
83634
83611
83610
83553
83531
83488
83476
83345
83339
83234
83230
83197
83191
83172
83133
83104
83068
83066
82831
82754
82593
82579
82508
82453
82451
82298
82153
82142
82039
82008
81966
81952
81926
81890
81633
81617
81616
81607
81515
81514
81464
81393
81375
81281
81278
81253
81249
81234
81205
81184
81158
81068
81034
80998
80947
80935
80865
80810
80810
80647
80646
80582
80544
80458
80440
80410
80385
80353
80323
80292
80247
80238
80113
80100
80036
80016
79855
79813
79733
79711
79656
79619
79613
79606
79562
79429
79377
79349
79328
79269
79262
79106
79094
79087
79069
78984
78886
78842
78833
78800
78741
78702
78626
78581
78568
78564
78553
78509
78487
78486
78371
78364
78239
78197
78192
78162
77872
77843
77810
77747
77702
77680
77667
77647
77643
77618
77526
77521
77452
77444
77358
77349
77278
77175
77156
77085
77077
77028
76995
76851
76750
76723
76714
76681
76619
76564
76545
76400
76397
76377
76343
76340
76188
76148
76058
75990
75911
75892
75825
75779
75703
75551
75521
75495
75295
75229
75210
75156
75105
74996
74938
74917
74892
74871
74839
74788
74787
74786
74719
74662
74610
74608
74595
74564
74537
74457
74403
74386
74341
74244
74155
73961
73951
73933
73918
73892
73888
73799
73791
73724
73713
73697
73629
73518
73486
73421
73405
73333
73322
73297
73270
73267
73229
73167
73044
72972
72654
72586
72571
72559
72521
72511
72435
72434
72390
72364
72186
72127
72114
72106
72097
71881
71801
71774
71686
71604
71592
71572
71558
71475
71441
71434
71431
71429
71288
71287
71056
71053
70945
70936
70922
70846
70824
70747
70731
70668
70517
70515
70472
70471
70307
70204
70149
70107
70077
70072
69991
69976
69933
69888
69875
69848
69847
69817
69682
69672
69663
69632
69624
69586
69533
69433
69420
69318
69273
69241
69224
69219
69194
69160
69146
69130
69097
69054
68931
68897
68818
68661
68622
68490
68440
68402
68378
68327
68306
68167
68140
68119
68061
68020
67956
67933
67828
67785
67781
67741
67720
67686
67608
67598
67483
67352
67345
67220
67209
67175
67121
67097
67077
67062
67049
67008
66907
66887
66796
66770
66761
66751
66572
66556
66477
66454
66373
66366
66247
66234
66175
66115
66106
66041
66012
65971
65897
65844
65827
65815
65712
65652
65629
65543
65498
65387
65313
65260
65217
65194
65070
64967
64957
64908
64874
64868
64832
64775
64770
64752
64738
64727
64711
64696
64629
64586
64582
64571
64537
64492
64486
64412
64306
64266
64122
64098
64009
64009
63911
63603
63557
63477
63451
63274
63201
63189
63188
63182
63021
62964
62949
62844
62824
62574
62559
62499
62494
62485
62483
62458
62451
62430
62389
62384
62366
62350
62293
62254
62232
62045
62033
61940
61936
61921
61727
61679
61566
61557
61493
61466
61448
61380
61336
61286
61282
61267
61229
61092
61053
61028
61003
60999
60980
60940
60844
60797
60732
60700
60657
60590
60583
60570
60546
60501
60493
60472
60381
60307
60251
60242
60125
60045
60044
59975
59924
59914
59879
59861
59783
59726
59715
59695
59638
59620
59610
59608
59571
59552
59477
59437
59430
59352
59330
59255
59235
59129
59065
58966
58947
58660
58621
58617
58490
58487
58480
58449
58430
58411
58409
58396
58382
58322
58307
58200
58195
58112
58111
57993
57984
57798
57779
57744
57722
57695
57676
57614
57591
57584
57563
57517
57502
57462
57450
57435
57343
57322
57311
57304
57274
57245
57201
57117
57112
57093
57056
57044
56860
56842
56788
56741
56728
56657
56634
56627
56605
56588
56510
56488
56395
56385
56362
56301
56293
56291
56103
56046
56045
55995
55949
55829
55693
55632
55554
55538
55477
55441
55440
55352
55301
55260
55128
55078
55065
55039
55023
54923
54799
54769
54768
54753
54637
54625
54557
54486
54478
54419
54405
54403
54334
54330
54330
54267
54256
54218
54174
54082
53976
53880
53868
53849
53786
53736
53663
53639
53623
53428
53344
53328
53320
53299
53292
53273
53264
53096
53062
53034
52977
52977
52968
52942
52911
52829
52820
52800
52722
52675
52657
52616
52575
52571
52530
52452
52320
52312
52214
52210
52189
52176
52126
52088
52081
52054
51877
51735
51678
51629
51622
51577
51570
51504
51495
51444
51406
51326
51258
51234
51206
50989
50957
50829
50825
50749
50713
50675
50649
50588
50521
50466
50459
50406
50401
50386
50277
50076
50054
50040
49993
49972
49897
49857
49850
49822
49789
49772
49761
49721
49646
49628
49510
49506
49342
49298
49261
49251
49204
49199
49183
49135
49111
49095
49091
49045
49011
48948
48900
48796
48741
48649
48641
48593
48477
48440
48386
48370
48129
48057
48025
48018
47974
47794
47783
47708
47606
47560
47484
47476
47236
47223
47214
47167
47160
47155
47145
47112
47086
47083
47011
46977
46970
46970
46874
46751
46671
46587
46568
46548
46533
46472
46336
46267
46200
46185
46169
46145
46052
45950
45881
45863
45842
45719
45709
45708
45642
45536
45482
45435
45376
45370
45346
45338
45313
45112
45072
44974
44887
44845
44844
44843
44700
44475
44320
44282
44265
44227
44190
44184
44176
44165
44158
44112
44110
44089
44077
44075
44009
44004
43977
43970
43876
43849
43812
43749
43706
43692
43669
43651
43576
43564
43502
43371
43269
43256
43187
43112
43015
42926
42879
42812
42805
42791
42737
42712
42705
42603
42476
42435
42398
42336
42287
42222
42211
42203
42190
41980
41959
41916
41852
41848
41843
41775
41647
41639
41595
41407
41326
41311
41145
41067
40990
40942
40846
40828
40788
40774
40750
40745
40687
40583
40516
40411
40401
40399
40388
40191
40155
40125
40104
40066
40058
40028
40000
39989
39970
39946
39871
39855
39847
39843
39731
39722
39710
39672
39658
39612
39554
39546
39536
39464
39464
39424
39394
39380
39351
39344
39229
39077
39062
39038
38906
38863
38852
38850
38810
38807
38627
38556
38542
38427
38419
38400
38393
38329
38310
38245
38223
38161
38136
38095
38075
37986
37850
37843
37811
37804
37800
37750
37661
37659
37656
37540
37465
37449
37422
37313
37243
37194
37122
37075
37073
37043
37031
37010
36995
36981
36933
36705
36632
36568
36502
36489
36474
36401
36345
36317
36189
36143
36016
35964
35871
35841
35833
35667
35559
35489
35487
35485
35463
35274
35268
35231
35228
35190
35167
35153
35124
34947
34903
34793
34727
34704
34700
34652
34639
34609
34565
34527
34510
34446
34392
34386
34340
34276
34268
34173
34159
34092
33942
33875
33872
33866
33755
33755
33739
33706
33692
33566
33528
33525
33457
33348
33328
33244
33142
33114
33068
33066
33042
32959
32938
32904
32891
32884
32834
32802
32790
32564
32514
32479
32453
32409
32397
32351
32334
32332
32243
32212
32128
32005
31957
31874
31872
31867
31731
31704
31681
31678
31671
31529
31465
31430
31265
31228
31220
31177
31167
31165
31111
31089
30941
30936
30935
30834
30831
30805
30794
30789
30778
30643
30542
30447
30364
30297
30165
30151
30074
30063
30052
30051
30048
29999
29999
29922
29888
29883
29820
29791
29769
29745
29728
29723
29709
29631
29493
29421
29414
29260
29248
29196
29186
29146
29100
29060
29029
28898
28894
28859
28834
28814
28803
28784
28763
28722
28712
28702
28694
28661
28649
28613
28462
28348
28327
28259
28228
28199
28104
28089
28020
28007
27987
27958
27859
27852
27794
27772
27760
27675
27656
27636
27600
27592
27560
27555
27489
27468
27394
27364
27244
27205
27128
27088
27074
27038
26961
26880
26797
26756
26645
26594
26497
26496
26448
26444
26367
26309
26308
26066
26002
25937
25908
25850
25846
25752
25702
25516
25503
25497
25496
25466
25443
25329
25282
25053
25028
25017
24821
24767
24730
24638
24622
24564
24553
24532
24508
24379
24360
24318
24229
24222
24155
24141
24082
24056
23846
23833
23797
23699
23529
23433
23407
23311
23284
23222
23195
23147
23139
23035
22951
22855
22825
22733
22693
22672
22511
22454
22425
22411
22301
22242
22209
22161
22156
22076
21971
21891
21833
21820
21770
21697
21649
21645
21630
21623
21595
21518
21508
21464
21255
21252
21215
21115
21026
21021
20975
20956
20804
20754
20664
20627
20595
20555
20519
20459
20412
20410
20392
20368
20348
20344
20262
20244
20240
20225
20206
20162
20100
19908
19882
19865
19808
19771
19716
19541
19399
19394
19350
19341
19191
19173
19157
19152
19138
19115
19081
19007
18968
18873
18811
18767
18717
18701
18688
18605
18480
18460
18372
18368
18337
18287
18158
18096
18081
18074
18029
18024
17906
17897
17854
17823
17773
17715
17655
17648
17586
17583
17577
17537
17530
17522
17503
17455
17405
17190
17171
17138
17124
17093
17079
17069
16995
16951
16936
16919
16902
16896
16839
16823
16757
16746
16605
16586
16545
16503
16473
16454
16418
16372
16368
16267
16231
16191
16026
15987
15926
15912
15907
15907
15897
15826
15673
15510
15501
15488
15451
15334
15326
15324
15264
15194
15192
15159
15139
15095
15052
15050
15014
15004
14955
14936
14927
14926
14876
14843
14776
14684
14610
14594
14467
14391
14370
14242
14185
14066
14029
14027
14011
13974
13938
13916
13915
13768
13749
13612
13562
13541
13534
13437
13377
13313
13311
13197
13125
13048
13020
13014
12956
12938
12885
12810
12799
12751
12655
12643
12575
12428
12359
12327
12297
12251
12249
12193
12187
12141
12096
12051
11944
11876
11853
11821
11696
11591
11438
11420
11352
11342
11298
11284
11108
11057
11030
11028
11023
10976
10958
10826
10811
10758
10722
10706
10690
10683
10593
10570
10543
10538
10472
10468
10466
10416
10413
10398
10389
10375
10350
10338
10337
10320
10299
10289
10201
10194
10194
10168
10119
10010
9920
9916
9883
9856
9847
9783
9775
9768
9686
9686
9670
9663
9635
9624
9570
9476
9466
9382
9307
9204
9180
9164
9141
8990
8893
8877
8832
8795
8783
8739
8726
8709
8583
8536
8517
8513
8403
8350
8347
8343
8318
8194
7897
7895
7893
7865
7815
7775
7729
7728
7677
7595
7586
7486
7471
7397
7392
7387
7316
7291
7187
7181
7134
7127
7097
7065
7041
6969
6944
6906
6819
6761
6726
6684
6592
6578
6489
6481
6445
6354
6349
6289
6279
6250
6249
6232
6092
5994
5923
5918
5883
5695
5690
5569
5462
5397
5374
5223
5039
5012
4895
4864
4743
4707
4701
4649
4385
4324
4278
4206
4105
4044
3985
3926
3905
3828
3810
3684
3625
3602
3477
3452
3250
3242
3176
3136
3135
3113
3013
3003
2981
2919
2913
2768
2671
2579
2579
2495
2466
2421
2340
2301
2287
2253
2247
2120
2117
1961
1948
1819
1752
1665
1479
1472
1462
1454
1402
1358
1270
1040
1016
926
784
784
767
765
739
737
600
589
402
393
383
308
296
294
278
253
194
162
64
16
8
