99996
99939
99862
99855
99803
99585
99582
99574
99550
99541
99531
99398
99345
99342
99316
99266
99179
99141
99117
99061
98972
98917
98873
98851
98849
98826
98807
98776
98561
98464
98427
98425
98395
98381
98353
98151
98147
98128
98099
98075
97946
97699
97657
97620
97577
97532
97527
97476
97473
97387
97366
97342
97271
97145
97036
96956
96831
96819
96814
96683
96654
96601
96540
96540
96521
96475
96333
96249
96236
96231
95910
95895
95862
95778
95738
95668
95626
95610
95499
95435
95386
95372
95371
95352
95245
95223
95160
95113
95081
95043
95017
94925
94855
94780
94776
94742
94634
94621
94620
94562
94529
94524
94472
94353
94325
94289
94269
94172
94012
93881
93824
93767
93753
93726
93721
93689
93653
93566
93496
93386
93314
93249
92952
92925
92888
92833
92805
92753
92632
92593
92584
92490
92473
92473
92441
92412
92404
92389
92317
92294
92283
92282
92240
92215
92189
92170
91924
91827
91819
91737
91734
91681
91669
91617
91580
91479
91423
91331
91328
91312
91297
91296
91119
91019
90932
90928
90819
90774
90755
90755
90752
90738
90732
90713
90652
90645
90601
90568
90566
90507
90460
90450
90430
90360
90337
90310
90287
90128
90086
89861
89735
89529
89432
89421
89299
89272
89161
89040
88972
88965
88952
88950
88877
88842
88828
88819
88758
88748
88703
88578
88504
88504
88436
88322
88284
88246
88155
88133
88120
88067
87994
87932
87914
87880
87841
87798
87684
87675
87657
87537
87507
87507
87390
87381
87351
87300
87215
87211
87206
87191
87150
87128
86992
86977
86971
86958
86940
86925
86804
86754
86705
86676
86657
86611
86601
86586
86575
86555
86545
86535
86527
86511
86506
86409
86392
86370
86359
86329
86261
86249
86245
86191
86182
86182
86126
86073
86069
86048
85950
85939
85898
85782
85725
85674
85662
85617
85586
85577
85515
85475
85383
85381
85339
85293
85214
85169
85144
85137
85037
85003
84992
84740
84708
84625
84599
84587
84538
84497
84489
84478
84411
84338
84243
84222
84161
84139
84116
84090
83967
83824
83803
83743
83711
83638
83535
83489
83485
83471
83427
83321
83271
83263
83255
83244
83235
83205
83188
83159
83150
82788
82750
82738
82714
82708
82678
82612
82610
82528
82501
82408
82362
82308
82273
82134
81868
81861
81859
81786
81693
81564
81530
81510
81498
81459
81382
81355
81353
81323
81312
81196
81182
81159
81083
81075
81022
81014
80898
80797
80762
80708
80545
80489
80436
80431
80388
80374
80299
80275
80272
80206
80205
80196
80140
80133
80130
80118
80084
80009
79757
79743
79736
79736
79428
79278
79234
79225
79126
79085
79070
79041
79038
79014
79009
79007
78908
78594
78540
78521
78423
78328
78298
78266
78249
78213
78173
78157
78126
78100
78033
78031
77998
77989
77942
77865
77796
77620
77596
77533
77507
77470
77385
77379
77344
77253
77213
77161
76987
76985
76944
76922
76916
76658
76653
76637
76520
76516
76502
76114
76091
76088
75968
75862
75852
75820
75800
75776
75764
75706
75693
75673
75597
75531
75507
75494
75453
75357
75294
75216
75214
75208
75168
75004
74950
74924
74895
74864
74854
74816
74739
74733
74684
74644
74630
74584
74477
74319
74318
74128
74081
74000
73979
73946
73929
73903
73867
73837
73757
73603
73600
73576
73570
73555
73550
73545
73534
73526
73481
73443
73331
73329
73279
73232
73162
73161
73092
73076
73062
73034
73019
73014
72992
72926
72889
72877
72852
72786
72717
72701
72588
72487
72442
72377
72375
72367
72284
72272
72251
72217
72204
72151
72137
72126
72016
71954
71948
71943
71835
71834
71832
71816
71775
71741
71649
71515
71496
71475
71362
71281
71239
71123
71091
70983
70948
70945
70937
70903
70764
70749
70729
70622
70546
70529
70503
70491
70309
70226
70159
70042
69982
69925
69874
69869
69736
69717
69708
69647
69526
69488
69450
69325
69302
69241
69194
69177
69101
69032
69029
69007
68901
68891
68874
68852
68813
68771
68748
68743
68737
68684
68679
68658
68636
68604
68553
68451
68450
68405
68366
68308
68289
68261
68250
68240
68192
68189
68103
67971
67887
67884
67883
67854
67666
67551
67541
67513
67511
67474
67391
67340
67322
67196
67130
66998
66966
66938
66903
66880
66845
66787
66765
66717
66651
66602
66572
66559
66378
66349
66344
66334
66332
66327
66282
66244
66078
66035
65990
65988
65961
65935
65839
65771
65744
65657
65624
65599
65531
65503
65491
65336
65326
65218
65216
65213
65159
65130
65109
65021
64977
64967
64952
64928
64926
64848
64829
64771
64758
64735
64711
64690
64528
64501
64455
64407
64363
64355
64299
64283
64281
64162
64142
63991
63962
63929
63916
63914
63779
63770
63706
63640
63594
63371
63197
63188
63131
63062
63020
63016
62896
62866
62843
62761
62689
62646
62632
62592
62505
62494
62491
62460
62444
62441
62359
62332
62289
62229
62216
62204
62197
62196
62170
62068
62018
61994
61780
61735
61696
61695
61689
61640
61593
61537
61534
61512
61502
61475
61305
61297
61274
61236
61198
61119
61083
61076
61057
61010
60980
60964
60906
60897
60853
60801
60800
60792
60782
60706
60647
60601
60535
60527
60503
60446
60433
60432
60422
60376
60306
60295
60291
60283
60260
60222
60217
60201
59991
59845
59835
59822
59657
59650
59649
59630
59543
59522
59360
59347
59339
59333
59319
59246
59190
59044
59002
58956
58780
58704
58658
58577
58573
58567
58478
58474
58375
58307
58198
58188
58145
58026
58015
57983
57901
57865
57826
57805
57759
57740
57693
57685
57681
57662
57616
57440
57392
57382
57379
57319
57299
57242
57141
57108
57016
56956
56947
56893
56890
56890
56774
56704
56646
56598
56549
56534
56534
56481
56446
56409
56393
56285
56231
56114
56045
56031
55993
55975
55865
55845
55833
55817
55815
55738
55689
55652
55590
55519
55509
55500
55479
55436
55432
55425
55406
55368
55279
55277
55272
55270
55238
55227
55107
55099
55029
55027
55017
54944
54943
54922
54832
54818
54756
54587
54579
54551
54538
54515
54460
54431
54415
54315
54293
54265
54163
54117
54092
54070
54025
54004
53983
53960
53887
53869
53779
53688
53665
53652
53542
53516
53489
53487
53290
53289
53256
53142
53134
52884
52828
52471
52454
52452
52354
52339
52288
52182
52021
51943
51918
51912
51897
51813
51773
51770
51731
51594
51564
51519
51448
51447
51438
51414
51377
51336
51191
51137
51122
51031
50987
50986
50950
50913
50811
50688
50687
50670
50600
50572
50382
50362
50320
50316
50295
50291
50278
50249
50185
50165
50162
50106
50067
50043
50038
49944
49937
49782
49772
49704
49697
49679
49657
49569
49554
49522
49460
49458
49335
49276
49223
49199
49157
49146
49043
48971
48935
48935
48873
48850
48828
48735
48712
48661
48604
48602
48563
48527
48520
48476
48409
48359
48312
48192
48124
47993
47881
47865
47850
47809
47795
47715
47650
47639
47635
47519
47493
47416
47382
47359
47189
47171
47140
47127
46996
46995
46966
46902
46897
46805
46779
46776
46704
46646
46621
46612
46608
46486
46355
46327
46278
46197
46187
46052
46036
45976
45969
45954
45926
45924
45869
45865
45848
45783
45773
45772
45752
45736
45722
45683
45616
45590
45583
45480
45467
45393
45372
45360
45328
45266
45260
45256
45230
45110
45053
44989
44858
44748
44663
44609
44603
44519
44499
44462
44328
44279
44208
44197
44093
44089
43986
43979
43917
43885
43860
43839
43816
43789
43757
43748
43741
43671
43648
43557
43557
43490
43474
43400
43382
43348
43314
43257
43232
43175
43173
43134
43081
43039
43029
43005
42919
42897
42877
42629
42596
42576
42491
42385
42367
42356
42300
42273
42265
42189
42183
42180
42119
42013
41926
41910
41872
41836
41774
41486
41437
41434
41385
41349
41342
41338
41323
41312
41272
41265
41219
41203
41198
41153
41146
41103
40932
40876
40856
40810
40761
40721
40705
40640
40628
40574
40562
40422
40309
40205
40182
40160
40143
40015
39986
39903
39856
39736
39708
39586
39549
39449
39406
39281
39257
39107
39091
39015
38922
38905
38868
38778
38773
38773
38739
38702
38627
38622
38590
38449
38371
38363
38297
38252
38206
38038
38011
37881
37836
37804
37801
37700
37699
37659
37631
37631
37626
37553
37375
37351
37317
37315
37287
37252
37243
37107
37079
37014
36951
36891
36857
36797
36731
36724
36686
36599
36588
36584
36531
36506
36478
36477
36437
36392
36253
36194
36175
36138
36124
36113
36049
36013
36001
35993
35971
35954
35879
35875
35795
35759
35717
35561
35549
35497
35278
35225
35220
35215
35154
35128
35082
35072
35049
35048
35006
34972
34911
34852
34848
34838
34810
34774
34771
34734
34731
34623
34556
34549
34513
34479
34471
34459
34420
34379
34328
34274
34246
34236
34185
34155
34095
34074
34063
34038
34011
33906
33899
33882
33828
33686
33667
33651
33511
33291
33282
33248
33233
33191
33148
33040
33025
32938
32910
32857
32819
32804
32779
32772
32762
32747
32641
32592
32587
32573
32563
32545
32390
32233
32203
32174
32148
32128
32032
31970
31966
31921
31873
31655
31479
31475
31467
31463
31360
31251
31185
31113
31078
30940
30935
30833
30610
30601
30582
30551
30544
30539
30524
30468
30354
30317
30216
30172
30154
30153
30069
30042
29980
29878
29788
29736
29684
29662
29632
29624
29498
29496
29475
29466
29462
29298
29242
29102
29074
29040
28877
28797
28780
28765
28748
28732
28647
28519
28494
28476
28363
28343
28281
28187
28163
28126
28120
28013
27997
27914
27897
27829
27720
27709
27672
27641
27618
27571
27530
27512
27493
27489
27377
27234
27088
27064
27056
27005
26992
26981
26956
26950
26797
26788
26768
26717
26650
26603
26535
26515
26357
26157
26109
26072
26043
26007
25995
25978
25969
25943
25893
25811
25807
25801
25729
25709
25704
25694
25648
25593
25578
25547
25453
25013
24938
24843
24794
24757
24711
24653
24627
24626
24569
24555
24550
24539
24533
24489
24445
24383
23972
23910
23872
23869
23831
23789
23771
23655
23608
23582
23530
23467
23425
23395
23392
23387
23269
23268
23213
23176
23144
23142
23136
22978
22952
22913
22868
22861
22850
22818
22769
22764
22758
22749
22747
22703
22702
22679
22654
22600
22565
22538
22413
22405
22370
22325
22314
22182
22150
22005
22000
21915
21865
21835
21812
21741
21729
21704
21684
21567
21486
21336
21205
21198
21192
21176
21131
21078
20909
20823
20762
20715
20708
20632
20516
20503
20344
20294
20263
20246
20117
20062
20046
20008
19979
19965
19900
19883
19817
19805
19699
19694
19685
19678
19611
19499
19480
19471
19461
19389
19350
19334
19250
19245
19236
19190
19165
19122
19079
19036
18761
18682
18609
18599
18545
18543
18506
18478
18406
18341
18306
18306
18239
18130
18002
17987
17976
17866
17797
17796
17789
17757
17717
17711
17625
17585
17585
17545
17409
17384
17305
17260
17238
17203
17066
17022
16893
16885
16831
16819
16668
16486
16417
16320
16314
16309
16293
16278
16212
16206
16105
16041
15957
15932
15903
15836
15788
15693
15686
15594
15541
15449
15412
15397
15396
15303
15252
15164
15129
15110
14983
14967
14932
14877
14866
14856
14812
14771
14741
14734
14688
14643
14577
14561
14506
14488
14264
14252
14174
14119
14092
13852
13809
13809
13769
13743
13654
13654
13639
13625
13616
13603
13581
13491
13329
13322
13225
13085
12934
12910
12900
12873
12830
12751
12570
12543
12350
12291
12273
12259
12220
12215
12171
12139
12048
12007
11972
11913
11881
11806
11795
11779
11727
11719
11718
11665
11637
11534
11496
11430
11325
11130
11039
11024
11002
10981
10972
10866
10827
10790
10583
10468
10384
10352
10332
10305
10298
10158
10153
10096
10082
9962
9882
9855
9849
9838
9778
9765
9733
9703
9702
9583
9464
9415
9394
9375
9372
9323
9248
9198
9149
9137
9120
9090
9046
9021
8999
8962
8941
8877
8874
8854
8843
8821
8801
8782
8722
8674
8615
8604
8566
8459
8368
8290
8187
8186
8144
7959
7949
7901
7767
7645
7639
7619
7594
7591
7543
7520
7512
7486
7474
7466
7435
7378
7356
7255
7133
7040
6983
6845
6821
6796
6756
6723
6707
6550
6499
6497
6428
6418
6416
6375
6375
6361
6352
6078
6060
6025
6014
6013
5914
5813
5798
5740
5718
5660
5620
5566
5521
5404
5401
5350
5284
5283
5234
5217
5180
5155
5143
5074
4876
4792
4792
4682
4649
4640
4624
4310
4301
4267
4250
4084
4061
4052
4050
3961
3961
3955
3818
3675
3589
3586
3557
3539
3477
3434
3403
3348
3313
3166
3154
3087
3078
2927
2902
2840
2797
2785
2781
2595
2558
2548
2545
2530
2309
2289
2212
2200
2188
2059
1712
1697
1660
1603
1576
1536
1514
1448
1369
1331
1258
1130
1090
1058
1031
888
874
862
693
633
612
562
522
463
356
334
272
93
27
21
