99974
99960
99821
99701
99626
99573
99538
99476
99423
99405
99352
99332
99277
99277
99255
99200
99171
99127
99017
99017
98843
98762
98752
98702
98655
98646
98594
98468
98413
98378
98288
98147
98131
98111
98009
97943
97942
97802
97802
97608
97550
97544
97417
97313
97292
97250
97218
97217
97166
97162
97143
97060
97057
96992
96966
96934
96907
96906
96883
96880
96810
96774
96561
96400
96363
96343
96329
96309
96277
96262
96210
96167
96133
96106
96015
95979
95977
95935
95891
95884
95862
95597
95546
95444
95417
95386
95348
95260
95246
95205
95182
95150
95147
95146
95053
95044
94893
94882
94881
94869
94713
94688
94670
94647
94622
94569
94492
94391
94347
94333
94298
94283
94262
94241
94229
94216
94186
94157
94155
94121
94109
94002
93989
93985
93964
93958
93869
93644
93607
93429
93309
93302
93293
93239
93227
93138
92968
92964
92758
92711
92685
92666
92616
92594
92526
92509
92431
92321
92306
92304
92218
92184
92157
92121
91991
91984
91973
91946
91920
91891
91783
91775
91744
91731
91646
91606
91580
91467
91451
91288
91230
91158
91147
91147
91109
91100
91097
90999
90970
90962
90953
90845
90804
90767
90765
90746
90719
90677
90660
90626
90514
90505
90440
90373
90163
90137
90114
90111
90070
90066
90012
90000
89967
89825
89805
89740
89722
89628
89548
89502
89428
89396
89379
89332
89306
89270
89160
89145
89091
89081
88949
88897
88888
88872
88736
88711
88674
88661
88611
88566
88559
88558
88501
88458
88448
88376
88353
88340
88333
88309
88208
88157
88052
88025
88018
88010
87953
87908
87872
87858
87727
87726
87715
87661
87650
87521
87474
87316
87222
87161
87132
87130
87120
86937
86822
86617
86580
86486
86440
86438
86430
86393
86231
86181
86112
86112
85996
85979
85979
85824
85811
85792
85784
85777
85568
85497
85438
85339
85281
85279
85271
85242
85213
85168
85153
85015
85010
84956
84953
84940
84884
84836
84820
84780
84712
84493
84488
84483
84450
84344
84294
84213
84151
84116
84058
84038
84031
84002
83967
83939
83897
83824
83796
83789
83702
83662
83657
83612
83605
83512
83493
83481
83468
83398
83330
83289
83279
83217
83194
83188
83108
83099
83032
82950
82937
82896
82886
82759
82721
82721
82624
82560
82547
82501
82484
82404
82395
82362
82343
82306
82296
82188
82167
82164
82126
82070
82046
81945
81930
81892
81865
81818
81759
81712
81709
81593
81384
81359
81306
81221
81195
81164
81100
81068
81019
80955
80856
80821
80773
80726
80685
80601
80379
80354
80326
80234
80067
80046
80039
80020
80003
79998
79997
79921
79714
79693
79676
79676
79609
79578
79572
79562
79558
79549
79494
79487
79464
79426
79403
79378
79317
79256
79109
79062
79013
78919
78892
78807
78775
78724
78693
78402
78394
78285
78267
78229
78214
78165
78154
78150
77938
77905
77871
77814
77660
77645
77624
77611
77601
77595
77582
77540
77532
77520
77465
77436
77364
77198
77145
77135
77110
77071
77046
76927
76927
76896
76881
76858
76759
76733
76648
76636
76598
76478
76420
76319
76316
76309
76278
76235
76082
76046
76029
75994
75914
75820
75747
75708
75521
75498
75450
75426
75308
75289
75287
75185
75154
74986
74966
74957
74944
74905
74871
74796
74668
74557
74517
74499
74396
74353
74352
74284
74203
74181
74048
74024
73909
73657
73635
73613
73486
73433
73380
73343
73275
73206
73150
73062
73011
73009
72998
72981
72936
72928
72908
72757
72756
72717
72660
72659
72626
72545
72504
72444
72394
72302
72296
72137
72118
72090
71837
71798
71730
71723
71722
71706
71591
71567
71540
71519
71515
71459
71427
71340
71299
71289
71235
71223
70979
70920
70882
70882
70819
70784
70684
70671
70667
70660
70594
70585
70565
70464
70442
70421
70405
70347
70306
70291
70288
70242
70203
70195
70144
70130
70118
69998
69903
69822
69675
69671
69655
69580
69412
69386
69300
69228
69209
69191
69132
69127
69077
69072
69029
68991
68962
68888
68817
68812
68691
68644
68624
68619
68570
68521
68475
68441
68425
68367
68357
68302
68264
68176
68125
68109
67959
67959
67922
67878
67817
67812
67730
67692
67676
67668
67607
67574
67554
67503
67391
67373
67369
67331
67252
67149
67135
67128
67096
67062
67060
67040
67022
67002
66999
66998
66994
66939
66803
66773
66723
66473
66442
66316
66308
66247
66198
66167
66152
66009
66002
65972
65955
65908
65890
65871
65640
65602
65512
65512
65446
65438
65433
65407
65387
65376
65343
65302
65295
65247
65109
64832
64625
64503
64456
64410
64404
64384
64383
64383
64351
64250
64221
64177
64175
64089
64079
63906
63804
63751
63736
63704
63636
63631
63574
63571
63568
63560
63552
63504
63502
63470
63468
63456
63409
63349
63324
63265
63195
63156
63149
63079
63064
63059
63023
62884
62882
62869
62864
62848
62841
62800
62764
62738
62717
62590
62554
62548
62530
62218
62170
62047
62026
62010
62000
61996
61986
61961
61931
61919
61906
61852
61816
61716
61703
61688
61644
61484
61480
61456
61391
61282
61165
61158
61152
61118
61029
61026
60980
60929
60817
60801
60779
60767
60765
60689
60689
60673
60660
60653
60467
60453
60425
60326
60319
60113
60089
59942
59921
59909
59905
59859
59840
59776
59739
59708
59705
59705
59598
59575
59521
59494
59423
59382
59374
59361
59335
59267
59109
58990
58941
58926
58892
58844
58803
58664
58620
58591
58579
58569
58568
58508
58465
58464
58405
58402
58390
58371
58300
58206
58037
57951
57906
57897
57802
57776
57773
57766
57761
57684
57646
57642
57639
57608
57589
57524
57478
57384
57349
57311
57308
57235
57213
57128
57100
57067
57002
56998
56940
56862
56836
56815
56711
56693
56636
56606
56588
56562
56536
56524
56474
56379
56326
56325
56285
56265
56212
56092
56078
56062
56009
55850
55809
55739
55727
55656
55449
55437
55405
55312
55212
55138
55126
55019
54969
54945
54905
54732
54688
54651
54384
54339
54149
54119
54106
54066
54063
53862
53849
53804
53744
53727
53683
53669
53653
53618
53591
53584
53523
53487
53484
53405
53308
53183
53146
53037
52954
52875
52801
52736
52711
52676
52673
52671
52635
52602
52590
52529
52500
52413
52359
52351
52311
52306
52287
52226
52114
52108
52106
52065
52029
52020
52002
51974
51970
51955
51873
51777
51592
51510
51508
51465
51422
51401
51335
51284
51224
51216
51145
51143
51007
51006
50947
50659
50598
50562
50527
50490
50440
50440
50432
50162
50123
50092
50040
50039
50021
50008
50006
49997
49994
49814
49813
49777
49678
49557
49534
49525
49403
49336
49325
49270
49265
49213
49185
49117
49054
49049
49032
48965
48875
48821
48810
48754
48705
48662
48607
48547
48506
48493
48439
48412
48363
48317
48245
48181
48160
48074
48072
48050
47998
47986
47905
47850
47793
47771
47757
47713
47708
47666
47639
47551
47543
47532
47518
47515
47497
47471
47435
47346
47333
47322
47214
47061
47044
46998
46827
46754
46736
46730
46659
46628
46556
46501
46489
46450
46381
46373
46301
46231
46185
46160
46072
46050
45989
45963
45928
45922
45832
45666
45603
45598
45595
45512
45400
45343
45285
45216
45184
45141
45112
45093
45059
44877
44862
44527
44504
44485
44422
44410
44341
44271
44258
44253
44223
44014
43792
43764
43699
43413
43356
43351
43343
43271
43256
43218
43218
43218
43154
43010
42975
42957
42880
42844
42801
42771
42743
42663
42564
42561
42555
42524
42443
42318
42296
42224
42131
42114
42044
42012
41980
41961
41874
41838
41800
41797
41725
41712
41662
41605
41603
41583
41571
41570
41564
41543
41473
41389
41158
41103
41086
41013
40953
40865
40854
40852
40848
40748
40700
40607
40551
40461
40346
40325
40299
40268
40232
40224
40169
40121
40079
40030
39920
39905
39881
39789
39773
39608
39603
39591
39583
39555
39514
39510
39500
39474
39383
39294
39255
39154
39018
38855
38787
38699
38537
38475
38436
38379
38107
38102
38072
38039
38006
37967
37949
37923
37746
37737
37658
37625
37566
37562
37552
37400
37301
37135
37036
36942
36921
36915
36894
36884
36878
36827
36725
36686
36674
36626
36613
36560
36446
36424
36394
36274
36255
36219
36164
36081
35861
35850
35848
35732
35727
35723
35674
35612
35515
35480
35469
35434
35365
35319
35255
35240
35231
35089
35084
35018
34982
34978
34887
34855
34854
34851
34777
34732
34714
34692
34643
34530
34489
34461
34451
34413
34359
34351
34203
34187
34001
33986
33954
33943
33868
33829
33814
33659
33604
33502
33490
33397
33385
33378
33345
33321
33315
33286
33149
33075
32902
32762
32725
32468
32405
32376
32368
32299
32232
32200
32083
32039
31973
31860
31823
31800
31790
31773
31750
31733
31638
31629
31533
31516
31468
31355
31316
31221
31189
31141
31130
31008
31002
30926
30896
30830
30701
30692
30613
30589
30557
30546
30488
30474
30328
30318
30312
30308
30274
30164
30112
30067
29929
29842
29588
29487
29449
29420
29299
29265
29249
29115
29108
29070
29063
29059
29046
29040
28998
28960
28937
28935
28932
28848
28780
28767
28740
28636
28574
28464
28425
28400
28354
28334
28303
28285
28241
28223
28219
28215
27970
27927
27906
27882
27773
27750
27606
27502
27494
27369
27366
27340
27310
27257
27216
27090
27038
26945
26941
26884
26883
26871
26850
26803
26790
26754
26599
26590
26577
26574
26498
26496
26432
26416
26335
26229
26210
26191
26109
26056
26042
25976
25975
25909
25878
25877
25808
25669
25657
25654
25606
25540
25462
25379
25346
25320
25316
25314
25307
25302
25248
25223
25155
25082
25082
24948
24933
24891
24869
24831
24824
24745
24744
24622
24559
24520
24502
24478
24463
24452
24335
24298
24178
24106
24040
23954
23871
23822
23814
23802
23799
23789
23748
23730
23552
23545
23469
23397
23279
23248
23245
23202
23182
23105
23083
23068
22986
22966
22814
22810
22785
22780
22685
22654
22645
22622
22616
22466
22362
22314
22309
22216
22105
22060
22043
21959
21877
21858
21807
21785
21743
21702
21667
21604
21599
21551
21548
21548
21531
21411
21318
21309
21189
21050
21018
20910
20883
20850
20840
20647
20619
20603
20517
20516
20488
20434
20425
20408
20370
20286
20251
20228
20190
20165
20053
20027
19958
19941
19925
19923
19893
19860
19820
19685
19650
19597
19492
19479
19478
19443
19442
19436
19406
19404
19399
19353
19326
19274
19269
19081
19072
19071
19051
18991
18977
18768
18746
18631
18584
18525
18502
18477
18406
18366
18310
18204
18082
17796
17796
17776
17644
17617
17489
17331
17324
17276
17257
17237
17211
17190
17143
17041
17040
16998
16926
16857
16826
16799
16773
16766
16715
16598
16528
16507
16471
16365
16359
16353
16304
16229
16222
16118
16112
16076
15945
15926
15851
15798
15765
15696
15659
15618
15592
15494
15437
15431
15373
15349
15315
15132
15129
15111
15092
15054
15037
14990
14979
14973
14931
14920
14885
14848
14782
14705
14615
14606
14599
14598
14588
14573
14565
14541
14424
14391
14363
14268
14251
13799
13778
13758
13724
13663
13496
13338
13325
13224
13181
13160
13106
13083
13019
12943
12899
12876
12852
12840
12701
12692
12650
12638
12583
12468
12463
12397
12382
12380
12357
12311
12295
12238
12187
12071
12015
12013
11831
11778
11720
11686
11679
11641
11519
11438
11410
11378
11360
11288
11278
11253
11248
11219
11121
11064
11027
10929
10900
10854
10728
10715
10685
10685
10665
10661
10607
10585
10575
10533
10522
10518
10512
10492
10398
10309
10235
10199
10199
10184
10180
10092
10080
10073
10029
9995
9946
9938
9926
9891
9737
9730
9718
9656
9624
9615
9538
9536
9529
9426
9361
9330
9235
9225
9190
9040
9038
8987
8965
8922
8911
8901
8873
8828
8821
8748
8684
8667
8660
8624
8573
8518
8503
8380
8356
8279
8266
8234
8185
8171
8158
8020
7958
7949
7872
7844
7802
7802
7768
7723
7720
7556
7549
7388
7333
7313
7255
7194
7150
7148
7116
7073
7035
7015
6974
6794
6777
6764
6695
6681
6648
6623
6620
6560
6541
6535
6531
6509
6485
6477
6470
6400
6334
6238
6238
6226
6206
6162
6138
6081
6031
6014
5963
5904
5903
5898
5890
5812
5590
5547
5538
5489
5343
5340
5277
5264
5177
5096
5062
4940
4936
4932
4888
4880
4835
4809
4717
4654
4617
4584
4572
4533
4474
4458
4397
4369
4344
4329
4301
4264
4219
4166
4030
4017
3998
3949
3925
3736
3732
3626
3598
3557
3504
3341
3293
3192
3170
3124
3110
2979
2920
2821
2690
2686
2649
2647
2620
2564
2540
2430
2339
2325
2325
2193
2126
2119
2114
2030
1943
1895
1752
1627
1546
1520
1456
1442
1357
1315
1290
1273
1115
1077
1076
1069
1040
1036
1014
977
962
707
674
665
638
610
555
538
480
420
382
273
267
266
176
135
71
40
40
38
