99998
99981
99962
99951
99941
99794
99748
99538
99505
99483
99348
99273
99263
99200
99141
99125
99038
99027
98928
98896
98885
98882
98789
98772
98704
98698
98656
98622
98619
98542
98466
98434
98291
98278
98261
98175
98137
98119
98043
97887
97805
97756
97714
97688
97576
97569
97520
97499
97410
97400
97395
97390
97177
97152
97116
97024
96951
96912
96847
96828
96825
96810
96793
96711
96693
96582
96535
96479
96380
96377
96329
96327
96245
96200
96153
96111
96070
95938
95924
95908
95888
95809
95802
95685
95665
95586
95552
95541
95508
95500
95459
95417
95406
95286
95198
95161
94904
94903
94868
94787
94543
94532
94451
94363
94358
94232
94217
94167
94154
94061
93871
93841
93712
93657
93605
93550
93430
93418
93388
93277
93245
93222
93177
93151
93126
92982
92978
92952
92932
92917
92903
92889
92856
92591
92577
92503
92488
92472
92411
92410
92335
92273
92257
92224
92183
92115
92053
91953
91903
91801
91783
91757
91670
91663
91616
91613
91541
91522
91516
91490
91391
91351
91262
91234
91227
91127
91036
91029
90886
90844
90545
90404
90306
90304
90291
90184
90166
90122
90116
90043
90012
89973
89911
89832
89818
89780
89729
89707
89693
89618
89558
89529
89522
89522
89496
89383
89354
89236
89208
89192
89183
89127
89124
89044
88773
88766
88615
88516
88498
88461
88457
88371
88357
88331
88328
88296
88209
88130
88123
88106
88063
88050
87839
87731
87729
87656
87630
87576
87473
87346
87329
87251
87170
87150
87117
87090
87006
86973
86859
86858
86833
86780
86700
86622
86445
86420
86384
86371
86327
86250
86181
86146
86127
86004
85968
85952
85941
85908
85900
85822
85812
85808
85798
85734
85700
85669
85505
85456
85454
85432
85235
85228
85216
85207
85181
85175
85171
85122
85118
85100
85068
85030
84975
84818
84811
84806
84761
84660
84614
84598
84562
84521
84506
84427
84317
84315
84244
84164
84153
84057
83947
83931
83923
83868
83818
83759
83711
83688
83602
83600
83558
83523
83507
83502
83494
83393
83381
83351
83318
83311
83299
83280
83109
83083
83072
83070
83065
83051
83022
83009
82994
82992
82979
82966
82825
82764
82711
82703
82618
82599
82568
82547
82525
82513
82472
82454
82375
82330
82286
82202
82148
82118
82056
82054
81933
81724
81715
81652
81632
81593
81558
81552
81547
81541
81535
81527
81526
81514
81484
81469
81393
81381
81312
81307
81292
81276
81262
81218
81168
81163
81098
81036
81007
81006
80979
80974
80901
80895
80824
80732
80641
80628
80579
80508
80502
80496
80486
80468
80418
80384
80343
80335
80298
80237
80224
80161
80107
79943
79845
79768
79729
79701
79661
79622
79552
79539
79531
79476
79252
79241
78912
78852
78850
78844
78824
78794
78788
78775
78723
78681
78641
78635
78514
78362
78312
78133
78129
77799
77771
77678
77663
77635
77633
77617
77598
77592
77566
77552
77454
77441
77390
77184
77158
77125
77087
77041
76828
76756
76723
76605
76562
76537
76478
76470
76424
76396
76384
76203
76179
76031
76019
75994
75961
75915
75863
75835
75828
75762
75735
75717
75693
75688
75673
75641
75623
75546
75440
75424
75404
75350
75283
75270
75177
75009
74998
74937
74861
74854
74771
74752
74746
74696
74593
74593
74554
74534
74516
74501
74479
74421
74385
74375
74372
74266
74251
74238
74227
74206
74193
74138
74129
73935
73873
73852
73797
73707
73692
73684
73649
73613
73599
73358
73252
73073
73000
72989
72970
72957
72937
72871
72682
72674
72630
72605
72534
72520
72465
72336
72317
72283
72188
72147
72142
72062
71879
71829
71670
71654
71423
71395
71347
71346
71315
71308
71302
71241
71218
71125
71042
70961
70956
70892
70881
70876
70872
70858
70853
70829
70825
70823
70734
70712
70574
70528
70465
70411
70239
70217
70165
70130
69994
69893
69889
69819
69811
69809
69804
69749
69669
69571
69532
69496
69367
69285
69284
69191
69172
69115
69093
69083
69058
68986
68985
68907
68906
68901
68780
68654
68631
68567
68464
68357
68355
68339
68272
68257
68023
68015
67966
67814
67810
67738
67664
67579
67483
67413
67397
67354
67247
67246
67207
67198
67188
67054
66968
66966
66943
66932
66908
66832
66775
66765
66632
66545
66517
66457
66455
66309
66190
65916
65873
65858
65758
65743
65686
65646
65605
65559
65553
65550
65546
65539
65518
65339
65323
65156
65023
64997
64980
64963
64945
64804
64759
64742
64682
64674
64563
64556
64471
64353
64304
64255
64181
64154
64136
64123
64111
64025
63957
63950
63915
63910
63900
63885
63832
63829
63803
63799
63755
63736
63713
63675
63618
63572
63530
63507
63489
63430
63418
63360
63329
63258
63116
63107
63107
63103
63081
62954
62918
62854
62840
62800
62642
62639
62618
62518
62493
62469
62445
62435
62415
62378
62372
62345
62326
62259
62088
62012
61944
61914
61900
61831
61807
61774
61774
61620
61591
61583
61396
61371
61296
61289
61266
61260
61259
61256
61231
61040
61019
60983
60858
60808
60781
60699
60691
60665
60609
60600
60518
60497
60467
60455
60454
60406
60256
60131
60107
60016
60012
59963
59848
59816
59738
59729
59631
59542
59517
59502
59486
59457
59412
59302
59296
59233
59203
59107
59064
59049
58956
58800
58734
58723
58693
58689
58537
58485
58470
58453
58408
58338
58285
58285
58087
57877
57872
57797
57716
57621
57575
57543
57524
57514
57465
57439
57416
57354
57236
57202
57149
57146
57028
56971
56956
56941
56865
56857
56631
56595
56570
56475
56439
56380
56379
56368
56279
56241
56239
56201
56199
56185
56049
56005
55988
55952
55951
55934
55927
55893
55871
55864
55850
55811
55641
55636
55635
55630
55615
55470
55408
55406
55397
55329
55235
55167
55119
55115
55106
55085
55033
55024
54928
54894
54866
54793
54788
54745
54708
54705
54681
54678
54561
54555
54524
54495
54401
54347
54295
54269
54266
54257
54226
54183
54143
54135
54120
54051
53991
53939
53882
53790
53729
53724
53605
53517
53500
53492
53464
53392
53292
53276
53194
53145
53027
52930
52903
52866
52855
52815
52811
52776
52759
52743
52718
52692
52692
52614
52574
52447
52421
52401
52385
52315
52234
52225
52201
52196
52176
52107
52052
52035
52028
52022
51989
51989
51969
51942
51929
51918
51912
51782
51758
51715
51705
51637
51558
51556
51512
51472
51403
51372
51341
51282
51274
51222
51222
51199
51195
51156
51156
51147
51110
51094
51057
51007
50984
50974
50972
50956
50927
50860
50859
50769
50656
50596
50427
50416
50339
50310
50307
50300
50298
50150
50146
50109
50009
49945
49914
49833
49826
49754
49725
49661
49649
49626
49608
49561
49555
49525
49490
49428
49414
49326
49326
49238
49217
49201
49185
49180
49149
49049
49019
48934
48907
48762
48632
48567
48527
48522
48517
48437
48354
48350
48341
48331
48305
48217
48198
48167
48164
48152
48123
48101
48020
48015
47973
47940
47894
47857
47847
47635
47583
47543
47471
47356
47323
47244
47243
47014
47014
46882
46766
46764
46739
46720
46696
46694
46610
46550
46487
46435
46416
46194
46192
46177
46088
46077
46074
46010
45955
45885
45879
45829
45711
45612
45591
45577
45545
45531
45510
45491
45397
45395
45303
45235
45179
45079
44934
44888
44673
44542
44471
44380
44295
44263
44194
44055
44026
43985
43966
43888
43816
43784
43772
43753
43699
43690
43636
43632
43564
43546
43541
43405
43316
43096
43030
42967
42948
42933
42926
42911
42809
42795
42780
42763
42730
42651
42560
42542
42489
42487
42465
42440
42426
42410
42344
42333
42316
42302
42266
42207
42155
42130
42006
42006
41995
41985
41973
41966
41869
41835
41695
41684
41622
41568
41536
41512
41466
41444
41377
41316
41304
41290
41250
41189
41048
41036
40925
40909
40879
40810
40755
40737
40718
40631
40585
40423
40414
40414
40406
40368
40365
40273
40251
40224
40178
40084
40072
40063
40040
39880
39854
39768
39710
39684
39680
39622
39612
39592
39542
39486
39479
39448
39265
39134
39120
39083
39081
39056
39004
38940
38798
38719
38566
38517
38492
38418
38412
38291
38274
38207
38132
38096
38010
37930
37860
37839
37838
37835
37829
37777
37774
37736
37716
37684
37661
37638
37624
37585
37545
37452
37422
37393
37311
37270
37210
36973
36958
36951
36906
36862
36839
36831
36786
36780
36716
36657
36641
36509
36474
36471
36453
36406
36402
36369
36333
36295
36171
36160
36115
36063
35964
35962
35895
35883
35878
35813
35754
35740
35720
35696
35672
35667
35649
35646
35602
35585
35475
35412
35376
35289
35239
35236
35058
35030
34951
34930
34895
34885
34871
34856
34836
34759
34667
34651
34633
34626
34559
34502
34445
34419
34307
34254
34226
34171
34099
34066
33937
33725
33700
33665
33652
33436
33430
33394
33376
33339
33329
33277
33254
33250
33163
33120
33116
33114
33091
33043
32990
32883
32853
32852
32587
32581
32569
32532
32482
32462
32328
32310
32264
32238
32235
32195
32162
32120
32113
31990
31953
31881
31858
31703
31650
31647
31591
31544
31493
31432
31307
31176
31133
31130
31078
31017
30994
30950
30847
30846
30680
30642
30567
30565
30547
30476
30372
30306
30299
30291
30238
30214
30172
30151
30116
30103
30053
29968
29728
29724
29661
29648
29615
29559
29465
29394
29388
29286
29276
29275
29169
29034
28960
28817
28757
28750
28625
28570
28521
28479
28455
28430
28372
28368
28319
28246
28169
28075
28060
27931
27896
27808
27732
27724
27706
27701
27684
27595
27473
27416
27363
27338
27293
27274
27214
27135
27133
27114
27096
27092
26949
26927
26915
26889
26886
26797
26795
26702
26679
26645
26548
26544
26501
26349
26288
26280
26170
26142
26108
26094
26069
26043
26030
25909
25890
25834
25814
25812
25785
25765
25742
25700
25661
25573
25534
25499
25427
25354
24994
24945
24945
24942
24907
24656
24577
24553
24540
24532
24502
24481
24450
24443
24430
24401
24372
24370
24324
24208
24182
24173
24113
24065
23994
23919
23823
23724
23647
23595
23483
23425
23372
23349
23306
23264
23225
23199
23177
23071
22950
22938
22912
22792
22788
22747
22712
22648
22633
22613
22612
22593
22584
22567
22557
22555
22449
22445
22432
22419
22361
22308
22279
22238
22201
22195
22172
22071
21989
21985
21953
21822
21669
21650
21593
21585
21566
21562
21524
21469
21289
21288
21233
21222
21119
21103
21078
21052
21049
20953
20953
20897
20709
20671
20618
20494
20293
20270
20254
20170
20145
20119
20080
20076
20074
20016
20007
19997
19898
19769
19753
19717
19677
19596
19526
19488
19417
19365
19145
19122
19092
19061
18813
18803
18738
18734
18641
18601
18569
18506
18482
18478
18366
18327
18290
18281
18270
18237
18152
18142
18128
18063
17947
17787
17699
17694
17496
17477
17300
17269
17266
17071
17009
16965
16963
16894
16872
16866
16771
16547
16521
16511
16508
16480
16473
16299
16269
16246
16220
16198
16091
16029
16010
16003
15970
15942
15920
15899
15863
15796
15727
15697
15600
15578
15531
15432
15356
15320
15269
15197
15195
15144
15075
15045
15040
15025
14959
14946
14941
14917
14903
14880
14786
14756
14736
14671
14638
14598
14483
14368
14338
14311
14278
14205
14089
14059
14005
13922
13893
13831
13824
13810
13791
13738
13701
13682
13682
13616
13577
13575
13550
13437
13424
13353
13265
13246
13194
13156
13069
12942
12933
12900
12757
12607
12523
12514
12460
12325
12235
12097
11948
11947
11946
11902
11891
11755
11737
11717
11676
11590
11500
11491
11403
11246
11155
11101
10975
10880
10807
10638
10621
10412
10383
10330
10140
10025
10019
10008
9979
9972
9896
9767
9728
9698
9671
9668
9666
9659
9649
9564
9528
9482
9392
9261
9138
9109
9103
9020
9002
8958
8859
8808
8665
8619
8542
8523
8505
8505
8504
8486
8301
8288
8287
8264
8170
8140
8025
8002
7969
7961
7892
7848
7833
7767
7669
7452
7424
7359
7335
7306
7263
7261
7170
7118
7096
7090
7076
7069
7062
7042
6994
6975
6968
6853
6841
6800
6648
6600
6576
6561
6525
6489
6469
6439
6438
6351
6351
6326
6151
6127
6058
6018
6013
6002
5901
5838
5805
5704
5680
5676
5609
5525
5355
5234
5192
5157
5146
5105
5099
5089
5073
4907
4903
4870
4816
4774
4686
4685
4591
4555
4527
4526
4498
4493
4448
4440
4289
4253
4243
4242
4241
4071
4046
4032
3971
3960
3957
3936
3923
3868
3861
3767
3745
3745
3690
3507
3426
3341
3259
3242
3165
3160
3143
3032
3006
2939
2920
2915
2888
2866
2858
2857
2788
2697
2696
2614
2561
2558
2498
2452
2361
2296
2254
2136
2113
2097
2081
1931
1911
1885
1795
1745
1678
1632
1623
1607
1592
1549
1539
1530
1477
1455
1347
1273
1068
1058
982
927
880
871
702
682
591
582
575
530
393
317
304
301
282
185
75
55
16
16
