99866
99834
99610
99600
99500
99476
99401
99366
99265
99256
99202
99186
99126
99103
99084
98952
98951
98944
98852
98837
98815
98733
98587
98574
98565
98560
98507
98450
98418
98401
98341
98288
98266
98120
97933
97931
97858
97810
97776
97763
97749
97694
97678
97662
97562
97521
97502
97488
97438
97377
97327
97290
97195
97143
97135
97092
97067
97062
96875
96864
96793
96768
96720
96711
96640
96587
96457
96311
96206
96168
96165
96145
96122
96055
95986
95890
95858
95842
95696
95648
95620
95610
95497
95493
95489
95463
95103
95087
94979
94889
94833
94717
94695
94647
94629
94629
94592
94581
94479
94475
94469
94430
94377
94374
94363
94339
94333
94226
94044
94037
94006
93981
93935
93910
93846
93708
93559
93539
93470
93375
93346
93334
93301
93272
93186
93184
93166
93160
93104
93045
93045
92977
92875
92786
92777
92774
92713
92688
92601
92578
92545
92535
92510
92445
92415
92325
92285
92239
92205
92197
92181
92164
92157
92120
92078
92031
92014
91890
91877
91835
91807
91787
91775
91737
91687
91681
91672
91618
91548
91494
91406
91336
91239
91136
91127
91085
91054
90960
90888
90869
90758
90745
90669
90620
90616
90572
90553
90497
90444
90314
90282
90256
90245
90235
90188
90130
90094
89941
89856
89811
89804
89761
89746
89718
89629
89623
89528
89519
89489
89385
89354
89349
89306
89302
89267
89214
89208
89098
89053
89033
88865
88763
88674
88670
88640
88631
88567
88464
88416
88378
88339
88255
88249
88035
87996
87971
87948
87877
87870
87849
87823
87684
87668
87666
87601
87580
87564
87533
87454
87406
87396
87324
87320
87280
87260
87192
87181
87166
87123
87068
87047
86961
86930
86911
86885
86870
86785
86777
86733
86725
86720
86669
86528
86523
86447
86436
86357
86296
86281
86104
86086
86010
85985
85757
85544
85534
85424
85423
85349
85300
85279
85210
85166
85140
85021
84996
84996
84890
84810
84742
84696
84500
84461
84455
84442
84376
84300
84053
83974
83925
83863
83839
83822
83763
83752
83746
83727
83717
83715
83700
83640
83588
83538
83467
83431
83430
83362
83358
83306
83239
83224
83152
83145
83130
83096
82955
82737
82727
82693
82651
82609
82584
82568
82543
82528
82488
82440
82395
82230
82076
82055
81978
81969
81890
81866
81861
81823
81820
81795
81676
81656
81619
81566
81562
81452
81447
81422
81413
81404
81300
81251
81234
81228
81220
81162
81149
81109
81086
80933
80867
80702
80605
80601
80573
80487
80461
80328
80264
80219
80199
80196
80151
80079
79980
79950
79766
79736
79656
79525
79472
79445
79437
79410
79405
79394
79347
79303
79261
79163
79100
79077
79002
78999
78986
78940
78938
78896
78888
78764
78670
78557
78540
78518
78463
78404
78397
78368
78341
78271
78210
78201
78155
78141
78131
78088
78072
78008
77970
77968
77929
77916
77875
77872
77864
77854
77839
77829
77710
77697
77686
77650
77622
77596
77565
77539
77515
77498
77487
77468
77451
77429
77428
77391
77372
77344
77318
77299
77237
77235
77217
77163
77039
76936
76904
76869
76832
76779
76760
76738
76726
76513
76503
76338
76298
76249
76185
76181
76158
76124
76102
76058
76058
76057
75952
75950
75906
75866
75772
75772
75755
75695
75649
75634
75633
75582
75541
75499
75499
75463
75409
75393
75379
75242
75184
75157
75129
75089
74981
74905
74862
74838
74793
74790
74772
74764
74752
74721
74646
74606
74490
74455
74436
74424
74392
74388
74346
74330
74297
74212
74179
74096
74004
73895
73870
73853
73763
73745
73711
73702
73688
73652
73626
73610
73506
73486
73477
73470
73463
73429
73427
73425
73390
73320
73282
73233
73189
73067
73054
73020
72987
72963
72929
72910
72881
72863
72823
72797
72730
72727
72715
72707
72629
72599
72546
72543
72539
72471
72406
72355
72351
72276
72231
72183
72158
72128
72078
72005
71950
71948
71885
71882
71760
71748
71727
71685
71626
71524
71521
71498
71461
71186
71140
71067
71067
70980
70969
70928
70906
70844
70782
70760
70748
70702
70692
70626
70572
70551
70511
70505
70491
70440
70415
70402
70303
70298
70273
70258
70212
70042
69979
69939
69905
69887
69864
69851
69785
69769
69639
69621
69559
69554
69539
69531
69499
69476
69460
69397
69280
69230
69202
69186
69174
69158
69157
69155
69144
69119
68999
68941
68893
68865
68858
68789
68777
68775
68769
68765
68648
68613
68575
68479
68415
68370
68294
68284
68260
68238
68203
68158
68075
68063
68055
67896
67797
67728
67715
67699
67675
67667
67605
67486
67469
67468
67420
67361
67316
67313
67264
67199
67095
67054
66966
66949
66949
66897
66871
66842
66793
66748
66665
66660
66540
66526
66340
66261
66183
66173
66135
66121
66078
66022
65909
65773
65758
65752
65750
65708
65691
65670
65590
65552
65311
65273
65209
65196
65182
65180
65173
65079
65045
64939
64938
64911
64908
64896
64845
64820
64641
64563
64548
64523
64491
64389
64370
64328
64328
64310
64272
64257
64219
64123
64083
63978
63948
63867
63816
63765
63746
63532
63501
63453
63438
63389
63345
63260
63227
63151
63117
63089
62991
62891
62791
62765
62735
62726
62628
62562
62544
62535
62490
62483
62450
62368
62318
62267
62200
62125
62065
62038
62022
62003
61974
61887
61814
61750
61679
61637
61470
61452
61429
61309
61292
61213
61170
61169
61166
61164
61058
61027
60835
60830
60805
60786
60781
60779
60773
60759
60719
60658
60567
60545
60516
60504
60461
60374
60284
60197
60163
60146
60101
60089
60077
60073
60061
60037
59985
59851
59801
59728
59715
59714
59585
59576
59570
59519
59377
59319
59284
59271
59263
59125
59068
59026
58837
58832
58734
58668
58651
58535
58531
58483
58481
58460
58441
58418
58349
58349
58346
58340
58292
58257
58218
58066
58065
57904
57887
57770
57740
57646
57646
57542
57541
57404
57386
57379
57369
57293
57292
57263
57202
57176
57128
57069
57032
56995
56968
56846
56831
56818
56664
56649
56628
56478
56452
56386
56175
56046
56031
55999
55939
55891
55887
55690
55648
55464
55363
55343
55247
55232
55081
55028
54939
54895
54882
54790
54695
54636
54622
54592
54572
54533
54517
54373
54366
54352
54201
54135
54104
54062
54051
54015
53950
53908
53864
53743
53553
53463
53385
53335
53276
53262
53156
53154
53076
52845
52814
52747
52737
52728
52728
52651
52632
52551
52434
52432
52416
52318
52232
52072
52040
52002
51947
51889
51885
51852
51757
51740
51709
51700
51700
51657
51646
51619
51426
51418
51339
51208
51098
51071
51000
50916
50755
50637
50619
50599
50573
50540
50452
50387
50386
50366
50254
50253
50173
50166
50156
50103
50090
50072
50031
49991
49985
49983
49915
49896
49825
49801
49784
49762
49709
49701
49677
49627
49582
49333
49264
49197
49160
49083
49061
49060
48930
48909
48900
48836
48832
48542
48476
48448
48381
48318
48289
48288
48200
48185
48184
48124
48108
48102
48086
47977
47962
47917
47893
47784
47784
47761
47715
47699
47525
47506
47392
47388
47303
47271
47257
47255
47127
47125
47061
46979
46975
46954
46937
46925
46918
46876
46822
46820
46622
46541
46413
46399
46355
46354
46290
46284
46180
46176
46015
46005
45938
45921
45898
45881
45783
45759
45756
45721
45673
45616
45388
45300
45238
45234
45226
45220
44880
44878
44857
44739
44686
44662
44506
44487
44342
44264
44138
44118
44091
44051
44035
44029
44022
43938
43867
43815
43794
43653
43506
43391
43239
43156
43142
43046
43032
43028
42916
42852
42850
42800
42699
42663
42623
42556
42379
42319
42283
42196
42172
42165
42147
42136
42091
42090
42086
42068
41958
41931
41865
41817
41682
41680
41610
41603
41594
41495
41486
41351
41289
41236
41176
41129
41088
40745
40744
40673
40498
40422
40330
40323
40321
40309
40285
40206
40183
39894
39831
39809
39809
39756
39722
39711
39699
39698
39693
39693
39683
39663
39616
39416
39384
39383
39277
39249
39161
39133
39120
39006
38983
38934
38908
38875
38848
38819
38758
38749
38721
38703
38623
38619
38559
38557
38502
38475
38439
38402
38384
38352
38269
38226
38217
38096
38064
38038
38007
37983
37961
37928
37775
37701
37688
37646
37613
37555
37503
37487
37367
37295
37222
37077
36986
36940
36922
36878
36819
36771
36643
36538
36429
36427
36280
36256
36256
36189
36157
36155
36134
36108
35970
35966
35940
35880
35874
35625
35589
35451
35445
35438
35376
35306
35271
35231
35183
35118
34943
34911
34849
34843
34775
34752
34740
34645
34638
34555
34555
34353
34351
34272
34238
34207
34200
34183
34175
34094
34072
34010
33961
33952
33716
33690
33656
33439
33439
33431
33316
33316
33245
33074
33055
32924
32897
32884
32726
32708
32707
32701
32590
32510
32487
32420
32366
32317
32312
32292
32265
32155
32110
32082
32067
32051
32039
31978
31945
31906
31797
31707
31690
31568
31542
31480
31375
31301
31257
31256
31193
31158
31106
30978
30920
30907
30844
30661
30567
30485
30463
30358
30292
30273
30195
30180
30168
30128
30128
30090
30079
29950
29947
29923
29919
29863
29818
29745
29741
29707
29647
29622
29581
29564
29561
29543
29473
29255
29189
29117
29017
28993
28988
28946
28909
28804
28762
28651
28638
28603
28525
28452
28446
28345
28334
28228
28224
28207
28188
28163
28127
28115
28111
28065
28053
28035
27982
27978
27954
27794
27786
27736
27673
27531
27490
27425
27408
27400
27383
27308
27291
27254
27243
27226
27131
27117
27070
27038
26998
26988
26982
26952
26885
26828
26827
26819
26810
26730
26664
26660
26648
26635
26533
26485
26476
26475
26454
26412
26400
26390
26252
26242
26142
26110
26087
26086
26074
26025
25963
25932
25899
25898
25890
25868
25712
25663
25650
25546
25509
25494
25440
25426
25422
25312
25191
25187
25038
25014
25009
24936
24915
24837
24823
24793
24749
24747
24733
24642
24629
24533
24511
24501
24468
24392
24336
24252
24242
24239
24179
24155
24001
23879
23874
23704
23623
23621
23599
23584
23552
23552
23447
23430
23407
23357
23305
23289
23265
23255
23223
23151
23138
23051
23046
23006
22939
22850
22778
22747
22694
22626
22564
22512
22465
22441
22385
22343
22334
22333
22277
22194
22121
22083
21965
21923
21893
21838
21803
21554
21500
21480
21464
21391
21388
21258
21257
21240
21157
21100
21086
21019
20834
20818
20818
20801
20723
20699
20680
20668
20611
20555
20532
20468
20466
20326
20164
20136
20033
19991
19986
19913
19839
19827
19816
19813
19651
19513
19479
19451
19431
19192
19188
19119
19110
19108
19030
19025
19015
19008
18884
18879
18870
18863
18750
18715
18601
18601
18552
18536
18522
18515
18488
18444
18425
18339
18332
18280
18272
18219
18214
18180
18146
18126
18112
18110
17903
17668
17596
17587
17578
17563
17554
17282
17244
17182
17178
17169
16860
16860
16745
16710
16693
16653
16646
16623
16619
16528
16412
16334
16217
16205
16155
16135
16118
16117
16089
16050
15965
15959
15921
15773
15726
15717
15665
15660
15634
15629
15588
15374
15353
15324
15289
15238
15170
15167
15146
15026
15014
14973
14942
14937
14831
14813
14810
14726
14668
14660
14651
14597
14470
14445
14426
14422
14286
14146
14096
14088
14076
14045
13940
13883
13845
13791
13717
13700
13699
13670
13632
13627
13617
13478
13437
13418
13149
13135
13100
12991
12990
12934
12919
12844
12832
12796
12707
12703
12620
12592
12499
12495
12409
12378
12315
12308
12201
12186
12157
12153
12126
12028
11930
11929
11839
11821
11759
11721
11719
11717
11697
11636
11535
11515
11321
11284
11214
11139
11129
11082
11080
11039
11012
10988
10794
10755
10695
10625
10564
10550
10476
10461
10381
10279
10242
10220
10212
10201
10174
10043
9927
9906
9897
9872
9809
9740
9702
9606
9591
9433
9404
9345
9296
9259
9196
9183
9134
9133
9125
9098
9096
9093
9069
9014
8983
8896
8627
8604
8468
8289
8279
8183
8047
8027
7970
7907
7794
7739
7728
7697
7689
7667
7606
7601
7558
7520
7515
7373
7304
7283
7269
7137
7114
7096
7000
6952
6904
6898
6813
6807
6801
6741
6726
6664
6650
6559
6513
6468
6365
6332
6299
6272
6265
6159
6137
6136
6121
6082
5961
5929
5838
5819
5800
5764
5733
5715
5495
5456
5430
5417
5350
5323
5274
5085
5085
5027
4995
4865
4865
4853
4813
4712
4653
4628
4530
4526
4495
4434
4426
4309
4229
4175
4103
4048
4014
3918
3918
3820
3795
3667
3591
3556
3547
3533
3514
3512
3419
3286
3273
3232
3206
3179
3108
3008
2990
2893
2840
2816
2721
2703
2694
2355
2353
2256
2224
2204
2166
2160
2152
2088
2047
2030
1993
1880
1872
1730
1689
1660
1558
1492
1471
1327
1282
1209
1190
1174
1129
1013
967
908
880
830
708
652
649
630
623
548
542
449
407
286
239
231
230
105
98
91
57
