99977
99942
99893
99787
99782
99775
99716
99694
99671
99634
99632
99628
99583
99522
99476
99467
99375
99282
99255
99199
99140
99066
99036
98990
98975
98951
98947
98911
98828
98824
98709
98610
98556
98554
98513
98439
98400
98353
98352
98217
98194
98191
98167
98125
98017
97997
97986
97923
97844
97823
97814
97810
97708
97578
97433
97433
97347
97329
97297
97269
97258
97213
97171
97116
96964
96927
96922
96891
96667
96580
96543
96536
96484
96483
96437
96382
96324
96321
96283
96277
96240
96114
96107
96029
96000
95988
95984
95950
95900
95892
95867
95828
95781
95717
95640
95612
95604
95576
95536
95397
95226
95201
95090
95017
95005
94839
94822
94792
94749
94720
94668
94630
94616
94504
94412
94369
94348
94332
94302
94067
93915
93846
93842
93840
93790
93737
93684
93618
93598
93590
93560
93466
93466
93443
93434
93396
93334
93115
93047
92991
92917
92898
92868
92862
92765
92722
92597
92546
92543
92536
92517
92428
92414
92312
92297
92272
92254
92212
92204
92093
92091
91985
91953
91865
91851
91788
91733
91696
91689
91685
91669
91549
91496
91472
91333
91316
91311
91194
91067
91007
90985
90959
90943
90845
90821
90762
90745
90574
90567
90526
90392
90377
90323
90313
90208
90014
89906
89862
89858
89552
89498
89477
89469
89428
89376
89295
89241
89086
88988
88721
88609
88577
88541
88454
88451
88438
88410
88288
88221
88215
88197
88194
88156
88114
88029
87889
87872
87798
87772
87771
87707
87661
87636
87607
87560
87524
87523
87472
87469
87430
87407
87405
87244
87087
87049
87044
86975
86920
86905
86904
86900
86879
86835
86783
86771
86745
86728
86650
86640
86413
86390
86360
86143
86101
85974
85960
85926
85778
85707
85706
85682
85619
85595
85565
85514
85463
85402
85393
85315
85288
85271
85173
85141
85055
85016
84922
84911
84739
84678
84674
84673
84648
84632
84615
84599
84578
84571
84511
84458
84371
84324
84261
84259
84162
84153
84134
84129
84017
83961
83961
83901
83883
83867
83842
83829
83818
83731
83711
83691
83690
83674
83672
83608
83581
83472
83419
83415
83404
83315
83306
83147
83112
83065
83047
83019
83019
82999
82971
82967
82917
82911
82907
82739
82723
82599
82584
82568
82544
82507
82486
82474
82453
82338
82335
82331
82180
82142
82066
81909
81780
81759
81723
81640
81614
81530
81488
81419
81358
81342
81202
81133
81129
81008
80929
80892
80837
80813
80641
80501
80449
80407
80378
80366
80303
80289
80256
80242
80198
80171
80105
80082
80082
80054
80031
79998
79929
79919
79859
79823
79802
79795
79788
79703
79614
79599
79522
79364
79360
79351
79324
79298
79201
79192
79157
79128
79115
79070
79041
79034
79003
78982
78932
78922
78883
78854
78812
78702
78694
78667
78487
78463
78412
78394
78350
78331
78320
78188
78175
78174
78163
78142
78083
78055
77973
77893
77783
77747
77704
77672
77580
77575
77529
77495
77450
77378
77327
77308
77282
77267
77252
77195
77177
76993
76938
76911
76901
76899
76853
76760
76734
76732
76727
76583
76539
76526
76472
76382
76364
76162
76099
76008
75986
75968
75953
75923
75871
75858
75828
75698
75694
75664
75663
75663
75652
75607
75572
75505
75387
75377
75242
75173
75139
75137
75009
74990
74930
74890
74669
74668
74613
74599
74564
74551
74538
74404
74299
74221
74215
74197
74137
74114
74030
73954
73857
73840
73820
73810
73778
73731
73540
73533
73408
73385
73271
73198
73139
73118
73116
72859
72849
72796
72654
72638
72586
72565
72440
72327
72262
72182
72126
72105
72098
72070
71830
71728
71715
71668
71599
71528
71444
71334
71334
71216
71045
70869
70824
70791
70784
70784
70779
70770
70759
70653
70599
70555
70464
70418
70362
70347
70246
70222
70210
70090
70071
69980
69976
69908
69856
69837
69769
69713
69653
69585
69572
69558
69453
69452
69425
69390
69364
69352
69258
69174
69164
69088
69042
68995
68990
68956
68764
68722
68660
68594
68560
68541
68461
68430
68358
68351
68215
68209
68161
67986
67966
67953
67902
67830
67821
67781
67757
67617
67579
67485
67449
67439
67399
67398
67296
67234
67130
67107
66981
66960
66931
66912
66825
66798
66702
66695
66639
66613
66571
66511
66444
66360
66217
66208
66203
66122
66062
65973
65954
65915
65884
65880
65872
65853
65815
65748
65740
65709
65708
65670
65661
65595
65590
65505
65407
65373
65311
65290
65277
65241
65220
65201
65180
65151
65132
65130
65077
65056
65040
65030
64975
64865
64856
64854
64853
64819
64786
64771
64683
64653
64653
64632
64500
64481
64430
64321
64134
64081
63880
63857
63831
63791
63763
63658
63658
63637
63613
63563
63561
63538
63446
63424
63369
63243
63206
63200
63086
63073
63057
63039
62941
62699
62646
62628
62607
62599
62576
62570
62532
62409
62344
62307
62130
62033
62020
62004
61971
61964
61687
61680
61522
61420
61326
61268
61246
61226
61225
61172
61167
61156
61086
60988
60984
60975
60970
60861
60833
60778
60723
60685
60552
60469
60417
60300
60266
60234
60215
60156
60128
60067
59991
59985
59861
59823
59816
59718
59718
59702
59649
59611
59564
59562
59520
59395
59388
59369
59334
59295
59295
59244
59242
59215
58825
58795
58773
58750
58670
58667
58489
58463
58401
58353
58325
58286
58146
58140
58136
58041
58010
57955
57919
57765
57702
57698
57675
57666
57652
57577
57562
57552
57526
57494
57392
57389
57231
57222
57195
57162
57108
57070
57020
56951
56874
56868
56789
56725
56573
56423
56379
56364
56358
56255
56140
56003
55941
55828
55817
55778
55741
55711
55693
55676
55546
55504
55501
55462
55426
55398
55379
55374
55346
55324
55255
55232
55200
55138
55135
55116
55062
54992
54972
54970
54952
54768
54719
54566
54463
54376
54354
54261
54258
54158
54156
53939
53861
53857
53808
53786
53767
53691
53660
53542
53531
53423
53416
53313
53274
53266
53139
52999
52971
52968
52952
52945
52886
52874
52826
52808
52798
52755
52723
52682
52637
52631
52617
52614
52607
52581
52532
52482
52465
52398
52230
52130
52108
52083
52042
52016
51987
51977
51945
51943
51915
51886
51865
51840
51821
51800
51697
51568
51536
51534
51491
51320
51307
51270
51262
51256
51210
51149
51122
51090
50962
50909
50866
50796
50555
50533
50525
50453
50418
50392
50358
50229
50218
50177
50126
50118
50098
50096
50073
50062
50054
50047
50013
49980
49976
49961
49948
49947
49927
49879
49859
49761
49714
49694
49678
49676
49664
49661
49628
49627
49617
49559
49545
49503
49429
49411
49269
49254
49181
49179
49130
48978
48808
48802
48785
48728
48668
48663
48647
48591
48528
48503
48359
48320
48091
48061
48012
47992
47972
47966
47903
47758
47698
47689
47675
47596
47592
47554
47495
47431
47421
47406
47338
47329
47328
47282
47233
47228
47219
47204
47169
47065
47058
46940
46875
46861
46800
46703
46697
46689
46688
46664
46552
46538
46495
46461
46375
46296
46229
46222
46112
46109
46077
46074
46065
45953
45896
45814
45806
45766
45742
45711
45629
45617
45569
45523
45468
45406
45362
45333
45216
45204
45120
45072
45045
45038
45037
45014
44981
44856
44846
44787
44745
44659
44455
44429
44416
44389
44378
44343
44303
44222
44156
44037
44013
43957
43871
43838
43838
43807
43587
43567
43565
43557
43489
43467
43194
43160
43097
43038
42866
42836
42757
42697
42626
42565
42557
42466
42384
42372
42153
42141
42112
42039
42032
42022
41797
41788
41756
41744
41649
41597
41523
41488
41481
41375
41327
41309
41174
41116
40996
40934
40920
40917
40883
40870
40698
40671
40597
40546
40496
40415
40296
40281
40276
40266
40249
40197
40109
40106
40102
39896
39876
39869
39860
39826
39717
39705
39690
39643
39580
39569
39491
39489
39486
39474
39422
39370
39355
39349
39255
39238
39139
39113
39106
38982
38934
38838
38816
38815
38813
38811
38706
38705
38655
38637
38637
38570
38557
38536
38521
38496
38381
38346
38309
38201
38178
38155
38077
38001
37970
37955
37825
37803
37627
37589
37572
37515
37450
37411
37405
37392
37391
37283
37204
37174
37129
37073
36977
36967
36866
36839
36834
36796
36780
36686
36686
36681
36553
36529
36409
36359
36297
36268
36200
36111
36110
35944
35836
35612
35521
35490
35444
35420
35351
35265
35242
35207
35193
35113
35099
35087
34982
34949
34898
34886
34861
34839
34819
34813
34753
34726
34718
34693
34649
34584
34481
34443
34372
34351
34312
34304
34289
34278
34122
33979
33968
33938
33835
33829
33734
33701
33662
33603
33535
33492
33453
33426
33315
33309
33307
33270
33241
33227
33227
33144
33126
33124
33110
33037
33032
32977
32854
32804
32723
32662
32638
32587
32530
32523
32465
32464
32424
32417
32414
32396
32322
32226
32147
32060
31923
31885
31883
31838
31739
31724
31719
31712
31611
31577
31515
31506
31496
31398
31257
31229
31225
31164
31001
30856
30829
30626
30618
30589
30571
30491
30256
30254
30231
30205
30181
30089
30072
30049
30039
30017
29982
29786
29770
29640
29606
29584
29555
29540
29506
29467
29445
29327
29169
29104
29048
28908
28877
28753
28268
28203
28202
28166
28165
28162
28115
28106
28072
28050
28040
27945
27916
27805
27797
27774
27763
27716
27619
27598
27590
27585
27548
27527
27467
27446
27412
27373
27308
27278
27271
27197
27151
27078
27068
27057
27008
26910
26832
26809
26793
26766
26701
26694
26673
26647
26642
26618
26612
26609
26543
26355
26317
26241
26231
26200
26121
26093
26091
25989
25933
25918
25862
25837
25711
25672
25657
25634
25559
25549
25542
25519
25480
25457
25454
25420
25355
25334
25311
25304
25281
25241
25220
25072
25040
25020
24945
24924
24918
24879
24814
24747
24702
24688
24633
24607
24560
24520
24471
24462
24396
24368
24358
24316
24254
24131
24082
24069
24068
24050
24027
24026
24007
23996
23991
23872
23846
23795
23751
23677
23545
23405
23388
23371
23328
23285
23045
22872
22790
22751
22746
22726
22675
22467
22448
22414
22324
22204
22193
22144
22098
22037
22015
22014
22013
22005
21973
21939
21890
21842
21771
21676
21676
21579
21557
21543
21536
21512
21495
21467
21414
21409
21385
21282
21269
21121
21047
21033
21002
20970
20944
20845
20770
20763
20755
20749
20745
20729
20710
20674
20627
20596
20554
20493
20414
20410
20400
20243
20240
20215
20195
20113
20043
20003
19929
19929
19929
19928
19848
19723
19717
19689
19563
19520
19376
19251
19126
19099
19059
18894
18874
18851
18843
18763
18758
18702
18700
18657
18617
18377
18359
18331
18297
18154
18025
18011
17990
17837
17796
17774
17748
17745
17728
17704
17687
17653
17596
17550
17528
17514
17345
17332
17308
17294
17208
17039
16990
16947
16773
16760
16729
16707
16701
16660
16658
16585
16559
16526
16483
16480
16474
16393
16325
16278
16273
16225
16159
16095
16049
15857
15853
15829
15822
15787
15773
15773
15762
15705
15636
15450
15437
15382
15361
15356
15326
15303
15280
15271
15219
15172
15134
15088
15076
15056
14665
14655
14608
14466
14327
14275
14245
14229
14209
14140
14136
13943
13693
13639
13601
13571
13569
13502
13487
13374
13309
13254
13239
13172
13167
13062
13053
13009
12962
12952
12906
12882
12755
12639
12635
12568
12487
12485
12471
12373
12141
12127
12113
12058
12039
11978
11917
11838
11804
11751
11742
11667
11655
11654
11653
11594
11576
11516
11487
11469
11344
11329
11289
11281
11225
11215
11147
11134
11119
11049
10938
10913
10798
10748
10702
10509
10504
10336
10284
10281
10126
10085
10053
9992
9980
9949
9938
9932
9915
9889
9813
9811
9782
9684
9550
9521
9448
9413
9368
9308
9248
9122
9121
9070
9039
9007
8977
8922
8898
8863
8849
8738
8701
8661
8631
8590
8550
8506
8491
8428
8295
8264
8201
8169
8151
8114
7875
7853
7832
7772
7735
7663
7648
7627
7598
7556
7499
7406
7385
7328
7309
7309
7299
7285
7256
7205
7195
7147
7142
7131
6999
6972
6949
6814
6724
6671
6534
6525
6505
6422
6389
6343
6202
6181
6080
6077
6014
5962
5947
5765
5719
5681
5571
5526
5477
5456
5340
5295
5159
5083
5040
4889
4886
4760
4739
4732
4704
4604
4591
4529
4521
4514
4508
4472
4413
4358
4353
4267
4258
4206
4201
4171
4164
4156
4146
4036
4009
3859
3821
3604
3603
3523
3459
3440
3321
3321
3268
3239
3170
3169
3040
3009
2991
2965
2959
2955
2912
2895
2831
2755
2654
2595
2578
2574
2500
2483
2480
2461
2444
2431
2397
2269
2263
2221
2207
2187
2132
2132
2043
2039
2015
1854
1829
1797
1774
1753
1738
1637
1608
1598
1552
1516
1497
1496
1461
1445
1441
1190
1165
1113
1076
963
938
929
795
778
762
732
706
668
637
607
599
580
558
549
498
498
453
450
290
222
195
167
100
30
29
