99922
99908
99850
99841
99792
99748
99699
99652
99594
99459
99446
99375
99370
99348
99322
99320
99318
99293
99274
99272
99192
99062
99032
98894
98826
98824
98811
98668
98540
98512
98423
98340
98311
98307
98254
98214
98193
98137
98071
98063
98050
97967
97947
97851
97846
97832
97831
97794
97727
97665
97599
97583
97567
97508
97471
97467
97460
97401
97392
97146
97132
97092
97065
97024
96992
96903
96852
96820
96808
96773
96759
96731
96728
96720
96481
96408
96404
96197
96181
96118
96115
96067
96025
95910
95836
95819
95675
95629
95616
95588
95548
95488
95479
95453
95442
95425
95417
95408
95396
95386
95365
95293
95278
95187
95184
95123
95076
94996
94988
94958
94881
94879
94875
94872
94855
94840
94781
94741
94726
94676
94555
94459
94384
94334
94319
94303
94296
94293
94187
94145
94114
94063
93988
93967
93965
93873
93463
93440
93357
93345
93293
93283
93237
93187
93183
93182
93170
93108
93097
93097
93056
92950
92943
92911
92851
92814
92790
92750
92650
92642
92560
92482
92405
92384
92367
92346
92275
92041
92018
91940
91908
91905
91742
91729
91679
91632
91593
91575
91505
91458
91454
91453
91447
91422
91343
91310
91302
91299
91296
91050
90951
90876
90628
90594
90582
90562
90510
90479
90460
90449
90438
90383
90287
90057
90027
89994
89988
89936
89882
89850
89825
89809
89768
89731
89623
89583
89558
89456
89454
89394
89350
89321
89270
89253
89183
89107
88959
88875
88872
88866
88859
88807
88768
88693
88663
88655
88533
88497
88464
88425
88407
88319
88310
88296
88224
88198
88187
88061
87911
87902
87640
87552
87508
87506
87391
87281
87279
87227
87192
87152
87130
87076
86988
86777
86703
86703
86680
86629
86614
86611
86610
86594
86586
86536
86402
86358
86301
86246
86181
86165
86146
86045
86015
85950
85861
85851
85842
85810
85737
85678
85669
85536
85530
85528
85497
85449
85432
85406
85384
85278
85243
84914
84869
84835
84815
84798
84766
84757
84651
84609
84576
84496
84437
84430
84347
84305
84234
84232
84228
84218
84172
84017
83996
83933
83931
83928
83626
83556
83502
83477
83458
83386
83337
83331
83295
83287
83241
83175
83137
82998
82982
82945
82901
82875
82841
82839
82825
82701
82637
82595
82567
82554
82415
82411
82375
82359
82307
82305
82264
82206
82154
82097
82038
81931
81893
81822
81742
81645
81624
81573
81573
81282
81106
81104
81094
81071
80974
80967
80726
80694
80629
80573
80328
80272
80199
80133
80126
80124
80047
80042
79842
79818
79752
79721
79591
79549
79539
79512
79471
79401
79375
79351
79285
79277
78876
78812
78781
78756
78748
78745
78739
78721
78690
78641
78637
78630
78561
78553
78544
78465
78460
78409
78396
78329
78144
78122
78109
78019
77896
77871
77840
77822
77779
77758
77748
77604
77524
77457
77452
77410
77397
77349
77258
77187
77175
77169
77133
77124
77059
76992
76971
76919
76889
76875
76838
76804
76800
76709
76687
76679
76646
76538
76533
76500
76375
76345
76256
76237
76217
76127
76046
75993
75958
75957
75887
75871
75849
75847
75675
75654
75645
75544
75540
75537
75511
75501
75474
75467
75382
75344
75326
75325
75297
75257
75200
75183
75157
75124
75008
74992
74952
74943
74823
74814
74806
74794
74684
74654
74639
74540
74523
74494
74483
74455
74399
74384
74226
74202
74181
74132
74054
74043
74016
73962
73937
73906
73867
73812
73811
73769
73724
73583
73516
73484
73431
73415
73355
73321
73314
73302
73294
73283
73176
73129
73121
73068
73012
72851
72788
72765
72675
72672
72663
72645
72639
72563
72532
72530
72496
72493
72458
72444
72440
72420
72372
72273
72160
71956
71919
71890
71864
71860
71695
71649
71579
71517
71516
71514
71465
71353
71345
71253
71169
71082
70866
70861
70847
70838
70822
70751
70735
70529
70501
70444
70382
70367
70276
70274
70270
70239
70214
70189
70181
70146
70066
70030
70018
69907
69896
69873
69855
69753
69553
69485
69446
69258
69230
69148
69133
69064
69054
68838
68818
68783
68769
68757
68737
68690
68689
68680
68655
68649
68628
68627
68610
68523
68447
68439
68361
68209
68201
68132
68131
68072
68053
68027
67955
67927
67898
67823
67797
67763
67501
67470
67364
67343
67320
67251
67154
67129
67067
67045
67036
66975
66856
66773
66752
66724
66686
66662
66578
66423
66365
66362
66341
66311
66300
66289
66182
66013
66000
65994
65943
65936
65904
65834
65794
65771
65742
65701
65694
65672
65559
65524
65466
65362
65338
65252
65228
65215
65193
65178
65074
65067
64970
64965
64942
64899
64893
64878
64833
64766
64748
64714
64692
64675
64647
64558
64436
64435
64380
64374
64337
64317
64305
64290
64261
64232
64209
64146
64121
64027
64025
63993
63986
63934
63926
63856
63854
63849
63784
63659
63630
63532
63445
63404
63396
63287
63211
63188
63176
63150
63137
63123
63109
62984
62961
62887
62849
62814
62718
62682
62553
62515
62436
62371
62261
62220
62158
62091
62075
62027
61996
61896
61880
61868
61847
61839
61836
61709
61568
61507
61343
61318
61260
61217
61214
61029
61015
60911
60895
60863
60793
60770
60743
60689
60542
60540
60391
60319
60259
60237
60210
60060
60027
60025
60001
59968
59943
59904
59788
59748
59728
59643
59611
59572
59539
59514
59492
59470
59401
59385
59265
59188
59052
59040
58889
58850
58840
58666
58638
58567
58544
58534
58492
58465
58380
58327
58325
58278
58218
58130
57897
57858
57832
57831
57783
57748
57737
57652
57629
57559
57515
57500
57363
57337
57248
57220
57156
57154
57147
57034
56923
56913
56892
56848
56812
56795
56787
56755
56750
56665
56639
56626
56595
56569
56553
56460
56454
56389
56377
56373
56300
56287
56271
56260
56231
56205
56191
56090
55960
55897
55885
55878
55770
55763
55748
55718
55712
55573
55525
55504
55476
55457
55440
55434
55399
55200
55068
54978
54954
54918
54903
54737
54724
54706
54704
54684
54562
54505
54500
54440
54363
54362
54362
54297
54283
54272
54263
54241
54200
54146
54132
54115
54113
54091
54082
53953
53916
53910
53877
53789
53765
53597
53590
53564
53553
53551
53421
53346
53320
53319
53221
53212
53143
53143
53128
53026
52799
52787
52740
52701
52660
52634
52573
52560
52490
52461
52385
52318
52288
52250
52147
52139
52025
51978
51977
51857
51850
51847
51767
51747
51741
51648
51633
51616
51612
51568
51494
51455
51440
51412
51362
51341
51252
51233
51024
50905
50886
50847
50702
50647
50628
50572
50539
50529
50471
50375
50284
50194
50179
50174
50034
50013
49911
49827
49802
49787
49735
49583
49565
49467
49428
49273
49024
49005
49000
48810
48751
48742
48740
48622
48593
48583
48572
48553
48501
48405
48393
48391
48323
48262
48259
48255
48238
48236
48196
48186
48133
48083
48081
48081
48075
48051
48017
47988
47978
47971
47903
47860
47766
47709
47654
47645
47597
47536
47519
47506
47475
47414
47375
47360
47358
47346
47342
47288
47191
47094
47076
46976
46715
46655
46610
46491
46461
46461
46402
46369
46329
46313
46291
46256
46207
46201
46184
46151
46065
46003
45998
45855
45845
45840
45772
45745
45693
45684
45683
45557
45435
45434
45297
45237
45209
45175
45091
45070
45063
45049
45048
45042
45026
44979
44814
44791
44768
44727
44666
44620
44528
44489
44105
44070
44033
44016
43984
43967
43966
43685
43622
43620
43561
43530
43514
43491
43489
43402
43368
43305
43281
43276
43059
42983
42805
42710
42635
42570
42568
42530
42510
42492
42474
42359
42322
42319
42296
42258
42225
42187
42173
42170
42160
42139
42119
42114
42096
42058
42048
42009
41803
41788
41786
41770
41740
41718
41712
41683
41678
41564
41534
41530
41520
41519
41188
41187
41078
40986
40976
40825
40805
40748
40730
40707
40696
40691
40684
40631
40371
40296
40234
40157
40147
40129
40037
39978
39924
39903
39751
39626
39556
39447
39365
39150
39119
39010
39003
38960
38952
38939
38932
38881
38876
38830
38728
38709
38650
38626
38570
38545
38503
38452
38379
38226
38129
38109
38073
38059
38029
37983
37960
37953
37872
37831
37830
37781
37754
37718
37617
37615
37577
37518
37508
37462
37444
37429
37412
37311
37292
37241
37156
37059
37008
36982
36975
36917
36874
36828
36799
36739
36637
36514
36501
36443
36384
36349
36343
36294
36273
36268
36181
36113
36106
36088
36079
36074
36068
35975
35811
35711
35601
35579
35535
35522
35414
35410
35304
35283
35274
35256
35250
35230
35228
35193
35188
34984
34974
34931
34847
34772
34770
34738
34705
34528
34488
34486
34460
34435
34327
34193
34155
34022
33873
33855
33741
33663
33630
33536
33514
33471
33445
33401
33399
33361
33308
33255
33214
33095
33071
32993
32853
32613
32493
32493
32435
32342
32340
32255
32226
32196
32132
32113
32090
32067
32031
31980
31978
31953
31885
31840
31773
31764
31707
31703
31699
31687
31635
31596
31539
31482
31441
31427
31173
31149
31127
31111
31110
31006
30916
30834
30793
30686
30546
30444
30438
30342
30278
30245
30238
30217
30216
30135
30134
29793
29709
29709
29585
29475
29412
29357
29242
29078
29019
28823
28692
28656
28585
28572
28569
28370
28362
28264
28262
28247
28188
27938
27848
27712
27704
27698
27647
27633
27631
27610
27602
27574
27509
27501
27489
27326
27211
27178
27060
26982
26821
26793
26701
26412
26412
26384
26360
26335
26251
26244
26202
26165
26157
26118
26094
25969
25952
25936
25892
25835
25804
25770
25763
25743
25695
25615
25599
25599
25547
25522
25467
25445
25433
25413
25378
25368
25322
25257
25224
25213
25155
25146
24981
24954
24852
24823
24764
24724
24665
24626
24599
24593
24535
24499
24453
24367
24238
24187
24180
24166
24117
24073
24065
24041
24023
23936
23920
23910
23899
23758
23738
23692
23628
23522
23508
23462
23417
23402
23337
23276
23274
23223
23165
23090
22896
22856
22847
22832
22777
22772
22770
22710
22633
22631
22604
22569
22561
22547
22494
22403
22346
22327
22280
22266
22188
22176
22120
22080
22062
22020
22002
21971
21893
21864
21835
21780
21772
21742
21685
21659
21633
21630
21575
21529
21470
21463
21456
21449
21371
21343
21300
21201
21172
21057
21024
21002
20988
20971
20933
20907
20875
20855
20850
20837
20793
20783
20711
20706
20575
20573
20540
20529
20526
20511
20475
20460
20436
20292
20192
20182
20170
20166
20094
20051
20035
20031
20026
19973
19965
19939
19920
19908
19908
19901
19873
19833
19831
19789
19788
19770
19754
19724
19691
19663
19645
19472
19470
19441
19296
19179
19102
19079
19073
19014
18974
18967
18923
18900
18881
18876
18763
18714
18632
18617
18613
18587
18573
18524
18407
18166
18031
18014
17990
17984
17956
17912
17807
17781
17755
17721
17631
17510
17446
17388
17332
17296
17285
17185
17139
17122
17097
17038
17010
16949
16947
16791
16761
16747
16701
16693
16640
16542
16488
16480
16458
16439
16134
16105
16101
16015
15836
15716
15714
15691
15622
15584
15565
15511
15404
15333
15323
15300
15286
15208
15192
15189
15142
15092
15086
14980
14974
14966
14947
14925
14875
14814
14806
14569
14513
14512
14472
14398
14313
14205
14137
14127
14092
14050
14032
13932
13931
13892
13883
13846
13833
13722
13693
13649
13648
13519
13437
13370
13277
13256
13233
13132
13067
12998
12753
12656
12634
12543
12534
12490
12467
12359
12354
12295
12270
12211
12203
12199
12178
12157
12029
12028
11771
11690
11675
11659
11618
11617
11598
11443
11268
11182
11175
11119
11114
11035
11011
10992
10977
10967
10875
10859
10793
10626
10623
10553
10544
10490
10459
10443
10359
10331
10324
10258
10190
10107
10079
10070
10031
9902
9888
9881
9825
9784
9766
9683
9667
9565
9548
9522
9506
9504
9464
9444
9423
9318
9279
9168
9122
9001
8980
8965
8963
8875
8731
8692
8656
8579
8500
8496
8405
8308
8308
8265
8256
8214
8196
8189
8115
7949
7925
7798
7775
7754
7686
7601
7577
7554
7470
7463
7408
7404
7298
7277
7265
7263
7033
7019
6965
6726
6640
6613
6406
6264
6131
6072
6017
6008
6003
5908
5861
5848
5838
5782
5765
5744
5717
5704
5685
5609
5549
5529
5472
5437
5263
5152
5138
5065
5022
4962
4948
4881
4841
4823
4802
4768
4748
4741
4578
4567
4393
4371
4360
4272
4219
4180
4079
4071
3984
3898
3864
3859
3822
3795
3745
3728
3666
3614
3597
3558
3548
3483
3435
3299
3264
3239
3110
3092
3005
2933
2861
2859
2833
2793
2761
2665
2655
2580
2539
2489
2371
2343
2137
2132
2114
2109
2047
2033
2011
1923
1898
1831
1800
1753
1745
1697
1635
1633
1455
1416
1411
1398
1383
1357
1317
1233
1182
1172
1171
1112
1058
1044
1036
985
946
906
887
878
817
813
783
667
649
608
451
371
357
353
261
154
103
49
31
5
