99985
99890
99881
99650
99637
99599
99588
99553
99539
99511
99462
99461
99428
99366
99337
99321
99311
99113
99015
98965
98896
98860
98820
98818
98778
98743
98740
98555
98512
98406
98389
98149
98136
98077
98044
97988
97928
97905
97886
97873
97849
97782
97773
97702
97627
97612
97596
97550
97395
97291
97216
97127
97109
97092
97052
96986
96921
96884
96848
96846
96837
96675
96622
96471
96432
96362
96350
96210
96018
96008
95922
95912
95858
95700
95691
95648
95626
95624
95492
95468
95463
95400
95355
95354
95344
95326
95267
95223
95205
95176
95164
95159
95139
95114
95063
94997
94920
94855
94845
94834
94770
94722
94713
94693
94662
94527
94502
94421
94397
94396
94333
94250
94234
94209
94195
94076
94064
94057
94036
93908
93842
93778
93751
93607
93570
93560
93536
93519
93477
93429
93364
93364
93332
93290
93112
93047
93046
92977
92913
92870
92786
92783
92766
92754
92565
92394
92376
92368
92324
92284
92271
92224
92168
92166
92006
91991
91991
91985
91967
91889
91877
91767
91739
91731
91688
91677
91652
91630
91630
91597
91549
91465
91359
91316
91304
91261
91248
91172
91109
91106
91103
91103
91055
90977
90970
90639
90586
90564
90562
90452
90382
90298
90286
90268
90153
90100
90009
90005
89912
89904
89867
89826
89802
89782
89739
89676
89619
89619
89399
89394
89344
89330
89225
89189
89071
89069
89023
88993
88976
88956
88949
88910
88896
88808
88766
88647
88565
88564
88535
88521
88512
88504
88469
88467
88456
88438
88412
88354
88302
88231
88195
88107
88092
88092
88038
87974
87804
87637
87637
87439
87417
87335
87236
87175
87141
87125
87002
86989
86989
86881
86873
86866
86781
86626
86620
86607
86598
86482
86429
86363
86354
86334
86313
86230
86190
86171
86157
86135
85962
85953
85950
85925
85714
85674
85661
85609
85540
85512
85413
85389
85310
85264
85080
85027
84878
84841
84831
84740
84735
84684
84672
84644
84516
84495
84489
84462
84453
84381
84342
84286
84248
84175
84163
84141
84122
84037
84036
84019
83936
83932
83815
83790
83782
83761
83755
83700
83697
83676
83617
83586
83583
83520
83467
83400
83366
83222
83207
83124
83071
82979
82822
82817
82736
82688
82411
82326
82300
82298
82227
82174
82111
82103
82085
82005
81955
81929
81860
81851
81757
81742
81723
81574
81538
81526
81487
81471
81428
81371
81357
81345
81288
81236
81103
81063
81044
80913
80901
80808
80751
80668
80631
80618
80533
80525
80461
80358
80230
80226
80198
80078
80052
80007
79958
79913
79895
79849
79845
79699
79682
79673
79643
79621
79600
79487
79476
79346
79220
79119
79118
79101
79086
79066
79055
78997
78979
78979
78977
78936
78930
78920
78873
78804
78801
78758
78727
78725
78629
78478
78419
78351
78322
78305
78303
78286
78282
78272
78242
78218
78128
78080
78063
78049
77949
77903
77864
77842
77840
77818
77815
77788
77787
77772
77677
77644
77566
77545
77475
77446
77269
77116
77112
77110
77032
76900
76865
76818
76787
76705
76705
76682
76672
76632
76541
76492
76389
76259
76242
76227
76193
76185
76159
76091
76073
75943
75761
75721
75684
75632
75632
75627
75563
75529
75502
75460
75411
75380
75373
75260
75085
75054
74785
74694
74659
74639
74596
74577
74573
74549
74519
74478
74470
74452
74350
74305
74261
74254
74150
74139
74130
74106
73909
73777
73669
73579
73560
73548
73489
73455
73436
73386
73365
73336
73321
73177
73172
73130
73079
73030
73028
72946
72908
72847
72808
72770
72746
72710
72684
72673
72660
72622
72615
72512
72493
72472
72342
72312
72286
72255
72251
72227
72179
72127
72114
72011
72001
71973
71917
71904
71818
71779
71778
71735
71706
71667
71652
71643
71619
71615
71599
71552
71506
71472
71448
71405
71322
71310
71297
71248
71235
71217
71193
71157
71070
71023
70986
70940
70775
70689
70552
70529
70462
70449
70373
70308
70238
70235
69975
69967
69872
69868
69843
69757
69489
69418
69364
69353
69313
69311
68955
68869
68698
68658
68640
68412
68366
68317
68257
68123
68086
68054
68046
67984
67955
67952
67768
67645
67571
67566
67507
67375
67350
67320
67316
67209
67001
66892
66849
66709
66652
66614
66586
66535
66444
66408
66398
66393
66375
66255
66252
66169
66162
66160
66009
65912
65907
65883
65782
65759
65758
65715
65697
65685
65651
65649
65647
65642
65551
65544
65516
65496
65496
65462
65357
65202
65164
65127
65009
64978
64913
64898
64778
64716
64700
64631
64602
64540
64481
64446
64409
64303
64190
64186
64155
63970
63954
63923
63770
63655
63644
63620
63448
63440
63378
63369
63336
63304
63187
63070
63041
62941
62843
62784
62763
62680
62648
62607
62543
62475
62442
62408
62338
62195
62104
61898
61818
61758
61731
61731
61680
61654
61580
61535
61529
61519
61512
61492
61424
61414
61311
61194
61146
61133
61114
61068
61060
60983
60874
60719
60719
60636
60578
60577
60520
60487
60381
60118
60101
60068
60047
60014
59957
59936
59927
59905
59739
59585
59563
59322
59255
59230
59206
59175
59119
59118
59102
59068
58982
58892
58873
58871
58864
58853
58779
58615
58479
58385
58372
58366
58312
58310
58274
58249
58200
58190
58151
58144
58136
58047
58041
58023
58021
58018
58012
57956
57841
57841
57759
57736
57708
57672
57628
57512
57471
57450
57331
57323
57281
57277
56920
56872
56848
56838
56806
56782
56768
56757
56659
56649
56627
56607
56551
56516
56451
56439
56435
56371
56318
56293
56248
56240
56220
56087
56054
56023
55925
55901
55886
55816
55665
55633
55571
55568
55542
55507
55333
55302
55284
55256
55152
55114
55109
55106
55038
54977
54961
54741
54732
54716
54649
54649
54602
54574
54572
54489
54484
54480
54444
54333
54330
54234
54165
54064
54047
54012
53981
53977
53904
53729
53725
53706
53641
53382
53306
53257
53245
53245
53236
53181
53181
53131
53099
52904
52840
52807
52636
52612
52598
52595
52565
52370
52290
52041
52033
52000
51984
51951
51919
51915
51869
51792
51692
51638
51593
51541
51241
51233
51198
51058
51019
50969
50944
50862
50828
50819
50747
50732
50715
50710
50702
50691
50629
50593
50565
50535
50533
50458
50359
50330
50320
50308
50279
50234
50065
50017
49933
49933
49864
49861
49844
49835
49804
49767
49683
49624
49616
49602
49554
49520
49483
49422
49397
49372
49353
49352
49271
49230
49137
49133
49061
49029
48973
48956
48931
48910
48898
48892
48889
48876
48830
48824
48732
48698
48663
48575
48469
48464
48395
48243
48220
48074
48064
48061
48053
47827
47783
47764
47751
47738
47604
47604
47533
47460
47444
47416
47341
47294
47267
47257
47237
47180
47097
47070
47066
47061
47043
47016
47011
46975
46950
46883
46804
46778
46728
46689
46665
46628
46589
46562
46455
46408
46251
46247
46236
46228
46022
46014
45996
45966
45961
45824
45813
45694
45614
45578
45508
45469
45455
45371
45098
44805
44776
44647
44641
44562
44493
44491
44435
44400
44333
44307
44294
44208
44120
44087
44041
44032
43983
43970
43915
43882
43789
43767
43717
43687
43580
43574
43406
43392
43247
43229
43214
42932
42866
42809
42784
42690
42681
42649
42617
42561
42526
42511
42349
42296
42193
42103
42046
41995
41951
41941
41836
41822
41809
41781
41739
41731
41692
41579
41559
41467
41390
41382
41333
41328
41298
41283
41191
41149
41143
41102
41070
41065
40994
40970
40952
40917
40870
40828
40746
40723
40688
40665
40615
40471
40387
40361
40353
40298
40283
40271
40206
40125
40089
40044
39987
39963
39931
39904
39879
39795
39710
39668
39647
39643
39603
39600
39584
39506
39297
39263
39234
39191
39165
39042
39039
38942
38941
38737
38680
38655
38632
38573
38497
38469
38397
38345
38251
38193
38179
38158
38141
38063
38018
37981
37963
37719
37703
37658
37515
37504
37413
37335
37327
37255
37244
37194
37152
37046
37039
37032
36985
36896
36826
36806
36598
36514
36476
36458
36411
36351
36338
36333
36325
36279
36223
36174
36136
36067
36045
35991
35979
35967
35954
35945
35923
35911
35891
35875
35768
35721
35719
35670
35656
35614
35484
35464
35413
35234
35173
35110
35095
35084
35066
35060
35057
35026
34985
34972
34954
34917
34908
34907
34867
34852
34767
34756
34751
34701
34682
34558
34529
34501
34496
34479
34466
34443
34365
34328
34323
34188
34154
34152
34092
34077
34061
34052
34003
33953
33749
33683
33679
33409
33363
33313
33293
33291
33208
33187
33149
32999
32959
32876
32846
32789
32785
32709
32688
32681
32672
32652
32507
32501
32475
32470
32451
32444
32429
32414
32316
32307
32210
32129
32086
32058
32043
32035
31936
31908
31901
31866
31736
31734
31727
31719
31703
31632
31623
31590
31587
31585
31550
31499
31453
31452
31383
31379
31322
31298
31236
31220
31176
31176
31175
31173
31051
31039
31010
30977
30896
30885
30880
30858
30809
30749
30571
30549
30542
30496
30465
30292
30283
30283
30233
30175
30172
30151
30141
30112
30088
30083
30030
29999
29957
29951
29950
29940
29935
29862
29840
29801
29787
29778
29740
29723
29700
29632
29632
29621
29517
29447
29431
29370
29356
29249
29243
29190
29160
29151
29127
29062
29059
29009
28904
28886
28856
28797
28748
28649
28639
28638
28612
28522
28492
28451
28352
27983
27971
27962
27943
27922
27838
27774
27721
27698
27487
27453
27442
27362
27279
27261
27251
27231
27207
27198
27186
27157
27144
27136
27077
27061
27047
27016
26801
26774
26628
26608
26542
26483
26477
26429
26287
26269
26193
26147
26095
26043
25971
25921
25911
25898
25876
25874
25769
25763
25735
25724
25597
25585
25494
25485
25467
25330
25303
25290
25279
25267
25256
25242
25190
25164
25145
25141
25106
25002
24995
24981
24949
24893
24841
24730
24715
24610
24572
24466
24381
24370
24342
24327
24297
24232
24231
24222
24024
24009
23997
23989
23983
23901
23678
23614
23582
23540
23520
23427
23330
23294
23114
23050
23048
22826
22802
22657
22631
22616
22535
22529
22512
22390
22387
22266
22261
22235
22175
22160
22131
22030
21988
21959
21955
21885
21833
21777
21693
21645
21541
21528
21525
21419
21407
21335
21201
21182
21175
21167
21166
21154
21148
21109
21023
21002
20987
20887
20841
20828
20814
20699
20619
20616
20581
20559
20513
20512
20497
20477
20402
20378
20373
20261
20133
20088
20083
20067
19883
19859
19812
19770
19754
19698
19552
19522
19503
19502
19480
19375
19240
19167
19119
19108
18894
18759
18682
18612
18535
18479
18478
18465
18450
18447
18370
18336
18331
18296
18264
18212
18197
18181
18158
18149
18131
18125
18124
17939
17905
17881
17824
17799
17794
17783
17560
17505
17387
17306
17306
17240
17215
17165
17153
17128
17124
17038
16984
16837
16832
16778
16775
16658
16615
16614
16612
16501
16490
16472
16420
16407
16396
16362
16360
16357
16306
16235
16213
16188
16154
16125
16119
16080
16046
15929
15900
15864
15822
15730
15617
15605
15546
15503
15470
15448
15312
15213
15078
15064
15039
15029
14911
14846
14758
14623
14539
14486
14402
14350
14305
14256
14238
14237
14217
13976
13946
13863
13829
13786
13703
13682
13570
13569
13552
13451
13337
13299
13299
13158
13026
12982
12878
12857
12798
12787
12762
12568
12452
12442
12439
12259
12224
12103
12087
12079
11956
11852
11789
11786
11716
11670
11599
11577
11543
11451
11422
11338
11328
11297
11290
11198
11133
11126
11079
11037
11010
11000
10988
10972
10930
10885
10881
10868
10816
10767
10763
10713
10660
10601
10547
10523
10519
10500
10410
10372
10307
10257
10204
10142
10075
10044
10033
10021
9966
9963
9948
9895
9764
9748
9747
9594
9464
9290
9267
9164
9130
9086
9040
9016
9013
8981
8973
8968
8897
8886
8743
8729
8714
8553
8546
8470
8464
8451
8349
8323
8245
8216
8153
8131
8126
8055
8053
7945
7908
7796
7781
7750
7705
7676
7455
7376
7369
7351
7299
7252
7221
7150
6970
6966
6936
6863
6768
6697
6672
6494
6419
6383
6365
6293
6204
6186
6137
6005
5920
5817
5736
5710
5610
5524
5472
5409
5381
5358
5339
5163
5135
5123
5058
5055
5022
4978
4921
4809
4758
4743
4717
4704
4610
4563
4560
4440
4405
4386
4239
4208
4202
4148
4100
4038
4032
4006
3928
3899
3864
3853
3803
3753
3751
3709
3683
3674
3578
3537
3515
3496
3449
3427
3378
3335
3306
3214
3179
3163
3118
3075
3019
2994
2906
2902
2898
2884
2832
2726
2662
2573
2507
2495
2479
2425
2423
2258
2256
2254
2251
2216
2151
2151
2144
2087
2062
2040
1961
1925
1857
1840
1815
1812
1723
1711
1706
1679
1591
1456
1448
1385
1382
1349
1347
1298
1236
1138
1017
928
915
888
866
824
780
768
716
623
575
539
537
535
533
399
272
258
256
232
218
180
154
150
129
7
