99970
99966
99877
99846
99819
99790
99711
99701
99690
99647
99614
99593
99582
99403
99332
99272
99235
99149
99111
99103
99094
98983
98818
98729
98674
98608
98607
98498
98440
98427
98409
98253
98228
98210
98148
98120
98020
97962
97948
97852
97849
97785
97702
97701
97671
97665
97569
97436
97430
97396
97359
97352
97351
97345
97336
97321
97302
97301
97298
97269
97265
97242
97215
97159
97135
97096
97039
97038
96839
96821
96821
96816
96811
96748
96716
96714
96665
96570
96483
96431
96428
96303
96189
96178
96161
96075
96020
95995
95992
95880
95871
95827
95769
95731
95673
95665
95568
95470
95458
95423
95409
95274
95165
95101
94897
94808
94746
94678
94648
94644
94605
94585
94580
94521
94488
94482
94430
94423
94269
94235
94136
94078
94061
93996
93936
93912
93899
93874
93860
93815
93797
93749
93734
93724
93701
93652
93634
93504
93466
93411
93388
93354
93163
93157
93071
93036
93027
92994
92969
92927
92906
92895
92878
92868
92778
92762
92724
92716
92546
92433
92325
92295
92276
92154
92101
91969
91949
91835
91826
91803
91746
91699
91663
91477
91436
91342
91326
91267
91226
91213
91179
91095
91038
91008
90990
90952
90935
90809
90765
90748
90722
90691
90670
90592
90546
90413
90402
90394
90394
90318
90088
90020
90002
89964
89941
89844
89840
89830
89796
89776
89722
89668
89666
89607
89562
89448
89423
89204
89195
89138
89115
89112
88908
88903
88805
88760
88746
88682
88676
88662
88636
88564
88557
88445
88394
88376
88240
88179
88108
88068
88024
88010
88010
87966
87909
87891
87864
87845
87805
87805
87769
87727
87671
87634
87612
87549
87534
87528
87498
87475
87410
87399
87361
87275
87262
87197
87141
87026
86989
86981
86929
86925
86881
86879
86850
86639
86633
86484
86436
86386
86352
86229
86184
86178
86144
86119
86017
85792
85739
85735
85728
85602
85600
85568
85496
85481
85442
85078
85061
84950
84944
84930
84904
84852
84759
84703
84572
84531
84510
84318
84305
84253
84229
84193
84193
84120
84103
84005
83971
83939
83869
83660
83605
83506
83399
83390
83383
83140
83047
82955
82953
82941
82899
82884
82841
82780
82722
82703
82664
82657
82654
82605
82566
82397
82392
82362
82266
82200
82153
82127
82107
82090
81972
81897
81867
81779
81483
81458
81408
81408
81405
81276
81263
81247
81223
81120
81071
80922
80919
80880
80805
80792
80774
80463
80441
80429
80426
80422
80319
80311
80304
80249
80248
80220
80204
80171
80154
80084
79985
79977
79843
79823
79785
79733
79698
79698
79578
79527
79494
79492
79471
79422
79342
79302
79296
79213
79197
79112
79105
79090
79083
79068
79037
78988
78963
78910
78909
78673
78649
78594
78543
78508
78494
78463
78436
78432
78133
78106
78081
77997
77877
77854
77850
77799
77747
77735
77720
77708
77653
77640
77512
77469
77347
77341
77328
77239
77194
77175
77120
77065
77034
76986
76954
76933
76921
76914
76868
76808
76777
76749
76649
76599
76495
76453
76450
76370
76369
76322
76185
76151
76081
76067
76050
75966
75931
75866
75857
75823
75822
75800
75716
75351
75334
75301
75290
75279
75227
75204
75185
75182
75158
75126
75101
75077
74912
74893
74887
74558
74526
74508
74446
74432
74402
74386
74354
74256
74173
74024
73873
73786
73748
73711
73698
73678
73666
73634
73615
73592
73540
73356
73352
73345
73181
73122
73099
72983
72938
72895
72772
72759
72728
72647
72626
72612
72586
72469
72357
72297
72179
72164
72011
71985
71966
71888
71874
71873
71782
71715
71656
71610
71568
71549
71411
71400
71369
71249
71248
71227
71118
70995
70984
70946
70882
70869
70842
70828
70817
70795
70787
70759
70613
70547
70530
70517
70515
70488
70443
70433
70313
70272
70195
70139
70079
70038
70001
69987
69978
69972
69957
69930
69915
69798
69758
69745
69724
69717
69674
69656
69633
69545
69470
69438
69408
69384
69352
69336
69197
69174
69112
69040
68971
68938
68929
68878
68822
68772
68711
68688
68687
68542
68527
68429
68399
68385
68379
68377
68330
68274
68245
68243
68133
68132
68123
68121
68039
68039
67984
67957
67735
67704
67634
67576
67458
67452
67359
67357
67189
67183
67118
67093
67036
67033
66970
66956
66954
66929
66837
66773
66762
66733
66660
66642
66603
66499
66442
66434
66415
66396
66351
66340
66276
66248
66231
66169
65971
65941
65787
65786
65728
65709
65708
65659
65592
65509
65464
65454
65428
65396
65324
65319
65253
65204
65160
65054
64927
64916
64883
64883
64865
64818
64716
64646
64646
64466
64451
64373
64347
64279
64186
64180
64163
64117
64086
64073
64022
63927
63809
63785
63768
63753
63718
63709
63704
63680
63640
63615
63600
63518
63500
63436
63384
63314
63276
63235
63179
63168
63159
63147
63125
63099
63090
63071
62982
62956
62935
62918
62866
62815
62789
62787
62566
62525
62523
62427
62411
62342
62339
62298
62269
62242
62164
62106
62090
61949
61928
61882
61863
61677
61583
61544
61524
61521
61502
61499
61423
61396
61381
61352
61347
61339
61319
61242
61152
61047
61017
61001
60973
60804
60758
60754
60750
60705
60679
60646
60572
60539
60519
60518
60163
60136
60132
60056
60049
60036
60034
59928
59927
59920
59850
59816
59789
59760
59722
59691
59664
59251
59178
59143
59108
59086
59021
58934
58887
58863
58789
58745
58678
58605
58539
58472
58389
58352
58300
58253
58252
58226
58090
57946
57858
57832
57812
57779
57761
57576
57562
57535
57517
57500
57380
57351
57337
57314
57310
57260
57230
57203
57170
57169
57131
57119
57008
56987
56953
56868
56774
56717
56653
56627
56585
56542
56538
56503
56395
56372
56353
56328
56312
56276
56208
56193
56145
56135
56085
56035
55922
55850
55839
55717
55630
55503
55467
55444
55426
55420
55255
54977
54974
54881
54869
54815
54792
54745
54624
54564
54519
54496
54236
54164
54067
54064
54018
53738
53701
53514
53448
53417
53327
53218
53137
53106
53077
53075
53063
53047
52979
52977
52849
52812
52808
52737
52693
52673
52630
52552
52548
52542
52495
52471
52451
52391
52373
52360
52280
52248
52174
52052
51931
51884
51852
51791
51746
51727
51593
51579
51564
51548
51392
51392
51383
51307
51229
51131
51089
51057
50931
50890
50886
50864
50859
50837
50832
50803
50769
50495
50486
50482
50422
50402
50373
50331
50326
50303
50298
50283
50261
50135
50089
50074
50054
50036
50028
49980
49884
49825
49805
49782
49720
49697
49614
49596
49581
49540
49487
49240
49130
49079
49051
48775
48768
48736
48674
48589
48512
48501
48479
48392
48357
48307
48306
48304
48196
48135
48126
48021
47941
47903
47861
47770
47758
47741
47661
47589
47548
47531
47509
47406
47339
47287
47278
47221
47153
47142
46976
46969
46757
46754
46660
46569
46421
46387
46329
46269
46247
46210
46182
46145
46123
46104
46100
46010
45968
45830
45806
45767
45660
45526
45388
45384
45325
45324
45304
45234
45155
45141
45139
45056
45034
45032
45027
44930
44802
44702
44694
44656
44584
44570
44393
44361
44285
44278
44191
44174
44126
44122
44077
44056
44024
43998
43960
43926
43863
43817
43809
43768
43737
43731
43703
43606
43555
43521
43489
43455
43454
43452
43343
43341
43286
43277
43243
43231
43182
43168
42917
42773
42726
42648
42581
42559
42532
42527
42410
42327
42324
42320
42256
42219
42213
42037
42035
42023
41987
41952
41852
41831
41829
41645
41618
41575
41567
41530
41448
41404
41371
41370
41294
41279
41197
41173
41153
41037
40922
40899
40852
40719
40510
40485
40403
40341
40341
40265
40259
40253
40249
40204
40171
40168
40158
40146
40114
40091
40009
39976
39970
39957
39894
39753
39691
39690
39671
39610
39585
39491
39486
39468
39315
39301
39216
39162
39108
39091
39079
39037
39035
38959
38940
38867
38817
38765
38690
38630
38626
38594
38535
38503
38480
38409
38280
38223
38198
38172
38153
38145
38026
37998
37981
37865
37856
37771
37726
37697
37689
37635
37629
37584
37525
37459
37422
37395
37384
37308
37266
37227
37043
36936
36747
36743
36739
36662
36621
36544
36494
36480
36476
36153
36149
36075
36062
36059
35945
35945
35910
35904
35875
35844
35844
35800
35749
35734
35730
35689
35629
35546
35529
35515
35338
35318
35294
35257
35255
35242
35218
35105
34992
34956
34926
34914
34863
34859
34791
34765
34756
34748
34703
34676
34658
34652
34638
34516
34479
34452
34447
34429
34422
34340
34314
34241
34113
34012
33890
33714
33704
33695
33682
33681
33617
33528
33498
33489
33429
33427
33404
33378
33340
33328
33322
33270
33266
33192
33175
33140
33114
33088
33005
32963
32945
32942
32909
32819
32817
32705
32686
32648
32576
32548
32524
32442
32402
32382
32372
32334
32267
32246
32164
32136
32052
32034
31956
31895
31706
31605
31555
31512
31444
31403
31308
31304
31230
31213
31212
31177
31173
31048
31045
31016
30994
30901
30871
30847
30844
30807
30801
30702
30663
30586
30478
30429
30425
30408
30370
30347
30324
30259
30247
30058
30019
30013
29962
29855
29847
29691
29678
29625
29624
29597
29573
29552
29466
29459
29437
29407
29368
29273
29079
29067
29054
28951
28947
28832
28831
28749
28666
28640
28630
28400
28313
28305
28253
28248
28232
28171
27999
27952
27921
27897
27796
27717
27640
27574
27547
27542
27450
27440
27422
27418
27392
27376
27360
27347
27298
27296
27261
27216
27094
27046
26986
26985
26941
26888
26794
26666
26630
26616
26589
26534
26514
26484
26471
26422
26403
26367
26291
26252
26044
26034
26023
26020
25946
25847
25846
25787
25787
25711
25711
25685
25679
25669
25610
25581
25484
25470
25433
25381
25339
25287
25271
25259
25198
25182
25163
24970
24961
24855
24697
24656
24614
24600
24502
24395
24313
24311
24206
24184
24109
24077
24026
24000
23990
23959
23914
23902
23870
23864
23855
23735
23713
23599
23568
23548
23434
23419
23384
23237
23224
23186
23177
23172
23145
23144
23061
23044
23026
23015
22969
22958
22944
22922
22882
22858
22773
22736
22733
22625
22613
22606
22567
22550
22531
22495
22483
22447
22314
22307
22220
22210
22185
22185
22093
22060
22032
21978
21897
21862
21811
21803
21772
21766
21469
21421
21410
21347
21325
21320
21247
21190
21126
21095
21012
20937
20926
20853
20817
20722
20696
20650
20640
20634
20606
20594
20542
20519
20500
20495
20454
20439
20373
20364
20267
20238
19919
19906
19898
19891
19835
19783
19570
19471
19469
19468
19415
19387
19382
19370
19307
19301
19231
19123
19099
19098
19087
19056
19039
18849
18778
18762
18761
18688
18685
18664
18658
18642
18605
18584
18530
18485
18485
18387
18381
18321
18285
18229
18182
18142
18142
18057
18000
17980
17891
17849
17818
17731
17584
17568
17513
17495
17469
17310
17263
17237
17114
17053
16972
16899
16877
16836
16778
16642
16584
16541
16522
16521
16486
16413
16408
16371
16324
16272
16268
16260
16200
16164
16065
16062
16033
16021
15980
15898
15876
15861
15736
15698
15669
15643
15600
15298
15287
15210
15115
14780
14755
14748
14724
14719
14665
14661
14658
14621
14587
14572
14561
14512
14333
14320
14317
14299
14228
14173
14063
14050
14047
14019
13970
13957
13783
13763
13719
13686
13676
13590
13547
13533
13531
13484
13456
13444
13414
13359
13323
13293
13143
13131
13073
13003
12968
12932
12910
12908
12904
12899
12808
12797
12686
12680
12678
12644
12619
12571
12562
12546
12512
12494
12489
12384
12374
12344
12158
12141
12117
12095
11863
11796
11770
11604
11601
11564
11557
11556
11496
11474
11366
11357
11277
11257
11250
11104
10968
10911
10810
10685
10658
10654
10582
10568
10566
10315
10271
10242
10236
10161
10137
10018
9989
9923
9862
9774
9737
9723
9718
9587
9516
9494
9373
9310
9299
9280
9273
9239
9230
9228
9226
9217
9180
9052
9016
8855
8848
8738
8637
8625
8594
8556
8533
8521
8495
8179
7889
7872
7860
7813
7718
7712
7703
7684
7667
7651
7637
7552
7512
7489
7459
7336
7328
7295
7270
7262
7213
7123
7096
7076
7016
6980
6977
6938
6935
6857
6857
6814
6782
6724
6668
6650
6570
6485
6470
6446
6387
6266
6237
6222
6048
5938
5896
5849
5827
5750
5634
5611
5600
5414
5282
5270
5256
5114
5075
4987
4893
4874
4862
4791
4769
4756
4691
4682
4672
4594
4587
4377
4263
4237
4207
4192
4137
4100
3881
3787
3727
3709
3538
3150
3138
3089
3065
3008
2992
2987
2886
2821
2756
2748
2737
2685
2679
2678
2599
2476
2439
2336
2166
2159
2118
1949
1924
1923
1874
1858
1831
1780
1747
1695
1673
1573
1536
1507
1453
1421
1402
1235
1225
1203
1172
1110
1109
1074
1067
1012
958
954
906
839
828
795
769
762
627
559
551
538
530
487
456
451
426
399
333
274
267
242
241
183
86
37
