99933
99927
99916
99910
99904
99885
99845
99841
99733
99731
99678
99525
99519
99482
99476
99466
99464
99408
99390
99340
99339
99309
99252
99200
99188
99143
99123
99084
99020
98904
98824
98783
98762
98674
98608
98548
98467
98462
98461
98428
98400
98336
98055
98045
97964
97942
97928
97888
97866
97488
97447
97411
97322
97287
97285
97254
97252
97209
97159
97120
96989
96962
96920
96841
96826
96800
96728
96674
96632
96613
96611
96608
96577
96492
96490
96300
96294
96257
96192
95664
95623
95552
95525
95506
95493
95444
95264
95192
95150
95120
95072
95012
94989
94979
94853
94794
94637
94608
94591
94522
94500
94458
94404
94352
94275
94226
94172
93963
93958
93916
93789
93680
93633
93587
93571
93467
93390
93382
93382
93356
93338
93333
93300
93159
93110
92995
92994
92964
92940
92928
92850
92800
92786
92733
92708
92631
92601
92555
92433
92388
92330
92280
92272
92265
92223
92184
92184
92123
92084
92015
91950
91924
91897
91827
91803
91798
91767
91727
91686
91664
91587
91550
91527
91506
91418
91339
91286
91250
91207
91188
91167
91075
90965
90849
90837
90766
90744
90702
90678
90674
90641
90625
90529
90445
90399
90315
90274
89908
89848
89828
89806
89763
89675
89629
89619
89615
89568
89493
89370
89242
89230
89196
89173
89171
89137
89115
89112
89095
89051
89050
89041
88944
88921
88901
88863
88640
88599
88524
88513
88477
88429
88332
88315
88277
88225
88180
88108
87990
87977
87970
87960
87932
87927
87923
87911
87900
87893
87856
87804
87694
87597
87575
87565
87549
87501
87485
87431
87428
87389
87384
87316
87301
87263
87213
87185
86991
86964
86962
86934
86890
86889
86713
86666
86604
86599
86582
86581
86549
86534
86522
86484
86482
86393
86390
86367
86271
86219
86178
85987
85957
85920
85847
85841
85838
85759
85759
85744
85667
85626
85611
85593
85580
85571
85510
85440
85409
85333
85245
85171
85075
85010
84962
84953
84934
84881
84872
84859
84786
84702
84685
84625
84533
84508
84490
84353
84334
84200
84165
84064
84047
84037
84022
83990
83987
83981
83919
83919
83847
83705
83701
83539
83460
83425
83424
83401
83393
83213
83201
83188
83094
83006
83006
82959
82917
82878
82876
82848
82822
82769
82766
82742
82681
82651
82616
82608
82588
82577
82550
82545
82525
82472
82382
82322
82309
82260
82257
82232
82159
82090
82041
82039
82035
82013
81962
81960
81773
81764
81730
81719
81697
81655
81585
81533
81430
81329
81308
81297
81290
81167
81167
81089
81003
80879
80876
80833
80800
80781
80769
80722
80698
80415
80414
80412
80380
80314
80234
80223
80186
80147
80102
80082
79969
79955
79944
79931
79873
79869
79853
79816
79771
79664
79636
79626
79582
79558
79460
79337
79312
79235
79193
79169
79122
79115
79022
78913
78818
78648
78554
78498
78482
78438
78345
78326
78257
78245
78219
78209
78151
78132
78128
78113
78076
78060
78057
78046
78016
77962
77956
77883
77821
77770
77677
77670
77562
77499
77382
77365
77284
77242
77241
77192
77132
77123
77046
76979
76934
76925
76877
76825
76813
76749
76721
76708
76574
76532
76484
76462
76442
76437
76380
76344
76342
76334
76316
76243
76084
76078
76029
75988
75968
75956
75945
75905
75859
75796
75780
75712
75667
75593
75581
75420
75343
75319
75269
75099
74996
74873
74867
74865
74830
74827
74793
74755
74696
74673
74664
74612
74602
74555
74456
74434
74388
74344
74306
74289
74215
74178
74163
74131
74084
73971
73955
73935
73925
73902
73869
73863
73850
73769
73730
73665
73590
73522
73439
73391
73337
73265
73234
73214
73166
73086
73076
73070
73017
72958
72955
72908
72906
72862
72744
72615
72567
72482
72465
72450
72423
72375
72337
72230
72110
72043
72004
71985
71947
71845
71836
71834
71792
71781
71768
71740
71713
71651
71632
71622
71613
71588
71539
71536
71447
71419
71410
71354
71313
71255
71225
71144
71120
71095
71047
71011
70901
70862
70810
70792
70782
70747
70745
70696
70675
70667
70635
70612
70593
70419
70226
70214
70166
70138
70111
69986
69901
69868
69822
69731
69705
69586
69473
69411
69285
69231
69128
69124
69120
69063
69062
69060
69056
69024
69011
68815
68797
68758
68716
68716
68671
68630
68624
68570
68544
68544
68523
68521
68459
68453
68448
68387
68340
68327
68320
68304
68269
68245
68210
68206
68160
68159
68147
68120
68111
68051
67951
67923
67900
67669
67597
67550
67549
67515
67495
67417
67402
67312
67187
67181
67126
67060
67011
66989
66697
66695
66679
66666
66664
66609
66552
66510
66487
66479
66443
66385
66371
66304
66259
66211
66201
66195
66134
66122
66094
66087
66062
66051
66047
65914
65899
65895
65872
65839
65833
65794
65763
65650
65642
65620
65536
65498
65498
65455
65453
65390
65266
65197
65197
65184
65149
65140
65135
65098
65054
65051
64973
64957
64938
64872
64740
64682
64467
64450
64358
64257
64137
63962
63914
63844
63842
63797
63784
63772
63753
63685
63660
63658
63538
63269
63231
63199
63198
63189
63185
63173
63130
63054
63048
63046
63000
62847
62847
62827
62769
62633
62608
62572
62570
62557
62530
62529
62506
62460
62298
62262
61991
61891
61826
61777
61681
61662
61588
61571
61467
61449
61444
61443
61418
61397
61370
61347
61340
61335
61328
61176
60995
60950
60945
60908
60886
60850
60849
60764
60696
60690
60601
60466
60368
60367
60349
60343
60333
60161
60106
60080
60055
60032
60021
59989
59979
59957
59892
59873
59836
59660
59525
59510
59360
59281
59271
59259
59255
59185
59088
59004
58989
58989
58983
58950
58947
58913
58835
58778
58735
58578
58544
58502
58426
58398
58341
58340
58329
58267
58202
58133
58079
57939
57928
57925
57888
57794
57778
57683
57657
57596
57495
57479
57453
57416
57264
57262
57240
57240
57210
57207
57183
57140
57094
57066
57035
56914
56872
56872
56783
56770
56753
56669
56610
56607
56605
56580
56506
56436
56399
56305
56233
56227
56129
56091
56081
56052
56003
55997
55903
55865
55810
55798
55787
55742
55722
55708
55700
55646
55621
55606
55594
55548
55505
55467
55467
55425
55413
55396
55318
55217
55174
55153
54848
54825
54723
54588
54433
54404
54348
54345
54220
54166
54093
54084
54059
54029
54025
54000
53976
53861
53808
53789
53783
53759
53710
53549
53419
53299
53212
53158
53127
53088
53019
53000
52925
52850
52665
52615
52565
52460
52381
52380
52347
52274
52244
52222
52218
52213
52152
51925
51918
51891
51882
51825
51824
51745
51592
51559
51483
51462
51387
51381
51362
51285
51246
51239
50950
50824
50724
50474
50436
50332
50297
50294
50212
50141
50079
50043
49822
49809
49739
49609
49548
49500
49420
49326
49309
49305
49293
49263
49200
49191
49164
49075
49024
48884
48832
48792
48784
48781
48745
48722
48687
48683
48676
48577
48400
48390
48378
48290
48289
48264
48237
48153
48139
48131
48087
47941
47935
47880
47786
47740
47725
47714
47710
47695
47639
47624
47575
47492
47486
47482
47463
47411
47391
47293
47287
47062
46984
46904
46765
46758
46734
46611
46439
46424
46378
46280
46261
46175
46159
46146
46129
46098
46071
45920
45777
45733
45687
45676
45629
45613
45499
45470
45376
45312
45287
45266
45246
45203
45195
45055
45028
44992
44961
44946
44929
44901
44824
44816
44813
44760
44730
44693
44664
44530
44476
44452
44443
44340
44333
44250
44227
44195
44146
44047
44036
43996
43978
43906
43843
43801
43797
43698
43677
43637
43626
43569
43460
43448
43431
43308
43286
43284
43257
43212
43074
42987
42981
42966
42931
42920
42791
42732
42625
42536
42513
42462
42461
42345
42319
42241
42158
42150
42081
42016
41998
41989
41988
41892
41587
41578
41540
41497
41494
41464
41432
41409
41399
41281
41201
41168
41035
41035
41027
41018
40978
40860
40854
40845
40844
40841
40826
40792
40765
40740
40609
40597
40556
40475
40429
40400
40378
40358
40154
39953
39918
39898
39834
39799
39726
39715
39673
39665
39653
39585
39570
39552
39517
39477
39448
39446
39427
39378
39371
39272
39272
39177
39127
39111
38966
38867
38840
38806
38802
38780
38744
38673
38668
38641
38582
38553
38480
38473
38291
38150
38112
38074
38037
38014
37975
37967
37951
37799
37703
37662
37611
37593
37560
37556
37556
37485
37420
37397
37266
37257
37247
37239
37207
37204
37193
37185
37148
37143
37098
37094
37000
36992
36967
36918
36858
36834
36783
36765
36565
36551
36534
36362
36246
36169
36039
36020
35998
35964
35787
35780
35754
35725
35661
35631
35615
35596
35526
35500
35430
35423
35309
35255
35253
35247
35157
35136
35120
34939
34914
34859
34855
34656
34586
34398
34279
34216
34178
34053
34052
34010
33953
33875
33818
33779
33772
33761
33755
33751
33749
33721
33677
33598
33527
33490
33439
33417
33315
33271
33236
33215
33215
33185
33149
33137
33121
33095
33082
33077
33042
32960
32940
32906
32838
32824
32634
32607
32599
32500
32489
32449
32446
32441
32437
32377
32337
32199
32141
32123
32068
32033
32032
31874
31864
31842
31688
31661
31635
31586
31559
31418
31277
31244
31226
31199
31198
31163
31056
31016
30992
30900
30888
30874
30855
30845
30818
30751
30650
30630
30612
30606
30593
30581
30557
30511
30485
30436
30351
30307
30302
30301
30224
30168
30162
30140
30052
30026
30018
29938
29914
29892
29837
29822
29784
29772
29738
29733
29678
29650
29643
29400
29398
29386
29321
29280
29215
29203
29173
29072
28960
28943
28936
28877
28844
28600
28568
28551
28466
28391
28327
28316
28223
28181
28137
28119
28085
28067
27936
27917
27917
27866
27866
27791
27785
27744
27736
27686
27614
27607
27587
27579
27481
27426
27352
27320
27319
27288
27223
27049
27031
26994
26920
26790
26768
26744
26645
26628
26585
26560
26524
26439
26389
26195
26129
26124
26048
26045
25867
25829
25816
25710
25508
25502
25449
25447
25390
25200
25189
25154
25151
25120
25099
24992
24898
24851
24754
24690
24658
24611
24521
24491
24346
24278
24255
24242
24183
24139
24124
24080
24042
23888
23882
23856
23834
23825
23778
23742
23721
23651
23581
23564
23441
23412
23355
23329
23278
23246
23120
23085
23074
22988
22963
22917
22832
22697
22681
22599
22470
22461
22442
22373
22307
22260
22152
22147
22090
22090
22030
22021
21996
21996
21992
21882
21666
21577
21536
21536
21519
21483
21338
21299
21273
21268
21236
21079
21022
21018
20984
20973
20880
20753
20622
20499
20491
20480
20467
20436
20434
20424
20380
20291
20250
20172
20086
20074
20028
20010
19981
19977
19949
19854
19773
19724
19714
19630
19630
19573
19541
19510
19493
19434
19415
19338
19336
19320
19215
19187
19032
18989
18848
18800
18766
18641
18581
18549
18532
18518
18494
18443
18348
18264
18239
18136
18109
17898
17792
17760
17736
17678
17595
17387
17236
17195
17162
17047
16977
16935
16930
16904
16823
16744
16626
16626
16588
16583
16526
16445
16436
16407
16368
16352
16287
16286
16280
16238
16235
16208
16160
16007
15839
15763
15662
15522
15415
15300
15299
15211
15058
15033
14993
14990
14929
14900
14853
14812
14677
14647
14408
14403
14326
14299
14224
14160
14034
13915
13906
13872
13850
13793
13752
13703
13624
13486
13412
13357
13355
13353
13320
13191
13102
13100
13089
13069
12959
12916
12887
12839
12834
12807
12798
12709
12688
12679
12651
12605
12578
12517
12502
12413
12267
12180
12166
12151
12145
12103
12037
11999
11952
11872
11832
11743
11721
11715
11677
11672
11648
11641
11628
11550
11532
11469
11381
11380
11357
11328
11294
11289
11177
11115
11056
10908
10888
10882
10879
10797
10762
10680
10495
10487
10470
10427
10425
10413
10378
10204
10118
10096
10020
9985
9939
9802
9642
9636
9625
9581
9569
9539
9418
9416
9356
9312
9244
9213
9177
9173
9150
9135
9098
8974
8959
8950
8936
8891
8859
8817
8761
8708
8703
8682
8587
8581
8580
8511
8485
8471
8451
8283
8250
8205
8128
7984
7935
7855
7825
7773
7659
7622
7472
7472
7297
7265
7241
7239
7206
7200
7123
7120
6991
6923
6838
6760
6722
6714
6710
6705
6638
6563
6502
6469
6411
6404
6227
6217
6212
6196
6103
6092
6029
5983
5904
5897
5849
5831
5828
5814
5798
5750
5551
5547
5527
5460
5457
5355
5299
5028
4842
4842
4796
4734
4638
4494
4457
4432
4391
4287
4210
4194
4151
4033
4032
3988
3917
3900
3865
3846
3810
3804
3753
3705
3667
3657
3619
3604
3543
3534
3517
3321
3270
3184
3161
3148
3125
3039
2950
2930
2883
2747
2718
2690
2494
2432
2372
2234
2203
2183
2155
2147
1979
1893
1743
1703
1663
1614
1555
1505
1437
1422
1411
1406
1281
1257
1238
1192
1181
1137
1112
1021
1010
882
811
600
565
542
477
457
441
409
372
353
267
161
76
4
2
