99999
99972
99780
99749
99685
99657
99616
99616
99578
99526
99505
99456
99323
99223
99223
99186
99185
99115
99061
99036
98938
98911
98900
98888
98795
98702
98693
98602
98579
98568
98546
98467
98363
98354
98256
98188
98157
98107
98024
98021
97981
97781
97742
97712
97688
97667
97517
97474
97320
97284
97276
97221
97151
97138
97138
96831
96781
96733
96718
96711
96619
96524
96499
96432
96354
96175
96158
96118
96115
96094
96021
96020
96006
95928
95844
95833
95793
95790
95718
95631
95590
95559
95505
95498
95447
95441
95409
95358
95353
95308
95274
95274
95259
95254
95218
95174
95115
94952
94933
94894
94885
94777
94727
94726
94721
94712
94697
94591
94575
94555
94482
94394
94296
94269
94263
94257
94175
94155
94142
94140
94133
94044
93971
93930
93904
93856
93822
93790
93777
93748
93704
93700
93650
93544
93508
93270
93266
93243
93177
93131
93105
93100
93083
92960
92872
92853
92815
92807
92792
92772
92635
92618
92358
92358
92353
92308
92250
92192
92171
92140
92079
92050
92032
92022
91909
91806
91769
91703
91673
91634
91556
91435
91387
91350
91323
91319
91310
91281
91280
91242
91101
91082
91066
90993
90991
90920
90875
90860
90821
90729
90689
90655
90638
90619
90613
90525
90486
90381
90336
90227
90215
90116
90092
90087
90084
90074
89892
89789
89632
89625
89590
89508
89265
89184
89140
89117
88995
88970
88864
88858
88818
88812
88801
88780
88662
88644
88635
88615
88604
88483
88407
88373
88347
88220
88217
88176
88174
88075
88027
87979
87930
87894
87816
87746
87725
87602
87584
87554
87413
87391
87323
87285
87148
87099
87044
86966
86927
86832
86773
86770
86693
86654
86630
86595
86424
86422
86417
86315
86238
86237
86054
85985
85916
85908
85821
85804
85786
85759
85727
85605
85596
85587
85551
85405
85398
85351
85312
85296
85288
85284
85279
85205
85192
85173
85045
85037
84928
84927
84904
84896
84873
84857
84851
84846
84781
84709
84684
84674
84652
84561
84526
84483
84481
84474
84431
84388
84334
84231
84173
84082
84045
84039
84030
83955
83943
83924
83904
83792
83788
83772
83697
83659
83527
83392
83368
83204
83074
82855
82852
82839
82674
82649
82639
82635
82617
82603
82597
82583
82431
82423
82396
82298
82288
82207
82204
82192
82182
82144
82013
81915
81811
81809
81789
81762
81761
81689
81661
81638
81399
81391
81274
81254
81229
81166
81083
81040
80993
80977
80965
80850
80778
80724
80716
80705
80704
80668
80662
80651
80556
80480
80475
80436
80404
80376
80343
80264
80198
80163
79894
79841
79839
79836
79774
79733
79715
79678
79642
79590
79477
79302
79283
79135
79082
79057
79041
78878
78868
78820
78774
78728
78664
78640
78583
78558
78546
78522
78491
78469
78466
78390
78379
78376
78360
78330
78308
78232
78232
78148
78042
78018
77925
77913
77812
77797
77723
77705
77698
77632
77594
77501
77495
77480
77480
77395
77334
77305
77209
77133
77065
77047
76669
76658
76651
76635
76624
76571
76532
76530
76498
76477
76435
76421
76310
76255
76152
76139
76124
76123
76110
76110
76055
76048
76027
75897
75755
75708
75654
75466
75413
75295
75265
75246
75137
75069
75021
74955
74894
74852
74828
74744
74732
74702
74648
74639
74593
74567
74562
74490
74418
74284
74253
74227
74175
74149
73902
73872
73864
73850
73843
73843
73792
73791
73722
73663
73659
73609
73603
73525
73525
73373
73361
73346
73344
73190
73158
73112
73096
73054
72957
72929
72920
72894
72758
72722
72672
72627
72615
72588
72519
72295
72189
72118
72106
72093
71925
71890
71883
71815
71765
71658
71649
71617
71617
71471
71431
71372
71350
71342
71336
71332
71190
71126
71003
71002
70900
70848
70836
70779
70567
70476
70467
70445
70373
70339
70310
70309
70283
70105
70078
70051
69914
69792
69770
69741
69736
69729
69718
69664
69639
69633
69632
69629
69607
69478
69405
69385
69250
69093
69022
68983
68956
68846
68824
68821
68818
68770
68701
68592
68562
68534
68526
68512
68483
68479
68474
68448
68417
68396
68395
68393
68386
68362
68322
68321
68247
68181
68175
68138
68128
68125
68029
68028
68023
67995
67978
67963
67827
67807
67805
67597
67559
67553
67543
67511
67481
67452
67429
67356
67346
67310
67305
67202
67157
67157
67115
67088
66940
66886
66842
66686
66676
66645
66639
66534
66464
66457
66439
66421
66405
66302
66302
66239
66208
66174
66158
66087
66070
66065
65913
65771
65726
65675
65601
65593
65399
65325
65308
65266
65213
65202
65186
65157
65015
65009
64955
64883
64837
64774
64718
64705
64645
64626
64601
64529
64418
64382
64373
64344
64294
64277
64218
64073
64003
63995
63955
63939
63905
63893
63858
63851
63835
63820
63801
63795
63747
63658
63656
63655
63625
63622
63603
63534
63446
63430
63407
63293
63250
63217
63188
63152
63149
63125
63114
63097
63062
63040
63027
62861
62751
62741
62741
62714
62650
62615
62609
62598
62554
62461
62421
62297
62230
62212
62205
62188
62102
62069
62047
62038
62002
61987
61982
61973
61887
61809
61733
61669
61608
61600
61585
61513
61463
61449
61400
61362
61362
61329
61321
61311
61307
61278
61259
61252
61240
61217
61183
61155
61146
61132
61125
61028
60988
60980
60869
60840
60707
60638
60615
60554
60521
60512
60496
60480
60476
60450
60356
60327
60321
60310
60071
59973
59841
59795
59786
59768
59734
59391
59227
59187
59134
59123
59106
59090
59075
58941
58909
58891
58887
58869
58827
58816
58801
58635
58587
58557
58551
58470
58455
58417
58416
58309
58263
58099
58066
58065
58029
58028
58018
58005
57989
57952
57938
57862
57857
57840
57742
57722
57648
57587
57575
57543
57487
57479
57437
57410
57350
57258
57253
57103
56945
56937
56919
56907
56905
56715
56713
56706
56688
56662
56637
56612
56604
56439
56249
56209
56195
56170
56050
56021
55898
55863
55731
55708
55639
55624
55575
55546
55527
55502
55480
55472
55472
55466
55313
55239
55123
55117
54865
54776
54771
54729
54708
54689
54556
54254
54205
54132
54109
54074
54069
54054
53970
53944
53940
53920
53901
53820
53764
53747
53745
53698
53685
53675
53655
53459
53435
53394
53344
53220
53138
53118
53066
53041
52984
52969
52948
52920
52912
52849
52790
52789
52788
52708
52670
52596
52544
52477
52394
52347
52319
52293
52288
52282
52126
52081
52065
52026
51875
51851
51748
51656
51652
51647
51639
51513
51502
51398
51329
51319
51317
51288
51276
51273
51194
51181
51145
51144
51081
51063
51045
51033
51030
50953
50935
50900
50818
50792
50622
50567
50480
50417
50374
50266
50242
50239
50193
50113
50104
49963
49911
49886
49838
49779
49776
49687
49641
49624
49556
49294
49189
49034
48947
48945
48941
48849
48791
48785
48773
48673
48594
48567
48542
48511
48471
48326
48318
48271
48211
48155
48139
48064
47927
47899
47854
47841
47704
47680
47630
47565
47476
47462
47435
47390
47382
47377
47297
47264
47201
47191
47047
46945
46861
46828
46736
46705
46672
46547
46522
46514
46342
46314
46296
46211
46194
46165
46123
46020
45901
45846
45820
45813
45810
45790
45788
45752
45731
45730
45695
45678
45646
45450
45442
45283
45260
45214
45044
45011
45009
44920
44820
44780
44761
44732
44676
44561
44552
44481
44477
44382
44368
44335
44333
44286
44242
44224
44220
44145
44143
44132
44109
44083
44062
43965
43959
43926
43920
43855
43774
43751
43684
43544
43506
43472
43471
43453
43359
43274
43219
43217
43162
43140
43095
43079
43078
42936
42842
42735
42637
42585
42581
42536
42532
42504
42450
42443
42350
42344
42340
42274
42220
42137
42125
42083
42014
41993
41868
41833
41810
41793
41773
41738
41617
41398
41381
41357
41320
41314
41246
41075
41073
40947
40868
40778
40767
40737
40725
40676
40581
40569
40567
40561
40551
40521
40503
40458
40431
40368
40323
40265
40243
40197
40166
40143
40114
40001
39973
39960
39909
39805
39795
39790
39777
39732
39732
39731
39716
39668
39638
39588
39587
39476
39476
39377
39359
39323
39197
39113
38822
38736
38611
38516
38418
38403
38344
38307
38288
38274
38255
38251
38248
38232
38222
38209
38162
38098
38079
38079
38067
38058
38052
38024
37985
37930
37833
37673
37534
37494
37443
37408
37372
37223
37044
36967
36877
36823
36822
36803
36734
36711
36678
36584
36575
36436
36433
36254
36212
36209
36163
36140
36036
36012
35991
35979
35868
35860
35841
35816
35807
35603
35568
35549
35526
35517
35382
35376
35212
35197
35190
35117
35090
35057
35016
34994
34942
34883
34834
34801
34700
34680
34598
34509
34474
34454
34436
34372
34308
34266
34164
34045
33999
33989
33973
33904
33849
33819
33815
33624
33597
33508
33437
33364
33361
33343
33304
33254
33191
33053
33007
32951
32940
32723
32719
32692
32562
32389
32325
32319
32300
32284
32273
32255
32171
32159
32154
31975
31793
31753
31736
31727
31669
31663
31627
31600
31575
31487
31421
31385
31366
31348
31320
31298
31275
31236
31182
31059
31043
31000
30995
30993
30990
30949
30923
30895
30888
30838
30683
30661
30564
30555
30542
30537
30482
30433
30432
30308
30286
30223
30212
30187
30174
30128
30082
30019
29992
29952
29939
29921
29906
29896
29881
29870
29821
29816
29798
29796
29688
29634
29589
29578
29530
29478
29362
29339
29309
29166
29124
29095
29023
29010
28902
28881
28874
28741
28569
28556
28509
28506
28452
28384
28340
28336
28250
28247
28181
28156
28072
28006
28002
27994
27980
27980
27965
27896
27877
27867
27855
27850
27837
27632
27480
27422
27369
27337
27249
27239
27099
27050
27001
26960
26953
26930
26867
26840
26695
26688
26607
26570
26457
26310
26277
26233
26189
26188
26181
26056
26036
26013
25957
25844
25715
25704
25694
25685
25645
25575
25537
25536
25510
25451
25424
25417
25389
25380
25346
25318
25316
25235
25186
25176
25173
25097
25050
24988
24983
24899
24664
24620
24557
24541
24533
24522
24425
24403
24314
24263
24236
24197
24152
24134
24017
23995
23988
23917
23888
23835
23674
23340
23323
23316
23257
23241
23181
23177
23164
23128
23072
23060
22853
22826
22813
22806
22743
22733
22695
22370
22295
22209
22175
22060
22015
22006
21961
21737
21713
21544
21465
21419
21401
21399
21348
21324
21298
21265
21203
21186
21183
20992
20807
20774
20726
20726
20702
20626
20582
20573
20442
20359
20350
20322
20313
20283
20222
20204
20185
20157
20131
20007
19989
19843
19799
19581
19551
19526
19452
19451
19407
19387
19217
19173
19071
19012
18982
18982
18889
18884
18767
18651
18598
18520
18511
18460
18320
18300
18262
18196
18184
18157
18150
18122
18077
18067
18055
17974
17896
17804
17762
17760
17667
17591
17587
17544
17477
17475
17446
17389
17333
17241
17235
17200
17199
17126
17118
17080
17016
16992
16958
16904
16886
16848
16811
16801
16746
16667
16601
16569
16501
16463
16380
16306
16242
16196
16178
16091
16066
16001
15963
15962
15893
15860
15802
15733
15726
15707
15375
15156
15149
15131
15102
14981
14860
14540
14493
14422
14373
14319
14230
14187
14073
13959
13845
13745
13720
13692
13653
13624
13618
13567
13552
13521
13482
13452
13404
13365
13354
13326
13326
13252
13057
13012
13007
12992
12990
12967
12908
12884
12859
12848
12777
12691
12588
12479
12351
12329
12314
12295
12294
12234
12192
12174
12150
12023
12023
11971
11895
11828
11773
11758
11709
11658
11611
11599
11542
11458
11436
11206
11197
10817
10797
10789
10757
10658
10656
10656
10605
10533
10420
10415
10399
10334
10245
10044
10017
10007
9965
9965
9960
9941
9865
9853
9795
9661
9657
9655
9649
9386
9362
9362
9175
9150
9124
8979
8880
8852
8812
8719
8702
8640
8611
8545
8516
8481
8466
8454
8415
8255
8248
8112
8106
8040
7989
7987
7934
7880
7857
7839
7835
7821
7780
7745
7745
7642
7595
7591
7585
7575
7538
7440
7434
7434
7346
7342
7264
7239
7224
7211
7203
7182
7171
7042
7019
6980
6827
6658
6608
6576
6481
6447
6440
6370
6361
6354
6316
6311
6299
6263
6250
6154
6049
5968
5951
5891
5817
5801
5768
5765
5762
5761
5591
5527
5401
5397
5380
5343
5217
5203
5149
4935
4800
4789
4730
4711
4696
4650
4575
4475
4418
4362
4353
4352
4306
4249
4211
4148
4104
4053
4046
4031
3986
3877
3867
3828
3714
3636
3467
3467
3434
3276
3217
3059
3038
3033
3016
2910
2904
2900
2835
2833
2822
2693
2641
2633
2500
2447
2259
2217
2165
2163
2144
2051
2010
2002
2000
1988
1983
1977
1963
1954
1910
1889
1885
1883
1856
1834
1775
1763
1600
1545
1523
1508
1461
1365
1324
1289
1189
1149
1145
1083
1035
1023
997
851
835
737
654
601
566
551
535
412
398
316
284
259
250
222
199
179
136
113
29
2
