99995
99982
99968
99811
99787
99781
99722
99692
99596
99571
99539
99511
99436
99428
99400
99353
99239
99138
99129
99069
99023
99001
98948
98870
98844
98793
98763
98736
98629
98581
98541
98498
98437
98413
98343
98279
98233
98156
98093
98052
98050
97991
97974
97911
97905
97905
97793
97616
97489
97346
97250
97219
97179
97162
96872
96775
96753
96623
96603
96599
96594
96587
96572
96570
96427
96353
96338
96275
96253
96006
95973
95807
95758
95739
95730
95713
95707
95670
95362
95347
95316
95256
95228
95137
95130
95091
95065
94928
94783
94650
94634
94627
94616
94611
94558
94458
94360
94176
94168
94162
94113
94095
94090
94030
94003
93941
93874
93802
93791
93765
93625
93601
93563
93523
93515
93489
93476
93446
93444
93429
93308
93214
93182
93170
93166
93166
93128
93121
93054
93011
92940
92890
92821
92796
92722
92620
92446
92400
92394
92337
92333
92322
92309
92224
92201
92089
92071
92054
92018
91927
91859
91828
91686
91550
91481
91412
91318
91310
91231
91190
91104
91094
91071
91058
90958
90907
90820
90783
90672
90625
90622
90592
90586
90551
90452
90369
90355
90333
90283
90238
90159
90059
90007
89998
89985
89961
89905
89877
89839
89831
89811
89773
89742
89721
89657
89604
89522
89499
89493
89373
89308
89302
89157
89130
89127
88922
88901
88898
88821
88746
88658
88647
88639
88639
88632
88632
88493
88461
88429
88420
88395
88301
88278
88277
88276
88259
88215
88103
88075
88052
87806
87781
87762
87715
87647
87642
87529
87522
87452
87295
87238
87233
86957
86950
86944
86930
86924
86885
86843
86797
86729
86680
86660
86635
86631
86570
86569
86565
86536
86514
86497
86463
86453
86399
86375
86363
86323
86305
86287
86257
86019
85861
85836
85780
85601
85589
85492
85457
85447
85423
85349
85347
85325
85239
85186
85096
85091
85035
85010
84990
84948
84938
84891
84881
84836
84711
84705
84581
84530
84522
84503
84494
84477
84476
84268
84241
84216
84200
84145
84144
84081
84080
84031
84020
83999
83891
83803
83785
83757
83751
83680
83678
83658
83527
83526
83496
83486
83474
83452
83421
83414
83411
83390
83365
83295
83275
83257
83210
83203
83142
83134
83115
82920
82724
82667
82666
82660
82606
82599
82592
82583
82580
82518
82494
82460
82454
82406
82346
82341
82282
82230
81965
81912
81866
81855
81813
81782
81471
81426
81423
81414
81326
81254
81163
81151
81124
81086
80846
80839
80745
80684
80680
80663
80566
80511
80511
80448
80428
80418
80405
80391
80355
80314
80185
79952
79903
79707
79703
79654
79651
79650
79610
79589
79514
79481
79441
79385
79362
79351
79326
79228
79223
79198
79130
79120
79110
79066
78886
78829
78789
78741
78673
78654
78653
78590
78549
78501
78410
78282
78274
78262
78023
77999
77964
77960
77953
77895
77894
77885
77873
77846
77838
77758
77716
77695
77571
77560
77538
77520
77476
77459
77392
77388
77293
77253
77187
77155
77154
77127
77113
77076
77030
77001
76985
76985
76967
76936
76927
76836
76835
76806
76734
76718
76674
76655
76569
76555
76523
76481
76471
76427
76407
76262
76148
76125
76122
76078
76016
76015
76013
75973
75915
75889
75873
75862
75801
75661
75586
75536
75531
75428
75401
75398
75373
75324
75256
75149
75145
75117
74987
74929
74915
74909
74900
74866
74849
74760
74758
74744
74665
74581
74572
74479
74459
74417
74414
74410
74403
74252
74230
74224
74142
74053
74027
74009
73886
73875
73863
73815
73756
73711
73700
73661
73650
73585
73572
73326
73057
73024
73003
72924
72731
72716
72683
72614
72581
72549
72542
72439
72438
72366
72365
72308
72247
72206
72138
72108
72101
72032
72005
71973
71946
71872
71860
71814
71783
71745
71617
71598
71558
71550
71546
71512
71512
71509
71416
71411
71396
71357
71337
71150
71142
71059
70963
70951
70888
70794
70749
70585
70542
70476
70431
70359
70279
70150
70132
69877
69861
69857
69856
69817
69790
69719
69664
69593
69592
69528
69473
69459
69448
69399
69390
69272
69264
69250
69189
69188
69180
69170
69131
69110
69076
69048
68969
68839
68835
68789
68769
68697
68653
68613
68569
68568
68561
68554
68459
68424
68279
68262
68217
68158
68092
68089
67995
67972
67931
67899
67714
67701
67578
67503
67476
67450
67271
67160
67147
67048
66992
66975
66931
66850
66825
66581
66541
66515
66485
66460
66430
66383
66375
66273
66237
66172
65983
65973
65892
65840
65645
65630
65603
65583
65508
65480
65413
65297
65243
65221
65149
65120
65118
65097
65091
64975
64967
64951
64946
64931
64854
64762
64730
64697
64655
64615
64554
64527
64503
64455
64414
64406
64404
64374
64360
64309
64291
64232
64168
64057
63917
63871
63869
63855
63719
63704
63695
63681
63678
63646
63586
63578
63539
63513
63508
63502
63497
63487
63426
63409
63351
63313
63295
63155
62887
62859
62839
62827
62778
62661
62582
62508
62500
62498
62373
62346
62328
62312
62264
62260
62193
62187
62090
61985
61730
61700
61683
61683
61626
61580
61575
61365
61269
61131
61076
61068
60975
60862
60809
60803
60773
60714
60705
60669
60640
60632
60592
60579
60528
60506
60501
60472
60454
60412
60384
60340
60269
60233
60223
60214
60198
60107
60100
60041
59990
59942
59910
59868
59824
59811
59722
59632
59525
59520
59482
59436
59424
59393
59341
59320
59250
59163
59004
58926
58879
58871
58828
58784
58672
58655
58611
58585
58519
58427
58402
58318
58301
58263
58103
58068
58050
58033
57999
57887
57845
57832
57772
57725
57713
57703
57685
57652
57567
57509
57492
57480
57463
57449
57288
57267
57238
57094
57048
57039
57019
57004
56969
56960
56879
56802
56786
56575
56461
56403
56361
56339
56279
56256
56217
56169
56155
56148
56094
55927
55895
55740
55727
55648
55585
55485
55456
55310
55097
55051
55029
55008
54852
54803
54777
54736
54736
54674
54608
54603
54416
54344
54303
54296
54264
54162
54118
54115
54063
54063
54018
53983
53968
53952
53945
53870
53866
53844
53829
53769
53678
53661
53593
53574
53522
53503
53474
53390
53378
53365
53286
53280
53144
53035
53008
52998
52948
52832
52831
52825
52777
52774
52755
52683
52681
52680
52465
52390
52388
52383
52339
52329
52305
52253
52208
52061
51914
51906
51835
51791
51736
51643
51631
51621
51447
51427
51373
51368
51366
51226
51202
51186
51164
51106
51080
51070
51032
51018
50901
50850
50813
50807
50747
50736
50712
50692
50686
50682
50661
50647
50627
50622
50544
50516
50442
50397
50388
50347
50329
50299
50260
49972
49903
49896
49864
49803
49785
49777
49766
49591
49590
49588
49579
49562
49548
49481
49463
49368
49316
49284
49276
49263
49159
49104
49077
48968
48890
48821
48714
48693
48562
48543
48543
48525
48427
48402
48301
48288
48283
48190
48189
48137
48127
48096
48065
48006
47975
47914
47737
47701
47658
47644
47611
47611
47601
47537
47525
47477
47388
47109
47046
46910
46896
46668
46637
46630
46608
46576
46562
46544
46472
46403
46392
46255
46213
46091
46041
46040
46021
46010
45915
45900
45855
45815
45774
45720
45677
45655
45640
45537
45515
45461
45436
45388
45365
45344
45302
45256
45247
45233
45226
45185
45174
45126
45126
44950
44884
44880
44813
44778
44744
44631
44621
44613
44598
44548
44475
44379
44378
44149
44134
44071
44057
44055
43970
43920
43917
43910
43855
43808
43712
43598
43563
43488
43471
43450
43403
43336
43272
43239
43072
43029
42900
42878
42849
42761
42755
42657
42573
42568
42556
42366
42361
42359
42199
42176
42112
42112
42045
41989
41944
41895
41877
41860
41856
41853
41852
41765
41753
41746
41716
41698
41610
41539
41448
41330
41254
41242
41227
41191
41160
41149
41142
41087
41064
41043
41041
41033
41017
41001
40930
40820
40820
40806
40806
40799
40701
40681
40672
40645
40581
40540
40520
40519
40504
40468
40456
40409
40391
40335
40315
40297
40269
40250
40241
40232
40198
40184
40180
39939
39903
39848
39846
39829
39801
39772
39723
39681
39387
39369
39352
39265
39195
39117
39111
39105
39085
38882
38823
38818
38800
38773
38691
38675
38671
38601
38577
38454
38242
38212
38205
38183
38148
38094
38015
37919
37885
37879
37861
37850
37779
37773
37594
37492
37456
37430
37410
37385
37384
37358
37299
37297
37292
37264
37223
37137
37119
37037
36990
36977
36863
36859
36801
36644
36522
36474
36417
36410
36367
36363
36264
36255
36192
36192
36172
36088
35988
35972
35930
35880
35812
35805
35796
35795
35687
35647
35644
35573
35571
35558
35532
35499
35328
35324
35267
35211
35155
35123
35122
35067
35019
34967
34900
34890
34871
34845
34834
34780
34755
34753
34750
34648
34645
34635
34580
34559
34545
34498
34486
34402
34401
34330
34228
34177
34083
34032
34006
33979
33876
33839
33747
33692
33635
33547
33510
33484
33479
33394
33345
33307
33216
33154
33071
33062
32974
32970
32772
32671
32665
32651
32614
32551
32541
32438
32385
32307
32307
32305
32177
32152
32149
32117
32113
32057
32002
31994
31972
31968
31941
31862
31786
31778
31753
31732
31707
31691
31539
31533
31476
31436
31431
31378
31313
31217
31141
31098
31094
31055
31054
30990
30753
30718
30422
30410
30356
30347
30318
30256
30234
30187
30133
30035
30035
30009
29998
29969
29956
29736
29719
29701
29441
29364
29343
29205
29194
29177
29020
28989
28986
28714
28694
28653
28648
28623
28600
28592
28545
28535
28533
28437
28303
28236
28187
28184
28180
28048
27992
27965
27911
27885
27876
27861
27850
27756
27631
27577
27539
27486
27407
27319
27253
27167
27090
27010
26919
26752
26371
26340
26262
26167
26161
26043
25999
25910
25854
25773
25772
25767
25626
25533
25503
25500
25414
25382
25308
25289
25256
25012
25010
24996
24988
24913
24898
24863
24835
24813
24751
24743
24676
24656
24584
24522
24511
24470
24461
24441
24421
24349
24290
24273
24270
24163
24154
24147
24022
23981
23957
23943
23939
23843
23678
23654
23641
23587
23377
23188
23176
23140
23137
23079
23059
23036
22953
22809
22772
22710
22693
22631
22362
22320
22169
22091
21971
21964
21938
21929
21865
21811
21774
21744
21742
21712
21703
21636
21543
21511
21505
21505
21434
21358
21352
21307
21295
21267
21228
21137
21010
20902
20852
20850
20820
20794
20709
20686
20673
20639
20636
20620
20615
20580
20510
20482
20475
20191
20177
20065
20010
19917
19831
19830
19818
19794
19787
19716
19714
19685
19680
19584
19453
19444
19442
19425
19374
19260
19246
19228
19215
18967
18953
18937
18865
18791
18724
18614
18591
18535
18475
18445
18304
18226
18033
18010
17988
17882
17875
17843
17814
17807
17722
17717
17380
17359
17349
17280
17203
17155
17102
17045
16899
16863
16832
16782
16732
16718
16584
16512
16494
16408
16372
16351
16343
16322
16205
16181
16179
16090
16008
16001
15980
15938
15866
15805
15785
15731
15713
15693
15569
15550
15539
15461
15419
15362
15357
15336
15199
15096
15067
15029
15011
14903
14844
14834
14807
14697
14671
14631
14593
14588
14491
14358
14319
14230
14112
14088
13999
13998
13973
13972
13958
13933
13932
13924
13919
13863
13822
13743
13627
13599
13533
13496
13477
13456
13369
13342
13296
13174
13137
13054
13036
12970
12967
12957
12926
12876
12777
12728
12668
12644
12624
12607
12467
12454
12429
12376
12314
12306
12287
12228
12213
12208
12178
12158
11900
11872
11857
11831
11830
11784
11682
11612
11597
11596
11596
11579
11371
11352
11292
11285
11270
11218
11091
11037
11011
10956
10881
10840
10835
10813
10810
10689
10687
10561
10537
10449
10339
10255
10122
10114
10091
10070
10059
9955
9903
9870
9836
9832
9831
9506
9505
9462
9406
9355
9051
8962
8923
8849
8813
8714
8702
8638
8598
8576
8571
8504
8418
8332
8326
8235
8233
8188
8184
8138
8136
8060
7854
7838
7755
7742
7690
7680
7451
7439
7429
7312
7250
7205
7120
7051
7039
7021
6992
6941
6852
6640
6635
6632
6612
6602
6587
6578
6471
6326
6281
6251
6234
6228
6148
6062
6031
5967
5762
5693
5578
5569
5497
5451
5443
5328
5152
5097
5081
5074
4972
4862
4841
4836
4826
4724
4724
4723
4714
4690
4629
4413
4349
4274
4227
4226
4184
4138
4070
4028
4017
3961
3903
3864
3847
3793
3760
3689
3679
3668
3644
3493
3408
3374
3343
3336
3335
3320
3202
3202
3173
3169
3167
3142
3140
3130
3130
3056
3055
3054
3015
2987
2902
2834
2799
2730
2710
2660
2650
2495
2483
2450
2444
2371
2118
2110
2032
2032
2022
1961
1959
1897
1838
1797
1785
1759
1746
1734
1728
1586
1540
1524
1515
1508
1482
1390
1294
1249
1186
1175
1108
1104
1002
992
848
834
785
769
626
602
602
548
498
493
444
367
334
333
247
160
157
116
111
98
74
42
36
