99919
99892
99843
99757
99737
99669
99610
99608
99577
99553
99545
99398
99346
99333
99318
99291
99196
99177
99110
99042
99041
99024
99011
99001
98909
98830
98784
98771
98745
98643
98631
98623
98490
98428
98411
98294
98290
98091
98026
97967
97953
97890
97873
97768
97734
97731
97687
97634
97617
97581
97574
97570
97418
97331
97331
97299
97238
97131
97098
97074
97011
96962
96956
96932
96919
96897
96808
96703
96703
96689
96620
96606
96547
96416
96367
96228
96165
96058
96058
96018
96014
95956
95934
95886
95868
95839
95788
95757
95723
95686
95647
95638
95571
95568
95539
95414
95327
95257
95241
95205
95202
95179
95045
94993
94912
94848
94785
94759
94743
94733
94729
94691
94623
94621
94572
94522
94491
94478
94166
94053
93806
93763
93452
93434
93432
93396
93348
93310
93290
93254
93164
93134
93058
93052
92991
92896
92877
92835
92639
92623
92611
92515
92404
92382
92279
92110
92077
92042
91947
91848
91717
91709
91683
91680
91657
91651
91558
91519
91506
91411
91388
91348
91323
91287
91188
91065
91022
90884
90831
90713
90680
90672
90657
90519
90517
90484
90479
90478
90419
90387
90316
90163
90158
90111
90108
90108
90013
90000
89935
89879
89865
89788
89783
89764
89665
89657
89582
89569
89498
89494
89485
89475
89470
89457
89450
89418
89412
89412
89407
89376
89228
89102
89070
88952
88932
88841
88778
88677
88601
88545
88427
88359
88325
88316
88278
88260
88223
88222
88206
88206
88154
88099
88022
88014
87962
87919
87717
87656
87639
87610
87513
87376
87362
87356
87337
87309
87285
87278
87199
87067
87036
87027
86973
86953
86950
86900
86892
86873
86815
86790
86772
86759
86679
86641
86633
86569
86552
86540
86490
86421
86388
86352
86288
86234
86222
86212
86102
86071
86064
86061
85976
85962
85935
85833
85813
85610
85527
85429
85300
85220
85219
85161
85140
85001
84925
84864
84836
84832
84741
84675
84652
84620
84573
84519
84490
84472
84468
84460
84418
84331
84309
84182
84120
84084
84066
84044
83975
83955
83953
83946
83816
83814
83720
83708
83706
83687
83633
83620
83538
83522
83424
83395
83346
83343
83294
83233
83217
83177
83056
83012
83005
82977
82932
82903
82855
82821
82811
82804
82716
82507
82473
82462
82095
82040
82039
81875
81845
81820
81724
81666
81608
81354
81248
81179
81117
81060
80932
80921
80921
80835
80585
80579
80569
80565
80544
80513
80388
80235
80015
80005
79981
79926
79724
79679
79565
79532
79497
79497
79474
79406
79355
79257
79193
79190
79170
79152
79098
79014
78955
78931
78928
78892
78865
78856
78771
78673
78602
78597
78581
78563
78549
78383
78200
78187
78083
78082
78072
78054
78047
77969
77910
77805
77805
77799
77778
77722
77718
77715
77587
77558
77475
77459
77443
77425
77384
77301
77295
77221
77220
77200
77133
77133
77027
76958
76949
76857
76846
76769
76668
76320
76263
76230
76135
76046
76021
76014
75960
75944
75906
75782
75772
75688
75616
75593
75425
75413
75289
75263
75245
75203
75139
75114
75034
75016
75005
74940
74934
74878
74689
74681
74680
74665
74658
74600
74593
74589
74568
74340
74333
74282
74252
74210
74155
74065
73949
73936
73903
73884
73883
73876
73858
73794
73769
73748
73732
73720
73695
73647
73634
73568
73546
73536
73461
73447
73396
73217
73159
73102
73002
72971
72888
72839
72825
72783
72724
72518
72459
72439
72371
72333
72201
72158
72083
72067
72015
71960
71880
71876
71805
71717
71690
71634
71623
71512
71509
71425
71400
71397
71362
71332
71280
71273
71207
71153
71024
71019
71008
70943
70717
70709
70591
70549
70521
70521
70499
70411
70404
70371
70351
70328
70261
70212
70185
70074
70021
70007
69974
69829
69811
69737
69659
69639
69616
69607
69521
69516
69500
69485
69461
69306
69185
69154
69090
69051
69028
69025
69023
69007
68971
68966
68941
68911
68754
68677
68640
68618
68516
68474
68359
68244
68216
68203
68169
68110
68096
68084
67953
67916
67839
67766
67758
67737
67715
67712
67708
67692
67574
67506
67435
67397
67303
67019
66987
66974
66887
66793
66777
66747
66724
66622
66606
66294
66284
66117
66114
66103
66031
65947
65924
65915
65887
65867
65762
65697
65640
65625
65619
65505
65482
65448
65392
65369
65360
65336
65325
65234
65173
65149
64994
64859
64691
64661
64658
64554
64548
64520
64487
64343
64312
64179
64071
64006
63962
63953
63949
63882
63848
63834
63811
63787
63764
63755
63735
63718
63709
63704
63699
63593
63578
63521
63493
63469
63377
63356
63342
63340
63104
63062
63053
62938
62928
62872
62870
62860
62842
62760
62658
62620
62568
62566
62300
62257
62222
62178
62098
61996
61949
61907
61894
61873
61842
61841
61802
61798
61761
61740
61517
61513
61507
61489
61438
61318
61272
61265
61175
61156
61036
60850
60821
60683
60677
60676
60521
60512
60467
60464
60423
60407
60338
60150
60148
59993
59933
59913
59793
59727
59665
59527
59399
59380
59366
59341
59328
59174
59166
59087
59084
59075
58971
58965
58938
58904
58895
58890
58831
58768
58733
58732
58631
58622
58610
58526
58492
58477
58347
58269
58238
58216
58207
58192
58136
58078
58070
58026
58003
57974
57856
57743
57733
57635
57617
57589
57556
57528
57515
57514
57464
57423
57385
57345
57300
57259
57010
57004
56928
56920
56880
56820
56818
56816
56739
56688
56683
56650
56633
56528
56496
56462
56408
56377
56346
56324
56294
56294
56209
56100
56091
56061
55928
55791
55619
55604
55543
55535
55526
55396
55303
55286
55272
55263
55232
55194
55186
55140
55123
55104
55092
55052
55049
55018
54964
54857
54793
54793
54728
54714
54688
54687
54670
54654
54644
54588
54582
54579
54575
54546
54522
54274
54211
54208
54206
54192
54122
53992
53973
53963
53955
53929
53889
53700
53682
53596
53495
53427
53411
53402
53262
53261
53204
53108
53087
52955
52921
52916
52785
52781
52729
52612
52582
52572
52560
52543
52515
52467
52422
52418
52340
52280
52276
52244
52214
52180
52158
52071
52043
52026
52021
51993
51971
51959
51944
51932
51876
51778
51665
51603
51535
51452
51400
51363
51325
51301
51300
51294
51199
51060
50784
50577
50527
50430
50422
50378
50250
50236
50219
50217
50122
50122
50059
49970
49840
49826
49785
49701
49644
49619
49451
49438
49432
49350
49300
49273
49251
49219
49215
49089
49087
49068
49038
48947
48876
48866
48859
48766
48751
48583
48565
48546
48515
48479
48448
48343
48250
48248
48218
48193
48191
48180
48124
48013
48013
47983
47933
47907
47746
47684
47645
47615
47487
47421
47390
47203
47157
47056
47042
47037
46970
46968
46865
46817
46815
46794
46788
46695
46690
46675
46611
46601
46546
46524
46463
46427
46412
46294
46254
46238
46199
46195
46160
46157
45990
45983
45919
45847
45835
45814
45785
45732
45713
45682
45644
45610
45599
45590
45526
45509
45503
45491
45484
45448
45296
45243
45240
45227
45104
45048
45015
44957
44901
44897
44830
44738
44660
44612
44585
44559
44559
44556
44451
44350
44228
44134
44067
44034
43982
43962
43933
43924
43861
43848
43764
43741
43684
43534
43442
43434
43410
43344
43308
43259
43221
43214
43103
43075
43048
43046
43035
43013
42999
42989
42936
42928
42883
42872
42788
42690
42622
42614
42544
42539
42468
42391
42382
42377
42277
42238
42237
42217
42167
42142
42031
42021
41934
41917
41882
41874
41858
41842
41780
41774
41657
41542
41495
41465
41427
41424
41410
41244
41090
41080
41041
40923
40909
40902
40867
40859
40853
40838
40811
40749
40739
40690
40669
40520
40496
40418
40407
40398
40382
40288
40286
40147
40121
40119
40058
40029
39872
39864
39726
39651
39613
39554
39550
39541
39474
39449
39410
39373
39336
39327
39309
39288
39214
39209
39146
39130
39115
39102
39019
38978
38971
38931
38883
38845
38770
38683
38618
38610
38529
38512
38465
38428
38392
38346
38304
38286
38278
38260
38218
38189
38182
38157
38127
38008
37997
37953
37909
37906
37904
37848
37832
37816
37721
37654
37593
37504
37480
37453
37382
37369
37286
37154
37109
37094
37007
36969
36962
36927
36917
36874
36802
36733
36619
36572
36524
36519
36509
36498
36469
36430
36351
36348
36341
36280
36256
36256
36178
36175
36160
36134
35978
35977
35975
35950
35896
35817
35810
35787
35762
35689
35683
35669
35613
35495
35479
35369
35354
35298
35282
35231
35204
35091
34984
34957
34921
34865
34859
34858
34853
34827
34823
34784
34748
34634
34599
34516
34482
34440
34378
34352
34349
34323
34257
34247
34199
34147
34133
34131
34024
33918
33916
33858
33830
33824
33810
33770
33745
33713
33650
33598
33549
33275
33265
33264
33233
33220
33217
33200
33106
33055
33011
32976
32923
32834
32779
32734
32723
32648
32647
32558
32546
32446
32350
32330
32183
32100
32099
32098
32064
32060
31862
31745
31702
31668
31598
31416
31405
31378
31360
31316
31289
31269
31222
31216
31113
31085
31079
31070
31036
30911
30897
30882
30781
30745
30729
30701
30651
30642
30620
30561
30540
30532
30463
30413
30407
30338
30317
30227
30153
30101
29965
29946
29944
29942
29921
29879
29872
29868
29839
29803
29797
29750
29632
29601
29574
29524
29417
29382
29380
29339
29015
29005
29000
28935
28906
28899
28822
28808
28781
28772
28750
28645
28618
28602
28513
28497
28418
28389
28385
28330
28291
28265
28219
28171
28164
28112
28096
28080
28069
27700
27516
27461
27430
27266
27183
27176
27133
27116
27090
26964
26944
26822
26780
26753
26737
26726
26662
26627
26617
26586
26510
26492
26491
26369
26246
26192
26183
26177
26035
26005
25909
25881
25869
25868
25738
25712
25629
25554
25542
25539
25524
25452
25398
25370
25358
25351
25350
25294
25256
25212
25117
25076
25061
25060
25059
25053
24951
24882
24876
24752
24668
24552
24516
24506
24468
24446
24442
24387
24315
24208
24203
24143
24116
24106
24080
24034
23873
23867
23858
23729
23685
23654
23611
23583
23556
23539
23529
23526
23518
23500
23461
23396
23345
23329
23283
23278
23181
23145
23090
23081
23070
22978
22797
22782
22709
22679
22675
22555
22522
22484
22383
22319
22213
22108
22023
21891
21876
21780
21701
21617
21615
21560
21528
21448
21371
21347
21340
21336
21327
21225
21224
21217
21182
21178
21145
21095
21046
21025
20989
20976
20960
20906
20868
20839
20712
20643
20631
20626
20601
20547
20527
20513
20473
20430
20399
20335
20166
20161
20159
20131
20040
19994
19964
19949
19925
19922
19850
19827
19695
19656
19618
19382
19350
19321
19257
19211
19126
19081
18901
18836
18832
18804
18776
18731
18687
18682
18678
18643
18622
18533
18408
18402
18352
18343
18278
18150
18108
18083
18020
18009
17985
17974
17927
17864
17795
17763
17763
17672
17581
17579
17500
17471
17453
17360
17315
17231
17145
17102
17100
17068
17013
16910
16905
16803
16785
16776
16739
16736
16514
16501
16467
16415
16407
16398
16366
16347
16309
16297
16054
15811
15789
15771
15756
15678
15647
15614
15594
15433
15426
15415
15408
15294
15265
15260
15204
15028
15026
15025
14883
14841
14776
14759
14743
14600
14519
14503
14502
14491
14461
14413
14379
14371
14335
14295
14262
14247
14202
14110
14089
13958
13916
13789
13779
13774
13604
13601
13599
13589
13496
13450
13448
13350
13325
13310
13259
13205
13197
13172
13166
13147
13136
13062
12997
12960
12954
12926
12902
12897
12853
12847
12827
12826
12819
12805
12669
12541
12459
12416
12337
12304
12221
12218
12214
12160
12152
12151
12097
12070
11992
11898
11842
11687
11670
11627
11626
11540
11474
11447
11403
11369
11317
11296
11268
11185
11105
11058
11005
10703
10641
10623
10582
10573
10555
10494
10463
10430
10356
10235
10234
10209
10208
10176
9949
9898
9857
9790
9747
9627
9522
9507
9503
9419
9353
9273
9223
9194
9163
9157
9001
8883
8879
8873
8873
8867
8864
8826
8821
8819
8772
8749
8567
8520
8515
8378
8160
8147
8142
8141
8034
7922
7913
7878
7840
7693
7653
7652
7599
7585
7490
7377
7331
7280
7251
7162
7144
7020
7019
6932
6850
6828
6674
6546
6371
6329
6300
6253
6238
6196
6176
6164
6131
6127
6122
6026
6000
5981
5954
5937
5850
5751
5689
5647
5556
5548
5358
5221
5220
5177
4975
4956
4874
4756
4732
4729
4638
4626
4414
4407
4252
4247
4201
4167
4106
3986
3915
3894
3861
3807
3792
3698
3664
3648
3502
3438
3392
3238
3226
3208
3191
3184
3147
3135
3084
3015
3002
2796
2765
2717
2711
2585
2517
2512
2405
2317
2273
2197
2193
2170
2168
2059
2050
2035
2022
2000
1996
1975
1918
1895
1642
1641
1575
1566
1555
1506
1470
1449
1329
1258
1229
1197
1138
1084
1081
1000
971
969
894
803
773
733
651
632
568
447
384
359
281
178
173
123
