99837
99796
99777
99566
99502
99464
99154
99119
99065
98990
98967
98903
98812
98730
98674
98534
98511
98509
98461
98444
98372
98361
98347
98327
98238
98236
98208
98111
98070
98055
98022
97914
97885
97866
97764
97733
97715
97711
97693
97635
97604
97559
97552
97535
97473
97460
97447
97438
97418
97407
97365
97318
97278
97274
97254
97222
97086
97060
97045
97036
97019
96746
96555
96473
96328
96283
96279
96243
96149
95909
95908
95791
95700
95676
95524
95513
95169
95148
95146
95053
95007
94953
94893
94875
94830
94804
94719
94714
94705
94671
94599
94565
94417
94263
94199
94128
94095
94061
94046
94011
93989
93977
93956
93918
93831
93790
93690
93607
93551
93509
93447
93413
93411
93202
93119
93074
93026
92961
92961
92934
92819
92806
92783
92764
92756
92729
92725
92670
92596
92555
92441
92378
92344
92271
92252
92250
92246
92156
92145
92097
92065
92037
91868
91811
91779
91763
91710
91702
91685
91591
91489
91453
91378
91249
91121
91108
91072
91044
90957
90923
90918
90826
90774
90741
90670
90641
90578
90440
90382
90379
90336
90199
90106
90074
89931
89906
89837
89777
89756
89710
89670
89587
89575
89556
89524
89364
89270
89263
89235
89212
89122
89018
89005
89004
88949
88934
88899
88853
88843
88804
88764
88739
88671
88650
88575
88561
88538
88523
88523
88437
88413
88207
88122
88110
88071
88012
87989
87979
87951
87882
87840
87797
87743
87732
87664
87625
87616
87577
87547
87547
87517
87504
87502
87500
87486
87432
87426
87383
87314
87291
87286
87264
87214
87105
87104
87069
87059
87019
87019
86872
86857
86781
86737
86727
86712
86706
86594
86512
86506
86485
86475
86443
86432
86375
86369
86197
86192
86185
86154
85789
85786
85740
85700
85595
85561
85547
85546
85465
85458
85391
85345
85328
85318
85255
85144
85098
85052
84900
84867
84798
84781
84710
84691
84679
84624
84608
84535
84508
84457
84448
84401
84236
84186
84055
83924
83855
83734
83686
83646
83643
83570
83552
83492
83313
83217
83183
83132
83068
82966
82937
82897
82876
82870
82855
82766
82764
82728
82720
82715
82711
82692
82654
82637
82623
82585
82540
82466
82452
82408
82398
82230
82157
82150
82014
81849
81811
81752
81706
81627
81605
81578
81423
81301
81130
81087
81068
81057
80978
80947
80867
80824
80667
80624
80576
80549
80547
80431
80412
80381
80368
80361
80333
80228
80163
80135
80096
80095
80048
80032
80019
79999
79993
79972
79915
79800
79737
79725
79709
79650
79472
79466
79382
79326
79300
79269
79245
79213
79209
79197
79126
79027
78910
78859
78854
78784
78740
78732
78724
78723
78667
78611
78600
78581
78539
78507
78506
78501
78474
78417
78413
78362
78288
78254
78154
78130
78090
78009
78006
77995
77922
77911
77903
77879
77875
77858
77728
77670
77627
77626
77526
77464
77463
77417
77373
77320
77300
77231
77192
77132
77092
76980
76888
76829
76808
76793
76792
76789
76730
76715
76673
76578
76568
76539
76517
76394
76333
76293
76235
76228
76160
76123
76121
76064
76003
75943
75942
75923
75913
75901
75899
75851
75769
75741
75731
75649
75621
75604
75567
75557
75434
75349
75195
75190
75117
74915
74903
74876
74842
74837
74789
74782
74774
74681
74638
74517
74436
74435
74389
74382
74335
74330
74250
74139
74136
74091
74032
73990
73949
73945
73881
73868
73742
73718
73654
73641
73640
73622
73542
73527
73355
73234
73165
72974
72825
72810
72576
72553
72490
72485
72452
72298
72233
72160
72062
72014
71961
71869
71834
71804
71697
71415
71338
71283
71252
71217
71161
71137
71096
71019
70996
70970
70598
70480
70396
70366
70296
70283
70261
70261
70246
70204
70176
70027
69969
69837
69768
69768
69713
69711
69691
69674
69660
69502
69496
69421
69416
69340
69282
69263
69238
69196
69182
69182
69124
69095
69064
69048
68977
68885
68820
68758
68732
68593
68464
68460
68345
68338
68271
68251
68250
68216
68180
68092
67935
67914
67883
67827
67734
67704
67622
67592
67578
67487
67443
67406
67371
67371
67237
67150
67137
67116
67052
67036
67001
66993
66958
66834
66821
66725
66651
66521
66503
66491
66469
66449
66281
66270
66227
66187
66097
66079
66033
66026
66003
65994
65785
65723
65624
65541
65436
65335
65304
65300
65294
65291
65232
65133
65002
64962
64912
64774
64674
64626
64557
64524
64489
64464
64296
64177
64131
64039
64034
63954
63907
63884
63857
63678
63664
63579
63566
63552
63481
63469
63466
63444
63261
63197
63166
63159
63142
63058
63045
62977
62964
62924
62882
62747
62746
62623
62615
62615
62507
62498
62442
62395
62363
62356
62312
62269
61982
61949
61945
61922
61879
61807
61772
61715
61709
61691
61542
61502
61490
61470
61423
61266
61182
61121
61106
61081
61003
61000
60834
60826
60790
60761
60737
60655
60648
60627
60560
60501
60454
60404
60346
60307
60289
60217
60082
60059
60040
60005
59922
59904
59879
59746
59733
59692
59673
59612
59611
59604
59572
59500
59396
59368
59340
59332
59330
59273
59222
59113
59045
58868
58850
58837
58721
58685
58594
58493
58375
58300
58226
58204
58189
58169
58134
58128
58039
58005
57936
57846
57711
57666
57626
57578
57557
57471
57450
57359
57292
57099
57091
57078
56969
56943
56849
56793
56770
56764
56737
56702
56698
56685
56665
56509
56502
56473
56454
56445
56435
56430
56379
56346
56330
56268
56137
56084
56070
56055
56035
55949
55892
55881
55877
55848
55809
55805
55795
55643
55628
55623
55582
55522
55509
55495
55339
55333
55307
55237
55229
55163
55131
55038
55015
54945
54928
54900
54779
54618
54589
54586
54585
54536
54517
54487
54263
54258
54249
54245
54203
54154
54102
54046
53896
53879
53863
53862
53778
53740
53505
53353
53298
53287
53284
53238
53218
53195
53111
53110
53089
53083
53052
52875
52869
52763
52699
52697
52656
52628
52594
52590
52546
52529
52522
52511
52502
52462
52407
52339
52311
52298
52284
52270
52252
52180
52148
52006
51978
51875
51864
51852
51804
51765
51714
51571
51446
51444
51388
51346
51331
51206
51199
51175
51125
51102
51030
51030
50984
50909
50819
50784
50586
50576
50557
50457
50359
50344
50338
50231
50152
50151
50099
50030
49984
49957
49911
49898
49870
49860
49843
49840
49830
49714
49704
49615
49600
49499
49328
49264
49225
49040
48922
48896
48838
48615
48563
48515
48490
48374
48332
48329
48322
48308
48304
48299
48163
48070
47849
47832
47766
47758
47750
47719
47536
47521
47521
47519
47218
47132
47107
47087
47078
47078
47045
46980
46972
46925
46838
46829
46828
46806
46755
46714
46566
46534
46411
46359
46344
46336
46326
46284
46215
46160
46134
46077
45961
45955
45897
45885
45731
45594
45576
45531
45517
45503
45471
45381
45376
45367
45347
45329
45158
45122
45090
45066
45044
44976
44958
44956
44927
44861
44842
44745
44732
44720
44717
44664
44575
44459
44446
44443
44399
44383
44324
44320
44301
44172
44118
44094
44076
44024
43982
43974
43940
43929
43781
43781
43667
43620
43566
43564
43464
43431
43335
43071
43015
43011
42984
42984
42914
42908
42838
42832
42593
42542
42492
42482
42450
42412
42387
42372
42290
42272
42195
42173
42107
42091
42089
41932
41913
41902
41901
41873
41824
41769
41723
41649
41571
41477
41443
41438
41397
41379
41279
41251
41222
41157
41082
41081
41069
41018
41012
40986
40979
40920
40894
40881
40852
40830
40826
40818
40800
40793
40687
40685
40567
40483
40464
40397
40286
40286
40274
40247
40241
40230
40182
40173
40167
40153
40132
40126
40076
40072
40033
39951
39916
39803
39784
39777
39775
39762
39762
39533
39508
39470
39445
39287
39263
39235
39213
39163
38974
38944
38923
38818
38764
38706
38578
38552
38461
38459
38427
38421
38401
38346
38321
38243
38214
38204
38111
38038
38031
38019
38001
37963
37959
37955
37932
37899
37856
37783
37781
37728
37638
37627
37543
37495
37442
37308
37236
37170
37158
37127
37043
37040
36977
36967
36933
36808
36746
36679
36638
36567
36532
36525
36508
36428
36421
36402
36383
36334
36281
36240
36238
36167
36139
36130
36097
36068
36060
36025
35913
35899
35889
35861
35721
35690
35405
35347
35228
35220
35203
35161
35080
34891
34710
34621
34533
34526
34499
34456
34427
34367
34352
34303
34185
34182
34018
33926
33890
33829
33789
33774
33768
33757
33730
33633
33554
33539
33523
33481
33469
33458
33277
33227
33202
33198
33157
33022
32865
32835
32829
32775
32735
32702
32668
32652
32627
32622
32597
32588
32488
32416
32337
32255
32246
32244
32181
32037
31784
31781
31652
31608
31512
31494
31491
31416
31282
31273
31172
31167
31105
31105
30970
30899
30896
30818
30797
30776
30770
30760
30695
30689
30671
30662
30571
30335
30283
30281
30264
30239
30201
30185
30114
30107
30068
29875
29840
29802
29734
29716
29639
29599
29597
29451
29392
29363
29363
29342
29150
29093
29083
28972
28962
28950
28900
28899
28827
28819
28804
28786
28687
28616
28601
28592
28575
28526
28525
28466
28465
28335
28279
28138
28137
28095
28043
27969
27785
27780
27708
27673
27662
27495
27472
27450
27365
27339
27338
27305
27305
27249
27186
27178
27173
27106
26972
26838
26798
26770
26677
26677
26669
26630
26626
26609
26581
26529
26519
26454
26445
26230
26159
26157
26092
26087
26066
26056
25990
25975
25968
25844
25823
25764
25750
25677
25671
25555
25505
25488
25487
25398
25346
25324
25317
25228
25098
25050
24855
24820
24630
24567
24548
24527
24518
24500
24469
24423
24391
24358
24348
24323
24311
24304
24195
24183
24169
24116
24061
24026
24015
23972
23963
23953
23949
23935
23918
23778
23759
23691
23673
23648
23547
23487
23394
23394
23337
23258
23226
23158
23127
23089
23084
23020
22903
22849
22840
22838
22832
22757
22732
22732
22687
22684
22656
22652
22647
22646
22599
22528
22425
22357
22315
22038
22019
21934
21930
21824
21822
21806
21734
21671
21644
21637
21583
21566
21556
21420
21419
21408
21399
21291
21268
21201
21199
21149
21139
20923
20833
20818
20807
20736
20718
20475
20416
20406
20371
20362
20339
20283
20275
20260
19971
19896
19887
19882
19862
19826
19719
19664
19655
19643
19626
19588
19575
19547
19532
19499
19476
19449
19433
19319
19295
19269
19260
19176
19148
18954
18924
18831
18828
18704
18578
18484
18464
18443
18422
18408
18353
18353
18278
18264
18263
18174
18062
18048
18026
17963
17834
17831
17695
17564
17511
17510
17333
17250
17226
17064
16998
16981
16949
16820
16813
16799
16788
16772
16721
16607
16562
16547
16534
16427
16316
16307
16304
16164
16139
16112
16013
16000
15940
15898
15890
15877
15860
15777
15768
15706
15592
15589
15589
15540
15512
15432
15414
15360
15337
15266
15237
15202
15194
15095
14878
14878
14876
14846
14771
14713
14688
14681
14665
14647
14643
14606
14574
14561
14536
14468
14464
14460
14402
14346
14340
14331
14302
14252
14211
14202
14162
14159
13913
13910
13877
13846
13814
13562
13555
13539
13528
13493
13493
13475
13441
13403
13372
13363
13356
13185
13147
13114
13025
12993
12794
12779
12710
12637
12626
12624
12618
12577
12444
12401
12360
12329
12314
12300
12297
12262
12249
12237
12207
12147
12133
12109
11940
11924
11823
11719
11672
11667
11609
11601
11600
11506
11502
11501
11411
11391
11237
11112
11086
11065
11032
11005
10995
10911
10909
10872
10857
10824
10721
10681
10656
10631
10617
10475
10398
10348
10319
10315
10208
10196
10110
10071
10064
10057
10049
9997
9984
9964
9875
9862
9783
9756
9753
9726
9566
9479
9458
9455
9402
9291
9250
9237
9143
9065
9057
8915
8870
8867
8864
8808
8806
8764
8643
8623
8616
8592
8533
8520
8497
8421
8374
8339
8288
8283
8240
8231
8099
8062
8034
8022
7901
7762
7750
7714
7710
7656
7628
7549
7483
7469
7384
7374
7362
7322
7303
7211
7208
7069
6958
6952
6938
6922
6906
6797
6796
6745
6740
6727
6703
6676
6613
6563
6535
6498
6494
6453
6285
6245
6216
6215
6175
6138
6134
6104
6076
6040
5996
5963
5951
5830
5823
5791
5758
5738
5734
5730
5668
5637
5611
5598
5592
5439
5415
5390
5337
5299
5229
5182
5124
5121
5097
5096
5045
5005
4943
4740
4735
4712
4680
4526
4522
4520
4438
4337
4212
4175
4167
4152
4096
4062
4052
3898
3851
3816
3736
3713
3676
3653
3509
3428
3421
3364
3284
3152
3137
3087
3058
3051
3032
2938
2930
2900
2877
2749
2562
2537
2498
2414
2343
2314
2238
2141
2138
2090
2020
1765
1652
1630
1609
1606
1519
1496
1384
1358
1356
1298
1237
1200
1195
1157
1077
939
925
912
887
835
821
812
790
759
610
524
512
502
479
475
387
362
328
306
262
239
198
186
165
158
157
103
51
