99990
99974
99918
99879
99835
99827
99767
99763
99709
99614
99558
99465
99404
99395
99394
99328
99262
99233
99227
99146
99095
99026
99005
98971
98945
98872
98866
98691
98576
98573
98569
98454
98390
98194
97988
97960
97889
97852
97820
97790
97778
97734
97733
97642
97535
97484
97321
97317
97169
97141
97075
97064
97055
97048
97041
97039
97008
96922
96922
96874
96861
96833
96812
96800
96774
96757
96752
96744
96662
96607
96551
96462
96418
96376
96275
96219
96212
96204
96166
96090
96058
95959
95946
95942
95862
95845
95838
95832
95809
95807
95770
95763
95676
95639
95635
95557
95553
95526
95513
95475
95464
95406
95359
95256
95204
95196
95188
95145
95124
95124
95106
94973
94920
94911
94847
94802
94751
94749
94690
94531
94527
94488
94427
94416
94372
94358
94335
94092
94010
93794
93537
93513
93453
93452
93341
93247
93178
93176
93102
93095
92997
92994
92847
92846
92764
92703
92697
92676
92662
92651
92645
92505
92481
92461
92440
92325
92239
92232
92207
92142
92120
92055
92041
91987
91919
91902
91874
91853
91838
91817
91782
91745
91736
91647
91575
91566
91525
91502
91446
91417
91377
91377
91314
91264
91196
91046
90919
90876
90841
90837
90752
90749
90740
90716
90625
90580
90576
90531
90499
90486
90436
90397
90396
90363
90358
90341
90331
90326
90321
90299
90011
90005
89924
89882
89856
89815
89796
89791
89563
89538
89344
89227
89223
89217
89178
89155
89038
89034
88987
88965
88892
88850
88823
88806
88794
88781
88741
88738
88722
88685
88679
88665
88646
88578
88572
88534
88483
88445
88443
88256
88212
88180
88025
87975
87876
87832
87827
87790
87743
87735
87716
87600
87536
87516
87486
87472
87427
87397
87324
87263
87233
87207
86978
86961
86861
86816
86694
86614
86568
86516
86493
86486
86486
86227
86221
86133
86116
86109
86011
86007
85997
85916
85889
85872
85844
85828
85748
85731
85657
85621
85586
85585
85577
85557
85537
85479
85472
85403
85389
85352
85307
85292
85231
85108
85075
85074
85052
84903
84853
84846
84813
84718
84702
84661
84537
84492
84455
84412
84306
84297
84278
84252
84216
84196
84158
84068
84030
84027
84015
84005
83998
83990
83961
83737
83733
83717
83704
83666
83648
83614
83553
83473
83469
83411
83348
83332
83329
83323
83296
83264
83262
83220
83010
82972
82967
82889
82873
82691
82645
82614
82606
82588
82581
82473
82431
82419
82333
82247
82170
82101
82075
81999
81993
81965
81900
81848
81750
81735
81724
81720
81671
81625
81471
81435
81406
81337
81336
81255
81206
81199
81165
81064
81035
80994
80951
80943
80891
80873
80813
80793
80610
80598
80597
80595
80539
80441
80299
80280
80123
80105
80067
80033
80017
79948
79873
79868
79865
79857
79833
79802
79796
79793
79754
79748
79708
79708
79648
79575
79556
79553
79471
79422
79407
79292
79270
79269
79252
79137
79077
79016
79009
78900
78835
78821
78745
78710
78673
78672
78575
78469
78388
78360
78228
78204
78086
77962
77883
77857
77839
77747
77747
77609
77586
77521
77509
77466
77380
77309
77309
77292
77284
77277
77273
77191
77167
77063
77034
76972
76966
76860
76749
76737
76697
76627
76590
76559
76552
76485
76451
76448
76357
76339
76295
76218
76102
76028
75855
75854
75746
75701
75699
75667
75597
75555
75543
75461
75417
75387
75338
75131
75041
74984
74957
74910
74881
74863
74755
74696
74657
74611
74597
74578
74574
74477
74464
74389
74349
74347
74275
74250
74233
74202
74165
74112
74106
74017
74003
73915
73769
73767
73704
73627
73614
73612
73538
73492
73451
73328
73314
73290
73244
73176
73090
73016
73016
73014
72974
72857
72839
72829
72729
72700
72683
72591
72568
72568
72512
72505
72502
72485
72385
72325
72322
72282
72267
72213
72140
72139
72114
72104
71855
71773
71676
71593
71591
71417
71323
71288
71214
71196
71194
71187
71121
71111
71092
70983
70982
70906
70901
70835
70777
70771
70767
70656
70649
70638
70554
70513
70468
70439
70394
70357
70329
70319
70309
70277
70216
70210
70179
70073
69943
69877
69759
69737
69723
69710
69617
69570
69549
69466
69455
69369
69289
69238
69237
69152
69059
68773
68754
68747
68717
68609
68608
68574
68544
68510
68460
68450
68401
68304
68292
68259
68252
68238
68189
68123
68097
67985
67977
67917
67851
67819
67765
67760
67723
67717
67595
67452
67430
67424
67402
67327
67219
67212
66983
66820
66763
66746
66712
66579
66475
66401
66346
66236
66211
66141
66128
66090
66008
66004
66004
65869
65865
65832
65821
65627
65615
65594
65508
65474
65458
65448
65437
65401
65338
65338
65331
65287
65265
65055
65038
65020
65019
65017
64833
64810
64771
64771
64748
64723
64623
64413
64337
64292
64252
64186
64178
64145
64108
64107
64017
63979
63907
63827
63776
63756
63752
63676
63591
63485
63433
63367
63356
63338
63336
63298
63238
63216
63189
63044
62975
62964
62956
62941
62886
62847
62816
62726
62701
62644
62535
62476
62406
62377
62320
62319
62307
62273
62242
62124
61955
61841
61787
61752
61748
61720
61673
61647
61614
61529
61397
61329
61326
61322
61261
61257
61207
61169
61083
60896
60792
60653
60643
60640
60597
60413
60379
60355
60333
60322
60289
60287
60246
60201
60112
60052
59965
59855
59838
59790
59649
59591
59574
59509
59497
59439
59437
59380
59362
59314
59238
59210
59102
59087
59085
59047
59005
58978
58940
58860
58804
58717
58659
58652
58646
58572
58528
58515
58498
58384
58359
58320
58261
58228
58214
57936
57923
57899
57840
57827
57773
57669
57660
57645
57565
57548
57407
57388
57360
57356
57353
57330
57276
57151
57027
56934
56915
56886
56769
56755
56676
56675
56644
56525
56506
56487
56470
56425
56367
56366
56344
56331
56294
56261
56161
56123
56100
56041
55997
55985
55941
55932
55913
55884
55868
55853
55838
55833
55822
55785
55780
55736
55725
55686
55649
55608
55571
55438
55398
55374
55325
55323
55314
55307
55251
55242
55238
55223
55119
55093
55074
55069
55064
54989
54915
54884
54848
54825
54794
54769
54758
54714
54675
54628
54484
54451
54442
54419
54336
54241
54233
54190
54145
54102
54059
54044
54034
54019
53912
53846
53809
53779
53736
53715
53663
53655
53639
53541
53354
53338
53303
53270
53257
53241
53228
53163
53150
53115
53092
52958
52914
52913
52865
52859
52857
52832
52758
52752
52575
52520
52506
52503
52446
52444
52288
52257
52243
52199
52158
52124
52113
52106
52106
52016
51894
51886
51848
51802
51793
51692
51475
51319
51230
51183
51153
51115
51106
51090
50977
50838
50611
50610
50598
50513
50388
50361
50343
50273
50268
50188
50095
50064
49965
49895
49879
49841
49743
49637
49581
49358
49321
49276
49256
49127
49055
48987
48928
48920
48856
48791
48770
48753
48749
48523
48435
48433
48390
48336
48335
48305
48259
48182
48180
48089
48062
48051
48046
48008
47965
47936
47924
47886
47860
47831
47691
47675
47651
47626
47591
47524
47513
47401
47294
47250
47243
47238
47195
47041
47033
46971
46884
46840
46817
46782
46767
46757
46740
46728
46711
46568
46409
46395
45909
45897
45863
45714
45676
45588
45552
45552
45544
45520
45476
45434
45357
45311
45193
45165
45135
45131
45094
44980
44979
44812
44560
44542
44449
44441
44391
44359
44270
44199
44183
44065
44042
43937
43927
43925
43918
43913
43635
43601
43575
43532
43428
43413
43403
43225
43131
42987
42972
42950
42936
42778
42759
42732
42730
42688
42688
42619
42500
42472
42413
42275
42266
42255
42154
42102
42044
42019
42015
41806
41774
41722
41673
41523
41243
41168
41159
41097
41065
41001
40991
40960
40949
40945
40894
40825
40778
40770
40728
40724
40662
40609
40581
40542
40503
40478
40476
40475
40446
40442
40288
40216
40107
40057
40052
40042
39998
39970
39919
39918
39823
39812
39769
39746
39726
39656
39623
39555
39472
39399
39338
39325
39272
39219
39170
39160
39134
39112
39101
39030
38961
38961
38809
38635
38617
38589
38588
38581
38552
38405
38327
38286
38243
38221
38208
38164
38139
38125
38039
38013
37905
37854
37687
37594
37508
37493
37457
37320
37286
37275
37181
37154
37124
37102
37030
37002
36960
36912
36900
36858
36850
36747
36683
36649
36531
36349
36319
36298
36280
36214
36150
36138
36063
36060
35958
35943
35876
35857
35797
35791
35778
35742
35562
35531
35437
35319
35130
35081
35007
34882
34813
34749
34725
34685
34682
34670
34663
34630
34630
34608
34492
34429
34314
34243
34222
34150
34064
34059
34028
34007
33965
33879
33870
33857
33834
33833
33814
33787
33782
33767
33755
33653
33611
33569
33540
33538
33523
33474
33427
33410
33330
33305
33284
33150
33133
33077
33039
33008
32981
32959
32827
32741
32690
32680
32584
32329
32201
32201
32154
32116
32115
32021
31960
31949
31834
31776
31712
31706
31634
31613
31607
31568
31507
31491
31482
31480
31415
31375
31309
31305
31255
31230
31202
31173
31148
31116
31098
31064
31033
30975
30929
30912
30777
30753
30743
30729
30636
30621
30482
30359
30300
30292
30244
30221
30181
30150
30150
30017
30011
29963
29963
29915
29874
29862
29518
29505
29451
29437
29405
29326
29231
29215
29191
28965
28956
28909
28878
28820
28751
28651
28621
28596
28531
28460
28438
28349
28325
28309
28302
28223
28178
28127
28075
28055
28034
28023
28003
27921
27839
27816
27782
27711
27661
27641
27617
27558
27492
27459
27397
27292
27269
27229
27091
27058
27050
26992
26940
26907
26880
26841
26823
26719
26679
26554
26536
26384
26347
26343
26293
26281
26266
26219
26211
26149
26053
26032
25974
25865
25832
25721
25701
25425
25393
25296
25155
25136
25042
25025
24987
24956
24857
24695
24658
24589
24539
24496
24455
24380
24348
24341
24244
24132
24077
24057
23998
23983
23976
23843
23769
23660
23658
23603
23600
23514
23500
23491
23474
23462
23418
23299
23294
23213
23028
22865
22860
22752
22717
22684
22679
22667
22642
22623
22544
22513
22501
22491
22476
22434
22418
22270
22256
22218
22194
22189
22187
22078
21704
21640
21633
21623
21516
21505
21413
21355
21282
21170
21154
21147
21073
21017
20974
20962
20939
20872
20706
20668
20656
20638
20524
20423
20410
20387
20377
20275
20271
20254
20248
20097
20050
20003
19974
19875
19816
19748
19733
19565
19561
19496
19455
19353
19353
19298
19204
19167
19148
19142
19078
18984
18939
18857
18849
18833
18828
18767
18747
18730
18698
18643
18466
18449
18431
18379
18377
18345
18331
18206
18178
18162
18090
18082
18074
18045
17942
17853
17839
17770
17734
17679
17675
17598
17556
17530
17474
17472
17440
17395
17368
17368
17068
16957
16914
16798
16774
16763
16730
16713
16696
16681
16680
16627
16605
16548
16525
16455
16392
16356
16112
16045
16033
15877
15717
15628
15625
15476
15404
15400
15395
15377
15353
15309
15257
15232
15230
15154
15132
15098
15096
15093
15084
15047
15022
14902
14720
14716
14713
14670
14624
14560
14551
14496
14480
14475
14258
14255
14242
14152
14149
14097
14033
13795
13765
13762
13644
13612
13582
13543
13519
13501
13428
13367
13360
13351
13344
13338
13301
13278
13275
13238
13161
13105
13054
13048
12973
12970
12935
12902
12899
12860
12755
12742
12610
12601
12580
12539
12499
12472
12455
12450
12410
12358
12343
12242
12204
12032
12026
11966
11930
11884
11803
11714
11670
11655
11637
11612
11496
11447
11439
11430
11422
11418
11257
11239
11221
11173
10987
10981
10800
10675
10557
10536
10370
10306
10297
10227
10219
10193
10157
10095
10091
10026
9999
9852
9829
9750
9601
9548
9518
9494
9490
9482
9318
9276
9257
9226
9225
9119
9118
9055
9049
9046
9026
8990
8888
8881
8860
8623
8597
8584
8579
8570
8540
8533
8491
8471
8444
8439
8407
8403
8325
8227
8198
8115
8100
8079
7892
7862
7856
7796
7754
7752
7730
7694
7543
7487
7435
7432
7412
7404
7383
7281
7242
7107
7068
7006
6991
6967
6921
6915
6915
6879
6867
6843
6839
6819
6758
6714
6559
6530
6452
6448
6443
6440
6411
6405
6398
6371
6362
6329
6327
6214
6181
6094
6008
5906
5894
5887
5874
5810
5744
5599
5595
5493
5375
5306
5295
5295
5236
5127
5073
4989
4955
4862
4607
4471
4335
4230
4226
4218
4167
4150
4126
4034
3990
3883
3843
3702
3481
3465
3431
3402
3386
3287
3271
3207
3133
3056
3040
2989
2981
2941
2929
2918
2793
2766
2761
2752
2732
2612
2610
2521
2510
2436
2400
2352
2352
2347
2343
2324
2299
2283
2212
2179
2168
2148
1938
1935
1838
1835
1686
1604
1562
1555
1529
1503
1462
1425
1410
1364
1363
1356
1333
1285
1259
1244
1228
1224
1205
1132
1059
1031
1022
999
990
989
966
929
881
864
857
798
666
577
491
296
290
189
131
62
