99985
99954
99934
99840
99836
99757
99743
99637
99582
99576
99497
99381
99278
99243
99240
99191
99086
99067
99000
98956
98929
98857
98849
98841
98833
98618
98591
98570
98515
98456
98396
98325
98265
98244
98230
98190
98184
98126
97780
97776
97763
97731
97684
97671
97572
97570
97485
97453
97318
97278
97256
97183
97173
97132
97110
97104
97100
97057
97028
96956
96876
96819
96791
96749
96697
96680
96678
96674
96662
96651
96631
96604
96521
96447
96406
96327
96276
96198
96154
96132
96093
96069
96016
95993
95900
95889
95858
95842
95839
95802
95759
95726
95685
95629
95592
95548
95487
95396
95351
95311
95051
95004
94967
94837
94829
94786
94776
94739
94732
94624
94609
94483
94439
94424
94373
94347
94304
94159
94117
94038
94028
93924
93913
93855
93842
93758
93634
93470
93368
93294
93289
93209
93143
92996
92881
92823
92790
92787
92772
92767
92610
92560
92545
92529
92508
92445
92375
92297
92279
92270
92210
92129
92126
92083
92015
91969
91943
91871
91810
91745
91722
91676
91578
91402
91262
91226
91126
91087
91067
90857
90822
90808
90775
90749
90735
90711
90649
90635
90631
90605
90560
90522
90482
90481
90388
90361
90341
90310
90272
90250
90221
90161
90129
90064
90002
89980
89837
89738
89708
89485
89372
89286
89190
89180
89172
88999
88991
88900
88887
88875
88756
88750
88644
88551
88525
88498
88451
88410
88361
88320
88213
88197
88164
88144
88071
88070
88028
88017
88001
88000
87998
87824
87773
87767
87558
87514
87478
87438
87421
87188
87185
87161
87157
87127
87040
86992
86927
86905
86876
86868
86845
86819
86794
86790
86781
86649
86632
86614
86612
86604
86597
86253
86238
86113
86094
86091
86029
86022
86008
85976
85968
85956
85914
85908
85807
85733
85624
85585
85576
85563
85542
85523
85484
85466
85409
85407
85405
85255
85241
85224
85213
85204
85181
85176
85160
85121
85120
85120
85089
85071
85047
85043
84904
84741
84687
84679
84536
84528
84496
84463
84312
84265
84119
84013
83896
83855
83842
83754
83751
83687
83661
83639
83632
83601
83590
83537
83473
83469
83413
83383
83302
83158
83098
83058
83046
82922
82899
82879
82876
82867
82785
82755
82611
82519
82517
82472
82438
82354
82341
82236
82203
82201
82132
82098
82029
81891
81779
81692
81636
81625
81609
81567
81528
81454
81379
81377
81356
81277
81152
81148
81129
81117
81053
81017
80960
80913
80878
80840
80746
80702
80691
80633
80419
80340
80340
80337
80272
80216
80177
80134
80127
80066
80038
80013
79980
79964
79849
79753
79753
79741
79735
79708
79704
79667
79638
79626
79485
79474
79470
79458
79435
79433
79419
79274
79198
79099
78969
78899
78860
78771
78752
78749
78716
78310
78307
78296
78277
78257
78220
78072
77940
77894
77890
77849
77785
77756
77702
77687
77621
77561
77511
77503
77359
77350
77240
77237
77235
77127
77120
77059
76950
76752
76651
76611
76534
76458
76425
76347
76338
76248
76163
76132
76003
75970
75954
75935
75862
75786
75777
75766
75715
75692
75664
75622
75386
75366
75257
75110
75010
74853
74761
74719
74670
74595
74484
74456
74455
74402
74391
74298
74284
74279
74267
74143
74067
74029
73982
73942
73920
73899
73850
73829
73750
73668
73634
73602
73580
73487
73472
73462
73370
73316
73257
73218
73123
73114
73055
73003
72996
72950
72832
72822
72777
72712
72711
72613
72599
72537
72524
72361
72344
72304
72300
72259
72251
72104
71965
71900
71816
71733
71608
71593
71538
71483
71395
71341
71317
71306
71304
71238
71165
71125
71108
71085
71042
70984
70783
70731
70700
70644
70638
70613
70602
70584
70489
70474
70448
70424
70353
70348
70268
70257
70182
70163
70005
69929
69794
69624
69594
69576
69458
69456
69447
69417
69399
69336
69193
69083
69046
68854
68798
68786
68765
68730
68663
68653
68578
68518
68496
68316
68271
68106
68095
68031
68019
67955
67950
67946
67946
67933
67926
67921
67767
67634
67595
67581
67440
67434
67422
67375
67311
67268
67213
67174
67166
67036
67034
67031
66999
66989
66892
66813
66778
66620
66516
66466
66432
66430
66391
66389
66386
66364
66346
66207
66077
66031
66001
66000
65934
65840
65793
65708
65645
65556
65472
65396
65311
65113
65019
64969
64958
64951
64861
64811
64743
64739
64679
64677
64645
64641
64447
64419
64400
64399
64333
64266
64213
64203
64118
64092
64059
63926
63913
63824
63769
63759
63735
63717
63560
63558
63514
63440
63424
63175
63102
63063
63017
63009
62970
62907
62896
62881
62802
62768
62763
62698
62679
62628
62434
62373
62348
62314
62303
62211
62083
62009
61979
61954
61871
61853
61817
61776
61763
61718
61696
61607
61528
61507
61499
61295
61265
61237
61188
61133
61004
60935
60800
60777
60759
60735
60662
60602
60599
60542
60538
60518
60425
60415
60369
60360
60303
60254
60250
60249
60224
60204
60200
60149
60095
60051
60040
59946
59854
59847
59813
59632
59583
59556
59554
59520
59405
59372
59343
59251
59224
59213
59180
59118
59099
59067
58671
58611
58527
58525
58496
58437
58367
58342
58317
58274
58167
58163
58085
58054
58010
57982
57969
57961
57938
57904
57832
57745
57692
57656
57444
57302
57295
57272
57259
57257
57250
57147
57145
57127
56931
56904
56835
56803
56752
56736
56717
56703
56702
56658
56649
56649
56630
56609
56601
56575
56574
56362
56338
56268
56245
56217
56213
56208
56178
56097
56060
56037
55989
55905
55875
55858
55782
55705
55548
55546
55530
55462
55383
55362
55361
55315
55270
55200
55112
55093
55087
55064
55058
54963
54949
54925
54764
54689
54688
54603
54513
54426
54368
54330
54316
54237
53974
53937
53937
53935
53926
53913
53906
53905
53884
53799
53797
53609
53604
53599
53541
53531
53468
53261
53176
53140
53076
53036
52978
52912
52902
52851
52773
52730
52704
52568
52523
52481
52473
52470
52461
52460
52459
52413
52378
52375
52293
52287
52236
52187
51988
51957
51761
51720
51674
51655
51652
51646
51619
51547
51519
51516
51509
51491
51430
51390
51390
51316
51270
51263
51246
51238
51234
51133
50969
50890
50886
50782
50723
50682
50576
50481
50481
50407
50372
50350
50297
50260
50181
50179
50146
50089
50079
50070
50070
50005
49962
49926
49887
49880
49769
49735
49678
49602
49529
49509
49480
49472
49461
49363
49327
49306
49279
49256
49131
49067
49053
49020
48876
48868
48806
48748
48676
48501
48493
48432
48373
48366
48359
48357
48336
48281
48218
48200
48161
48104
48077
48028
48004
47804
47797
47761
47753
47743
47733
47724
47719
47716
47705
47587
47556
47334
47254
47132
47085
47084
47011
46917
46847
46833
46823
46822
46787
46736
46678
46631
46619
46502
46469
46467
46426
46355
46328
46309
46292
46274
46158
46154
46151
46148
46132
46042
45990
45902
45804
45717
45608
45595
45483
45404
45331
45294
45239
45237
45208
45178
45160
45151
45100
45060
45033
44965
44950
44778
44760
44750
44355
44306
44278
44089
44089
44084
44035
44011
43995
43984
43972
43971
43917
43897
43874
43817
43813
43792
43757
43714
43653
43599
43598
43523
43496
43388
43371
43273
43172
43107
43097
43033
43015
42994
42855
42760
42735
42721
42697
42669
42646
42578
42571
42560
42545
42521
42441
42422
42388
42314
42307
42272
42234
42191
42159
41979
41940
41842
41789
41639
41608
41548
41541
41515
41505
41501
41493
41446
41435
41383
41364
41312
41294
41226
41219
41217
41209
41135
41101
41065
41032
40998
40825
40721
40708
40684
40657
40653
40625
40625
40585
40584
40583
40548
40537
40531
40522
40445
40333
40309
40276
40240
40215
39980
39900
39886
39777
39777
39764
39730
39674
39346
39273
39270
39257
39248
39219
39131
39117
39103
39063
39051
39043
39028
39016
38994
38748
38679
38655
38514
38494
38443
38371
38294
38265
38237
38225
38220
38148
38131
38014
37992
37979
37858
37858
37833
37692
37665
37658
37652
37644
37628
37560
37411
37401
37396
37331
37320
37203
37202
37171
37076
37050
36958
36866
36841
36759
36743
36691
36626
36600
36513
36400
36255
36253
36246
36123
36067
36018
35993
35979
35906
35869
35855
35812
35804
35797
35711
35710
35683
35659
35537
35523
35483
35396
35288
35282
35236
35234
35224
35222
35100
35035
35028
34983
34968
34858
34781
34776
34752
34696
34655
34649
34610
34521
34509
34493
34461
34356
34231
34206
34174
34104
34050
34050
34048
34006
33950
33947
33902
33881
33880
33851
33818
33798
33783
33721
33631
33573
33480
33439
33425
33414
33359
33228
33221
33201
33120
33040
32900
32818
32809
32715
32638
32604
32580
32450
32398
32354
32349
32346
32323
32251
32222
32135
32083
32055
31996
31771
31687
31675
31666
31588
31573
31547
31372
31318
31315
31255
31119
31015
30944
30836
30753
30680
30626
30610
30523
30490
30451
30346
30297
30281
30234
30178
30103
30075
30054
30042
30004
29966
29850
29830
29803
29761
29683
29645
29622
29515
29510
29451
29446
29364
29221
29212
29121
29105
29043
28988
28951
28949
28909
28886
28816
28786
28755
28682
28670
28652
28630
28555
28521
28473
28469
28463
28423
28336
28317
28209
28198
28175
28111
28098
28069
28063
27936
27901
27896
27877
27843
27810
27754
27744
27657
27628
27614
27582
27523
27498
27372
27341
27299
27234
27213
27029
27019
26972
26914
26907
26882
26851
26750
26744
26734
26704
26670
26550
26449
26353
26353
26341
26338
26284
26252
26118
25991
25691
25614
25536
25513
25487
25271
25251
25231
25173
25170
25152
25133
25115
25085
25023
24942
24880
24797
24751
24722
24660
24525
24502
24474
24383
24259
24242
24195
24177
24044
24036
23948
23947
23915
23896
23854
23637
23614
23534
23511
23509
23475
23449
23426
23398
23376
23133
23038
22884
22818
22746
22724
22661
22661
22648
22640
22614
22605
22489
22449
22375
22374
22258
22238
22202
22089
22079
21934
21852
21840
21806
21788
21753
21732
21724
21713
21686
21630
21620
21606
21589
21436
21430
21396
21393
21327
21185
21099
20979
20959
20955
20891
20862
20850
20848
20845
20827
20788
20764
20746
20687
20605
20478
20467
20460
20443
20388
20380
20307
20269
20226
20212
20199
20080
20036
19913
19901
19888
19829
19827
19755
19741
19683
19652
19510
19391
19390
19383
19383
19371
19339
19307
19252
19194
19180
19167
19164
19132
19092
19050
19047
19011
18992
18693
18662
18654
18523
18494
18489
18358
18331
18248
18196
17899
17801
17788
17714
17678
17593
17562
17544
17474
17449
17433
17388
17376
17279
17254
17247
17246
17146
17134
17043
17030
16969
16920
16861
16824
16717
16661
16543
16433
16395
16278
16204
16081
16066
16033
16003
15995
15979
15883
15861
15773
15722
15665
15639
15499
15491
15456
15374
15369
15276
15134
15117
15111
15090
15072
15045
14959
14933
14733
14673
14662
14660
14648
14646
14645
14486
14359
14230
14199
14183
14179
14161
14153
14114
14091
14008
13961
13952
13914
13666
13662
13651
13597
13539
13530
13419
13336
13318
13217
13209
13143
13094
13072
13054
12995
12988
12977
12969
12907
12815
12813
12784
12767
12763
12704
12566
12495
12417
12387
12384
12308
12289
12271
12244
12214
12190
12175
12068
11951
11908
11889
11854
11764
11734
11617
11525
11514
11464
11462
11407
11398
11320
11287
11175
11110
11079
11063
11052
10998
10996
10977
10894
10889
10736
10672
10602
10583
10560
10506
10424
10418
10354
10339
10322
10284
10194
10090
10088
10084
9999
9988
9961
9961
9847
9784
9773
9690
9671
9640
9611
9609
9587
9500
9457
9379
9286
9181
9148
9114
9085
9077
9055
9005
8951
8764
8763
8762
8706
8608
8596
8500
8465
8441
8409
8397
8373
8333
8295
8154
8074
8073
8031
7950
7932
7925
7884
7875
7807
7792
7791
7690
7689
7615
7592
7528
7446
7417
7312
7309
7271
7231
7224
7191
7127
7119
7113
7113
7076
7006
6996
6984
6966
6817
6801
6797
6778
6662
6653
6627
6555
6539
6418
6390
6378
6274
6238
6209
6208
6165
6115
6048
6047
6014
5971
5949
5779
5718
5634
5601
5548
5509
5479
5450
5445
5440
5413
5352
5303
5297
5256
5230
5169
5065
5054
4943
4881
4854
4791
4747
4677
4638
4628
4600
4599
4525
4478
4430
4404
4209
4191
4142
4115
4100
3988
3946
3877
3825
3598
3471
3451
3401
3386
3379
3316
3285
3219
3208
3086
3071
3056
3052
3031
3028
3025
2904
2790
2497
2455
2435
2365
2339
2307
2293
2261
2225
2158
2097
2026
1990
1963
1959
1936
1879
1876
1871
1855
1848
1834
1819
1818
1741
1674
1649
1603
1595
1435
1419
1399
1358
1341
1171
1130
1105
1055
977
975
970
941
938
897
870
818
788
787
737
714
711
701
697
678
585
560
507
500
469
404
244
214
196
139
125
125
111
79
11
