99971
99955
99887
99866
99863
99653
99648
99470
99466
99453
99415
99396
99362
99355
99342
99218
99190
99187
99137
99060
98993
98975
98964
98857
98806
98801
98724
98550
98534
98476
98436
98368
98356
98337
98333
98327
98300
98299
98230
98156
98154
98110
98094
98050
98012
97997
97929
97898
97875
97839
97753
97734
97631
97604
97594
97583
97557
97502
97470
97446
97376
97334
97332
97243
97162
97104
97017
96953
96896
96862
96840
96780
96773
96753
96752
96717
96695
96686
96532
96507
96480
96403
96326
96325
96310
96110
96106
96093
96082
96075
96066
95968
95955
95939
95914
95746
95714
95661
95601
95556
95495
95385
95328
95302
95284
95203
95172
95165
95144
95080
94913
94882
94816
94601
94598
94581
94538
94537
94497
94450
94401
94395
94367
94272
94164
94059
93995
93955
93929
93838
93835
93831
93766
93711
93557
93457
93359
93353
93319
93241
93163
92830
92820
92778
92773
92773
92685
92587
92584
92461
92406
92406
92373
92332
92320
92306
92294
92232
92210
92195
92192
92176
92158
92150
92138
92066
92039
92019
91996
91968
91835
91701
91697
91671
91649
91558
91541
91524
91461
91433
91393
91393
91393
91372
91284
91124
91069
91053
91023
90976
90968
90961
90949
90939
90866
90843
90714
90694
90629
90618
90600
90385
90148
90087
90078
90064
90011
89995
89929
89885
89747
89709
89707
89706
89454
89450
89447
89415
89415
89330
89299
89207
88895
88767
88563
88561
88531
88357
88264
88216
88127
87990
87950
87949
87946
87893
87821
87810
87787
87723
87716
87584
87451
87358
87326
87286
87275
87218
87002
86947
86901
86886
86861
86813
86804
86757
86716
86575
86481
86474
86316
86216
86193
86097
86089
86004
85969
85963
85731
85710
85688
85670
85530
85512
85477
85460
85431
85389
85384
85353
85312
85283
85237
85022
84999
84993
84939
84896
84866
84776
84639
84618
84551
84494
84488
84444
84411
84404
84373
84368
84343
84324
84280
84219
84138
84109
84104
84065
84064
84056
84046
84008
83951
83945
83940
83926
83916
83857
83856
83779
83719
83687
83640
83637
83597
83569
83565
83550
83490
83487
83379
83226
83212
83094
83033
82932
82844
82827
82805
82785
82719
82631
82601
82531
82505
82499
82338
82294
82290
82279
82277
82252
82245
82214
82106
82058
82023
81924
81923
81902
81877
81500
81487
81439
81328
81295
81292
81242
81126
81118
81077
81070
81044
80917
80913
80811
80793
80710
80612
80609
80474
80444
80373
80325
80294
80246
80128
80084
80058
80046
79953
79944
79901
79701
79677
79660
79646
79563
79530
79521
79312
79258
79249
79202
79190
79186
79159
79139
79130
79023
78998
78959
78814
78735
78666
78635
78629
78597
78590
78500
78497
78444
78421
78376
78311
78253
78243
78181
78147
78113
78110
78110
77915
77883
77805
77803
77781
77712
77680
77678
77645
77633
77606
77531
77499
77497
77222
77182
77169
77130
77126
77062
77051
77022
76939
76895
76836
76786
76741
76719
76717
76651
76624
76612
76563
76550
76539
76466
76430
76393
76351
76238
76216
76189
76172
76160
76135
76113
76029
75972
75905
75855
75777
75737
75731
75713
75679
75657
75656
75622
75534
75516
75409
75383
75349
75337
75324
75147
75024
74950
74802
74771
74765
74763
74763
74703
74682
74471
74464
74462
74410
74373
74348
74174
74092
73955
73948
73816
73816
73754
73754
73734
73651
73624
73549
73531
73497
73463
73443
73396
73211
73114
73097
73051
73049
73010
72955
72932
72875
72854
72833
72821
72817
72734
72695
72576
72529
72495
72412
72391
72355
72334
72315
72199
72107
72076
72070
71858
71747
71641
71615
71608
71594
71587
71484
71474
71470
71442
71412
71378
71370
71327
71322
71145
71132
71122
71093
71015
70972
70934
70923
70768
70713
70698
70662
70652
70592
70538
70485
70426
70391
70388
70385
70323
70294
70273
70239
70239
70211
70035
70022
69809
69750
69734
69723
69628
69614
69564
69453
69452
69445
69348
69336
69184
69140
69021
69005
68969
68958
68915
68907
68838
68827
68815
68754
68729
68656
68443
68386
68245
68231
68197
68166
68160
68075
68032
67846
67835
67831
67649
67609
67608
67546
67513
67466
67465
67458
67442
67302
67175
67032
67010
66974
66909
66884
66860
66778
66750
66717
66702
66666
66622
66473
66440
66403
66362
66284
66267
66228
66210
66103
66007
65894
65887
65818
65759
65716
65652
65539
65469
65408
65336
65226
65219
65131
65098
65091
65089
65086
65080
65071
65061
64925
64894
64821
64807
64706
64615
64585
64584
64575
64548
64544
64535
64491
64457
64426
64416
64411
64392
64390
64307
64294
64276
64202
64178
64159
64152
64116
64069
64061
64056
64050
64033
63933
63900
63864
63788
63782
63715
63657
63591
63550
63453
63401
63381
63321
63280
63212
63103
63090
63022
63001
62923
62824
62779
62707
62663
62589
62517
62487
62483
62396
62286
62224
62079
62014
61987
61862
61838
61814
61770
61759
61724
61663
61659
61605
61537
61528
61364
61360
61329
61300
61154
61105
61046
61003
60955
60702
60694
60584
60545
60485
60325
60293
60265
60248
60194
60161
60133
60130
60070
60049
60025
59989
59922
59914
59863
59855
59843
59835
59830
59823
59756
59745
59732
59729
59721
59657
59590
59568
59563
59561
59483
59433
59339
59331
59329
59232
59166
59151
59117
59111
59025
58938
58899
58682
58644
58643
58633
58620
58612
58529
58496
58482
58272
58210
58141
58072
58064
58048
58023
57841
57825
57780
57695
57688
57629
57622
57621
57488
57475
57459
57446
57441
57332
57301
57299
57282
57249
57176
57152
57127
57121
57026
56985
56965
56961
56936
56923
56917
56865
56743
56675
56650
56603
56416
56303
56277
56216
56195
56103
56086
56070
56061
56026
55862
55835
55824
55809
55735
55683
55540
55495
55418
55400
55283
55274
55220
55134
55005
54977
54932
54925
54817
54737
54637
54542
54381
54343
54310
54298
54287
54237
54140
54121
54064
54014
53981
53933
53892
53849
53843
53805
53727
53703
53614
53517
53516
53448
53417
53414
53281
53179
53094
53078
53055
53045
53044
52930
52919
52896
52836
52823
52791
52760
52719
52613
52608
52565
52545
52516
52489
52484
52459
52348
52333
52150
52089
52035
51981
51852
51818
51815
51753
51748
51676
51655
51612
51587
51568
51486
51469
51463
51432
51412
51345
51306
51245
51236
51109
51088
51005
50954
50951
50910
50662
50608
50564
50561
50459
50333
50325
50311
50241
50234
50182
50115
50080
50076
49988
49889
49823
49805
49801
49769
49755
49728
49725
49574
49521
49495
49467
49423
49345
49323
49317
49267
49196
49154
49151
49067
49062
49062
49005
48992
48880
48877
48876
48841
48821
48802
48788
48690
48545
48545
48490
48437
48347
48283
48259
48182
48135
48109
48055
48011
47955
47748
47665
47609
47567
47438
47414
47393
47294
47293
47125
47052
47002
46902
46898
46845
46831
46764
46747
46745
46742
46713
46691
46419
46330
46272
46174
46097
45949
45948
45931
45918
45890
45856
45745
45744
45742
45688
45646
45623
45616
45512
45463
45380
45238
45214
45109
45102
44966
44945
44915
44874
44799
44754
44702
44631
44591
44480
44475
44454
44410
44409
44352
44303
44239
44175
44153
44056
43950
43869
43779
43709
43692
43603
43600
43585
43545
43486
43448
43419
43386
43304
43242
43185
43016
42977
42842
42824
42796
42624
42590
42512
42472
42268
42200
42148
42105
42026
41941
41912
41777
41728
41675
41650
41612
41547
41404
41315
41241
41226
41209
41186
41127
41107
41031
40996
40877
40823
40800
40759
40724
40711
40602
40580
40454
40449
40438
40356
40283
40262
40241
40207
40168
40136
40010
39936
39888
39833
39710
39703
39690
39624
39559
39496
39403
39377
39371
39313
39278
39258
39242
39232
39117
39095
38946
38914
38766
38735
38689
38628
38608
38598
38450
38376
38350
38256
38241
38222
38177
38132
38053
37976
37970
37866
37718
37706
37693
37629
37461
37375
37318
37213
37160
37136
37134
37121
37117
37066
37049
37010
36996
36953
36906
36902
36870
36862
36806
36680
36675
36666
36656
36575
36558
36497
36488
36439
36387
36354
36263
36235
36231
36147
36099
36078
36068
36063
36029
35945
35931
35913
35895
35640
35637
35482
35477
35408
35404
35337
35331
35300
35250
35164
35085
35032
35019
34921
34912
34870
34845
34827
34773
34742
34602
34578
34539
34526
34502
34473
34429
34413
34358
34336
34232
34060
34001
33987
33915
33908
33847
33823
33775
33759
33706
33699
33695
33668
33565
33519
33458
33438
33404
33364
33298
33217
33209
33102
33094
32933
32795
32774
32585
32569
32361
32352
32349
32342
32309
32290
32186
32130
32093
32057
32001
31953
31943
31932
31892
31887
31814
31798
31797
31780
31722
31670
31658
31652
31555
31532
31396
31318
31310
31300
31277
31202
31133
31042
30932
30896
30893
30871
30811
30768
30586
30585
30570
30510
30456
30455
30450
30389
30362
30349
30335
30306
30183
30175
30091
30050
30010
29969
29967
29908
29869
29758
29687
29681
29643
29593
29467
29458
29345
29290
29228
29189
29168
29144
29133
28953
28904
28901
28877
28784
28644
28623
28592
28578
28571
28529
28428
28394
28368
28331
28296
28278
28220
27932
27812
27791
27774
27742
27708
27623
27621
27596
27591
27591
27514
27513
27506
27502
27493
27476
27410
27380
27363
27295
27229
27221
27181
27165
27108
27107
27080
27061
27057
27040
26993
26930
26912
26860
26823
26613
26533
26531
26521
26512
26449
26446
26423
26249
26242
26206
26167
26145
26067
25972
25924
25866
25818
25816
25706
25631
25627
25617
25606
25561
25438
25367
25286
25260
25170
25165
25097
25095
25019
24640
24556
24497
24465
24460
24431
24406
24381
24196
24118
24045
23867
23827
23697
23694
23673
23658
23605
23551
23435
23431
23325
23235
23234
23229
23222
23199
23048
23046
22967
22893
22864
22715
22694
22688
22686
22650
22576
22500
22475
22370
22320
22240
22198
22178
22060
22014
21989
21976
21954
21898
21870
21856
21854
21853
21823
21772
21659
21641
21486
21464
21452
21392
21376
21316
21310
21262
21261
21255
21231
21204
21064
21055
20971
20877
20844
20814
20811
20803
20774
20703
20675
20609
20526
20500
20442
20388
20354
20352
20350
20292
20188
20163
20161
19955
19942
19937
19914
19913
19912
19750
19719
19713
19633
19601
19463
19459
19406
19247
19210
19125
19091
19062
19059
18902
18902
18902
18802
18775
18695
18692
18676
18612
18610
18594
18575
18548
18512
18285
18199
18159
18114
18107
18052
18043
18036
17969
17894
17826
17813
17764
17649
17561
17531
17500
17453
17192
17187
17079
17072
17057
17016
16938
16834
16785
16764
16647
16628
16584
16560
16548
16476
16475
16418
16358
16342
16340
16307
16217
16173
16166
16161
16074
16059
16050
16014
15986
15955
15916
15902
15872
15866
15759
15590
15567
15542
15524
15504
15412
15410
15397
15368
15221
15206
15161
15098
14891
14844
14811
14789
14657
14540
14500
14410
14344
14198
14180
14068
13978
13884
13807
13791
13785
13731
13721
13715
13664
13662
13619
13618
13615
13614
13587
13581
13521
13494
13486
13475
13453
13436
13302
13217
13164
13157
13153
13109
13065
12993
12831
12799
12790
12753
12723
12685
12647
12602
12567
12439
12388
12334
12313
12296
12270
12206
12177
12153
12105
12028
11963
11945
11925
11894
11864
11796
11660
11576
11525
11495
11487
11478
11432
11329
11192
11188
11179
11158
11113
11088
11078
11021
10995
10810
10779
10764
10728
10721
10706
10688
10661
10657
10636
10597
10564
10466
10457
10428
10425
10285
10277
10127
10125
10107
10070
10070
10062
9992
9964
9881
9872
9816
9781
9712
9647
9630
9605
9526
9418
9388
9362
9340
9273
9185
9162
9105
9041
9012
8968
8965
8963
8962
8925
8808
8769
8718
8673
8602
8579
8552
8459
8453
8340
8220
8193
8161
8113
7950
7941
7940
7924
7844
7751
7600
7562
7530
7501
7375
7345
7301
7274
7254
7221
7140
7139
7077
7060
7014
6989
6933
6928
6878
6827
6741
6737
6687
6685
6624
6607
6534
6520
6443
6372
6345
6280
6270
6170
6145
6086
6068
6015
6002
5988
5961
5905
5886
5881
5776
5686
5676
5661
5611
5584
5539
5522
5512
5498
5482
5290
5237
5176
5147
5059
5048
5029
5006
4914
4892
4888
4842
4794
4783
4692
4636
4504
4469
4405
4359
4277
4231
4103
4087
4052
4027
3884
3772
3632
3611
3594
3531
3508
3422
3401
3387
3369
3351
3280
3183
3168
3141
3121
3115
3103
3084
2997
2906
2829
2782
2779
2678
2585
2535
2474
2453
2451
2369
2343
2330
2193
2180
2086
2052
1993
1983
1983
1818
1706
1635
1609
1606
1525
1470
1382
1342
1222
1157
1157
1034
1029
945
932
905
837
800
781
688
550
502
475
444
388
364
349
347
279
230
217
214
212
207
11
