99971
99875
99687
99667
99638
99451
99315
99291
99255
99200
99198
99145
99025
98900
98889
98841
98814
98812
98798
98782
98712
98700
98677
98657
98630
98565
98534
98507
98420
98333
98332
98280
98271
98223
98221
98046
98031
98025
98016
98002
97859
97778
97767
97694
97694
97665
97635
97578
97552
97384
97380
97294
97212
97156
97124
97073
97029
96984
96973
96867
96842
96835
96828
96798
96694
96640
96482
96285
96266
96250
96215
96207
96169
96122
95963
95953
95885
95703
95671
95649
95518
95365
95269
95181
94936
94786
94765
94763
94602
94568
94530
94482
94420
94418
94319
94316
94223
94206
94200
94014
93977
93919
93906
93861
93846
93765
93751
93696
93681
93669
93614
93493
93461
93382
93346
93288
93194
93151
93036
93012
92967
92901
92855
92844
92838
92825
92785
92762
92649
92569
92565
92468
92446
92446
92435
92429
92411
92304
92251
92199
92162
92123
92044
92000
91914
91840
91737
91726
91718
91696
91695
91627
91611
91607
91599
91587
91475
91360
91350
91315
91243
91220
91132
91075
91072
90977
90967
90960
90958
90953
90843
90760
90749
90724
90677
90626
90494
90442
90430
90358
90327
90321
90257
90140
90047
90040
90035
90021
89987
89923
89830
89830
89815
89784
89746
89708
89670
89652
89651
89643
89594
89582
89567
89518
89505
89476
89378
89350
89349
89290
89282
89260
89231
89182
89180
89135
89099
89097
89040
88965
88907
88903
88833
88739
88724
88637
88608
88568
88535
88507
88374
88372
88262
88258
88232
88215
87857
87737
87704
87701
87695
87683
87681
87615
87591
87590
87585
87581
87543
87480
87464
87379
87369
87330
87321
87313
87274
87214
87106
87099
87063
87050
87024
86994
86934
86872
86778
86747
86732
86721
86696
86686
86659
86588
86564
86508
86461
86442
86438
86427
86330
86275
86233
86027
85826
85578
85577
85401
85365
85340
85304
85255
85064
85025
85021
84944
84885
84864
84805
84793
84785
84776
84649
84594
84558
84547
84545
84532
84422
84323
84245
84200
84199
84086
84039
83993
83988
83945
83875
83849
83787
83784
83655
83439
83428
83411
83389
83355
83311
83275
83267
83256
83249
83189
83175
83086
82964
82955
82901
82893
82850
82791
82749
82689
82560
82521
82487
82424
82408
82275
82272
82215
82201
82182
82019
82005
81963
81944
81901
81882
81857
81717
81625
81624
81534
81486
81459
81451
81389
81248
81232
81211
81133
81068
80997
80967
80949
80940
80826
80791
80712
80675
80674
80537
80537
80493
80469
80469
80455
80256
80235
80228
80204
80196
80149
79985
79895
79889
79883
79795
79705
79581
79577
79508
79427
79427
79260
79215
79209
79195
79171
79132
79130
79071
79026
78974
78924
78781
78705
78624
78595
78584
78561
78432
78427
78417
78410
78407
78393
78371
78282
78273
78261
78162
78143
78006
77999
77989
77968
77939
77822
77797
77781
77727
77645
77572
77542
77515
77484
77471
77457
77394
77351
77257
77164
77128
77050
77040
76996
76979
76900
76827
76815
76801
76795
76678
76634
76617
76330
76314
76242
76231
76220
76149
76142
76070
76048
75991
75858
75670
75618
75521
75518
75513
75491
75378
75368
75365
75200
75167
75099
75078
75033
74980
74910
74851
74704
74656
74637
74628
74617
74610
74576
74521
74357
74321
74311
74120
74078
74054
73995
73982
73974
73966
73962
73955
73914
73839
73825
73813
73594
73594
73495
73475
73376
73190
73055
73035
72879
72854
72717
72659
72628
72577
72511
72486
72452
72451
72338
72317
72294
72246
72246
72158
72156
72045
71997
71955
71945
71906
71854
71822
71711
71664
71541
71480
71479
71458
71421
71395
71240
71193
71179
71158
71131
71075
71069
71060
70973
70922
70876
70846
70817
70743
70719
70668
70587
70536
70485
70474
70426
70366
70351
70281
70275
70190
70164
70155
70149
70124
70100
70096
70089
70078
70008
70005
69838
69780
69768
69767
69757
69727
69675
69625
69624
69471
69409
69387
69304
69288
69259
69214
69204
69187
69162
69102
69055
68903
68862
68853
68838
68829
68826
68787
68779
68771
68761
68714
68708
68704
68606
68576
68459
68426
68419
68398
68325
68301
68288
68022
68005
67956
67943
67936
67886
67818
67816
67815
67730
67690
67685
67661
67562
67519
67501
67466
67456
67380
67327
67324
67312
67311
67258
67244
67224
67196
67189
67136
67095
67091
67073
67071
67068
67064
67005
66936
66858
66587
66570
66483
66295
66265
66218
66207
66204
66146
66120
66083
66055
65990
65934
65877
65872
65869
65852
65846
65831
65728
65699
65603
65548
65530
65488
65457
65423
65388
65347
65187
65030
64981
64931
64926
64887
64603
64542
64531
64509
64467
64357
64328
64315
64260
64218
64022
63982
63959
63840
63605
63493
63418
63395
63300
63246
63229
63193
63185
63144
63141
63110
63063
63015
62957
62937
62903
62888
62846
62798
62797
62752
62721
62707
62505
62469
62432
62428
62247
62221
62214
62205
62182
62109
62026
62023
62001
61960
61907
61757
61750
61720
61707
61704
61644
61600
61530
61452
61452
61437
61405
61337
61323
61310
61152
61126
61083
61069
60966
60926
60911
60900
60863
60854
60852
60810
60801
60794
60762
60733
60716
60610
60403
60374
60362
60284
60237
60232
60200
60140
60096
60060
60026
59979
59856
59799
59787
59782
59740
59659
59573
59526
59522
59512
59312
59277
59241
59185
59172
59165
59135
59085
58995
58980
58973
58966
58939
58929
58893
58862
58718
58648
58647
58576
58548
58529
58487
58487
58469
58452
58423
58418
58376
58375
58319
58226
58149
58137
57910
57806
57701
57656
57607
57586
57510
57508
57492
57421
57371
57332
57330
57224
57195
57144
57060
57046
56982
56899
56898
56895
56840
56834
56804
56791
56714
56707
56659
56651
56636
56614
56602
56417
56318
56129
56116
55985
55884
55796
55794
55784
55703
55609
55551
55507
55504
55366
55261
55256
55256
55236
55235
55078
55051
54934
54917
54880
54877
54796
54795
54790
54651
54597
54482
54478
54464
54440
54404
54333
54281
54214
54213
54212
54194
54188
54079
54059
54058
53981
53860
53812
53809
53752
53681
53657
53625
53593
53409
53356
53353
53347
53336
53294
53289
53282
53245
53221
53044
53041
52861
52757
52751
52671
52588
52536
52526
52497
52472
52427
52374
52362
52346
52313
52303
52292
52272
52270
52233
52223
52216
52162
52132
52113
52105
52066
52028
51842
51813
51812
51732
51671
51642
51627
51536
51452
51441
51423
51383
51370
51349
51250
51237
51228
51036
50920
50757
50546
50512
50501
50349
50305
50295
50264
50241
50211
50135
50089
50073
50047
49963
49963
49882
49876
49807
49802
49787
49765
49707
49696
49665
49665
49607
49578
49555
49464
49417
49368
49323
49319
49224
49189
49186
49062
49048
49031
48865
48845
48735
48697
48591
48583
48497
48278
48261
48217
48208
48068
48045
48011
48005
47948
47944
47931
47879
47876
47732
47724
47641
47595
47564
47552
47363
47342
47310
47266
47205
47114
47094
47038
46954
46922
46867
46855
46814
46753
46678
46642
46472
46412
46408
46281
46229
46202
46095
46063
45974
45954
45945
45759
45743
45743
45708
45683
45569
45546
45537
45524
45468
45451
45341
45308
45248
45205
45186
45143
45080
44829
44539
44511
44460
44351
44332
44277
44253
44131
44123
44087
44071
44013
43887
43872
43830
43782
43760
43670
43608
43444
43351
43333
43319
43285
43280
43247
43243
43234
43178
43079
43043
43004
42879
42813
42802
42693
42579
42500
42498
42396
42327
42321
42202
42138
42058
42041
42029
41995
41971
41937
41844
41761
41722
41718
41679
41634
41617
41598
41504
41492
41484
41483
41337
41335
41310
41293
41236
41195
41144
41123
41060
41056
41054
40976
40974
40937
40903
40876
40817
40759
40666
40596
40589
40471
40445
40425
40357
40316
40297
40204
40200
40135
40133
40109
40025
40021
39985
39940
39887
39883
39876
39866
39852
39826
39825
39783
39607
39416
39405
39350
39298
39253
39237
39079
39070
39069
38997
38669
38549
38441
38369
38334
38333
38211
38198
38195
38072
37927
37830
37750
37723
37677
37562
37560
37536
37536
37472
37458
37439
37430
37355
37353
37318
37304
37292
37209
37111
37040
36996
36992
36850
36676
36638
36604
36545
36534
36460
36432
36414
36388
36382
36314
36269
36154
36129
36096
35963
35865
35814
35792
35759
35756
35633
35622
35512
35504
35359
35348
35149
35093
35032
35003
34982
34938
34879
34770
34753
34696
34670
34500
34407
34399
34251
34149
34140
34028
34001
33949
33928
33808
33727
33709
33706
33651
33642
33617
33614
33556
33554
33525
33487
33396
33247
33247
33225
33217
33155
33116
33013
32999
32959
32895
32772
32618
32605
32500
32478
32442
32309
32240
32222
32102
31976
31950
31862
31760
31735
31717
31697
31682
31640
31628
31558
31480
31463
31460
31396
31390
31316
31289
31271
31233
31187
31183
31182
31179
31130
31049
30999
30917
30911
30879
30814
30694
30646
30500
30380
30360
30355
30322
30312
30251
30245
30144
30129
30008
29913
29879
29857
29851
29672
29563
29419
29361
29358
29351
29204
29175
29108
29069
29064
28996
28959
28958
28945
28851
28772
28750
28679
28649
28639
28506
28499
28497
28424
28407
28291
28262
28257
27945
27884
27822
27802
27758
27723
27697
27667
27632
27576
27575
27567
27427
27399
27354
27338
27322
27291
27285
27279
27195
27124
27085
27080
27070
26939
26873
26830
26775
26744
26649
26644
26547
26515
26472
26341
26293
26268
26184
26181
26175
26156
26111
26090
26034
26012
25945
25914
25893
25714
25588
25509
25240
25220
25175
25153
25083
24990
24983
24785
24656
24645
24640
24636
24626
24578
24483
24468
24445
24330
24309
24250
24244
24226
24222
24217
24213
24115
24002
23979
23967
23952
23883
23804
23709
23697
23609
23564
23535
23495
23415
23261
23232
23210
23198
22938
22916
22903
22866
22775
22735
22728
22716
22673
22605
22558
22465
22449
22449
22371
22253
22204
22199
22192
22146
22141
22137
22085
22076
22024
21937
21731
21655
21576
21550
21483
21471
21471
21404
21335
21321
21225
21163
21158
21126
21100
21059
21052
21043
21006
20951
20947
20893
20835
20723
20577
20487
20419
20416
20395
20343
20342
20149
20130
20099
20083
20071
19806
19771
19752
19704
19627
19609
19573
19522
19495
19424
19363
19287
19250
19172
19081
19032
19026
19014
18987
18941
18894
18887
18866
18855
18756
18732
18729
18682
18664
18632
18622
18587
18563
18553
18407
18390
18366
18254
18198
18127
18021
17984
17969
17898
17880
17872
17862
17853
17848
17834
17777
17664
17650
17623
17584
17559
17446
17384
17306
17290
17269
17165
17034
17020
16984
16970
16893
16752
16713
16641
16614
16603
16473
16461
16423
16406
16385
16345
16343
16309
16306
16255
16186
16173
16142
16140
16068
15978
15902
15844
15814
15729
15659
15646
15483
15346
15338
15329
15327
15305
15147
15115
15114
15058
14942
14892
14866
14836
14824
14792
14734
14683
14668
14536
14535
14522
14501
14479
14456
14297
14190
14188
14188
14183
14083
14082
13972
13840
13787
13786
13778
13754
13687
13592
13558
13344
13326
13304
13242
13227
13223
13164
13100
12969
12903
12843
12745
12707
12652
12574
12554
12517
12515
12483
12358
12355
12316
12316
12205
12149
12053
12038
11994
11896
11891
11867
11848
11834
11794
11788
11759
11717
11714
11708
11699
11678
11625
11587
11542
11495
11490
11410
11391
11360
11344
11321
11311
11276
11246
11127
11025
11002
10947
10927
10922
10891
10882
10847
10814
10801
10676
10670
10669
10662
10650
10563
10485
10378
10358
10352
10295
10286
10279
10248
10177
10157
10101
10002
10002
9941
9933
9881
9805
9767
9762
9732
9731
9630
9602
9549
9456
9438
9437
9378
9323
9308
9286
9228
9161
9137
9133
9108
9026
8970
8945
8814
8796
8792
8773
8758
8750
8691
8665
8664
8654
8627
8571
8564
8559
8516
8496
8454
8102
8087
8028
8003
7946
7936
7879
7869
7841
7813
7796
7786
7605
7588
7562
7560
7558
7536
7371
7303
7278
7276
7240
7202
7192
7154
7151
7137
7082
7022
6942
6911
6887
6729
6614
6587
6522
6492
6488
6472
6418
6411
6327
6252
6170
6161
6121
6095
5999
5931
5856
5838
5765
5758
5757
5727
5633
5595
5557
5552
5426
5362
5329
5308
5308
5277
5246
5098
5065
4886
4876
4850
4840
4794
4787
4755
4686
4657
4617
4493
4452
4407
4135
4068
3933
3865
3791
3681
3552
3481
3460
3382
3376
3349
3308
3286
3272
3239
3234
3102
3066
3010
2798
2536
2528
2363
2294
2222
2161
2145
2072
2067
2026
2025
1997
1991
1989
1957
1922
1863
1834
1814
1799
1774
1748
1692
1675
1616
1580
1555
1554
1499
1456
1455
1405
1392
1383
1320
1161
937
908
893
732
720
701
664
657
597
589
379
348
297
292
212
186
178
150
123
93
