99991
99954
99925
99899
99872
99820
99764
99759
99749
99722
99627
99566
99323
99306
99302
99278
99189
99176
99166
99103
99027
99018
98914
98896
98780
98745
98704
98646
98592
98565
98552
98420
98383
98307
98292
98224
98117
98107
98039
98034
98026
98010
97893
97867
97710
97623
97530
97472
97453
97437
97320
97269
97217
97214
97187
97021
96985
96956
96922
96913
96880
96869
96837
96799
96706
96660
96657
96579
96579
96537
96410
96319
96186
96158
96149
96066
96020
96008
95990
95980
95966
95912
95902
95831
95802
95772
95769
95761
95664
95625
95584
95490
95430
95372
95352
95351
95309
95254
95250
95137
95062
95045
95010
95000
94975
94887
94765
94740
94704
94683
94654
94621
94612
94482
94456
94416
94376
94347
94174
94150
94027
93833
93772
93747
93596
93583
93537
93441
93336
93313
93231
93218
93160
93130
93095
93073
93043
92966
92947
92892
92860
92852
92803
92719
92644
92635
92628
92577
92515
92507
92492
92345
92307
92219
92159
92156
92022
91968
91881
91813
91769
91755
91743
91624
91559
91538
91522
91515
91411
91376
91289
91286
91262
91255
91193
91162
91101
91059
91004
90948
90925
90918
90819
90809
90783
90773
90730
90701
90689
90682
90676
90634
90585
90498
90493
90419
90413
90376
90350
90346
90333
90305
90159
90105
90090
90090
90085
90062
90058
90054
90053
90026
90020
89984
89941
89917
89872
89828
89794
89743
89742
89703
89648
89576
89547
89519
89511
89462
89245
89222
89216
89066
88919
88865
88767
88696
88661
88638
88422
88345
88344
88203
88190
88135
88095
88093
88071
88055
87966
87944
87936
87894
87758
87748
87742
87685
87682
87661
87650
87416
87311
87279
87163
87128
87074
87011
86985
86934
86662
86639
86634
86584
86545
86470
86456
86420
86374
86365
86308
86253
86214
86200
86134
86113
86064
85948
85829
85726
85724
85683
85673
85472
85384
85218
85214
84943
84932
84814
84778
84654
84535
84497
84471
84390
84364
84343
84333
84243
84223
84132
84129
84123
84115
84086
84081
84057
84056
84046
83970
83919
83908
83908
83885
83852
83789
83758
83753
83729
83713
83704
83644
83632
83574
83548
83483
83455
83337
83171
83094
83025
82980
82945
82859
82838
82698
82648
82628
82621
82486
82471
82397
82335
82313
82310
82141
82061
82035
81861
81843
81771
81558
81529
81482
81418
81358
81346
81293
81275
81239
81222
81193
81186
81154
81077
81016
80912
80908
80903
80897
80887
80831
80811
80697
80643
80613
80592
80574
80521
80380
80364
80361
80333
80194
80141
80086
79960
79956
79955
79879
79862
79828
79826
79807
79787
79739
79725
79628
79518
79485
79472
79387
79381
79371
79275
79188
79180
79177
79115
79084
79034
79006
78985
78956
78922
78870
78715
78651
78647
78640
78631
78622
78574
78382
78310
78300
78254
78251
78217
78197
78175
78143
78131
78126
78106
78046
77998
77949
77878
77873
77760
77713
77628
77519
77499
77463
77460
77360
77275
77266
77142
77138
77126
77090
76964
76940
76929
76876
76855
76844
76682
76656
76560
76547
76527
76272
76229
76215
76051
75956
75804
75784
75782
75664
75610
75582
75324
75254
75100
75065
75042
75003
74960
74944
74904
74897
74877
74839
74784
74721
74599
74532
74446
74424
74279
74242
74228
74200
74170
74166
74136
74107
73998
73893
73878
73872
73868
73861
73834
73810
73791
73702
73673
73648
73638
73617
73585
73583
73500
73284
73239
73118
73071
73063
73061
73060
73059
72977
72965
72950
72946
72886
72844
72730
72705
72701
72684
72667
72657
72617
72488
72481
72466
72366
72346
72344
72322
72252
72251
72202
72165
72144
72081
72057
72021
71982
71929
71903
71818
71812
71810
71795
71794
71787
71751
71749
71634
71630
71588
71587
71568
71448
71443
71396
71365
71364
71354
71350
71321
71284
71094
71090
71046
70948
70939
70841
70817
70760
70737
70693
70642
70476
70439
70406
70374
70345
70257
70215
70166
70072
69982
69952
69931
69890
69864
69677
69641
69626
69569
69562
69528
69525
69470
69438
69384
69381
69356
69349
69309
69283
69273
69269
69238
69197
69169
69164
69133
69109
68977
68937
68922
68888
68844
68778
68762
68762
68759
68609
68537
68468
68317
68251
68214
68206
68155
68127
68110
68097
68039
68028
67902
67898
67878
67771
67727
67723
67647
67522
67469
67463
67436
67435
67402
67325
67321
67233
67186
67179
67010
66911
66847
66845
66809
66601
66575
66569
66554
66549
66512
66488
66478
66478
66472
66345
66300
66222
66190
66129
66116
66105
66077
66068
66062
66013
66004
65975
65960
65930
65890
65876
65866
65734
65504
65459
65448
65446
65400
65325
65258
65226
65214
65181
65026
64866
64842
64814
64798
64748
64746
64726
64726
64648
64520
64519
64514
64309
64285
64243
64062
63944
63903
63702
63696
63649
63588
63547
63522
63518
63508
63472
63461
63367
63291
63247
63109
63004
62921
62844
62779
62758
62732
62711
62594
62566
62558
62548
62526
62519
62498
62471
62435
62412
62245
62226
62224
62208
62166
62047
62036
61970
61934
61915
61905
61849
61843
61810
61769
61726
61605
61564
61541
61439
61241
61227
61209
61176
61045
61040
61020
60911
60848
60841
60700
60614
60586
60573
60560
60558
60490
60385
60358
60291
60221
60215
60209
60135
60116
60076
60009
59955
59936
59907
59825
59818
59684
59671
59634
59599
59478
59418
59415
59224
59211
59211
59204
59174
59126
59111
59101
58950
58800
58786
58737
58712
58667
58661
58595
58556
58520
58375
58262
58189
58143
58110
58020
57975
57919
57902
57896
57893
57872
57856
57793
57772
57719
57713
57698
57686
57649
57596
57337
57307
57286
57184
57177
57118
57098
57079
57071
57030
56949
56906
56897
56895
56823
56757
56746
56740
56717
56624
56412
56404
56284
56157
56113
55991
55930
55891
55830
55820
55786
55728
55720
55484
55471
55461
55344
55324
55177
55134
54998
54868
54864
54831
54810
54810
54719
54658
54625
54559
54550
54549
54543
54527
54357
54339
54322
54299
54203
54200
54092
54052
54046
53995
53954
53938
53912
53872
53856
53748
53679
53611
53592
53548
53541
53538
53532
53517
53375
53370
53340
53339
53293
53213
53125
53116
53102
53100
53069
53037
53009
52937
52910
52886
52862
52804
52764
52733
52727
52667
52562
52512
52481
52478
52438
52325
52255
52201
52143
52140
52130
52086
52059
52009
51995
51990
51968
51922
51856
51666
51658
51641
51553
51545
51519
51450
51426
51409
51398
51376
51275
51202
51012
50950
50846
50674
50658
50653
50562
50546
50404
50275
50264
50258
50255
50217
50201
50191
50139
50132
50113
50097
50080
50070
50050
49943
49861
49833
49828
49804
49799
49765
49604
49582
49554
49434
49366
49334
49319
49311
49278
49263
49248
49154
49136
49031
49023
48961
48918
48897
48821
48811
48798
48753
48702
48663
48624
48473
48330
48313
48085
48004
47912
47827
47820
47694
47632
47513
47456
47430
47429
47393
47389
47255
47189
47131
47128
47126
47118
47025
46964
46938
46917
46859
46784
46760
46757
46716
46698
46598
46594
46504
46501
46480
46462
46458
46418
46371
46268
46265
46225
46195
46193
46138
46077
46024
46018
46013
45951
45898
45821
45811
45756
45719
45673
45669
45552
45529
45470
45429
45423
45406
45368
45356
45355
45231
45180
45173
45120
45097
45028
45028
45018
44933
44864
44776
44732
44628
44508
44500
44447
44443
44439
44349
44214
44193
44078
43778
43773
43768
43757
43752
43750
43719
43702
43686
43684
43660
43645
43604
43565
43448
43432
43331
43299
43205
43168
43165
43154
42990
42982
42952
42952
42950
42861
42838
42716
42713
42603
42562
42517
42496
42446
42399
42364
42362
42284
42242
42128
42120
42020
41993
41963
41871
41807
41799
41696
41684
41682
41618
41612
41592
41582
41547
41524
41519
41492
41451
41422
41399
41395
41390
41354
41322
41192
41003
40991
40944
40930
40838
40817
40742
40737
40605
40603
40582
40572
40561
40517
40505
40456
40456
40438
40423
40395
40352
40259
40227
40183
40174
40156
40150
40066
39991
39980
39944
39923
39864
39854
39769
39751
39733
39728
39721
39653
39608
39601
39596
39522
39467
39420
39374
39364
39333
39226
39201
39011
38955
38881
38809
38726
38722
38563
38549
38468
38271
38261
38236
38220
38116
38013
37970
37867
37831
37786
37785
37757
37716
37672
37544
37373
37352
37343
37269
37233
37226
37221
37195
37180
37030
37019
37001
36984
36884
36830
36769
36762
36723
36688
36471
36396
36377
36364
36321
36308
36225
36204
36168
36157
36088
36035
35997
35933
35916
35876
35847
35807
35804
35755
35718
35681
35673
35590
35529
35464
35393
35328
35300
35202
35123
35029
35022
35002
35001
34985
34934
34925
34860
34847
34797
34693
34583
34552
34538
34507
34452
34439
34422
34399
34346
34340
34310
34292
34285
34264
34264
34242
34157
34098
33951
33913
33905
33894
33845
33809
33707
33675
33599
33589
33584
33548
33508
33507
33464
33443
33431
33371
33366
33333
33283
33228
33181
33167
33133
33127
32935
32931
32861
32836
32770
32760
32687
32673
32668
32584
32459
32385
32307
32288
32280
32280
32245
32181
32130
32128
32107
32107
32064
32044
31909
31887
31833
31814
31775
31720
31685
31676
31593
31588
31576
31491
31487
31485
31337
31289
31166
31140
31101
31097
30735
30735
30658
30635
30536
30481
30460
30380
30376
30362
30351
30144
30102
30078
30076
30071
30067
30051
30013
29981
29906
29860
29842
29687
29617
29561
29509
29472
29469
29279
29273
29206
29182
29090
29041
29038
29031
28915
28902
28847
28761
28738
28628
28619
28584
28580
28527
28484
28430
28354
28349
28224
28221
28202
28193
28170
28160
28152
28128
28093
28044
28027
28016
27966
27904
27903
27893
27854
27817
27814
27811
27705
27685
27566
27459
27440
27437
27389
27203
27193
27178
27177
27078
27010
26953
26894
26870
26832
26775
26747
26731
26673
26573
26564
26558
26457
26412
26407
26276
26231
26165
26157
25977
25908
25886
25734
25685
25605
25549
25531
25412
25407
25394
25332
25280
25211
25173
25163
25100
24960
24841
24821
24784
24769
24640
24559
24514
24429
24372
24341
23984
23980
23958
23954
23941
23921
23604
23603
23526
23387
23315
23128
23128
23066
22814
22668
22614
22593
22583
22569
22531
22435
22429
22393
22220
22189
22119
22118
22096
22084
22075
22069
22037
22032
22013
21953
21899
21853
21830
21789
21768
21714
21646
21603
21591
21568
21538
21502
21487
21464
21424
21380
21275
21269
21201
21131
21027
20922
20856
20800
20792
20709
20705
20640
20612
20541
20532
20488
20466
20405
20369
20330
20282
20268
20228
20213
20201
20156
20122
20120
20100
20065
20026
20008
20005
19875
19784
19689
19684
19652
19618
19594
19508
19406
19320
19180
19134
19097
19040
18969
18934
18847
18783
18773
18757
18752
18598
18595
18548
18224
18170
17974
17877
17874
17842
17826
17715
17617
17597
17509
17460
17421
17347
17337
17314
17291
17256
17178
17159
17120
16894
16761
16628
16597
16583
16574
16552
16524
16468
16317
16307
16300
16259
16203
16152
16136
16052
15930
15906
15815
15793
15792
15674
15672
15587
15568
15400
15345
15331
15278
15212
15184
15162
15143
15108
15104
15048
15019
14967
14903
14903
14901
14888
14673
14664
14469
14405
14337
14262
14239
14239
14170
14139
14073
14055
13980
13957
13957
13950
13934
13880
13716
13705
13639
13487
13434
13430
13385
13352
13179
12948
12828
12781
12700
12631
12630
12623
12604
12581
12495
12457
12442
12431
12407
12391
12342
12251
12240
12129
12106
12083
12078
12053
12025
11998
11996
11965
11878
11869
11837
11808
11786
11715
11711
11700
11606
11482
11469
11318
11300
11159
11156
11075
11057
10938
10874
10819
10806
10789
10742
10689
10606
10534
10531
10447
10440
10297
10212
10178
10140
10022
9918
9823
9811
9635
9533
9454
9372
9297
9232
9166
9150
9127
9058
9037
9031
9027
9020
8994
8890
8850
8802
8712
8704
8688
8506
8500
8413
8361
8347
8331
8329
8107
8101
8027
7850
7843
7749
7728
7687
7588
7459
7437
7389
7293
7279
7203
7166
7160
7143
7120
7083
7082
7072
6914
6873
6816
6768
6708
6485
6355
6310
6298
6268
6090
5928
5919
5793
5734
5722
5650
5613
5419
5355
5343
5256
5217
5214
5153
5093
5057
4982
4932
4909
4884
4860
4791
4782
4612
4607
4576
4529
4522
4471
4432
4392
4322
4318
4274
4272
4167
4109
4086
4043
4021
3980
3945
3861
3850
3775
3596
3445
3347
3307
3301
3292
3291
3225
3166
3156
3150
3130
3086
3079
3057
2906
2873
2693
2657
2569
2509
2409
2371
2326
2320
2161
2075
2071
1949
1690
1682
1673
1659
1650
1619
1588
1436
1356
1344
1275
1274
1229
1179
1156
1154
1143
1143
1071
1061
1052
919
875
742
726
724
573
350
312
198
133
60
9
