99792
99746
99538
99530
99467
99447
99379
99329
99168
98984
98976
98923
98886
98860
98826
98788
98734
98634
98631
98607
98484
98476
98393
98355
98320
98241
98185
98117
98105
98091
98057
98035
97796
97708
97656
97481
97403
97341
97223
97223
97197
97114
97021
96915
96910
96876
96751
96689
96524
96418
96394
96392
96392
96382
96328
96314
96280
96185
96136
96129
96113
96093
96085
96052
96015
95735
95728
95592
95384
95313
94953
94795
94785
94747
94689
94684
94646
94637
94604
94576
94571
94368
94252
94196
94136
94132
94096
94044
94032
94015
93927
93923
93922
93908
93897
93885
93832
93815
93783
93696
93641
93611
93445
93418
93214
93116
93108
92940
92938
92924
92804
92604
92541
92541
92538
92522
92462
92390
92390
92363
92351
92282
92255
92208
92179
92062
92050
92038
91998
91957
91954
91944
91928
91862
91855
91842
91715
91621
91589
91586
91553
91515
91427
91409
91396
91303
91077
91022
90994
90958
90957
90897
90882
90775
90769
90674
90584
90534
90526
90513
90500
90342
90339
90317
90265
90129
90103
90076
90041
90025
89996
89994
89994
89992
89961
89881
89852
89842
89828
89804
89601
89557
89369
89271
89022
88981
88953
88921
88907
88859
88856
88740
88721
88711
88663
88468
88240
88205
88132
88112
88105
88102
88092
88067
88065
88041
87986
87986
87956
87953
87892
87870
87826
87811
87805
87749
87748
87717
87699
87615
87547
87420
87299
87219
87188
87090
86937
86914
86784
86704
86692
86680
86662
86412
86379
86256
86144
86098
86057
86004
85866
85822
85769
85686
85682
85597
85463
85393
85265
85259
85211
85156
85133
85113
85107
85044
85030
84928
84797
84696
84671
84666
84665
84640
84616
84488
84416
84353
84351
84340
84337
84306
84300
84239
84217
84173
84118
84092
84049
84032
84011
84003
83974
83930
83849
83826
83816
83777
83767
83763
83718
83710
83702
83648
83573
83568
83497
83495
83434
83385
83385
83367
83337
83307
83254
83194
83188
83182
83181
83147
83108
83105
83103
83102
83088
83040
83035
83033
83006
83002
82991
82963
82888
82822
82822
82784
82767
82754
82742
82723
82651
82565
82513
82474
82463
82291
82290
82255
82219
82200
82172
82168
81994
81959
81946
81935
81923
81898
81820
81803
81781
81772
81753
81679
81638
81622
81581
81496
81450
81388
81367
81357
81178
81157
81137
81122
81107
81087
81074
81056
80953
80876
80867
80821
80710
80665
80648
80597
80594
80563
80559
80514
80472
80358
80295
80216
80047
80045
80040
80039
79902
79869
79849
79804
79784
79692
79646
79634
79629
79478
79456
79380
79374
79362
79336
79186
79154
79054
79019
79001
78899
78875
78874
78839
78835
78826
78743
78712
78682
78675
78655
78565
78560
78557
78470
78382
78291
78148
78142
78108
78090
77960
77905
77824
77804
77714
77686
77669
77637
77613
77576
77532
77512
77494
77482
77449
77411
77309
77234
77223
77206
77190
76977
76885
76877
76871
76854
76846
76757
76707
76700
76595
76591
76582
76497
76321
76217
76181
76101
76057
75978
75971
75937
75909
75824
75801
75782
75725
75719
75690
75594
75494
75460
75284
75271
75250
75221
75210
75110
75059
74909
74865
74826
74821
74802
74752
74704
74678
74654
74605
74524
74453
74326
74297
74234
74170
74143
74128
73857
73845
73829
73827
73815
73763
73720
73644
73626
73595
73504
73395
73343
73325
73011
72964
72962
72952
72928
72772
72744
72676
72632
72556
72545
72492
72491
72455
72453
72451
72258
72253
72248
72243
72174
72135
72117
72053
72050
72026
71979
71974
71971
71943
71836
71835
71814
71613
71603
71555
71335
71321
71282
71264
71257
71253
71213
71188
70909
70884
70800
70795
70749
70747
70691
70683
70616
70614
70360
70351
70165
70164
70154
70108
70086
69982
69928
69899
69886
69799
69768
69759
69686
69503
69484
69474
69470
69374
69341
69313
69302
69272
69262
69130
69088
69020
68940
68858
68794
68777
68749
68667
68620
68610
68605
68578
68534
68468
68441
68368
68303
68174
68164
68090
68075
68061
67942
67651
67633
67587
67587
67566
67561
67528
67518
67516
67446
67310
67238
67211
67203
67182
67120
66985
66946
66867
66849
66814
66645
66623
66611
66582
66484
66482
66431
66415
66299
66288
66256
66214
66149
66148
66119
66094
66074
66046
66005
65995
65972
65864
65793
65758
65720
65670
65652
65573
65484
65455
65433
65392
65381
65332
65329
65228
65000
64940
64925
64888
64823
64730
64685
64551
64498
64483
64441
64270
64269
64217
64100
64097
64087
64033
64016
63945
63928
63787
63779
63684
63666
63653
63645
63621
63558
63545
63538
63532
63335
63326
63197
63156
63070
63048
63030
62977
62914
62901
62843
62752
62742
62733
62613
62465
62449
62434
62428
62409
62302
62201
62142
62136
61907
61895
61846
61744
61720
61694
61685
61599
61549
61545
61455
61450
61436
61376
61362
61328
61291
61215
61208
61199
61081
61022
60992
60784
60779
60629
60501
60474
60297
60229
60217
60204
60094
60071
60009
59991
59973
59963
59948
59948
59911
59827
59772
59762
59749
59671
59645
59559
59494
59475
59428
59388
59385
59384
59378
59328
59268
59189
59156
59147
59125
59117
59024
58984
58970
58868
58770
58759
58751
58738
58724
58711
58684
58660
58652
58593
58466
58435
58401
58361
58323
58302
58257
58207
58127
58001
57999
57924
57893
57845
57732
57725
57723
57711
57660
57639
57497
57489
57421
57394
57360
57350
57261
57232
57195
57191
57108
57053
57022
56968
56950
56905
56769
56757
56746
56715
56603
56595
56537
56422
56397
56390
56372
56345
56329
56322
56294
56265
56232
56136
56012
55997
55992
55802
55783
55630
55478
55448
55405
55343
55223
55110
55087
55086
55060
54958
54936
54918
54883
54788
54712
54660
54562
54450
54405
54390
54354
54314
54270
54134
54076
54020
54009
53936
53869
53843
53839
53826
53816
53771
53730
53715
53622
53616
53570
53554
53532
53474
53428
53410
53386
53349
53291
53288
53286
53274
53273
53142
53099
53021
53011
52952
52915
52804
52700
52598
52552
52551
52533
52529
52514
52501
52500
52460
52460
52459
52427
52250
52228
52218
52212
52137
52071
52069
51973
51967
51886
51877
51823
51783
51755
51734
51725
51663
51636
51609
51541
51488
51432
51264
51211
51150
51111
51072
51065
51016
51002
50818
50749
50748
50683
50653
50623
50554
50540
50537
50533
50430
50318
50312
50306
50154
50138
50025
50016
49877
49845
49808
49767
49756
49750
49748
49690
49663
49621
49584
49414
49305
49275
49131
49092
49041
49006
49003
48938
48873
48826
48798
48657
48599
48525
48511
48491
48313
48267
48261
48231
48219
48151
48140
48113
48013
48008
47985
47947
47938
47883
47872
47862
47771
47753
47746
47674
47658
47638
47627
47601
47597
47565
47535
47526
47506
47453
47398
47379
47376
47336
47291
47101
46889
46855
46852
46838
46765
46754
46550
46488
46484
46390
46362
46341
46249
46230
46201
46194
46124
46074
45906
45761
45729
45682
45605
45560
45537
45421
45349
45273
45250
45230
45128
45127
45087
45050
45018
45015
44973
44894
44885
44874
44805
44773
44770
44698
44600
44556
44436
44288
44248
44232
44211
44186
44172
44100
44088
43997
43972
43970
43962
43957
43924
43898
43887
43812
43802
43753
43749
43736
43727
43726
43684
43661
43573
43547
43458
43279
43215
43191
43184
43171
43149
43104
42981
42968
42907
42891
42816
42756
42669
42669
42616
42527
42487
42473
42465
42463
42434
42412
42397
42369
42282
42178
42157
42080
42074
42052
42040
41957
41888
41849
41750
41729
41686
41550
41504
41367
41280
41162
41146
40962
40961
40916
40901
40818
40791
40759
40710
40681
40607
40605
40572
40569
40566
40520
40497
40483
40453
40439
40423
40365
40334
40322
40205
40197
40165
40156
40095
40030
40016
39987
39972
39911
39789
39778
39720
39652
39587
39496
39294
39195
39173
39163
39158
39132
39116
38951
38946
38930
38891
38789
38678
38619
38517
38450
38395
38243
38179
38147
38083
38055
37935
37923
37900
37889
37874
37864
37821
37725
37647
37546
37543
37522
37452
37393
37382
37317
37243
37238
37207
37188
37162
37111
37020
36848
36713
36692
36575
36565
36563
36544
36530
36468
36171
36104
36103
36077
36068
36059
36053
36032
35878
35852
35757
35757
35757
35736
35724
35672
35643
35639
35608
35579
35567
35520
35486
35476
35439
35385
35323
35233
35218
35197
35034
34924
34916
34830
34721
34665
34624
34616
34556
34512
34418
34396
34395
34362
34347
34227
34224
34189
34120
34113
34103
34064
34006
34002
33932
33903
33890
33840
33833
33790
33758
33658
33638
33548
33534
33469
33443
33414
33277
33243
33211
33192
33128
33043
33003
32989
32847
32832
32750
32702
32598
32513
32506
32480
32477
32455
32397
32372
32216
32192
32188
32136
32116
32114
32084
32077
31791
31748
31686
31628
31575
31523
31515
31510
31451
31446
31413
31396
31366
31304
31287
31279
31255
31205
31190
31187
31138
31134
31056
31023
31002
31000
30757
30748
30685
30521
30477
30386
30242
30228
30061
30046
29938
29749
29740
29713
29711
29683
29583
29502
29483
29458
29375
29286
29115
29026
29019
28990
28963
28925
28913
28882
28850
28757
28737
28701
28661
28636
28635
28631
28588
28584
28561
28542
28537
28513
28502
28441
28398
28335
28141
28133
28131
28092
28044
27976
27971
27895
27869
27842
27730
27697
27655
27623
27591
27573
27563
27479
27463
27446
27378
27322
27302
27297
27212
27152
27120
27084
27059
27012
26948
26888
26837
26636
26617
26615
26604
26533
26476
26445
26375
26288
26277
26268
26132
26028
25966
25889
25801
25789
25657
25655
25643
25573
25453
25445
25433
25401
25374
25363
25314
25270
25241
25187
25179
25162
25031
25025
25003
24997
24909
24842
24806
24791
24754
24672
24621
24495
24165
24071
24041
24015
23866
23801
23798
23730
23619
23612
23600
23584
23557
23505
23500
23388
23374
23329
23309
23286
23265
23223
23211
23204
23117
23030
23026
23008
23007
22996
22896
22894
22886
22866
22802
22736
22598
22566
22565
22522
22485
22474
22427
22297
22177
22158
21943
21940
21892
21862
21818
21794
21760
21745
21733
21727
21675
21641
21592
21465
21449
21354
21294
21199
21186
21164
21129
21059
21007
20961
20930
20894
20695
20635
20582
20570
20455
20432
20421
20277
20265
20199
20185
20147
20035
19977
19846
19826
19738
19684
19558
19514
19488
19478
19343
19264
19257
19132
19100
19094
19050
19029
18895
18844
18812
18780
18673
18663
18617
18509
18464
18353
18351
18328
18312
18230
18201
18148
18076
18028
17953
17899
17708
17703
17693
17684
17639
17634
17588
17557
17548
17543
17529
17509
17484
17410
17385
17377
17303
17283
17264
17221
17214
17179
17117
17094
17020
16944
16931
16921
16885
16802
16737
16730
16711
16671
16463
16453
16452
16415
16249
16220
16199
16118
16077
15983
15976
15941
15874
15843
15829
15742
15712
15661
15657
15551
15421
15185
15151
15070
15043
14980
14978
14952
14946
14913
14893
14865
14822
14808
14708
14702
14660
14649
14639
14598
14595
14477
14472
14392
14348
14295
14249
14188
14174
14155
14153
14105
14104
14086
14030
13969
13913
13875
13860
13856
13733
13678
13676
13662
13649
13579
13579
13565
13560
13531
13512
13477
13472
13462
13435
13186
13125
13123
13112
13098
13073
13043
13007
12933
12898
12848
12818
12806
12723
12602
12568
12437
12309
12301
12165
12122
12097
12094
12049
11949
11945
11937
11904
11807
11788
11655
11554
11532
11480
11460
11414
11391
11375
11367
11289
11260
11200
11194
11181
11100
11095
11041
10943
10920
10910
10862
10827
10743
10690
10658
10638
10546
10498
10492
10485
10469
10435
10405
10403
10384
10381
10182
10153
10151
10134
10063
9972
9890
9808
9807
9671
9595
9579
9514
9461
9355
9332
9289
9253
9248
9209
9181
9148
9142
9121
9116
9076
9071
9005
9004
8980
8943
8789
8731
8689
8622
8548
8530
8516
8505
8446
8360
8347
8274
8207
8160
8153
8098
7998
7939
7902
7866
7828
7818
7668
7598
7543
7480
7457
7373
7365
7353
7347
7261
7195
7151
7094
6814
6702
6634
6601
6582
6500
6332
6311
6275
6229
6217
6182
6131
6091
6077
6071
5950
5673
5441
5429
5414
5391
5354
5351
5140
5124
5103
5102
5078
5038
4957
4941
4882
4816
4798
4789
4757
4717
4640
4594
4585
4567
4555
4497
4404
4330
4268
4267
4235
4219
4207
4193
4165
4157
4116
4101
4085
4061
4045
4018
4016
3988
3913
3865
3748
3641
3553
3545
3474
3431
3417
3324
3258
3244
3112
3084
3051
2979
2968
2954
2913
2802
2741
2491
2486
2470
2417
2362
2294
2274
2100
2078
2065
1849
1795
1775
1542
1424
1346
1240
1098
1046
1042
1000
976
944
787
781
723
688
607
538
470
393
333
228
124
82
67
47
