99948
99867
99855
99845
99745
99664
99619
99579
99575
99476
99460
99408
99251
99201
99182
99158
99151
99119
99102
99055
98949
98885
98862
98854
98826
98780
98694
98668
98437
98432
98371
98350
98344
98319
98262
98259
98230
98193
98065
97985
97951
97894
97887
97856
97786
97767
97714
97648
97407
97392
97383
97343
97292
97247
97232
97221
97134
97089
96945
96887
96874
96864
96812
96725
96685
96672
96604
96342
96332
96325
96308
96293
96220
96180
96129
96121
96104
96101
96010
95978
95894
95793
95707
95682
95661
95604
95584
95516
95379
95372
95370
95304
95288
95263
95263
95255
95251
95223
95200
95198
95145
95144
95104
94983
94921
94835
94803
94764
94756
94756
94699
94677
94583
94562
94538
94528
94526
94475
94474
94465
94310
94176
94135
94078
94064
94038
93957
93919
93917
93750
93676
93553
93417
93387
93370
93313
93293
93208
93150
93081
92980
92939
92864
92845
92833
92712
92697
92675
92669
92658
92642
92629
92607
92498
92494
92475
92442
92374
92351
92349
92229
91982
91977
91970
91945
91915
91889
91812
91746
91736
91723
91713
91706
91697
91686
91589
91414
91400
91364
91226
91143
90977
90873
90787
90782
90782
90761
90756
90751
90691
90456
90423
90409
90337
90313
90272
90263
90049
90034
89926
89848
89835
89813
89806
89766
89685
89451
89396
89303
89211
89201
89116
89041
89033
89031
88782
88779
88693
88641
88613
88494
88494
88490
88446
88323
88298
88256
88255
88227
88200
88198
88167
88136
88047
88037
88030
87954
87927
87914
87872
87704
87681
87672
87653
87647
87636
87556
87525
87417
87273
87228
87174
87133
87087
87051
86985
86833
86807
86777
86737
86725
86704
86599
86588
86566
86506
86444
86231
86221
86206
86060
85822
85815
85806
85694
85668
85654
85543
85470
85459
85456
85450
85399
85388
85373
85365
85346
85181
85167
85156
85102
85042
85042
84962
84959
84796
84711
84653
84648
84616
84473
84467
84430
84424
84381
84339
84321
84309
84282
84170
84080
84060
83949
83944
83900
83881
83816
83808
83803
83778
83766
83738
83725
83710
83659
83590
83460
83459
83429
83423
83366
83358
83291
83164
83104
83089
83070
83062
82924
82838
82813
82632
82630
82588
82526
82488
82453
82443
82276
82209
82203
82191
82183
82165
82151
82000
81851
81806
81721
81655
81628
81562
81550
81526
81306
81271
81262
81237
81218
81218
81158
81134
81122
81051
80865
80689
80656
80648
80592
80498
80461
80460
80459
80441
80436
80354
80342
80197
80091
80084
80059
79924
79887
79799
79784
79634
79617
79576
79557
79525
79518
79489
79484
79478
79371
79277
79274
79237
79181
79123
79047
79031
79026
78864
78855
78854
78791
78787
78726
78691
78659
78618
78574
78499
78495
78463
78439
78425
78389
78292
78127
78056
78000
77995
77924
77873
77837
77831
77816
77758
77758
77636
77632
77622
77605
77582
77547
77453
77444
77438
77427
77337
77328
77321
77292
77248
77243
77193
77134
77003
77003
76915
76869
76859
76833
76810
76617
76605
76597
76587
76584
76554
76454
76352
76329
76323
76270
76200
76154
75965
75946
75846
75599
75584
75565
75561
75440
75340
75200
75173
75115
75053
74980
74916
74916
74912
74901
74889
74864
74861
74830
74757
74739
74723
74718
74694
74689
74655
74577
74572
74542
74505
74460
74429
74409
74344
74294
74282
74282
74171
74152
74123
74071
74071
73976
73933
73801
73734
73722
73689
73684
73651
73574
73561
73551
73527
73482
73457
73450
73335
73304
73257
73071
73052
72994
72806
72775
72719
72633
72531
72405
72258
72189
72187
72182
72159
72158
72130
72112
72095
72043
72017
71948
71842
71828
71729
71699
71672
71608
71574
71561
71552
71511
71353
71332
71256
71231
71157
71146
71135
71053
71030
70982
70976
70957
70937
70872
70863
70842
70837
70831
70824
70692
70670
70622
70602
70590
70469
70453
70409
70355
70256
70233
70160
70115
70032
70020
69699
69609
69569
69441
69436
69406
69397
69393
69345
69298
69287
69077
69058
69044
69042
69037
68993
68945
68883
68880
68877
68857
68855
68817
68781
68667
68657
68649
68630
68551
68512
68379
68329
68277
68265
68202
68134
68054
67917
67848
67682
67675
67668
67640
67579
67544
67527
67477
67469
67447
67334
67329
67288
67285
67270
67231
67084
67083
67074
67074
66985
66970
66938
66935
66934
66912
66870
66796
66774
66692
66682
66579
66554
66549
66534
66528
66449
66444
66334
66264
66139
65980
65979
65952
65932
65875
65851
65830
65790
65786
65680
65657
65641
65635
65535
65530
65469
65441
65407
65362
65269
65256
65251
65226
65214
64960
64946
64921
64906
64702
64683
64678
64650
64630
64589
64559
64518
64422
64338
64203
64187
64025
64021
63926
63922
63917
63765
63668
63607
63596
63588
63577
63569
63554
63468
63364
63272
63219
63212
63081
63079
63032
63031
62987
62976
62960
62937
62901
62851
62821
62632
62528
62515
62486
62485
62322
62293
62282
62264
62065
61984
61958
61948
61910
61878
61853
61765
61721
61706
61682
61655
61574
61512
61402
61372
61372
61371
61344
61299
61273
61214
61083
61081
61078
61015
60925
60919
60892
60767
60652
60646
60559
60386
60381
60358
60335
60219
60138
60122
60100
60031
60028
59988
59979
59804
59759
59756
59706
59667
59632
59615
59603
59476
59464
59288
59256
59216
59155
58920
58908
58891
58882
58755
58741
58724
58686
58653
58649
58594
58588
58581
58572
58536
58502
58392
58340
58329
58258
58257
58240
58193
58169
58130
58004
57987
57953
57904
57803
57753
57681
57588
57520
57502
57485
57436
57272
57246
57186
57128
57078
57066
57033
56998
56944
56581
56544
56533
56316
56250
56220
56174
56158
56099
56040
56028
55933
55908
55896
55845
55791
55669
55632
55497
55478
55441
55356
55336
55296
55282
55271
55203
55135
55103
54927
54914
54813
54749
54733
54679
54672
54629
54563
54492
54457
54424
54401
54331
54327
54286
54244
54180
54168
54026
53852
53750
53741
53639
53491
53447
53383
53356
53338
53296
53233
53230
53183
53161
53152
53150
53147
53144
53137
53107
53081
52833
52810
52805
52791
52785
52781
52743
52742
52655
52432
52385
52367
52350
52319
52240
52209
52157
52136
52069
52053
52030
51900
51855
51850
51847
51633
51452
51435
51396
51300
51275
51155
51016
50936
50930
50887
50848
50788
50771
50756
50681
50640
50630
50623
50526
50502
50466
50426
50328
50277
50246
50241
50231
50212
50204
50163
50155
50152
50152
50138
50094
50081
50048
49874
49842
49802
49718
49469
49459
49436
49392
49296
49213
49182
49144
49108
49051
49032
49023
49023
49009
48992
48941
48871
48793
48783
48742
48681
48577
48468
48301
48237
48225
48127
48094
48025
47937
47717
47550
47515
47463
47392
47360
47348
47253
47239
47221
47197
47096
47010
47001
46963
46957
46806
46780
46766
46705
46682
46639
46602
46602
46593
46535
46535
46342
46321
46270
46130
46094
46084
46058
46018
45941
45924
45913
45809
45762
45728
45716
45701
45694
45681
45650
45642
45542
45486
45476
45440
45406
45342
45293
45269
45260
45203
45197
45076
44997
44834
44804
44781
44776
44733
44557
44447
44423
44417
44368
44334
44249
44223
44206
44192
44192
44120
44059
43978
43950
43938
43931
43808
43710
43704
43632
43591
43586
43542
43534
43463
43395
43346
43334
43290
43251
43064
43057
43012
42958
42926
42922
42895
42877
42844
42818
42749
42714
42691
42672
42646
42445
42352
42278
42271
42233
42193
42108
42106
42105
42079
42011
42009
41960
41837
41831
41792
41711
41649
41593
41561
41529
41454
41229
41063
41024
40968
40953
40918
40866
40848
40827
40735
40669
40634
40605
40471
40470
40417
40336
40218
40194
40161
40151
40105
40088
40069
40066
40055
39951
39854
39840
39807
39770
39761
39698
39667
39661
39629
39541
39476
39470
39408
39407
39339
39316
39213
39135
39110
39101
39079
39059
39023
39000
38990
38971
38919
38898
38884
38838
38817
38721
38687
38649
38649
38629
38587
38464
38445
38400
38265
38157
38083
38070
38037
38018
37901
37850
37811
37660
37600
37538
37341
37329
37321
37221
37185
37180
37176
37169
37051
37031
36945
36934
36821
36750
36717
36706
36691
36499
36492
36491
36490
36302
36267
36175
36085
36034
35766
35616
35598
35556
35496
35321
35250
35248
35109
35101
35082
35044
34890
34890
34786
34776
34759
34732
34616
34610
34596
34596
34572
34434
34379
34264
34259
34142
33906
33887
33883
33852
33843
33774
33677
33641
33624
33623
33544
33509
33327
33304
33158
33119
32952
32866
32853
32833
32812
32810
32759
32731
32725
32603
32600
32558
32534
32502
32376
32364
32131
32124
32119
31935
31918
31900
31881
31764
31760
31754
31736
31709
31671
31547
31497
31391
31356
31266
31235
31195
31161
30986
30976
30971
30944
30923
30921
30916
30875
30835
30708
30663
30660
30642
30595
30591
30463
30398
30392
30336
30285
30238
30193
30107
30030
30018
29879
29838
29637
29627
29584
29540
29518
29492
29491
29439
29373
29250
29156
29117
29101
29091
29079
29077
29063
29046
28953
28766
28721
28602
28601
28576
28564
28530
28329
28321
28289
28237
28198
28045
28010
27989
27969
27966
27935
27843
27836
27823
27713
27657
27638
27616
27596
27555
27549
27451
27418
27417
27399
27392
27352
27322
27304
27241
27234
27190
27176
27165
27081
27067
27014
26971
26969
26874
26857
26840
26826
26809
26775
26740
26739
26700
26694
26652
26621
26574
26554
26456
26440
26418
26405
26325
26277
26265
26230
26171
26089
26078
26062
26030
26009
25979
25966
25909
25871
25771
25760
25536
25458
25450
25446
25434
25429
25381
25277
25172
25136
25127
25088
25075
25074
25009
25005
25001
24899
24848
24787
24772
24746
24727
24669
24668
24600
24599
24531
24509
24362
24361
24360
24348
24307
24179
24170
24162
24137
24095
24092
24062
23935
23926
23835
23743
23692
23559
23510
23450
23419
23341
23261
23221
23146
23105
23074
23073
22890
22854
22840
22673
22662
22576
22534
22526
22511
22457
22368
22365
22356
22312
21974
21955
21930
21916
21859
21690
21569
21533
21485
21484
21438
21427
21374
21222
21213
21197
21191
21184
21176
21129
21087
21009
20943
20890
20831
20747
20739
20658
20645
20484
20454
20358
20329
20311
20296
20205
20185
20103
19851
19762
19727
19686
19601
19582
19568
19539
19520
19497
19276
19230
19163
19098
19023
18931
18872
18768
18645
18461
18459
18446
18388
18354
18343
18305
18163
17963
17950
17878
17848
17821
17817
17798
17754
17710
17566
17526
17495
17489
17472
17422
17398
17349
17336
17197
17154
17126
17090
17074
16944
16910
16908
16888
16847
16640
16629
16619
16595
16560
16468
16459
16449
16419
16399
16334
16194
16177
16128
16033
16012
15903
15849
15842
15769
15701
15686
15638
15587
15507
15483
15394
15377
15253
15159
15118
15076
15062
15034
15029
14967
14827
14826
14820
14716
14706
14689
14674
14612
14606
14590
14306
14259
14249
14231
14205
14178
14164
14145
14143
14022
13990
13881
13851
13793
13766
13703
13646
13630
13628
13626
13589
13556
13512
13218
13126
13043
13030
13015
13002
12981
12926
12907
12898
12857
12828
12782
12685
12662
12583
12548
12533
12491
12486
12458
12248
12240
12200
12115
12112
12093
12016
11949
11854
11791
11773
11768
11724
11715
11672
11657
11533
11531
11435
11345
11328
11291
11284
11262
11235
11184
11101
11044
11044
10953
10887
10846
10835
10834
10816
10808
10793
10763
10685
10572
10548
10525
10407
10398
10385
10338
10094
10081
10062
10051
9937
9930
9906
9882
9836
9811
9718
9547
9489
9475
9474
9310
9229
9185
9078
9055
9049
8993
8964
8959
8892
8768
8759
8747
8619
8611
8526
8522
8507
8503
8477
8421
8389
8381
8345
8308
8304
8276
8254
8144
8131
8129
8097
8070
8058
8007
7994
7975
7825
7820
7749
7710
7550
7537
7427
7315
7219
7176
7171
7130
7071
7041
7013
6991
6957
6911
6869
6825
6817
6717
6714
6705
6618
6578
6547
6518
6474
6456
6444
6379
6269
6219
6140
6074
6016
5980
5978
5948
5933
5928
5521
5502
5487
5434
5324
5309
5284
5258
5242
5223
5190
5190
5147
5139
5093
5086
5059
4968
4952
4919
4881
4876
4669
4634
4585
4464
4355
4354
4325
4003
3967
3938
3928
3926
3903
3857
3796
3720
3678
3600
3589
3583
3565
3555
3419
3413
3396
3390
3299
3198
3030
3008
2987
2976
2907
2904
2872
2852
2809
2753
2674
2666
2604
2586
2540
2427
2385
2369
2340
2338
2320
2294
2282
2212
2204
2158
2154
2134
2113
2108
2098
2086
2054
1948
1941
1864
1792
1763
1744
1665
1661
1597
1564
1563
1372
1342
1311
1303
1281
1148
1090
998
946
945
861
854
835
738
683
605
554
526
506
467
458
322
230
171
151
142
127
76
72
