99988
99960
99939
99921
99918
99897
99890
99876
99623
99593
99552
99512
99395
99321
99314
99312
99241
99170
99041
99036
99026
98856
98767
98746
98690
98641
98623
98622
98553
98467
98460
98388
98350
98333
98238
98204
98137
98027
97983
97927
97910
97907
97820
97769
97741
97691
97631
97601
97345
97195
97163
97121
97111
97044
97027
97017
96926
96903
96891
96860
96835
96798
96701
96619
96603
96575
96510
96339
96234
96220
96211
96156
96143
96127
96082
96054
96036
95960
95731
95636
95530
95490
95490
95486
95241
95222
95143
95140
95139
95092
95040
95021
94891
94796
94719
94644
94557
94545
94531
94487
94478
94448
94367
94365
94347
94337
94329
94241
94220
94161
94130
94066
94029
94001
93868
93811
93806
93803
93766
93736
93722
93722
93716
93644
93603
93587
93574
93445
93376
93373
93304
93277
93248
93169
93124
93115
93067
93045
93027
92960
92941
92899
92834
92780
92584
92468
92407
92376
92337
92227
92225
92138
92115
92027
91979
91971
91946
91778
91550
91461
91412
91351
91321
91285
91149
91143
91102
91027
90987
90853
90727
90700
90646
90620
90519
90498
90491
90416
90305
90241
90230
90205
90162
90073
90024
89928
89804
89765
89715
89711
89677
89536
89431
89395
89384
89344
89291
89235
89215
89167
89152
89081
89079
88971
88924
88895
88882
88873
88812
88794
88786
88635
88626
88547
88335
88189
88110
88093
88076
88052
88050
87997
87985
87963
87899
87833
87732
87684
87679
87649
87606
87458
87452
87400
87386
87363
87339
87335
87216
87198
87124
87080
87077
87060
87016
86886
86828
86634
86613
86586
86577
86556
86426
86400
86370
86367
86297
86290
86262
86188
86109
86108
86100
85950
85940
85928
85927
85886
85779
85778
85704
85699
85660
85625
85577
85512
85508
85502
85491
85488
85481
85386
85324
85319
85313
85303
85271
85227
85185
85156
85141
85099
85098
85021
84886
84883
84840
84831
84817
84625
84486
84378
84375
84318
84317
84293
84276
84244
84161
84134
84120
84022
83930
83825
83819
83815
83723
83691
83653
83554
83529
83462
83434
83355
83326
83303
83155
83115
83079
83079
82927
82917
82912
82882
82863
82835
82820
82654
82559
82495
82478
82363
82358
82321
82292
82280
82255
82172
82162
82132
82106
82029
81992
81930
81885
81874
81856
81848
81740
81628
81402
81356
81299
81188
81180
81180
81160
81138
81107
81087
81043
80989
80890
80799
80645
80641
80640
80639
80434
80394
80339
80336
80324
80171
80111
80085
80039
79992
79928
79922
79898
79872
79803
79789
79644
79586
79535
79447
79439
79376
79339
79332
79222
79205
79083
78910
78908
78908
78890
78869
78845
78844
78765
78744
78695
78540
78473
78464
78423
78407
78372
78367
78364
78330
78242
78205
78198
78170
78023
78014
77970
77874
77840
77802
77794
77783
77739
77695
77503
77393
77349
77342
77329
77315
77300
77271
77247
77008
76992
76990
76974
76965
76957
76928
76907
76892
76889
76887
76881
76856
76797
76790
76727
76644
76640
76609
76523
76492
76315
76314
76247
76157
76139
76070
76012
76008
75949
75901
75879
75837
75747
75625
75569
75559
75453
75272
75267
75251
75197
75126
75104
74959
74883
74732
74681
74665
74603
74445
74441
74436
74333
74255
74203
74138
74081
73958
73935
73935
73849
73818
73680
73647
73619
73608
73582
73482
73475
73274
73237
73171
73147
73133
73120
73099
73073
73019
72918
72888
72882
72843
72807
72751
72636
72620
72505
72492
72427
72413
72280
72278
72244
72235
72227
72135
72076
72026
72010
71856
71834
71823
71798
71786
71784
71761
71517
71509
71474
71462
71407
71395
71375
71364
71266
71253
71137
71125
71073
71013
70900
70822
70809
70745
70666
70572
70409
70349
70304
70259
70236
70234
70124
70115
70094
70083
70058
70030
69944
69875
69784
69699
69676
69605
69481
69472
69440
69387
69341
69327
69285
69281
69206
69181
69151
69139
69125
69101
69099
69034
68999
68987
68968
68827
68761
68669
68654
68636
68579
68513
68363
68318
68302
68268
68071
68055
68045
67990
67974
67829
67771
67724
67678
67623
67610
67591
67579
67560
67559
67549
67519
67474
67467
67394
67320
67200
67172
67057
67025
67015
66931
66908
66812
66783
66769
66762
66712
66651
66636
66631
66629
66550
66545
66431
66345
66285
66240
66218
66174
66173
66120
66054
65849
65833
65802
65788
65758
65733
65658
65611
65595
65503
65491
65482
65403
65403
65392
65373
65368
65366
65354
65280
65259
65193
65179
65159
65147
65086
65064
65048
65039
64978
64807
64684
64611
64604
64557
64511
64374
64358
64343
64332
64318
64308
64288
64251
64227
64218
64195
64108
64100
63976
63895
63826
63647
63643
63620
63532
63435
63370
63361
63344
63293
63245
63131
63056
63017
62923
62916
62909
62892
62837
62757
62690
62577
62562
62553
62539
62444
62441
62419
62368
62333
62254
62227
62182
62167
62151
61974
61915
61890
61867
61812
61767
61752
61750
61719
61663
61644
61639
61628
61614
61568
61526
61460
61447
61421
61392
61390
61170
61105
60988
60973
60909
60704
60613
60595
60579
60566
60560
60512
60485
60452
60426
60206
60206
60172
60171
60041
59994
59984
59981
59923
59907
59870
59801
59748
59746
59746
59731
59706
59654
59638
59589
59515
59376
59367
59239
59202
59198
59175
59150
59071
59037
58984
58962
58943
58748
58731
58691
58688
58677
58584
58537
58503
58487
58464
58361
58327
58304
58203
58104
57889
57874
57847
57824
57663
57610
57463
57424
57388
57341
57230
57218
57218
57212
57141
57136
57125
57080
56982
56955
56950
56943
56939
56817
56799
56781
56737
56659
56617
56551
56523
56523
56522
56427
56381
56089
56048
56027
55934
55933
55887
55874
55868
55815
55776
55632
55632
55584
55569
55536
55488
55387
55332
55285
55225
55181
55138
55082
55052
55012
54998
54983
54919
54839
54837
54834
54817
54797
54790
54716
54715
54646
54574
54461
54378
54368
54353
54308
54299
54296
54218
54154
54021
53913
53877
53865
53846
53836
53834
53817
53754
53678
53634
53609
53603
53601
53585
53457
53430
53362
53324
53319
53180
53128
53089
53079
53037
53033
53026
52983
52952
52806
52684
52616
52614
52526
52475
52423
52413
52359
52343
52205
52098
52082
52078
52039
51993
51969
51909
51846
51820
51678
51628
51568
51496
51299
51243
51233
51209
51185
51159
51146
51104
51072
51058
51036
51029
50971
50932
50928
50925
50903
50864
50861
50705
50663
50599
50535
50483
50405
50217
50215
50171
50135
50131
49925
49909
49870
49869
49855
49777
49755
49585
49556
49541
49513
49499
49413
49384
49348
49237
49205
49190
49188
49173
49102
49061
48904
48886
48830
48785
48750
48646
48525
48502
48488
48484
48362
48246
48238
48135
48113
48070
47986
47934
47910
47809
47797
47784
47734
47721
47654
47641
47481
47421
47288
47159
46978
46854
46776
46678
46562
46531
46530
46523
46483
46454
46307
46258
46227
46184
46128
45970
45960
45928
45916
45892
45831
45822
45815
45776
45666
45664
45654
45639
45629
45612
45530
45459
45416
45413
45367
45256
45237
45195
45098
45091
45071
45010
44898
44768
44755
44751
44747
44690
44666
44543
44361
44336
44327
44295
44250
44103
44075
44074
44053
44011
43893
43854
43766
43757
43754
43738
43691
43646
43622
43505
43489
43457
43393
43377
43194
43182
42856
42841
42830
42817
42811
42736
42695
42640
42625
42550
42522
42484
42478
42425
42383
42365
42322
42228
42176
42092
42063
42008
41988
41796
41757
41377
41370
41339
41323
41282
41271
41266
41224
41136
41118
41023
40949
40811
40800
40770
40732
40720
40712
40694
40662
40606
40548
40537
40449
40405
40300
40223
40171
40163
40063
40036
39973
39727
39672
39632
39600
39594
39574
39495
39241
39217
39213
39028
38887
38744
38695
38670
38567
38535
38531
38416
38347
38276
38135
38055
38011
37998
37970
37913
37909
37909
37841
37827
37810
37700
37680
37670
37641
37636
37594
37591
37493
37471
37323
37301
37259
37218
37213
37077
37068
37034
36988
36963
36925
36920
36900
36757
36614
36579
36563
36511
36488
36476
36475
36411
36407
36406
36366
36331
36320
36297
36238
36235
36154
35940
35925
35884
35755
35712
35624
35614
35592
35552
35513
35376
35302
35252
35238
35232
35054
35003
34885
34871
34839
34732
34698
34664
34627
34596
34573
34444
34406
34403
34339
34294
34238
34191
34153
34146
34119
34117
33964
33927
33902
33881
33870
33774
33723
33633
33584
33556
33531
33488
33482
33446
33267
33248
33208
33201
33194
33181
33026
33023
33011
32959
32869
32857
32814
32772
32748
32742
32701
32670
32665
32660
32638
32390
32381
32354
32333
32313
32264
32248
32177
32167
32163
32082
32071
32034
31953
31941
31917
31877
31846
31760
31757
31724
31723
31714
31675
31669
31540
31487
31450
31449
31426
31401
31380
31296
31273
31252
31178
31171
31135
31123
31109
31097
30987
30937
30914
30882
30816
30807
30764
30729
30694
30525
30518
30457
30291
30239
30203
30202
30197
30094
30065
29999
29945
29895
29814
29807
29803
29783
29716
29708
29680
29616
29611
29594
29594
29591
29588
29576
29478
29428
29242
29226
29153
29067
28972
28931
28926
28887
28850
28801
28726
28686
28658
28656
28595
28474
28415
28341
28302
28285
28261
28193
28190
28061
28048
28046
27943
27918
27845
27837
27614
27569
27395
27358
27355
27320
27320
27308
27246
27118
27115
27114
27036
27022
26960
26832
26818
26815
26811
26716
26682
26674
26632
26615
26603
26406
26274
26199
26130
26109
26063
26046
25978
25925
25907
25844
25834
25815
25787
25767
25762
25707
25586
25562
25514
25405
25339
25288
25279
25269
25234
25224
25204
25186
25075
25064
25044
25001
24996
24967
24954
24949
24945
24919
24909
24896
24853
24821
24813
24791
24697
24660
24647
24553
24459
24419
24184
24159
24145
24112
24112
24062
24018
23976
23948
23885
23827
23777
23759
23734
23699
23682
23564
23423
23386
23195
23152
23035
23017
23009
22806
22767
22464
22455
22436
22402
22352
22204
22116
22053
22045
22009
21897
21848
21844
21840
21836
21774
21605
21463
21413
21405
21371
21261
21238
21224
21218
21216
21172
21172
21109
21069
21064
21050
21048
21020
20787
20781
20770
20743
20672
20656
20583
20560
20556
20467
20460
20381
20307
20183
20157
20137
20125
20089
20031
19951
19949
19833
19794
19677
19673
19546
19438
19422
19230
19225
19135
19081
19064
19009
18993
18957
18938
18907
18826
18755
18722
18636
18626
18604
18580
18568
18541
18498
18463
18269
18188
18097
18073
18012
17971
17919
17901
17868
17847
17831
17824
17806
17754
17692
17663
17638
17608
17553
17526
17500
17357
17328
17325
17176
17137
17079
17074
16957
16887
16816
16796
16766
16766
16722
16709
16683
16676
16626
16607
16579
16577
16427
16421
16405
16376
16298
16286
16266
16224
16182
15997
15986
15979
15979
15835
15757
15707
15679
15673
15673
15588
15481
15454
15448
15433
15407
15354
15345
15290
15208
15202
15178
15161
15105
15066
15042
14978
14928
14784
14778
14756
14728
14717
14689
14649
14592
14569
14544
14485
14350
14329
14306
14249
14141
14133
13999
13949
13871
13840
13812
13754
13738
13714
13709
13692
13690
13613
13571
13517
13503
13474
13418
13410
13335
13298
13131
12991
12984
12870
12798
12776
12767
12684
12656
12455
12437
12434
12427
12402
12387
12379
12376
12236
12159
12108
12057
11981
11888
11858
11843
11814
11762
11640
11631
11582
11582
11537
11524
11492
11460
11447
11391
11258
11188
11137
10891
10855
10770
10758
10654
10629
10609
10569
10504
10497
10474
10437
10404
10346
10328
10276
10238
10165
10160
10100
9981
9866
9808
9775
9749
9660
9646
9635
9544
9484
9461
9445
9413
9375
9292
9225
9190
9186
9164
9028
9009
8745
8709
8442
8383
8373
8302
8289
8244
8209
8161
8148
8099
8062
8000
7957
7904
7855
7837
7783
7694
7555
7521
7446
7383
7353
7333
7311
7217
7176
7147
7133
7102
7041
7009
6984
6965
6947
6941
6923
6905
6783
6709
6668
6658
6656
6591
6553
6470
6438
6397
6387
6382
6363
6320
6263
6174
6154
6131
6123
6084
6075
6005
5971
5839
5781
5715
5709
5569
5547
5461
5403
5398
5327
5235
5202
5151
5102
5064
5027
5023
5018
5007
4977
4957
4940
4925
4880
4859
4856
4805
4741
4715
4546
4514
4459
4321
4312
4279
4226
4187
4185
3946
3882
3870
3863
3772
3757
3594
3582
3401
3397
3271
3169
3160
3110
3017
2999
2991
2894
2713
2644
2605
2598
2567
2552
2539
2407
2344
2328
2248
2213
2185
2056
2046
2011
2004
1896
1832
1819
1819
1766
1730
1629
1551
1446
1423
1134
1108
1105
1087
976
973
963
946
934
842
810
709
611
593
554
538
505
481
469
383
372
322
215
213
184
130
49
45
39
