99916
99897
99880
99766
99756
99724
99638
99628
99617
99614
99605
99552
99445
99429
99366
99353
99351
99285
99231
99225
99183
99180
99087
99073
99034
99000
98818
98767
98760
98705
98696
98680
98490
98405
98376
98362
98352
98279
98248
98245
98220
98211
98184
98111
98062
98044
98018
98002
97973
97923
97917
97823
97779
97651
97630
97595
97578
97557
97552
97526
97473
97329
97300
97264
97250
97236
97205
97175
97104
97089
97070
97015
96994
96931
96795
96782
96721
96700
96583
96571
96526
96513
96494
96479
96470
96445
96425
96343
96301
96278
96133
96106
96089
96088
96069
95997
95895
95868
95826
95649
95575
95567
95384
95328
95218
95203
95075
94993
94891
94884
94859
94846
94837
94800
94747
94690
94643
94632
94617
94608
94581
94422
94331
94309
94062
94002
93915
93887
93870
93852
93839
93822
93805
93788
93780
93729
93718
93710
93685
93613
93559
93535
93518
93483
93433
93389
93332
93260
93250
93197
93092
93011
92948
92814
92808
92779
92613
92571
92566
92547
92516
92466
92413
92401
92375
92364
92311
92258
92224
92138
92119
92037
91888
91854
91851
91821
91811
91736
91632
91604
91462
91433
91380
91331
91236
91229
91197
91195
91156
91115
91060
91008
90945
90929
90917
90905
90832
90804
90760
90742
90738
90687
90683
90660
90621
90470
90455
90415
90313
90168
90047
90005
89993
89975
89853
89837
89768
89767
89727
89698
89586
89456
89422
89343
89243
89241
89160
89106
88950
88894
88801
88725
88607
88587
88531
88438
88420
88400
88231
88219
88175
87956
87894
87836
87806
87751
87750
87639
87595
87536
87530
87488
87465
87448
87331
87305
87287
87286
87280
87225
87192
87116
87037
86974
86915
86910
86886
86606
86592
86429
86274
86250
86246
86192
86085
86075
86069
86025
86017
85946
85784
85748
85688
85615
85486
85455
85414
85378
85301
85298
85253
85215
84917
84854
84755
84698
84650
84631
84627
84609
84595
84589
84563
84557
84473
84424
84362
84336
84254
84247
84219
84186
84151
84146
84099
84085
84036
83974
83911
83773
83704
83557
83509
83501
83484
83428
83369
83257
83206
83164
83058
82965
82930
82918
82917
82796
82790
82692
82677
82571
82511
82388
82378
82370
82366
82365
82330
82323
82321
82318
82191
82091
82041
81987
81888
81878
81795
81736
81727
81624
81351
81283
81241
81238
81141
81124
81123
81057
81048
80989
80891
80866
80862
80851
80830
80818
80728
80705
80704
80690
80647
80644
80575
80556
80513
80388
80369
80368
80285
80270
80249
80245
80205
80145
80082
80057
79981
79906
79884
79882
79869
79843
79787
79750
79739
79675
79560
79443
79395
79392
79358
79254
79178
79105
79005
78960
78954
78925
78872
78857
78837
78837
78766
78737
78715
78665
78617
78569
78507
78488
78432
78364
78298
78297
78281
78279
78258
78142
78140
78040
77930
77907
77887
77833
77829
77816
77661
77545
77477
77452
77446
77406
77405
77381
77366
77323
77258
77193
77146
77042
76920
76919
76912
76912
76589
76574
76362
76305
76304
76291
76262
76238
76206
76106
76044
75992
75990
75827
75723
75693
75670
75554
75548
75464
75442
75293
75210
75205
75095
75091
74980
74886
74883
74740
74561
74544
74535
74535
74476
74207
74113
74110
74057
73930
73896
73891
73826
73741
73609
73554
73427
73342
73299
73269
73231
73132
73108
73020
72943
72937
72928
72920
72894
72887
72866
72510
72479
72461
72430
72414
72261
72252
72240
72166
72119
72085
72067
72023
71926
71784
71666
71620
71569
71545
71329
71296
71280
71272
71193
71179
71071
71058
70963
70936
70910
70845
70843
70830
70699
70569
70561
70437
70377
70359
70265
70259
70257
70192
70186
70146
70089
70044
70021
69996
69996
69973
69918
69880
69871
69837
69785
69784
69776
69680
69670
69632
69631
69628
69609
69602
69591
69440
69311
69178
69112
69013
68973
68939
68850
68797
68778
68748
68736
68677
68659
68644
68631
68538
68531
68523
68502
68485
68418
68377
68358
68256
68232
68206
68142
67965
67890
67763
67717
67693
67625
67597
67592
67330
67321
67272
67251
67158
67128
67125
67122
66979
66942
66920
66901
66820
66811
66766
66761
66722
66687
66586
66550
66487
66487
66446
66423
66403
66374
66361
66328
66253
66251
66194
66186
66165
66132
66094
66094
66091
66000
65985
65956
65919
65883
65869
65848
65683
65634
65603
65540
65534
65526
65510
65390
65382
65337
65325
65317
65281
65274
65258
65179
65095
64874
64751
64556
64482
64476
64475
64380
64361
64306
64171
64153
64075
64074
64008
63897
63799
63778
63760
63644
63624
63610
63565
63426
63401
63370
63359
63350
63322
63311
63283
63280
63261
63167
63150
63109
63082
63057
62986
62949
62934
62866
62701
62532
62531
62328
62321
62263
62178
62050
62041
62013
61990
61934
61925
61879
61790
61757
61706
61586
61550
61524
61378
61377
61324
61319
61309
61307
61302
61282
61265
61251
60999
60955
60949
60947
60942
60930
60875
60873
60835
60800
60798
60755
60654
60638
60626
60477
60325
60324
60293
60263
60223
60219
60214
60185
60171
59962
59950
59855
59849
59767
59700
59650
59641
59571
59562
59528
59525
59459
59420
59290
59176
59173
59157
59054
59028
59002
58968
58955
58951
58943
58905
58881
58745
58688
58686
58580
58575
58434
58406
58396
58385
58314
58292
58281
58247
58122
58104
58033
57965
57839
57804
57796
57788
57759
57666
57542
57483
57450
57434
57396
57396
57392
57381
57375
57347
57326
57233
57224
57095
57084
57051
57042
56853
56664
56650
56535
56535
56467
56388
56257
56216
56202
56175
56053
55962
55948
55942
55937
55891
55888
55867
55742
55732
55670
55641
55627
55620
55584
55569
55504
55485
55481
55469
55375
55343
55339
55292
55278
55218
55138
55103
55051
54989
54962
54926
54901
54873
54850
54759
54747
54712
54701
54700
54687
54664
54616
54526
54523
54518
54438
54410
54303
54241
54238
54232
54220
54138
54129
54075
54053
53740
53739
53704
53624
53607
53598
53594
53594
53590
53569
53542
53537
53480
53469
53402
53380
53334
53280
53246
53097
53041
53022
52992
52989
52982
52721
52680
52666
52625
52494
52483
52469
52464
52430
52424
52370
52366
52279
52196
52078
52076
52054
52007
51996
51960
51931
51734
51709
51653
51641
51629
51576
51535
51454
51420
51393
51379
51268
51236
51233
51201
51187
51165
51157
51128
51104
51025
50932
50928
50884
50870
50868
50823
50773
50730
50693
50689
50639
50613
50432
50386
50289
50105
50097
50071
50070
49964
49813
49808
49757
49746
49634
49617
49569
49549
49360
49348
49340
49318
49313
49259
49168
49020
48970
48941
48926
48859
48851
48786
48704
48700
48596
48564
48555
48496
48424
48364
48253
48185
48179
48125
48120
48098
48082
48013
47896
47800
47773
47675
47655
47556
47426
47392
47360
47263
47215
47212
47181
47155
47065
47062
46789
46787
46737
46720
46667
46664
46553
46457
46406
46221
46143
46095
46036
46014
45975
45862
45814
45808
45791
45770
45727
45726
45651
45590
45553
45367
45362
45313
45269
45236
45206
45190
45022
45003
44838
44838
44832
44707
44688
44679
44488
44368
44351
44303
44298
44279
44266
44120
43845
43832
43780
43759
43672
43650
43504
43501
43450
43408
43303
43149
43113
43008
43004
42877
42800
42750
42744
42689
42642
42546
42524
42505
42499
42487
42461
42444
42410
42266
42253
42252
42226
42130
41942
41922
41828
41822
41792
41773
41666
41522
41519
41500
41479
41397
41357
41331
41269
41265
41037
40986
40974
40919
40784
40744
40669
40653
40632
40534
40515
40470
40267
40256
40214
40125
40120
40097
40081
40078
40066
40062
40034
40025
40020
39989
39949
39868
39831
39831
39827
39656
39628
39599
39563
39485
39414
39325
39193
39178
39129
38920
38903
38894
38884
38696
38662
38568
38563
38495
38487
38485
38477
38475
38467
38459
38433
38390
38360
38336
38303
38272
38248
38231
38227
38208
38192
38119
38070
37979
37890
37875
37860
37848
37841
37648
37611
37576
37560
37520
37444
37430
37425
37412
37411
37305
37302
37278
37177
37168
37135
37113
37072
37018
36978
36966
36942
36942
36929
36923
36906
36902
36868
36863
36709
36689
36639
36614
36585
36550
36521
36518
36477
36438
36351
36295
36277
36271
36246
36206
36069
36041
35935
35918
35853
35851
35850
35813
35779
35680
35472
35432
35424
35382
35371
35358
35356
35342
35287
35227
35205
35163
35143
35134
34974
34951
34905
34881
34796
34570
34480
34424
34387
34375
34352
34291
34235
34141
34080
34078
34055
33865
33797
33700
33541
33517
33435
33396
33381
33327
33304
33227
33184
33133
33050
33030
32882
32855
32849
32846
32768
32698
32637
32619
32577
32574
32489
32486
32265
32250
32199
32125
32075
32067
32003
31974
31962
31947
31891
31763
31746
31724
31699
31679
31656
31522
31346
31312
31287
31101
31066
31057
31054
31032
30943
30937
30897
30853
30743
30667
30593
30441
30437
30396
30339
30318
30238
30236
30134
30071
30020
29941
29928
29854
29731
29685
29610
29547
29538
29455
29292
29212
29143
29086
29079
29027
28984
28860
28856
28796
28707
28684
28668
28628
28543
28535
28520
28507
28399
28374
28301
28285
28221
28205
28185
28145
28111
28064
27944
27903
27891
27865
27862
27850
27724
27710
27659
27656
27621
27598
27593
27499
27484
27435
27428
27425
27351
27334
27328
27274
27227
27123
27080
27044
27041
27020
26909
26878
26837
26814
26793
26762
26710
26696
26551
26539
26479
26477
26449
26417
26360
26349
26282
26270
26235
26088
25979
25882
25783
25769
25769
25768
25759
25664
25648
25588
25544
25537
25510
25481
25471
25438
25389
25363
25345
25277
25248
25238
25011
24906
24854
24850
24847
24783
24727
24712
24710
24622
24592
24476
24440
24434
24408
24341
24335
24332
24305
24160
24152
24119
24049
23992
23833
23795
23622
23592
23558
23511
23459
23440
23438
23357
23328
23190
23152
23132
23118
23089
23059
23034
22976
22894
22838
22796
22724
22690
22673
22624
22545
22450
22376
22297
22213
22207
22205
22195
22187
22172
22127
22051
21994
21969
21941
21931
21917
21847
21839
21789
21784
21759
21712
21604
21508
21415
21311
21297
21288
21288
21271
21269
21232
21200
21186
21124
21100
21097
21073
21060
20945
20903
20744
20683
20616
20576
20519
20503
20497
20481
20336
20257
20220
20074
19980
19760
19754
19587
19530
19520
19485
19446
19437
19214
18897
18697
18696
18657
18646
18616
18565
18529
18508
18489
18450
18438
18429
18306
18284
18283
18166
18008
17998
17986
17961
17832
17802
17688
17662
17567
17567
17539
17516
17471
17346
17305
17296
17278
17166
17120
17095
17082
16895
16888
16856
16726
16662
16617
16595
16585
16577
16539
16528
16517
16441
16432
16406
16405
16373
16309
16307
16163
16060
16020
15869
15816
15787
15777
15747
15681
15579
15526
15512
15369
15313
15271
15265
15123
15083
15065
15041
15027
15027
14967
14961
14928
14920
14919
14884
14825
14738
14730
14644
14503
14479
14466
14447
14375
14373
14150
14136
14132
14086
14040
14030
14025
13936
13927
13823
13789
13747
13714
13578
13573
13567
13554
13549
13544
13390
13282
13163
13148
13137
13087
13087
12924
12856
12751
12735
12707
12657
12613
12560
12494
12439
12389
12361
12190
12146
12140
12128
12108
12064
11992
11924
11872
11865
11863
11820
11587
11526
11489
11374
11286
11240
11229
11140
11044
11043
10945
10910
10890
10750
10724
10689
10688
10579
10559
10501
10345
10324
10140
10123
10110
10052
10005
9954
9953
9948
9909
9908
9904
9903
9901
9868
9867
9862
9821
9743
9708
9649
9632
9604
9563
9549
9539
9514
9404
9374
9262
9251
9224
9095
9023
9013
8964
8946
8900
8820
8784
8715
8662
8590
8582
8401
8330
8274
8262
8259
8229
8203
8179
8143
8138
8083
8080
8079
7908
7901
7864
7800
7691
7655
7615
7603
7543
7441
7425
7331
7325
7294
7246
7196
7115
7074
6980
6966
6879
6734
6677
6669
6624
6415
6393
6374
6358
6341
6306
6286
6190
6182
6096
6091
6054
5899
5896
5808
5789
5714
5675
5546
5498
5482
5460
5408
5371
5356
5282
5279
5276
5266
5264
5178
5158
5141
5105
5099
5030
4868
4787
4778
4765
4665
4610
4513
4496
4442
4402
4393
4374
4337
4325
4314
4301
4257
4203
4077
4055
3965
3938
3912
3902
3833
3687
3682
3658
3616
3535
3504
3442
3402
3399
3391
3366
3317
3311
3299
3288
3225
3201
3086
2901
2895
2878
2864
2834
2811
2799
2766
2765
2763
2710
2576
2514
2426
2409
2402
2360
2290
2271
2238
2222
2072
2010
1933
1899
1894
1782
1769
1651
1527
1451
1439
1332
1327
1312
1303
1272
1209
1202
1126
1091
1064
967
955
911
756
718
701
627
587
563
543
539
476
417
393
283
249
236
181
140
123
57
