99987
99947
99909
99862
99850
99843
99796
99694
99672
99662
99566
99563
99455
99449
99421
99397
99383
99327
99306
99215
99133
98945
98934
98868
98863
98818
98757
98752
98591
98550
98520
98488
98482
98398
98216
98187
98162
98141
98089
97975
97953
97951
97944
97929
97656
97649
97638
97554
97525
97502
97355
97353
97345
97207
97191
97188
97169
97110
97090
97008
96995
96940
96846
96710
96703
96673
96517
96470
96341
96268
96265
96259
96173
96097
96085
96036
96025
96020
95961
95848
95847
95747
95657
95626
95591
95582
95554
95508
95446
95418
95381
95347
95246
95210
95136
94982
94946
94928
94837
94642
94507
94460
94409
94202
94157
94114
94113
94006
93995
93933
93885
93840
93774
93770
93763
93675
93659
93561
93528
93524
93511
93405
93280
93271
93166
93022
93013
92938
92902
92896
92886
92821
92781
92755
92755
92750
92709
92684
92641
92584
92533
92339
92265
92220
92187
92123
92108
92106
92105
92036
92034
91999
91795
91793
91748
91691
91686
91595
91574
91514
91477
91469
91348
91345
91343
91334
91304
91300
91285
91285
91247
91245
91193
91076
91072
91000
90996
90952
90928
90920
90909
90781
90780
90694
90636
90636
90607
90563
90522
90513
90501
90484
90381
90234
90222
90159
90159
90061
90051
89990
89906
89873
89819
89774
89711
89640
89570
89544
89465
89446
89417
89249
89140
89125
89111
89106
89094
89092
89071
88958
88674
88667
88517
88424
88399
88338
88333
88305
88249
88229
88211
88141
88097
88006
87959
87954
87934
87855
87809
87764
87709
87541
87534
87424
87194
87028
87002
86978
86953
86952
86914
86863
86834
86706
86652
86624
86568
86560
86521
86490
86471
86373
86330
86309
86263
86097
86081
86073
86069
86050
86033
85952
85921
85900
85742
85680
85633
85574
85364
85352
85298
85297
85264
85249
85163
85143
85076
85051
85036
85030
85008
84981
84969
84962
84881
84833
84831
84815
84747
84684
84642
84629
84569
84481
84472
84341
84208
84171
84135
84129
84127
84121
84018
84014
83868
83840
83777
83720
83713
83691
83655
83635
83592
83588
83572
83290
83217
83202
83181
83145
82998
82900
82781
82704
82687
82630
82557
82520
82409
82397
82389
82379
82378
82315
82306
82303
82303
82297
82262
82226
82113
82105
82037
82000
81937
81887
81675
81668
81566
81527
81504
81408
81389
81369
81364
81281
81266
81223
81170
81167
81017
80965
80945
80881
80734
80729
80596
80526
80468
80459
80421
80418
80412
80311
80305
80145
80135
80124
80115
80114
80105
80079
79972
79963
79935
79874
79846
79817
79814
79778
79696
79623
79609
79607
79585
79517
79463
79419
79416
79408
79405
79394
79386
79382
79367
79361
79344
79318
79223
79063
78997
78900
78871
78776
78769
78731
78678
78652
78646
78541
78529
78453
78435
78424
78395
78351
78315
78314
78149
78048
77908
77834
77786
77723
77700
77679
77606
77472
77406
77346
77342
77213
77168
77160
77089
77046
77020
76984
76885
76882
76882
76796
76768
76749
76729
76682
76628
76558
76552
76271
76243
76190
76165
76129
76069
76004
75973
75934
75833
75781
75777
75727
75703
75653
75627
75521
75465
75395
75263
75254
75236
75220
75194
75184
75103
75087
75054
74966
74785
74775
74740
74721
74701
74674
74658
74506
74499
74439
74372
74355
74348
74337
74297
74290
74267
74266
74265
74260
74206
74196
74120
73871
73859
73829
73766
73741
73685
73681
73652
73635
73618
73607
73587
73548
73381
73368
73362
73322
73306
73265
73262
73255
73208
73170
73047
73037
73034
72867
72831
72747
72673
72665
72608
72604
72603
72496
72481
72428
72421
72413
72366
72362
72359
72267
72246
72129
72031
72024
71993
71971
71858
71826
71662
71616
71495
71397
71389
71369
71354
71263
71167
71147
71062
71062
71037
70931
70890
70882
70846
70790
70630
70601
70503
70461
70327
70256
70171
70161
70085
70062
70008
69919
69906
69834
69711
69603
69588
69563
69467
69438
69420
69379
69323
69297
69241
69128
68853
68793
68792
68778
68769
68660
68608
68589
68578
68550
68519
68434
68388
68313
68257
68152
68106
68046
67899
67851
67842
67833
67741
67686
67676
67583
67512
67484
67484
67462
67407
67367
67348
67342
67253
67101
67063
66928
66833
66712
66706
66607
66605
66590
66571
66463
66424
66347
66307
66256
66144
66119
66038
65982
65981
65942
65839
65764
65719
65692
65678
65638
65592
65558
65538
65489
65463
65443
65407
65288
65227
65103
65103
65013
64977
64950
64926
64896
64876
64787
64707
64693
64683
64660
64523
64472
64445
64416
64336
64331
64281
64252
64229
64226
64107
64104
64045
64021
64008
64007
63963
63951
63951
63946
63875
63853
63824
63814
63790
63758
63670
63630
63610
63578
63554
63535
63510
63471
63464
63453
63416
63378
63345
63188
63126
63114
63007
62929
62915
62851
62790
62788
62716
62710
62490
62451
62416
62382
62296
62254
62226
62131
62108
62047
62032
61953
61950
61802
61672
61667
61661
61633
61631
61602
61564
61564
61511
61489
61462
61437
61433
61431
61423
61273
61256
61204
61189
61159
61127
61113
61103
61043
60974
60876
60531
60520
60486
60460
60446
60334
60298
60273
60271
60267
60204
60193
60183
60084
60062
59992
59832
59814
59800
59777
59739
59728
59718
59501
59444
59436
59420
59393
59266
59205
59138
59110
59045
58987
58966
58876
58755
58741
58614
58544
58398
58178
58115
58072
58042
58039
57880
57879
57867
57858
57839
57669
57595
57530
57520
57493
57482
57413
57389
57318
57299
57248
57053
56878
56872
56848
56820
56805
56747
56725
56664
56642
56606
56583
56572
56513
56504
56344
56333
56265
56188
56098
56029
55961
55933
55919
55886
55878
55831
55714
55595
55547
55531
55399
55346
55307
55229
55160
55123
55096
55072
55042
55000
54936
54913
54807
54745
54721
54696
54653
54617
54597
54585
54545
54472
54465
54401
54399
54149
54062
54057
54012
53929
53832
53778
53625
53602
53602
53542
53496
53442
53382
53368
53250
53226
53201
53196
53123
53055
53033
53000
52925
52842
52785
52714
52713
52713
52700
52608
52591
52540
52455
52395
52387
52214
52146
52125
52038
51998
51966
51896
51881
51723
51712
51710
51680
51598
51588
51495
51430
51368
51348
51337
51326
51290
51274
51258
51213
51182
51182
51095
51056
50984
50938
50873
50871
50828
50819
50713
50649
50640
50433
50414
50350
50106
50064
50034
49878
49829
49819
49783
49749
49678
49631
49586
49577
49550
49487
49486
49435
49419
49403
49393
49327
49298
49227
49171
49161
49145
49084
49040
48979
48948
48920
48914
48909
48900
48886
48808
48745
48723
48712
48670
48659
48559
48536
48507
48490
48438
48434
48271
48125
48048
47881
47858
47845
47784
47761
47664
47635
47559
47469
47449
47389
47377
47328
47290
47282
47272
47235
47174
47161
47126
47121
46879
46791
46769
46758
46513
46504
46475
46447
46442
46321
46316
46173
46097
46090
45986
45933
45915
45805
45774
45757
45746
45740
45687
45682
45559
45435
45416
45353
45327
45297
45203
45182
45030
44866
44805
44740
44739
44720
44627
44607
44556
44468
44434
44429
44390
44333
44311
44310
44276
44226
44138
43998
43909
43901
43809
43777
43746
43646
43603
43499
43445
43399
43373
43288
43285
43279
43218
43184
43119
43092
43008
42947
42924
42917
42900
42793
42783
42747
42613
42498
42454
42438
42428
42350
42349
42229
42044
41963
41946
41933
41785
41764
41706
41608
41549
41522
41479
41473
41444
41386
41325
41302
41251
41192
40980
40905
40891
40877
40811
40738
40690
40688
40554
40526
40501
40421
40414
40402
40262
40173
40133
40072
40013
39995
39931
39920
39907
39894
39879
39862
39724
39695
39683
39515
39090
38901
38838
38821
38779
38772
38716
38689
38608
38584
38518
38477
38464
38357
38353
38339
38272
38226
38186
38160
38091
38082
38056
38027
38003
37902
37863
37773
37715
37660
37577
37556
37422
37418
37260
37254
37250
37196
37150
37079
37047
37017
36845
36809
36762
36749
36713
36648
36597
36527
36405
36347
36337
36315
36308
36281
36280
36241
36216
36203
36179
36145
36014
35996
35928
35926
35862
35814
35615
35560
35492
35441
35435
35364
35320
35233
35197
35010
35003
34937
34842
34786
34773
34759
34749
34747
34707
34676
34666
34652
34559
34482
34466
34446
34396
34392
34390
34384
34313
34299
34291
34277
34244
34150
34150
34142
34087
34060
33955
33909
33850
33774
33762
33741
33684
33683
33626
33620
33606
33557
33533
33521
33464
33392
33361
33191
33182
33140
33105
33084
33061
32997
32960
32953
32872
32842
32808
32806
32760
32760
32481
32458
32379
32368
32338
32291
32289
32271
32243
32216
32135
32118
32108
32099
32051
32040
31993
31828
31772
31727
31695
31622
31583
31575
31532
31490
31476
31433
31414
31319
31252
31212
31186
31153
31076
31052
31048
30979
30817
30750
30668
30355
30307
30194
30174
30093
30085
30059
30040
29934
29885
29822
29627
29559
29520
29516
29492
29409
29386
29380
29270
29242
29221
29212
29208
29207
29127
29054
28886
28846
28760
28742
28717
28640
28542
28518
28514
28451
28224
28183
28145
28114
28067
27899
27858
27840
27826
27809
27709
27705
27685
27677
27607
27571
27558
27540
27508
27450
27423
27279
27188
27037
26979
26973
26923
26815
26766
26756
26671
26654
26652
26616
26545
26498
26470
26463
26442
26374
26314
26284
26274
26211
26171
26162
26143
26041
25981
25931
25902
25865
25838
25830
25804
25799
25797
25787
25779
25750
25711
25682
25638
25634
25633
25618
25600
25566
25560
25541
25516
25479
25456
25446
25393
25280
25212
25174
25142
25136
24946
24797
24758
24690
24690
24673
24467
24377
24355
24324
24317
24281
24275
24207
24153
24134
24068
23970
23959
23931
23890
23886
23858
23849
23703
23688
23662
23600
23599
23524
23413
23396
23347
23331
23325
23242
23208
23150
23097
23047
22976
22918
22903
22816
22703
22688
22681
22660
22655
22622
22620
22613
22598
22594
22559
22557
22508
22370
22292
22287
22250
22219
22213
22172
22165
22080
22068
21992
21970
21949
21919
21886
21885
21878
21850
21594
21580
21503
21497
21486
21459
21311
21098
21069
21050
20996
20973
20963
20940
20939
20918
20854
20831
20777
20704
20616
20540
20519
20486
20325
20324
20298
20129
20118
19940
19933
19897
19838
19834
19806
19791
19659
19635
19574
19453
19406
19404
19375
19270
19140
19118
19081
19055
18972
18877
18867
18822
18644
18567
18543
18484
18383
18291
18233
18226
18142
18109
18094
18058
17938
17904
17820
17812
17793
17755
17747
17721
17666
17575
17569
17547
17495
17325
17322
17260
17244
17159
17121
17012
16978
16944
16843
16770
16763
16527
16377
16349
16318
16265
16185
16153
16118
16088
16084
16049
16017
15986
15782
15745
15737
15737
15697
15652
15590
15548
15509
15502
15488
15467
15429
15415
15372
15360
15344
15329
15279
15267
15241
15227
15204
15155
15114
15086
15005
14997
14941
14880
14844
14844
14802
14761
14720
14682
14674
14671
14671
14583
14566
14511
14510
14460
14442
14438
14395
14317
14281
14144
14127
14102
14093
14017
14000
13984
13830
13789
13735
13721
13707
13703
13604
13537
13405
13355
13249
13135
13116
13080
13026
13024
13018
12979
12937
12903
12752
12743
12685
12574
12459
12438
12434
12418
12232
12223
12137
12115
12107
12025
12024
11958
11931
11876
11857
11841
11792
11771
11746
11723
11694
11586
11571
11567
11552
11542
11537
11508
11393
11326
11320
11231
11220
11182
11129
11121
11075
11063
11027
11019
10986
10958
10909
10822
10647
10623
10553
10511
10498
10480
10444
10410
10285
10219
10197
10127
9997
9976
9948
9948
9924
9876
9829
9822
9770
9770
9740
9599
9431
9390
9298
9227
9029
9010
8994
8854
8839
8772
8711
8697
8656
8609
8601
8539
8461
8355
8304
8251
8164
8120
8049
7973
7971
7942
7930
7894
7834
7788
7641
7621
7586
7562
7498
7479
7459
7423
7402
7200
7195
7195
6956
6779
6711
6688
6687
6600
6573
6567
6516
6505
6502
6437
6404
6390
6352
6299
6130
6037
5932
5906
5899
5863
5821
5803
5764
5662
5652
5647
5615
5581
5427
5224
5213
5211
5025
4954
4934
4884
4866
4862
4797
4728
4584
4558
4548
4543
4450
4423
4357
4336
4312
4155
4111
4109
4087
3996
3990
3965
3924
3890
3871
3815
3793
3733
3708
3625
3501
3491
3471
3369
3238
3225
3180
3122
3095
3041
3027
2981
2940
2911
2898
2825
2743
2728
2644
2625
2621
2458
2449
2433
2355
2296
2294
2248
2196
2123
2085
2056
2019
1914
1867
1866
1745
1687
1621
1603
1583
1569
1558
1550
1519
1518
1476
1356
1305
1289
1218
1147
1134
1110
1089
1082
1054
1037
1032
964
883
866
795
791
777
674
674
550
545
481
450
356
348
294
285
273
241
222
175
98
75
