99975
99809
99698
99610
99599
99571
99567
99405
99383
99376
99303
99251
99240
99172
99143
99111
99002
98987
98938
98896
98874
98864
98858
98816
98815
98644
98614
98599
98470
98454
98445
98398
98303
98192
98173
98166
98146
98127
98074
98073
98013
98011
97992
97952
97939
97895
97885
97872
97852
97843
97765
97730
97573
97400
97353
97303
97265
97158
97122
97091
96981
96909
96715
96593
96591
96566
96492
96448
96435
96433
96303
96256
96248
96102
96080
96021
95914
95874
95803
95789
95767
95752
95680
95650
95631
95625
95609
95567
95494
95487
95411
95357
95310
95294
95224
95180
95174
95149
95098
95092
94988
94955
94919
94785
94646
94589
94506
94488
94439
94413
94405
94343
94328
94266
94245
94113
94099
94002
93947
93931
93910
93841
93754
93697
93554
93533
93524
93490
93428
93379
93374
93370
93307
93301
93273
93250
93247
93239
93207
92972
92856
92839
92824
92822
92749
92632
92630
92563
92485
92480
92344
92318
92310
92252
92128
91989
91974
91897
91869
91852
91830
91806
91718
91682
91653
91618
91513
91490
91432
91403
91384
91365
91274
91244
91218
91093
91078
91072
90958
90956
90929
90878
90862
90827
90782
90735
90690
90682
90558
90533
90499
90396
90273
90157
90121
90097
90064
90000
89981
89964
89962
89921
89911
89876
89825
89741
89711
89677
89623
89622
89608
89536
89485
89396
89322
89316
89291
89282
89240
89217
89209
89170
89131
88996
88972
88937
88932
88916
88889
88869
88842
88702
88659
88642
88509
88507
88493
88462
88451
88405
88365
88276
88201
88193
87790
87789
87768
87761
87752
87674
87651
87646
87550
87513
87491
87414
87306
87302
87261
87254
87128
87032
86961
86945
86882
86837
86767
86731
86597
86591
86537
86500
86478
86460
86369
86248
86060
86010
85942
85845
85764
85763
85743
85703
85698
85650
85635
85536
85526
85495
85484
85400
85377
85371
85340
85269
85242
85190
85098
85057
85037
84964
84896
84767
84762
84649
84377
84348
84294
84185
84183
84034
84029
84021
84007
83968
83962
83960
83837
83783
83745
83678
83657
83618
83600
83571
83482
83453
83449
83417
83274
83244
83096
83095
83093
83084
83029
83021
83015
82891
82719
82711
82634
82567
82526
82416
82292
82274
82262
82242
82231
82230
82218
82199
82106
82087
82057
82049
82014
81770
81749
81736
81581
81528
81431
81382
81135
81040
81016
80999
80995
80918
80912
80886
80880
80822
80821
80819
80817
80810
80806
80622
80505
80492
80434
80369
80337
80241
80200
80163
80140
80120
80101
80096
79903
79859
79749
79718
79706
79654
79620
79570
79524
79449
79424
79370
79362
79315
79153
79130
79107
78965
78923
78922
78837
78809
78770
78768
78698
78598
78590
78494
78464
78438
78410
78175
78108
77855
77820
77781
77555
77545
77524
77471
77402
77388
77364
77291
77267
77261
77247
77232
77181
77172
77164
77163
77161
77082
76998
76952
76932
76870
76868
76794
76772
76675
76604
76570
76497
76483
76429
76408
76388
76381
76372
76320
76311
76277
76176
76165
76095
76083
76070
76056
75986
75984
75958
75811
75801
75796
75780
75723
75673
75646
75548
75444
75422
75340
75207
75203
75167
75091
75040
75032
74991
74941
74892
74886
74802
74767
74731
74727
74688
74651
74626
74509
74484
74460
74364
74344
74326
74303
74206
74043
73975
73929
73634
73627
73547
73531
73485
73485
73370
73364
73342
73227
73219
73205
73149
73025
73012
72998
72938
72922
72725
72558
72493
72466
72416
72394
72378
72221
72204
72202
72044
72040
71909
71826
71795
71705
71685
71662
71658
71654
71640
71640
71618
71605
71569
71455
71392
71365
71350
71278
71216
71163
71113
71042
70997
70775
70753
70614
70596
70546
70475
70427
70389
70242
70237
70230
70219
70207
70129
70109
70010
69968
69891
69831
69794
69749
69738
69712
69627
69615
69605
69580
69493
69326
69324
69284
69236
69201
69000
68950
68882
68785
68680
68561
68551
68527
68506
68483
68289
68164
68145
68071
68063
68050
68019
67913
67803
67688
67682
67670
67658
67533
67518
67512
67392
67337
67331
67316
67206
67131
67018
66996
66987
66982
66955
66925
66843
66786
66771
66745
66694
66617
66613
66560
66457
66397
66340
66203
66142
66114
66100
66075
66025
66013
65985
65978
65952
65901
65894
65765
65741
65691
65655
65560
65503
65496
65431
65425
65360
65358
65157
65009
64968
64939
64935
64884
64851
64833
64805
64702
64671
64592
64577
64557
64551
64547
64512
64436
64292
64149
64140
64132
64098
64029
63875
63841
63821
63785
63755
63715
63662
63608
63580
63576
63483
63276
63207
63174
63141
63137
63105
63068
63009
63007
62992
62936
62801
62797
62793
62767
62764
62743
62737
62714
62641
62628
62598
62484
62472
62418
62366
62353
62297
62176
62162
62130
62120
61979
61936
61914
61901
61900
61898
61846
61844
61815
61655
61648
61623
61556
61500
61470
61460
61424
61397
61325
61211
61201
61173
61067
60941
60939
60926
60905
60887
60780
60544
60515
60507
60404
60398
60222
60183
60079
60059
59999
59975
59967
59961
59953
59828
59821
59805
59716
59656
59598
59499
59463
59458
59391
59263
59253
59166
59136
59132
59084
59003
59001
58907
58898
58885
58832
58826
58817
58727
58632
58629
58619
58597
58550
58374
58313
58274
58264
58054
58003
57927
57893
57770
57707
57675
57578
57540
57535
57532
57523
57424
57359
57346
57296
57158
57049
57015
56852
56806
56756
56681
56603
55919
55901
55889
55887
55821
55780
55672
55643
55636
55613
55586
55549
55413
55342
55327
55306
55280
55232
55200
55197
55178
55124
55064
55023
54936
54922
54864
54839
54814
54797
54763
54723
54719
54657
54519
54503
54502
54373
54367
54348
54302
54290
54255
54174
54104
54078
54019
53881
53875
53742
53694
53684
53558
53470
53390
53347
53324
53323
53258
53251
53050
53048
52998
52984
52969
52843
52832
52825
52797
52752
52717
52501
52466
52458
52318
52257
52256
52237
52192
52105
52011
52007
51927
51880
51828
51825
51818
51810
51805
51796
51742
51722
51701
51652
51514
51467
51425
51408
51385
51369
51362
51332
51329
51323
51274
51174
51172
51168
51132
51016
50978
50814
50717
50706
50678
50623
50593
50589
50537
50493
50455
50438
50345
50326
50321
50314
50302
50288
50280
50249
50228
50118
50076
50044
49905
49867
49850
49798
49731
49717
49643
49641
49620
49589
49445
49324
49300
49250
49144
49132
49127
49102
49057
48989
48958
48940
48928
48857
48680
48571
48570
48559
48554
48313
48303
48283
48230
48145
48077
47989
47963
47920
47905
47899
47882
47877
47874
47869
47849
47824
47734
47669
47613
47440
47435
47322
47305
47289
47238
47236
47165
47085
47034
47007
47001
46902
46821
46794
46771
46687
46597
46580
46547
46546
46505
46492
46488
46453
46433
46428
46407
46376
46302
46285
46260
46242
46215
46189
46183
46159
46135
46129
46127
46027
45921
45891
45891
45832
45818
45737
45733
45689
45648
45635
45593
45571
45520
45518
45482
45361
45195
45162
45029
44860
44842
44785
44780
44738
44711
44673
44663
44647
44640
44618
44612
44563
44507
44499
44475
44450
44426
44312
44308
44133
44019
44019
44018
44011
43923
43823
43785
43782
43775
43762
43591
43541
43515
43465
43446
43391
43389
43383
43249
43241
43224
43207
43173
43137
43112
42979
42962
42915
42782
42743
42665
42599
42533
42523
42367
42322
42307
42278
42072
42044
41978
41922
41911
41850
41845
41798
41727
41717
41715
41555
41414
41390
41386
41326
41319
41162
41134
40787
40730
40722
40722
40688
40665
40576
40434
40394
40379
40270
40250
40203
40067
40065
40065
40064
40017
39919
39863
39733
39724
39679
39671
39670
39653
39623
39531
39386
39322
39290
39226
39201
39180
39179
39103
39095
39071
39003
38954
38856
38840
38802
38797
38758
38732
38682
38667
38625
38590
38582
38548
38445
38325
38310
38298
38285
38253
38248
38124
38123
38059
38046
37970
37922
37915
37867
37830
37783
37782
37780
37664
37651
37633
37533
37502
37501
37473
37472
37443
37409
37269
37131
37129
37033
37030
36876
36866
36839
36806
36736
36728
36712
36681
36676
36579
36496
36484
36413
36172
36147
36124
36119
36082
36064
36062
36061
36030
36027
35982
35875
35850
35806
35804
35755
35717
35611
35596
35383
35270
35223
34994
34877
34797
34763
34709
34705
34682
34562
34510
34498
34458
34402
34288
34238
34187
34141
34108
33874
33841
33789
33748
33706
33689
33585
33572
33550
33487
33458
33410
33381
33371
33325
33267
33128
33095
33066
33056
33025
32902
32868
32867
32801
32753
32655
32619
32583
32545
32537
32472
32423
32342
32328
32291
32268
32247
32245
32228
32181
32055
32016
31961
31894
31880
31828
31824
31806
31761
31720
31651
31643
31624
31529
31491
31486
31461
31440
31407
31391
31369
31351
31326
31293
31272
31228
31203
31080
31011
30970
30961
30815
30794
30769
30640
30613
30596
30576
30504
30489
30467
30403
30387
30335
30321
30288
30260
30244
30237
30208
30161
30154
30018
29965
29880
29856
29730
29557
29379
29316
29300
29249
29166
29121
29039
29030
29029
28960
28943
28905
28875
28854
28819
28794
28779
28696
28681
28665
28659
28648
28608
28586
28491
28466
28374
28322
28223
28197
28126
27952
27939
27910
27758
27751
27741
27718
27600
27564
27520
27405
27393
27358
27298
27257
27246
27206
27124
27106
26947
26885
26791
26784
26754
26576
26553
26489
26453
26329
26153
26138
26051
26019
26009
26009
26001
25978
25910
25865
25850
25827
25771
25699
25689
25688
25619
25616
25603
25596
25493
25420
25413
25402
25238
25193
25178
25164
25161
25156
25082
25072
24946
24938
24891
24876
24855
24805
24714
24614
24590
24466
24465
24422
24413
24403
24322
24301
24268
24156
24004
23966
23966
23937
23829
23812
23798
23765
23659
23637
23624
23571
23545
23477
23402
23388
23381
23317
23301
23273
23266
23220
23154
23151
23129
23103
23091
23025
23018
22993
22929
22926
22754
22643
22434
22402
22399
22384
22256
22205
22165
22138
22113
22073
21926
21878
21831
21829
21826
21797
21718
21709
21704
21668
21618
21556
21522
21509
21478
21462
21423
21290
21074
21028
20904
20894
20780
20598
20477
20290
20285
20270
20260
20225
20201
20174
20053
19970
19915
19910
19879
19879
19790
19745
19591
19518
19469
19438
19341
19313
19262
19248
19227
19208
19181
19132
19035
18998
18915
18903
18883
18812
18801
18773
18678
18604
18432
18432
18328
18322
18261
18248
18196
18187
18172
18122
18020
17947
17937
17913
17882
17870
17825
17771
17658
17606
17543
17509
17492
17367
17365
17351
17341
17335
17332
17185
17107
16961
16900
16897
16871
16802
16736
16726
16726
16667
16612
16602
16599
16575
16544
16533
16478
16441
16435
16416
16391
16385
16364
16341
16307
16260
16172
16130
16094
16064
16027
15890
15872
15857
15833
15829
15761
15580
15497
15416
15359
15335
15312
15263
15211
15158
15124
15118
15072
14965
14932
14861
14807
14804
14781
14744
14717
14710
14641
14538
14523
14499
14466
14420
14294
14220
14044
13915
13800
13767
13747
13650
13615
13576
13455
13300
13288
13216
13133
12969
12927
12912
12852
12840
12772
12757
12700
12684
12657
12639
12567
12565
12528
12489
12442
12418
12299
12297
12271
12246
12226
12182
12153
12148
12109
12083
12013
11956
11842
11819
11698
11665
11640
11616
11535
11408
11397
11366
11296
11295
11210
11187
11159
11083
11078
11073
11012
10881
10810
10716
10701
10541
10529
10526
10510
10505
10449
10412
10342
10265
10228
10228
10208
10199
10184
10123
10078
10077
10050
9997
9975
9947
9862
9856
9788
9720
9614
9609
9608
9517
9426
9402
9391
9351
9246
9228
9105
9084
9056
8917
8917
8898
8881
8850
8771
8770
8754
8713
8667
8649
8630
8612
8599
8429
8415
8410
8403
8247
8211
8172
8061
8030
8023
7988
7946
7934
7871
7858
7844
7827
7813
7812
7693
7680
7609
7568
7528
7457
7303
6973
6971
6923
6818
6694
6678
6669
6658
6623
6585
6495
6473
6440
6303
6266
6254
6253
6127
6093
6091
6051
6047
6011
5965
5897
5798
5793
5753
5751
5738
5536
5533
5505
5484
5455
5446
5414
5405
5363
5346
5318
5186
5104
5091
5047
5002
5000
4886
4871
4847
4761
4692
4627
4622
4616
4605
4478
4473
4354
4342
4291
4203
4163
4142
4008
4007
4003
3939
3837
3775
3730
3709
3609
3592
3587
3577
3534
3523
3450
3352
3320
3259
3220
3157
3133
3081
3053
3024
2888
2871
2827
2816
2816
2782
2710
2686
2579
2525
2466
2411
2278
2260
2247
2193
2137
2133
2041
1910
1686
1664
1566
1556
1537
1482
1467
1401
1360
1302
1207
1186
1133
1083
1004
955
891
871
827
737
731
672
554
503
499
464
452
441
431
307
265
232
191
57
52
40
15
