99904
99799
99764
99754
99717
99662
99609
99528
99404
99396
99222
99195
99074
99044
99025
98975
98935
98906
98852
98851
98796
98715
98697
98566
98526
98519
98470
98465
98424
98362
98359
98323
98314
98232
98220
98125
98122
98112
98048
98032
98002
97991
97980
97948
97941
97900
97874
97805
97729
97450
97439
97406
97404
97373
97368
97246
97220
97084
97052
97017
96931
96847
96813
96800
96602
96594
96574
96562
96459
96442
96348
96321
96316
96288
96265
96236
96027
95943
95879
95791
95766
95645
95547
95537
95485
95386
95327
95290
95288
95262
95226
95223
95210
95206
95194
95183
95147
95085
95049
94936
94907
94819
94762
94732
94519
94497
94448
94437
94414
94341
94318
94304
94294
94289
94246
94150
94093
94066
93961
93897
93856
93833
93826
93821
93688
93589
93469
93430
93401
93249
93238
93112
93092
93091
93064
93010
93003
92851
92822
92720
92683
92634
92622
92608
92535
92492
92436
92288
92269
92169
92157
92150
92145
92122
92103
92060
91987
91841
91771
91758
91711
91694
91669
91595
91585
91576
91525
91497
91326
91125
90999
90862
90841
90829
90765
90744
90643
90619
90617
90561
90523
90518
90481
90468
90398
90388
90339
90326
90272
90231
90195
90184
90162
90105
89949
89944
89904
89731
89646
89583
89543
89526
89488
89471
89417
89382
89369
89332
89329
89206
89098
88999
88921
88837
88824
88796
88614
88536
88517
88445
88423
88329
88304
88247
87960
87945
87919
87851
87802
87770
87676
87661
87644
87466
87351
87317
87234
87134
87068
87036
86968
86963
86930
86917
86860
86854
86853
86844
86823
86691
86575
86562
86462
86386
86202
86173
86165
86153
86152
86149
86138
86045
86012
85928
85903
85865
85863
85823
85810
85807
85779
85764
85752
85684
85672
85671
85597
85597
85570
85553
85546
85506
85505
85411
85352
85339
85180
85119
85113
85052
85046
84909
84881
84872
84839
84825
84752
84731
84583
84523
84467
84446
84314
84287
84270
84076
84054
84042
84031
84019
83980
83946
83945
83923
83811
83671
83633
83631
83601
83578
83481
83464
83420
83333
83260
83232
83183
83152
83132
82960
82871
82842
82790
82755
82748
82514
82500
82470
82435
82405
82197
82157
82075
82060
82005
81974
81946
81925
81815
81698
81653
81609
81498
81485
81415
81415
81130
81086
81067
81063
81063
81037
81026
80976
80960
80954
80865
80816
80802
80744
80648
80626
80515
80488
80430
80412
80405
80329
80259
80221
80213
80207
80144
80130
80091
80077
80072
80039
79987
79985
79868
79849
79830
79813
79770
79729
79619
79585
79579
79529
79527
79520
79454
79424
79424
79380
79377
79367
79338
79238
79200
79176
79081
79071
78954
78847
78803
78786
78698
78629
78619
78584
78567
78492
78419
78416
78363
78300
78256
78229
78207
78174
78156
78109
78104
77996
77951
77914
77906
77854
77795
77619
77518
77333
77109
77066
76935
76881
76879
76794
76707
76663
76569
76461
76362
76337
76336
76284
76183
76141
76101
76058
75974
75850
75573
75527
75493
75334
75324
75184
75183
75153
75108
75061
75047
74845
74714
74709
74628
74536
74490
74445
74362
74360
74358
74330
74170
74119
74113
74087
74086
74039
73972
73953
73851
73804
73679
73668
73611
73540
73456
73404
73298
73282
73251
73242
73190
73094
73079
73037
72993
72934
72921
72903
72881
72857
72708
72632
72549
72460
72455
72437
72357
72338
72326
72246
72128
72105
72087
72042
71930
71918
71888
71872
71846
71832
71814
71777
71755
71655
71636
71633
71473
71443
71437
71408
71277
71231
71140
71064
71054
70984
70976
70904
70855
70848
70808
70713
70702
70699
70621
70616
70582
70562
70546
70542
70395
70347
70319
70239
70135
70084
70038
69996
69951
69883
69865
69601
69590
69546
69456
69407
69396
69316
69299
69295
69220
69138
69136
69021
68757
68679
68654
68649
68609
68573
68524
68494
68438
68437
68376
68358
68285
68219
68208
68164
68135
68124
68107
68014
67992
67916
67911
67854
67785
67769
67732
67725
67714
67583
67512
67504
67492
67484
67413
67408
67389
67375
67270
67182
67092
67085
67006
66991
66951
66903
66903
66854
66836
66820
66771
66753
66673
66667
66516
66483
66477
66460
66378
66373
66364
66230
66223
66210
66198
66109
66107
66068
66036
65982
65970
65633
65611
65549
65533
65507
65502
65379
65353
65308
65234
65206
65062
65058
65006
64946
64900
64899
64895
64874
64739
64708
64651
64601
64586
64573
64488
64428
64383
64381
64323
64317
64295
64199
64191
64175
64126
64125
64057
63963
63921
63883
63868
63855
63809
63758
63741
63640
63630
63513
63498
63447
63234
63226
63082
63054
63021
62998
62941
62909
62865
62833
62806
62770
62753
62749
62744
62711
62698
62622
62610
62419
62408
62256
62146
62135
62126
62108
62068
62012
61981
61966
61937
61878
61848
61760
61648
61591
61569
61547
61532
61474
61462
61409
61248
61207
61122
61096
61082
61031
60821
60821
60786
60785
60779
60732
60719
60682
60443
60339
60302
60261
60252
60245
60169
60063
59929
59874
59873
59788
59658
59625
59561
59489
59423
59408
59386
59365
59204
59146
58962
58933
58912
58744
58739
58691
58622
58531
58530
58507
58472
58449
58349
58344
58319
58030
57997
57970
57955
57924
57869
57850
57818
57782
57747
57746
57745
57728
57672
57667
57664
57604
57571
57552
57426
57349
57332
57238
57234
57231
57215
57192
57192
57122
57042
57024
57010
56950
56941
56933
56889
56888
56874
56703
56682
56627
56511
56481
56422
56317
56269
56247
56191
56182
56173
56055
56017
55979
55816
55793
55688
55651
55641
55620
55552
55503
55479
55473
55470
55404
55375
55353
55345
55333
55296
55242
55212
55164
55155
55154
55084
54931
54896
54830
54825
54738
54734
54652
54650
54627
54608
54568
54556
54534
54491
54363
54348
54347
54289
54213
54196
54187
54183
54152
54091
54091
54083
54053
53984
53952
53932
53830
53704
53553
53493
53428
53339
53305
53201
53161
53012
52997
52979
52889
52819
52803
52801
52774
52717
52672
52667
52586
52575
52574
52526
52424
52364
52308
52296
52157
52153
52106
51964
51842
51828
51806
51798
51732
51706
51691
51676
51662
51640
51636
51617
51598
51581
51534
51501
51496
51448
51295
51286
51258
51195
51178
51161
51145
51134
51110
51064
50956
50890
50759
50675
50628
50609
50535
50427
50420
50393
50369
50230
50119
49981
49962
49911
49798
49754
49748
49737
49708
49646
49590
49519
49477
49461
49418
49191
49148
49044
49036
49022
48854
48850
48826
48791
48752
48752
48673
48669
48516
48510
48501
48496
48483
48473
48416
48314
48309
48291
48259
48223
48211
48188
48152
48095
48074
48034
48011
48004
47991
47977
47908
47874
47767
47741
47722
47612
47582
47548
47546
47479
47430
47406
47305
47232
47194
47134
47130
47127
47061
47048
47039
47029
46969
46954
46942
46919
46845
46813
46776
46704
46699
46694
46686
46628
46571
46567
46566
46529
46525
46388
46355
46352
46347
46292
46248
46221
46217
46212
46194
46175
46165
46137
45954
45929
45760
45746
45700
45696
45693
45682
45631
45531
45526
45521
45393
45305
45236
45190
45124
45117
45075
44991
44976
44975
44867
44796
44757
44738
44730
44708
44707
44565
44548
44520
44489
44427
44426
44408
44369
44325
44204
44163
44092
44071
44037
44002
43999
43954
43917
43793
43776
43753
43736
43723
43637
43506
43486
43455
43380
43311
43264
43262
43251
43203
43116
43106
43082
43026
42975
42959
42856
42757
42756
42745
42723
42674
42649
42630
42523
42496
42486
42437
42398
42355
42286
42248
42238
42163
42151
42080
42064
42052
41938
41912
41820
41556
41478
41473
41410
41374
41112
40968
40964
40943
40695
40672
40665
40627
40612
40550
40475
40406
40364
40321
40232
40022
39981
39981
39919
39908
39902
39822
39798
39772
39748
39664
39655
39629
39622
39583
39533
39511
39479
39473
39466
39428
39392
39392
39390
39093
39011
39000
38996
38926
38914
38881
38852
38839
38786
38743
38685
38658
38644
38610
38522
38510
38508
38495
38424
38393
38335
38273
38256
38188
38115
38035
38019
37888
37840
37786
37735
37733
37727
37669
37623
37601
37545
37525
37473
37453
37415
37409
37363
37333
37313
37249
37231
37206
37174
37173
37128
37013
36974
36923
36836
36814
36814
36807
36759
36736
36482
36457
36447
36399
36385
36308
36275
36262
36232
36219
36210
36207
36163
36070
36039
36022
35958
35930
35896
35895
35863
35828
35817
35726
35641
35606
35526
35413
35373
35314
35270
35163
35085
34708
34633
34577
34552
34518
34506
34419
34379
34254
34165
34160
34142
34090
34077
34059
34057
33939
33937
33648
33572
33552
33536
33436
33311
33297
33277
33200
33113
33031
33008
32973
32972
32964
32938
32915
32888
32885
32861
32774
32647
32563
32478
32367
32352
32318
32305
32264
32219
32089
32065
32044
31862
31786
31771
31489
31323
31321
31320
31204
31184
31086
31048
31021
30892
30882
30778
30743
30601
30584
30547
30458
30391
30373
30372
30185
30089
30013
30004
29840
29806
29795
29760
29675
29626
29623
29605
29301
29293
29277
29218
29209
29187
29083
29064
29039
28922
28711
28626
28603
28572
28555
28497
28489
28464
28331
28254
28218
28188
28121
28106
28059
28041
27937
27931
27916
27901
27900
27785
27756
27740
27740
27684
27524
27496
27481
27336
27067
27056
26936
26908
26873
26856
26848
26762
26742
26693
26674
26643
26515
26432
26237
26174
26092
25987
25981
25955
25811
25801
25797
25780
25775
25750
25705
25684
25628
25487
25459
25404
25381
25372
25360
25350
25319
25317
25277
25251
25246
25159
25122
25070
24887
24863
24791
24786
24732
24720
24712
24580
24494
24242
24218
24210
24137
24129
24000
23963
23942
23881
23865
23862
23754
23740
23663
23606
23576
23390
23337
23330
23224
23081
23075
23069
23050
23038
23024
22937
22872
22826
22825
22801
22740
22560
22556
22471
22432
22411
22406
22346
22183
22132
22115
21998
21995
21877
21875
21855
21752
21698
21648
21629
21479
21445
21324
21227
21193
21154
21133
21116
21102
21019
20994
20994
20883
20872
20736
20639
20628
20626
20622
20589
20569
20559
20394
20390
20339
20308
20266
20260
20195
20134
20099
20093
20071
20054
20035
19960
19895
19892
19855
19785
19660
19618
19582
19573
19557
19449
19359
19320
19308
19305
19288
19263
19235
19215
19194
19124
19027
18990
18938
18895
18849
18843
18746
18641
18612
18592
18585
18559
18559
18462
18356
18255
18242
18167
18083
18034
18021
17942
17873
17753
17739
17736
17718
17492
17311
17303
17260
17141
17123
17074
17010
17005
16956
16955
16880
16845
16818
16811
16805
16783
16707
16663
16659
16621
16579
16538
16525
16488
16479
16385
16261
16223
16091
15999
15988
15917
15824
15772
15743
15728
15644
15613
15535
15443
15390
15337
15325
15324
15253
15238
15179
15063
14994
14941
14898
14822
14761
14734
14733
14688
14654
14383
14362
14285
14192
14172
14122
14105
14047
14036
14021
14000
13930
13885
13872
13865
13845
13791
13691
13690
13663
13660
13565
13559
13534
13461
13407
13374
13345
13287
13168
12823
12763
12540
12489
12436
12327
12231
12225
12218
12100
12087
11974
11963
11948
11947
11921
11903
11878
11837
11821
11813
11770
11696
11678
11659
11618
11579
11538
11533
11533
11511
11315
11257
11236
11177
11065
11041
11011
10955
10881
10674
10661
10640
10620
10608
10576
10497
10417
10401
10363
10306
10304
10274
10220
10178
10171
10128
10125
10111
10107
10089
9872
9863
9863
9766
9655
9639
9617
9615
9607
9598
9593
9559
9543
9468
9437
9428
9414
9341
9305
9271
9220
9215
9051
9033
8994
8982
8965
8895
8831
8765
8723
8574
8545
8495
8463
8453
8380
8353
8325
8248
8239
8072
8048
7986
7973
7893
7769
7717
7717
7670
7660
7625
7609
7603
7399
7242
7192
7082
6982
6969
6927
6885
6860
6825
6822
6768
6740
6649
6630
6476
6459
6446
6398
6378
6311
6282
6184
6171
6153
6128
6048
6002
5976
5941
5933
5838
5831
5715
5703
5697
5684
5657
5559
5521
5508
5489
5448
5434
5431
5353
5274
5224
5199
5148
5148
5128
5125
5120
4998
4960
4789
4721
4682
4668
4623
4621
4576
4536
4504
4502
4490
4463
4420
4397
4348
4224
4212
4202
4181
4133
4118
4087
3917
3874
3858
3851
3824
3753
3735
3713
3693
3433
3415
3408
3403
3389
3382
3315
3229
3111
2827
2639
2620
2606
2600
2530
2498
2487
2470
2452
2427
2406
2406
2367
2351
2350
2343
2343
2252
2247
2246
2217
2169
2150
2128
2098
2080
1986
1951
1922
1894
1853
1849
1764
1759
1653
1619
1606
1566
1540
1477
1337
1310
1307
1275
1272
1259
1250
1249
1249
1171
1125
1106
1001
795
789
640
628
599
592
558
557
537
530
515
488
482
471
428
427
356
352
