99982
99934
99912
99825
99680
99679
99657
99623
99578
99550
99455
99408
99293
99278
99265
99136
99019
99000
98908
98855
98849
98777
98687
98633
98610
98566
98563
98562
98349
98341
98311
98306
98264
98258
98207
98135
98070
97956
97929
97925
97838
97802
97732
97693
97688
97678
97559
97544
97478
97453
97417
97404
97403
97387
97343
97278
97263
97229
97227
97208
97059
97022
96958
96957
96914
96911
96895
96878
96852
96748
96716
96710
96643
96607
96597
96594
96580
96550
96521
96519
96142
96123
96113
96094
96094
95986
95984
95966
95891
95826
95757
95740
95735
95705
95663
95652
95576
95560
95491
95297
95293
95274
95157
95154
95133
95109
95092
95090
95083
95073
95066
95027
94827
94780
94747
94723
94547
94468
94451
94413
94266
94229
94228
94177
94161
94098
94075
94073
94037
94017
93910
93899
93828
93586
93582
93542
93529
93472
93471
93467
93404
93396
93392
93385
93376
93293
93143
93090
93061
93061
93024
93003
92976
92952
92942
92934
92930
92877
92763
92744
92743
92676
92671
92631
92625
92540
92424
92423
92258
92222
92180
92156
92051
92001
91994
91973
91920
91918
91917
91874
91868
91779
91753
91752
91626
91545
91523
91421
91351
91345
91345
91231
91219
91214
91199
91190
91089
91084
90911
90903
90837
90773
90767
90764
90760
90737
90728
90727
90642
90483
90453
90426
90408
90350
90339
90320
90315
90230
90181
90129
90119
90015
89990
89961
89890
89877
89769
89700
89698
89653
89621
89543
89502
89467
89451
89404
89400
89305
89215
89206
89135
89130
89063
89046
89021
88898
88754
88746
88659
88621
88596
88451
88339
88292
88260
88118
88025
87925
87898
87699
87697
87666
87574
87570
87460
87445
87421
87331
87317
87306
87272
87269
87160
87137
87128
87079
87033
86981
86968
86905
86865
86802
86792
86738
86629
86586
86488
86479
86455
86433
86411
86370
86362
86355
86350
86338
86292
86140
86126
86038
86012
85975
85911
85866
85844
85742
85729
85704
85643
85618
85474
85415
85334
85311
85273
85267
85180
85173
85172
85146
85034
85013
84946
84910
84813
84719
84626
84602
84529
84501
84455
84444
84422
84421
84412
84410
84407
84355
84346
84326
84249
84246
84113
84059
83915
83899
83894
83771
83740
83724
83718
83671
83584
83507
83474
83439
83356
83264
83159
83102
83060
83046
83004
82984
82958
82889
82862
82851
82777
82758
82747
82736
82729
82702
82697
82523
82523
82517
82446
82399
82355
82338
82325
82323
82300
82268
82118
82086
82023
81972
81956
81935
81913
81899
81891
81873
81822
81653
81599
81592
81559
81553
81421
81370
81360
81243
81239
81203
81199
81198
81162
81091
81056
81044
80992
80986
80944
80942
80926
80904
80855
80836
80782
80761
80731
80683
80675
80606
80534
80514
80300
80283
80280
80260
80089
80012
79946
79761
79717
79699
79698
79618
79582
79570
79520
79489
79438
79412
79400
79321
79284
79259
79188
79065
79050
78691
78676
78665
78602
78601
78598
78570
78540
78445
78439
78389
78295
78294
78284
78266
78255
78201
78089
78024
77938
77909
77888
77584
77507
77502
77423
77204
77148
77129
77111
77050
77024
76990
76891
76834
76831
76664
76614
76567
76561
76533
76450
76411
76382
76292
76195
76184
76136
76102
76100
76082
76012
76008
75975
75856
75781
75781
75560
75545
75463
75438
75361
75345
75285
75239
75069
75058
75046
75011
74980
74953
74872
74823
74811
74792
74738
74705
74696
74681
74668
74643
74584
74564
74546
74534
74531
74521
74503
74459
74452
74346
74327
74283
74262
74217
74120
74021
73985
73957
73860
73843
73827
73746
73717
73680
73385
73371
73367
73336
73299
73246
73205
73145
73112
73019
72991
72904
72889
72829
72821
72817
72787
72752
72572
72571
72569
72511
72479
72464
72361
72292
72287
72274
72273
72242
72196
71962
71912
71896
71824
71781
71605
71589
71568
71539
71482
71450
71425
71332
71308
71285
71181
71095
71049
71028
70976
70965
70947
70836
70792
70787
70761
70757
70553
70541
70537
70534
70476
70408
70381
70366
70360
70290
70228
70191
70187
70127
70106
70043
69996
69919
69792
69766
69752
69704
69666
69662
69653
69627
69623
69523
69517
69499
69366
69333
69281
69224
69169
69165
69090
69071
69038
68998
68869
68814
68811
68810
68809
68757
68721
68687
68685
68628
68601
68437
68408
68358
68326
68322
68293
68290
68285
68229
68128
68126
68106
68104
68048
68042
67995
67942
67910
67885
67837
67823
67808
67671
67662
67662
67651
67596
67579
67523
67453
67426
67230
67152
67121
67042
67032
67005
66950
66874
66859
66775
66686
66683
66679
66659
66506
66502
66428
66391
66359
66157
66059
66007
65968
65944
65887
65724
65578
65558
65486
65445
65300
65296
65294
65136
65106
65063
65059
65058
65049
64968
64883
64882
64682
64556
64541
64358
64336
64301
64284
64231
64156
64116
64115
64080
64051
64032
63881
63745
63560
63447
63356
63352
63246
63219
63206
63143
63063
63057
63049
63044
63015
62987
62951
62924
62837
62830
62759
62689
62626
62615
62600
62570
62526
62447
62423
62398
62333
62082
61990
61849
61777
61691
61603
61595
61414
61399
61328
61193
61021
61014
60972
60933
60833
60743
60653
60611
60496
60496
60388
60371
60209
60188
60180
60070
60054
60015
59897
59821
59703
59629
59554
59517
59479
59454
59445
59417
59417
59325
59319
59300
59232
59125
58835
58798
58785
58772
58769
58761
58750
58745
58715
58676
58628
58546
58504
58501
58477
58463
58434
58404
58359
58269
58249
58243
58236
58206
58185
58177
58175
58157
58061
57910
57876
57864
57862
57848
57815
57810
57800
57706
57689
57660
57601
57517
57477
57465
57378
57191
57179
57173
57139
57128
57047
57002
56986
56911
56620
56535
56516
56506
56459
56330
56220
56205
56186
56172
56160
56136
56121
56048
55953
55934
55933
55871
55869
55852
55721
55582
55524
55518
55463
55429
55418
55398
55373
55298
55276
55146
55119
55101
54960
54943
54936
54911
54729
54709
54691
54606
54543
54534
54375
54353
54283
54253
54245
54240
54222
54216
54216
54140
54122
54110
54042
54007
53998
53949
53947
53942
53913
53835
53619
53600
53597
53582
53560
53559
53550
53533
53506
53467
53455
53416
53387
53302
53153
53149
53073
53003
52968
52884
52783
52749
52719
52656
52492
52471
52465
52413
52411
52378
52352
52186
52182
52161
52128
52122
52090
52062
52027
52024
51994
51948
51948
51886
51861
51860
51765
51754
51740
51600
51558
51521
51413
51118
51090
51077
51069
50808
50772
50722
50653
50611
50608
50577
50509
50467
50453
50433
50388
50386
50386
50327
50308
50307
50293
50239
50223
50196
50167
50102
49969
49935
49782
49725
49710
49674
49670
49655
49600
49587
49569
49542
49487
49428
49417
49400
49350
49280
49188
49115
48968
48923
48894
48884
48794
48767
48695
48597
48570
48443
48413
48373
48333
48204
48190
48174
48156
48154
48140
48089
48034
48009
48004
47996
47979
47949
47924
47893
47835
47793
47780
47774
47709
47500
47443
47374
47291
47284
47266
47252
47241
47236
47174
47079
47067
47040
47029
47003
46934
46820
46736
46685
46565
46493
46366
46278
46201
46191
46104
46100
46097
46075
45955
45929
45803
45725
45704
45693
45648
45630
45586
45558
45547
45441
45422
45381
45373
45328
45290
45224
45152
45069
44997
44963
44941
44825
44774
44747
44661
44655
44651
44636
44632
44613
44609
44491
44354
44332
44275
44263
44260
44207
44062
44035
44025
43972
43921
43889
43858
43688
43678
43661
43628
43558
43497
43481
43464
43449
43391
43381
43379
43108
43038
42921
42856
42851
42837
42813
42797
42796
42776
42771
42739
42733
42709
42536
42510
42482
42472
42239
42228
42173
42172
42125
41872
41788
41763
41715
41662
41659
41605
41603
41452
41436
41401
41363
41270
41219
41196
41183
40982
40922
40877
40794
40791
40737
40611
40568
40567
40528
40509
40491
40454
40449
40444
40387
40377
40239
40227
40196
40079
40048
39984
39982
39969
39954
39950
39936
39917
39810
39751
39749
39716
39575
39542
39512
39417
39395
39352
39305
39294
39274
39257
39200
39083
39024
38900
38899
38850
38642
38599
38542
38530
38521
38443
38400
38350
38282
38213
38132
38111
38031
38027
38003
37891
37758
37696
37598
37560
37541
37540
37474
37452
37436
37340
37309
37295
37266
37186
37072
37067
37002
36852
36797
36780
36779
36741
36701
36676
36654
36635
36432
36422
36380
36295
36295
36261
36237
36190
36187
36090
36026
36016
35980
35978
35958
35928
35906
35894
35893
35869
35855
35812
35782
35764
35702
35677
35482
35239
35107
35046
35021
34931
34909
34851
34837
34761
34694
34657
34575
34543
34512
34473
34464
34398
34378
34328
34318
34074
34043
34028
34023
33956
33910
33822
33791
33717
33695
33660
33553
33438
33361
33283
33269
33266
33213
33137
33129
33077
32982
32968
32923
32922
32833
32833
32459
32434
32351
32337
32313
32302
32301
32301
32227
32136
32132
32106
32097
32053
32010
31918
31907
31875
31863
31821
31814
31763
31755
31713
31712
31708
31685
31614
31426
31316
31300
31291
31186
31182
31170
31167
30951
30931
30919
30800
30795
30793
30669
30649
30532
30517
30462
30417
30290
30181
30065
30058
29974
29967
29897
29888
29824
29721
29718
29670
29635
29559
29526
29504
29479
29462
29397
29290
29268
29164
29134
29036
28991
28916
28882
28863
28827
28804
28713
28698
28695
28453
28394
28161
28131
28122
28073
28063
27992
27970
27852
27844
27780
27758
27581
27348
27328
27295
27291
27265
27162
27097
26968
26805
26777
26758
26750
26710
26603
26450
26435
26338
26298
26294
26292
26244
26234
26234
26224
26204
26180
26178
26140
26120
26020
25993
25947
25839
25708
25635
25548
25532
25376
25327
25312
25306
25301
25217
25153
25003
24850
24828
24747
24672
24585
24542
24500
24497
24493
24422
24395
24380
24238
24146
24023
23914
23909
23897
23737
23676
23655
23626
23599
23421
23344
23333
23205
23176
23153
23124
22943
22912
22886
22869
22848
22824
22819
22788
22777
22776
22617
22511
22417
22407
22402
22321
22242
22204
22203
22044
22040
21894
21874
21770
21759
21707
21684
21627
21626
21567
21525
21519
21385
21378
21353
21299
21242
21159
21035
20974
20922
20872
20831
20778
20762
20750
20705
20685
20590
20556
20542
20531
20517
20412
20392
20347
20335
20317
20315
20266
20178
20069
20030
19983
19937
19901
19780
19744
19714
19689
19548
19496
19495
19356
19311
19307
19301
19198
19193
19168
19103
19061
19026
18964
18938
18898
18868
18778
18626
18575
18572
18571
18490
18346
18204
18113
18006
17991
17977
17970
17957
17956
17944
17914
17867
17857
17847
17689
17683
17673
17652
17622
17583
17564
17484
17463
17434
17397
17361
17319
17110
16984
16941
16888
16830
16751
16710
16709
16596
16567
16560
16421
16352
16332
16305
16264
16246
16202
16172
16120
16104
15831
15777
15773
15768
15678
15640
15515
15466
15438
15337
15308
15308
15265
15231
15231
15217
15196
15142
15130
14992
14989
14952
14944
14943
14933
14792
14770
14497
14416
14384
14185
13971
13965
13927
13879
13808
13776
13740
13736
13603
13541
13520
13406
13336
13308
13178
13167
13115
13071
12899
12862
12841
12813
12797
12760
12760
12475
12405
12363
12358
12342
12339
12281
12247
12220
12210
12198
12141
12063
11971
11913
11892
11840
11839
11825
11821
11746
11672
11664
11618
11534
11512
11511
11503
11487
11482
11475
11448
11354
11222
11099
11065
11052
11029
11015
10943
10908
10907
10889
10478
10424
10414
10279
10260
10244
10200
10155
10093
10092
10007
10007
9817
9817
9544
9519
9380
9370
9131
9042
8974
8910
8875
8860
8860
8741
8711
8686
8682
8677
8666
8613
8543
8471
8394
8362
8362
8343
8287
8286
8198
8159
8120
8084
8065
8032
8021
7959
7958
7892
7860
7823
7772
7769
7634
7617
7592
7580
7527
7523
7456
7435
7420
7395
7389
7378
7328
7216
7209
7199
7001
6986
6926
6904
6821
6697
6689
6674
6617
6519
6515
6475
6414
6388
6229
6227
6216
6180
6172
6164
6078
6074
5998
5939
5849
5714
5626
5599
5598
5571
5533
5402
5331
5269
5218
5073
5056
4997
4979
4886
4881
4872
4863
4841
4802
4793
4784
4764
4746
4722
4692
4673
4618
4585
4468
4397
4356
4340
4297
4286
4276
4258
4214
4213
4130
4098
4014
3989
3979
3806
3753
3640
3628
3616
3520
3496
3468
3433
3427
3336
3315
3292
3278
3213
3206
3199
2996
2873
2814
2769
2732
2637
2576
2567
2527
2526
2446
2361
2231
2151
2053
2029
1974
1936
1925
1891
1854
1811
1754
1636
1605
1565
1516
1455
1206
1123
1096
1088
1002
998
995
964
748
709
663
627
608
584
436
426
391
380
330
295
291
277
263
263
195
142
132
121
94
9
5
