99979
99859
99725
99700
99693
99441
99278
99111
98956
98923
98743
98692
98673
98669
98668
98632
98622
98584
98507
98507
98468
98400
98336
98303
98220
98083
98069
97932
97930
97790
97774
97771
97623
97554
97501
97496
97488
97457
97390
97375
97368
97267
97233
97105
97080
97040
96954
96921
96857
96801
96797
96570
96481
96464
96453
96436
96426
96316
96273
96145
96136
96105
96096
95966
95947
95897
95893
95883
95771
95736
95661
95589
95567
95353
95338
95304
95302
95281
95251
95206
95200
95147
95086
95061
94974
94945
94722
94710
94663
94651
94637
94618
94577
94495
94417
94277
94262
94185
94165
94148
94141
94125
94076
94064
94054
94049
93973
93934
93831
93801
93731
93585
93570
93496
93492
93487
93432
93390
93326
93280
93273
93186
93128
93060
92987
92917
92895
92889
92842
92826
92820
92725
92644
92611
92575
92568
92515
92483
92450
92450
92270
92182
92117
92114
92061
92023
91835
91726
91654
91569
91548
91533
91492
91436
91405
91378
91357
91354
91351
91252
91226
91174
91145
90999
90995
90953
90947
90922
90855
90782
90733
90693
90671
90653
90549
90392
90375
90371
90362
90344
90335
90302
90265
90256
90220
90207
90186
90143
90084
90012
89968
89923
89910
89786
89535
89525
89516
89508
89492
89432
89381
89182
89084
89071
89065
89056
89002
89000
88973
88913
88908
88819
88746
88719
88624
88621
88599
88594
88570
88474
88427
88385
88287
88234
88198
88093
88053
87860
87821
87817
87816
87763
87750
87646
87642
87538
87475
87426
87377
87348
87318
87248
87178
87156
87083
87072
87042
86998
86899
86874
86824
86788
86747
86743
86739
86615
86590
86484
86430
86397
86346
86288
86282
86152
86137
86050
86044
85967
85872
85808
85682
85670
85659
85650
85648
85641
85620
85571
85520
85515
85496
85444
85409
85352
85298
85254
85225
85190
85084
85059
85013
84946
84917
84902
84720
84697
84560
84550
84523
84521
84485
84436
84426
84368
84353
84319
84310
84297
84273
84216
84127
84126
84124
84111
84005
83938
83866
83828
83824
83779
83767
83753
83673
83498
83460
83445
83382
83379
83199
83190
83161
83109
83009
83007
82951
82862
82845
82714
82552
82539
82520
82505
82487
82407
82405
82341
82313
82276
82246
82038
81881
81802
81797
81766
81725
81715
81700
81558
81543
81535
81461
81435
81402
81356
81346
81269
81172
81168
81150
81109
81069
81061
81048
81036
81023
80983
80983
80928
80872
80859
80824
80743
80741
80675
80615
80592
80574
80564
80511
80488
80486
80449
80325
80173
80150
80141
80032
80028
80019
80013
80003
79836
79784
79781
79777
79774
79715
79652
79590
79557
79478
79153
79080
79042
78983
78918
78912
78821
78808
78773
78744
78741
78722
78715
78690
78577
78556
78528
78527
78454
78396
78361
78352
78331
78293
78195
78174
78061
78060
77958
77951
77915
77837
77829
77813
77765
77744
77737
77654
77639
77635
77600
77577
77523
77455
77429
77423
77364
77352
77197
77179
77150
77125
77118
77059
76955
76797
76724
76551
76477
76290
76286
76272
76255
76255
76203
76150
75955
75926
75921
75918
75857
75779
75755
75588
75497
75479
75445
75437
75383
75352
75350
75247
75226
74972
74913
74837
74777
74772
74547
74493
74346
74335
74308
74287
74276
74267
74260
74131
74046
74045
74042
74001
73901
73886
73876
73869
73855
73658
73658
73642
73601
73525
73482
73443
73427
73424
73381
73361
73269
73232
73167
73164
73130
73111
73091
73034
73026
73005
72998
72974
72911
72873
72810
72728
72674
72605
72586
72551
72468
72448
72379
72322
72258
72247
72183
72134
72130
72116
72095
72093
72034
71930
71888
71861
71791
71769
71706
71624
71580
71561
71471
71379
71362
71218
71094
71081
71080
71058
71034
71030
71029
70846
70788
70725
70702
70700
70664
70661
70614
70544
70506
70501
70482
70449
70375
70230
70151
70125
69970
69944
69904
69840
69819
69816
69801
69784
69771
69631
69606
69585
69517
69502
69468
69457
69337
69300
69251
69205
69144
69134
69105
68957
68941
68838
68793
68722
68678
68642
68492
68440
68383
68367
68353
68307
68126
68116
68025
67987
67929
67888
67875
67873
67855
67842
67821
67815
67801
67705
67641
67639
67498
67447
67306
67302
67278
67230
67219
67121
67112
67060
66932
66916
66818
66801
66742
66690
66625
66596
66438
66396
66353
66236
66225
66128
66118
66044
66035
65841
65742
65696
65563
65530
65456
65414
65281
65224
65181
65084
64986
64943
64937
64926
64819
64776
64729
64687
64560
64556
64473
64386
64371
64362
64334
64315
64204
64179
63965
63947
63904
63872
63846
63838
63798
63703
63501
63486
63398
63325
63248
63240
63222
63222
63093
63078
62918
62917
62896
62875
62860
62834
62824
62702
62593
62576
62545
62478
62355
62262
62222
62221
62114
62010
61900
61779
61709
61677
61664
61648
61639
61618
61616
61573
61502
61478
61379
61362
61316
61206
61196
61136
61043
60943
60901
60869
60821
60816
60810
60803
60778
60761
60747
60705
60684
60660
60618
60491
60456
60447
60410
60366
60136
60105
60036
59976
59934
59905
59872
59829
59738
59608
59591
59388
59376
59346
59271
59246
59143
59140
59076
59044
58972
58954
58926
58901
58750
58727
58628
58600
58593
58551
58535
58409
58381
58205
58203
58175
58055
58023
58018
57993
57909
57909
57906
57778
57709
57641
57631
57598
57594
57538
57519
57425
57376
57374
57305
57267
57264
57204
57187
57172
57153
57115
57102
57092
57080
57080
57037
57024
56983
56947
56904
56796
56787
56725
56682
56630
56514
56498
56480
56341
56338
56330
56235
56196
56156
56155
56153
56132
56131
56129
56120
56069
56038
56027
55951
55794
55791
55784
55737
55483
55443
55408
55369
55327
55309
55286
55144
55132
55131
55109
55053
55040
55027
54907
54829
54815
54808
54787
54707
54622
54584
54485
54462
54402
54375
54340
54331
54281
54228
54152
54053
54001
53945
53895
53893
53851
53801
53737
53648
53615
53587
53522
53482
53451
53408
53353
53274
53178
53155
53033
53009
52983
52927
52896
52867
52849
52823
52787
52573
52556
52521
52520
52506
52488
52447
52441
52407
52385
52249
52248
52219
52166
52116
51996
51942
51933
51884
51875
51848
51839
51807
51792
51750
51562
51549
51535
51439
51430
51404
51403
51354
51327
51264
51144
51100
51053
50981
50980
50960
50935
50877
50836
50831
50817
50767
50762
50749
50724
50502
50501
50474
50468
50405
50378
50368
50339
50255
50194
50055
49959
49854
49809
49806
49793
49749
49673
49665
49658
49642
49617
49546
49482
49455
49348
49270
49265
49247
49217
49188
49175
49001
48954
48952
48899
48825
48818
48480
48426
48423
48318
48278
48276
48260
48257
48221
48210
48197
48196
48136
48126
48091
48066
48053
48010
47966
47893
47862
47859
47735
47666
47620
47538
47517
47502
47468
47238
47168
47150
47123
47050
47040
47018
46907
46873
46858
46750
46714
46712
46679
46633
46583
46557
46546
46497
46390
46364
46274
46238
46191
46186
46129
46108
46091
46059
46059
46048
46005
45953
45917
45889
45879
45810
45802
45657
45656
45566
45531
45505
45402
45266
45219
45169
45144
45075
45049
44990
44863
44840
44819
44791
44683
44585
44507
44452
44408
44200
44189
44157
44117
44007
43995
43946
43923
43825
43815
43766
43716
43692
43654
43445
43430
43411
43397
43396
43321
43306
43249
43138
43107
43061
42937
42913
42905
42895
42880
42771
42770
42754
42714
42685
42649
42624
42596
42520
42429
42428
42418
42353
42351
42251
42099
42087
41998
41869
41726
41649
41623
41604
41579
41579
41555
41519
41424
41411
41400
41361
41328
41184
41177
41140
41116
40890
40694
40660
40636
40603
40382
40382
40300
40114
40097
40052
40012
39939
39909
39898
39884
39861
39457
39417
39401
39354
39354
39348
39341
39339
39305
39296
39175
39129
39093
39083
39061
38951
38874
38778
38732
38699
38687
38648
38480
38473
38434
38401
38357
38332
38229
38194
38184
38128
38074
37990
37879
37871
37827
37738
37695
37573
37533
37500
37466
37453
37428
37388
37381
37380
37264
37210
37184
37156
37100
36973
36973
36919
36890
36749
36743
36707
36511
36406
36344
36341
36329
36209
36069
36057
36044
36010
36009
35950
35930
35917
35869
35863
35791
35765
35734
35619
35610
35603
35519
35428
35415
35344
35319
35302
35274
35268
35221
35169
35144
35114
35101
34956
34854
34843
34748
34731
34720
34702
34667
34649
34637
34624
34565
34523
34519
34502
34490
34343
34330
34248
34123
34095
34077
34074
34074
34064
34035
33981
33962
33918
33886
33829
33740
33713
33651
33640
33632
33594
33570
33532
33520
33506
33499
33314
33173
33074
32979
32948
32881
32819
32761
32729
32675
32616
32466
32406
32373
32257
32230
32230
32115
32101
31949
31947
31891
31887
31775
31754
31726
31704
31577
31546
31505
31385
31382
31337
31325
31320
31277
31249
31223
31199
31138
31046
30996
30988
30939
30938
30905
30702
30690
30651
30631
30575
30525
30468
30455
30414
30339
30337
30319
30296
30190
30153
30058
29903
29821
29762
29762
29687
29680
29680
29570
29513
29440
29428
29394
29349
29182
29169
29130
29014
29004
28995
28978
28958
28934
28889
28888
28880
28854
28768
28712
28557
28499
28496
28485
28466
28411
28409
28304
28097
28086
28054
27992
27984
27975
27972
27939
27917
27917
27879
27867
27794
27718
27670
27658
27600
27579
27547
27530
27512
27490
27467
27449
27446
27373
27347
27260
27196
27161
27075
27001
26935
26899
26874
26870
26828
26752
26740
26737
26707
26688
26615
26598
26539
26461
26380
26376
26314
26256
26248
26135
26110
26061
25924
25774
25706
25661
25610
25512
25483
25482
25319
25271
25167
25152
25151
25104
25045
25040
25027
25020
24983
24960
24904
24826
24750
24716
24682
24670
24624
24576
24553
24451
24317
24304
24303
24274
24269
24227
24210
24205
24170
24145
24103
24044
24005
23812
23776
23713
23689
23471
23464
23448
23430
23376
23347
23261
23224
23216
23138
23112
23050
22893
22822
22777
22752
22706
22669
22666
22573
22338
22268
22173
22119
22077
22034
22005
21960
21921
21860
21807
21678
21641
21592
21574
21516
21502
21469
21443
21426
21306
21296
21243
21206
21190
21159
21028
21010
20960
20864
20863
20818
20795
20786
20681
20645
20530
20486
20474
20471
20448
20437
20417
20391
20338
20311
20226
20061
20047
19958
19896
19801
19699
19636
19624
19602
19578
19576
19570
19503
19479
19396
19392
19331
19327
19310
19280
19080
19057
19042
18963
18932
18925
18856
18804
18784
18687
18654
18590
18509
18480
18465
18451
18354
18327
18288
18217
18124
18114
18105
18053
17925
17920
17839
17838
17836
17711
17683
17522
17507
17450
17446
17321
17319
17276
17180
17145
17145
17049
17048
17018
16976
16967
16920
16843
16782
16767
16651
16589
16567
16521
16486
16450
16411
16319
16280
16277
16234
16209
16174
16114
16056
16040
16000
15926
15898
15801
15798
15731
15658
15612
15504
15503
15500
15409
15298
15263
15247
15112
15038
14996
14995
14992
14974
14785
14621
14557
14393
14390
14354
14312
14305
14013
13997
13986
13916
13900
13871
13857
13738
13695
13685
13624
13602
13546
13534
13354
13294
13291
13283
13203
13110
13078
13058
12913
12898
12836
12790
12776
12660
12587
12548
12544
12516
12507
12437
12424
12408
12405
12308
12205
12191
12185
12177
12083
12067
11981
11965
11944
11941
11926
11919
11901
11796
11785
11754
11685
11631
11618
11608
11601
11577
11492
11436
11372
11251
11222
11124
11038
11010
11008
10988
10861
10855
10808
10798
10772
10768
10759
10714
10468
10443
10418
10392
10358
10338
10150
10096
10047
10008
9980
9955
9943
9812
9794
9704
9701
9699
9663
9656
9629
9625
9618
9610
9556
9538
9496
9412
9365
9313
9293
9209
9074
9006
8958
8933
8822
8813
8772
8758
8688
8681
8648
8577
8472
8431
8415
8403
8239
8210
8210
8188
8162
8108
8055
8051
7961
7935
7903
7687
7420
7383
7352
7344
7225
7218
7144
7088
7065
7030
6906
6903
6875
6845
6807
6649
6593
6586
6573
6566
6514
6510
6438
6347
6308
6304
6302
6274
6182
6126
6102
6097
6023
5977
5975
5934
5905
5893
5875
5818
5704
5591
5573
5438
5415
5372
5366
5333
5290
5208
5187
5186
5168
5070
4947
4938
4868
4857
4848
4817
4817
4809
4749
4672
4657
4654
4615
4591
4585
4505
4504
4469
4430
4358
4357
4264
4245
4139
4130
4127
4126
4023
3982
3974
3944
3880
3752
3714
3701
3665
3532
3312
3107
3101
3087
3053
3047
2993
2968
2653
2626
2600
2544
2537
2501
2422
2408
2335
2301
2293
2293
2282
2254
2238
2191
2087
2029
2008
2006
1928
1904
1850
1849
1657
1326
1320
1240
1165
1150
1136
1073
1057
943
891
839
837
763
710
686
683
435
335
279
255
194
