99895
99894
99788
99782
99775
99759
99724
99690
99679
99664
99655
99564
99511
99454
99428
99400
99376
99258
99242
99172
99139
99128
99125
98927
98861
98840
98818
98816
98801
98659
98649
98637
98601
98515
98206
98092
98041
98024
98005
97979
97941
97773
97764
97745
97555
97547
97499
97391
97321
97286
97258
97251
97239
97155
97127
97033
96868
96866
96622
96571
96470
96394
96319
96280
96255
96254
96224
96094
96058
96004
95971
95911
95852
95822
95775
95762
95680
95612
95536
95525
95515
95435
95305
95283
95278
95262
95254
95232
95117
95102
95068
95023
94940
94936
94923
94868
94866
94805
94757
94714
94711
94700
94690
94549
94488
94486
94452
94412
94399
94365
94307
94204
94188
94119
94112
94107
94084
94018
94011
93989
93958
93899
93864
93855
93800
93737
93729
93706
93621
93616
93486
93476
93338
93180
93077
93014
92985
92976
92788
92765
92747
92738
92725
92708
92646
92626
92619
92603
92573
92533
92495
92450
92431
92424
92419
92306
92232
92216
92176
92057
91956
91898
91880
91790
91789
91775
91769
91634
91617
91578
91495
91478
91429
91365
91337
91304
91181
91120
91062
91046
91042
91035
90933
90907
90875
90868
90865
90800
90534
90421
90297
90296
90234
90234
90210
90151
90008
89945
89832
89806
89787
89771
89754
89647
89622
89558
89550
89506
89423
89370
89367
89354
89303
89284
89249
89140
89106
89083
88987
88947
88906
88790
88734
88713
88705
88643
88600
88540
88516
88483
88463
88456
88404
88345
88337
88302
88267
88155
88142
87969
87951
87950
87934
87918
87911
87813
87798
87783
87769
87728
87628
87565
87535
87451
87419
87372
87362
87358
87273
87166
87124
87105
87098
87028
86935
86876
86874
86859
86748
86659
86653
86644
86596
86583
86453
86386
86318
86303
86243
86233
86118
86053
85948
85779
85759
85732
85633
85567
85565
85484
85390
85262
85236
85130
85080
85065
84989
84905
84875
84867
84837
84837
84824
84771
84709
84698
84692
84604
84592
84578
84576
84565
84477
84452
84441
84399
84353
84260
84246
84178
84178
84107
84086
84043
83943
83919
83902
83862
83858
83845
83765
83746
83701
83528
83462
83428
83425
83355
83283
83187
83158
83137
83057
83031
83026
83010
82983
82969
82964
82687
82608
82602
82538
82528
82498
82494
82489
82338
82290
82266
82257
82121
82065
82041
82039
82016
81964
81951
81877
81870
81848
81766
81725
81608
81567
81561
81508
81340
81295
81231
81209
81196
81136
81079
81014
80961
80932
80929
80890
80875
80867
80827
80716
80680
80641
80607
80597
80390
80389
80367
80337
79963
79910
79908
79902
79886
79818
79734
79731
79712
79711
79672
79640
79576
79564
79541
79498
79492
79482
79477
79402
79270
79196
79144
79144
79099
79075
79071
79067
78941
78941
78862
78855
78696
78690
78677
78615
78561
78558
78525
78462
78452
78402
78273
78218
78189
78177
78151
78070
78008
77996
77946
77859
77839
77758
77757
77699
77659
77638
77597
77571
77460
77268
77221
77154
77151
77143
77138
77091
77081
77063
76920
76896
76852
76769
76749
76742
76739
76672
76670
76473
76422
76378
76370
76367
76308
76299
76224
76154
76063
76009
75936
75920
75911
75845
75831
75742
75735
75676
75587
75546
75489
75462
75315
75308
75281
75182
75101
75094
75043
74966
74847
74729
74729
74699
74584
74549
74544
74491
74461
74414
74396
74364
74333
74259
74245
74234
74218
74205
74199
74188
74142
74103
74089
74058
74028
74007
73962
73912
73908
73901
73891
73882
73876
73869
73837
73736
73730
73727
73694
73687
73544
73508
73388
73230
73202
73202
73159
73021
72980
72961
72956
72946
72942
72914
72871
72826
72739
72715
72704
72681
72635
72597
72572
72559
72508
72435
72420
72381
72380
72315
72308
72308
72287
72185
72153
72120
72104
72050
71713
71648
71610
71557
71469
71431
71367
71303
71296
71229
71207
71128
71089
71089
70898
70853
70846
70762
70721
70661
70519
70400
70285
70225
70152
70148
70121
70120
70071
70000
69992
69925
69869
69829
69816
69805
69720
69606
69596
69578
69504
69488
69482
69468
69391
69376
69332
69330
69292
69271
69138
69043
69007
68999
68984
68965
68888
68821
68814
68769
68764
68686
68672
68562
68549
68508
68460
68370
68315
68302
68293
68280
68273
68172
68144
68033
67933
67880
67862
67852
67811
67800
67767
67697
67685
67678
67669
67547
67496
67348
67293
67246
67135
67075
67028
66855
66796
66732
66723
66711
66709
66688
66658
66657
66651
66617
66577
66555
66483
66449
66410
66409
66350
66310
66231
66198
66143
66129
66123
66097
66069
65976
65897
65796
65728
65702
65611
65602
65516
65501
65457
65455
65444
65367
65358
65347
65314
65232
65195
65172
65156
65054
65046
65037
64994
64956
64876
64815
64718
64690
64665
64651
64642
64616
64543
64528
64493
64444
64442
64332
64214
64190
64164
64143
63920
63826
63810
63739
63721
63709
63657
63640
63617
63542
63540
63540
63530
63448
63418
63406
63404
63388
63301
63284
63229
63173
63161
63159
62921
62900
62824
62805
62783
62782
62637
62631
62607
62557
62525
62496
62480
62472
62454
62438
62407
62355
62304
62266
61895
61835
61830
61738
61732
61718
61598
61578
61529
61497
61260
61202
61195
61159
61037
60993
60905
60851
60839
60764
60688
60565
60553
60447
60406
60373
60353
60344
60339
60314
60246
60238
60118
60050
60001
59975
59956
59955
59950
59919
59899
59895
59886
59874
59822
59689
59662
59593
59580
59572
59509
59495
59407
59398
59284
59247
59201
59172
59019
58989
58986
58936
58913
58842
58810
58731
58710
58536
58529
58517
58500
58386
58297
58254
58243
58226
58224
58168
58045
58042
57997
57867
57851
57681
57647
57552
57369
57239
57211
57048
57020
57017
56999
56801
56744
56732
56595
56550
56527
56345
56248
56201
56179
56135
56071
56028
55972
55905
55832
55830
55818
55736
55714
55656
55540
55529
55496
55457
55384
55379
55320
55301
55124
55055
55017
54989
54928
54898
54879
54861
54857
54800
54756
54742
54671
54601
54600
54581
54554
54450
54449
54447
54444
54424
54422
54418
54384
54226
54118
54117
54090
54079
54066
53998
53994
53993
53773
53663
53657
53629
53619
53546
53493
53420
53381
53375
53291
53228
53222
53101
53068
53055
53019
52983
52943
52912
52895
52862
52852
52842
52823
52815
52798
52787
52774
52701
52701
52620
52611
52568
52565
52535
52470
52459
52430
52423
52328
52274
52251
52199
52092
52082
52054
51950
51884
51854
51804
51752
51722
51604
51570
51560
51554
51478
51472
51345
51323
51320
51314
51282
51172
51122
51071
51068
51036
51025
51009
51006
50918
50912
50826
50821
50794
50702
50649
50564
50553
50542
50538
50512
50479
50461
50433
50330
50297
50286
50262
50247
50105
50088
50023
49986
49983
49953
49885
49833
49668
49567
49540
49479
49466
49398
49281
49081
49065
49057
49043
49041
49027
49008
48771
48730
48675
48527
48516
48479
48467
48441
48387
48362
48306
48280
48271
48251
48067
48067
48048
48020
47966
47938
47917
47907
47876
47832
47773
47746
47639
47599
47517
47501
47437
47329
47322
47297
47252
47063
46999
46969
46835
46829
46828
46813
46757
46739
46649
46645
46633
46560
46557
46528
46515
46497
46430
46394
46170
46164
46130
46120
46098
46062
46047
46020
45890
45880
45870
45705
45584
45503
45484
45380
45331
45222
45174
45009
44984
44968
44795
44770
44739
44545
44539
44538
44327
44316
44302
44195
44151
44116
44057
44054
43986
43931
43917
43833
43785
43680
43634
43533
43514
43487
43380
43315
43219
43201
43150
43132
43055
43003
42955
42935
42895
42887
42709
42689
42688
42663
42599
42589
42583
42564
42517
42381
42307
42283
42236
42207
42173
42127
42118
42110
41865
41850
41807
41803
41670
41610
41586
41497
41431
41414
41307
41262
41238
41234
41195
41150
41115
41100
41058
41011
40945
40928
40895
40874
40859
40837
40809
40745
40656
40645
40633
40555
40538
40531
40448
40397
40346
40326
40318
40304
40223
40213
40208
39904
39877
39871
39736
39659
39643
39622
39618
39531
39461
39446
39232
39194
39095
39016
38962
38893
38842
38797
38718
38716
38662
38653
38575
38487
38309
38238
38136
38110
38086
38078
38000
37797
37726
37577
37549
37530
37427
37382
37273
37270
37265
37153
37121
37121
37120
36883
36809
36808
36743
36743
36637
36621
36559
36548
36513
36256
36051
36009
36001
35993
35958
35947
35921
35841
35776
35747
35729
35722
35617
35607
35518
35499
35479
35409
35403
35331
35320
35249
35234
35232
35228
35108
35092
35016
34941
34780
34753
34672
34599
34528
34430
34403
34398
34370
34326
34175
34172
34112
34094
34073
34019
34014
33995
33836
33829
33820
33752
33720
33698
33629
33607
33451
33433
33372
33328
33257
33177
33158
33134
33130
33026
33016
32990
32984
32927
32920
32828
32666
32598
32596
32486
32452
32441
32383
32357
32330
32207
32136
32103
32099
32052
31982
31957
31952
31923
31832
31739
31678
31557
31535
31390
31342
30906
30877
30866
30815
30774
30631
30446
30429
30419
30405
30352
30220
30189
30064
29962
29858
29795
29693
29691
29690
29563
29486
29409
29373
29338
29271
29238
29229
29187
29162
29125
29112
29030
28900
28806
28768
28762
28697
28634
28523
28463
28454
28408
28363
28349
28310
28304
28289
28286
28150
28146
28104
28063
28028
27962
27943
27905
27903
27894
27887
27828
27805
27794
27748
27730
27714
27677
27663
27601
27556
27543
27410
27407
27337
27226
27212
27089
27078
27017
27017
26958
26934
26846
26771
26674
26529
26467
26425
26381
26345
26324
26269
26213
26183
26034
26000
25922
25863
25808
25803
25775
25729
25717
25690
25620
25565
25476
25432
25427
25421
25389
25342
25314
25106
25073
24991
24921
24827
24799
24732
24698
24643
24612
24305
24217
24166
24152
24049
23985
23947
23933
23923
23903
23835
23769
23746
23739
23729
23722
23666
23641
23618
23562
23539
23427
23422
23416
23413
23403
23394
23358
23352
23349
23348
23339
23329
23230
23225
23195
23191
23173
23171
23153
22981
22933
22925
22801
22732
22709
22688
22557
22369
22285
22111
22055
21936
21795
21782
21781
21723
21659
21648
21611
21597
21591
21564
21533
21532
21495
21490
21469
21452
21393
21346
21312
21299
21171
21144
21078
21039
20952
20861
20784
20736
20713
20678
20642
20447
20259
20252
20202
20154
20151
20062
20060
20018
20006
19891
19863
19848
19834
19820
19785
19753
19571
19569
19512
19488
19451
19416
19390
19360
19201
19188
19142
18995
18925
18904
18889
18824
18822
18792
18718
18710
18650
18503
18443
18392
18389
18378
18372
18264
18248
18190
17966
17962
17938
17920
17821
17813
17758
17666
17630
17605
17568
17486
17478
17454
17421
17377
17356
17277
17200
17164
17135
17092
17018
17013
16978
16944
16915
16894
16874
16873
16806
16776
16738
16730
16686
16659
16585
16563
16549
16534
16496
16267
16265
16238
16137
16102
15971
15967
15938
15927
15869
15787
15762
15760
15720
15644
15641
15618
15590
15588
15481
15307
15105
15066
15014
15006
14993
14986
14916
14900
14890
14886
14816
14790
14729
14696
14647
14596
14405
14364
14333
14231
14204
13994
13983
13782
13774
13692
13555
13546
13518
13517
13427
13408
13386
13324
13273
13269
13224
13046
13006
12972
12968
12876
12772
12662
12595
12536
12522
12512
12445
12348
12339
12292
12282
12253
12192
12162
12126
12125
12044
12001
11986
11925
11885
11874
11816
11811
11773
11740
11595
11509
11487
11463
11436
11432
11369
11356
11341
11329
11323
11250
11190
11145
10851
10787
10662
10619
10575
10573
10491
10464
10441
10393
10369
10361
10341
10340
10230
10214
9954
9933
9889
9884
9879
9859
9850
9717
9676
9635
9634
9624
9616
9572
9545
9520
9426
9395
9236
9198
9164
9095
9025
8959
8833
8811
8806
8791
8773
8725
8653
8604
8557
8524
8504
8491
8487
8457
8367
8318
8293
8143
8106
8082
8056
8000
7947
7930
7751
7675
7521
7452
7418
7389
7352
7287
7262
7174
7171
7170
7055
7041
7039
7033
7015
6998
6979
6923
6873
6795
6687
6527
6477
6375
6321
6278
6198
6195
6158
6113
6101
5985
5894
5883
5877
5866
5845
5824
5732
5719
5710
5692
5624
5590
5563
5551
5347
5230
5215
5054
5024
4938
4838
4780
4746
4732
4639
4625
4612
4472
4425
4375
4339
4258
4236
4223
4183
4183
4136
4085
4075
4067
4000
3986
3952
3918
3905
3885
3862
3761
3652
3552
3530
3492
3469
3392
3270
3265
3221
3128
3044
3017
3005
2963
2842
2823
2802
2779
2729
2718
2620
2605
2603
2586
2475
2417
2336
2258
2184
2059
2040
2020
2005
1977
1947
1892
1886
1704
1585
1479
1262
1211
1177
1173
1036
1014
993
904
886
878
734
572
448
435
183
138
133
132
107
76
61
29
1
