99993
99987
99944
99819
99798
99668
99601
99529
99524
99484
99482
99410
99245
99183
99121
99068
99021
99002
98941
98921
98895
98877
98848
98840
98798
98778
98738
98734
98727
98666
98580
98465
98464
98430
98331
98320
98287
98285
98235
98221
98171
98144
98113
98045
97967
97960
97874
97869
97785
97701
97670
97608
97508
97504
97459
97442
97337
97335
97326
97283
97190
97095
97028
97002
97001
96996
96972
96965
96946
96943
96920
96896
96862
96822
96655
96535
96518
96515
96506
96480
96389
96330
96204
96156
96075
96061
96007
95985
95979
95944
95904
95879
95854
95525
95370
95341
95315
95305
95239
95194
95144
95139
95030
94975
94973
94971
94948
94917
94804
94767
94713
94704
94693
94620
94614
94598
94595
94491
94489
94374
94282
94243
94167
94164
94157
94117
94112
94042
93844
93826
93823
93757
93724
93643
93634
93623
93562
93538
93508
93496
93483
93407
93388
93322
93300
93225
93210
93141
93033
92986
92897
92891
92865
92808
92722
92648
92646
92577
92505
92417
92075
92070
92043
91733
91731
91655
91547
91540
91521
91426
91416
91365
91344
91336
91226
91174
91086
91072
91046
91038
90894
90821
90805
90756
90722
90688
90653
90581
90554
90505
90493
90492
90462
90418
90372
90317
90156
90036
89935
89877
89848
89836
89748
89740
89735
89706
89672
89637
89593
89575
89573
89499
89484
89479
89439
89424
89412
89352
89282
89232
89219
89160
89124
89101
89078
89062
89051
89045
89008
88988
88779
88768
88730
88671
88646
88629
88338
88245
88118
88097
88077
88061
88023
88021
88016
88013
87978
87937
87930
87876
87830
87711
87662
87585
87560
87560
87559
87557
87549
87502
87451
87442
87426
87413
87379
87262
87223
87211
87150
87086
87055
87011
86951
86927
86696
86601
86534
86507
86456
86384
86233
86216
86057
86019
86010
85985
85966
85964
85883
85792
85742
85474
85392
85375
85289
85242
85173
85162
85116
85095
85093
85058
85012
84992
84978
84950
84930
84752
84706
84660
84530
84510
84448
84442
84409
84375
84371
84357
84332
84270
84220
84213
84212
84130
84105
84092
84001
83883
83812
83786
83783
83766
83636
83568
83535
83531
83507
83473
83457
83444
83388
83279
83231
83174
83130
83049
83032
82967
82914
82911
82863
82811
82778
82503
82423
82349
82343
82111
82075
82042
81933
81888
81838
81826
81819
81801
81788
81784
81758
81701
81611
81548
81532
81523
81492
81488
81485
81470
81256
81253
81250
81192
81152
80961
80958
80946
80895
80878
80830
80756
80736
80727
80699
80692
80686
80570
80537
80387
80303
80173
80163
80140
80050
80036
79911
79883
79857
79832
79718
79562
79484
79422
79378
79343
79229
79227
79193
79141
79115
79114
79105
79075
79068
79035
79023
79000
78919
78881
78846
78767
78754
78653
78616
78406
78282
78057
78022
77937
77937
77809
77755
77667
77486
77451
77429
77400
77394
77389
77324
77204
77122
77090
77076
77058
77057
77031
76998
76957
76920
76900
76894
76852
76846
76839
76792
76692
76655
76596
76519
76482
76463
76448
76285
76267
76162
76081
76022
75923
75918
75882
75844
75812
75746
75712
75710
75696
75678
75666
75610
75533
75530
75482
75438
75400
75324
75318
75226
75193
75166
75092
75006
75006
74886
74878
74765
74747
74733
74723
74680
74649
74426
74331
74249
74202
74180
74084
74014
73905
73900
73896
73874
73828
73815
73792
73761
73742
73686
73659
73613
73612
73594
73572
73538
73492
73487
73485
73469
73453
73387
73251
73239
73207
73044
73010
72934
72712
72668
72589
72533
72447
72434
72310
72278
72246
72242
72188
72062
71967
71950
71834
71782
71724
71663
71642
71638
71634
71619
71590
71555
71552
71525
71488
71409
71383
71359
71253
71107
71105
71083
71064
71022
70926
70867
70814
70808
70793
70713
70676
70669
70627
70562
70525
70427
70423
70418
70371
70338
70327
70214
70208
70131
70130
70102
70016
70012
69980
69936
69905
69889
69837
69819
69785
69782
69708
69573
69419
69419
69383
69381
69307
69232
69125
69004
68983
68981
68897
68852
68849
68826
68795
68719
68691
68622
68529
68519
68484
68455
68453
68439
68409
68391
68366
68346
68280
68209
68186
68139
68029
67989
67977
67957
67948
67849
67812
67800
67672
67669
67642
67638
67636
67602
67523
67387
67330
67317
67265
67245
67157
67042
66996
66948
66916
66839
66753
66713
66712
66634
66614
66614
66573
66551
66430
66428
66371
66329
66323
66288
66246
66245
66199
66198
65956
65925
65924
65843
65798
65689
65570
65560
65533
65508
65470
65393
65326
65285
65259
65201
65150
65148
65102
65099
65083
65054
65012
64994
64990
64926
64918
64917
64917
64871
64865
64790
64740
64711
64659
64634
64591
64558
64481
64460
64438
64428
64330
64323
64311
64309
64254
64188
64182
64092
63815
63790
63759
63702
63669
63552
63363
63293
63256
63152
63134
62964
62947
62943
62941
62919
62907
62835
62822
62774
62662
62632
62603
62602
62598
62588
62550
62534
62527
62519
62352
62342
62309
62303
62230
62207
62172
62170
62112
62069
62061
61978
61960
61954
61925
61906
61852
61808
61780
61747
61646
61635
61607
61604
61548
61310
61306
61281
61268
61215
61098
61070
60965
60953
60920
60903
60821
60735
60676
60645
60499
60499
60480
60472
60302
60250
60223
60195
60176
60144
60089
60074
60010
59993
59992
59907
59867
59865
59839
59828
59790
59747
59726
59700
59677
59648
59643
59599
59568
59559
59552
59539
59529
59524
59384
59365
59347
59264
59253
59219
59135
59130
59062
59056
59045
58907
58889
58852
58816
58813
58749
58700
58549
58524
58392
58390
58341
58335
58280
58280
58276
58275
58255
58168
58141
58103
58068
58048
57966
57939
57935
57926
57925
57909
57808
57764
57726
57696
57640
57429
57358
57252
57188
56970
56677
56661
56437
56416
56405
56373
56368
56331
56321
56287
56260
56248
56225
56223
56200
56100
56075
56042
55986
55571
55313
55307
55262
55204
55193
55088
55073
55035
55016
55006
54933
54900
54769
54748
54732
54711
54702
54618
54578
54569
54543
54526
54478
54421
54407
54406
54307
54298
54290
54267
54184
54151
54077
54077
54059
54003
53958
53842
53800
53753
53746
53743
53704
53657
53637
53483
53449
53401
53319
53285
53280
53158
53130
53056
53018
52997
52988
52941
52906
52895
52830
52663
52620
52601
52584
52533
52435
52349
52317
52276
52205
52167
52143
52126
52059
51993
51988
51873
51850
51816
51613
51605
51576
51528
51175
51159
51138
51081
51076
51075
51070
51010
50944
50941
50844
50786
50725
50670
50665
50650
50638
50440
50399
50352
50325
50266
50117
49976
49890
49822
49753
49732
49671
49630
49616
49610
49550
49535
49530
49494
49442
49390
49332
49319
49307
49252
49227
49217
49200
49192
49084
49026
48972
48962
48892
48888
48816
48780
48777
48741
48657
48596
48575
48532
48377
48361
48315
48257
48225
48117
48072
48059
48045
48004
47941
47823
47763
47725
47723
47668
47660
47652
47634
47615
47596
47592
47571
47543
47539
47513
47495
47350
47340
47333
47312
47299
47258
47092
47039
46843
46842
46787
46729
46709
46650
46482
46445
46439
46396
46233
46040
46032
45986
45943
45862
45813
45791
45770
45689
45597
45513
45454
45433
45433
45432
45402
45346
45317
45315
45216
45167
45058
45048
45033
44994
44972
44963
44824
44724
44705
44684
44663
44648
44584
44475
44423
44272
44183
44181
44136
44135
44091
44021
43993
43989
43920
43896
43881
43842
43837
43793
43768
43743
43664
43637
43626
43506
43483
43470
43142
43076
42989
42941
42900
42778
42723
42638
42580
42537
42505
42505
42499
42376
42169
42135
42109
42089
42063
42028
41850
41813
41799
41733
41705
41650
41580
41555
41547
41534
41476
41462
41418
41371
41335
41322
41268
41228
41188
41178
41175
41165
41040
41036
40962
40951
40917
40861
40828
40809
40707
40641
40417
40349
40341
40331
40284
40276
40271
40270
40240
40208
40170
40122
39759
39758
39742
39709
39685
39660
39658
39657
39613
39579
39550
39550
39538
39527
39495
39460
39439
39368
39345
39323
39268
39220
39219
39214
39144
39115
39056
39045
39025
38948
38933
38844
38780
38595
38589
38517
38459
38447
38406
38354
38335
38335
38274
38229
38201
38154
38111
38088
38038
38007
37984
37953
37936
37934
37904
37798
37649
37527
37487
37470
37407
37403
37391
37344
37243
37218
36964
36864
36786
36686
36626
36603
36490
36389
36346
36329
36184
36087
36053
36049
36003
35977
35967
35922
35854
35838
35814
35804
35758
35503
35501
35493
35479
35415
35375
35218
35205
35172
35164
35076
34907
34837
34733
34728
34716
34701
34614
34559
34501
34491
34476
34459
34391
34380
34346
34341
34332
34330
34294
34283
34181
34124
34121
34081
34032
34019
33949
33907
33905
33898
33829
33811
33808
33740
33731
33718
33539
33533
33492
33482
33440
33358
33288
33277
33135
33125
33122
33099
33062
33016
32952
32914
32907
32873
32779
32715
32658
32633
32612
32558
32479
32474
32411
32300
32289
32266
32216
32158
32085
31999
31938
31904
31904
31880
31845
31729
31708
31705
31550
31231
31070
31049
30883
30835
30707
30530
30520
30438
30426
30412
30409
30397
30388
30065
30047
30002
29973
29970
29908
29897
29852
29824
29810
29793
29687
29650
29605
29596
29532
29355
29266
29265
29111
29082
28860
28812
28706
28662
28652
28651
28569
28552
28539
28523
28465
28451
28236
28203
28112
28107
28089
28088
28067
27948
27938
27876
27729
27678
27582
27563
27505
27336
27290
27033
27014
26953
26950
26916
26790
26786
26771
26716
26620
26577
26397
26382
26318
26314
26294
26148
25931
25926
25919
25878
25864
25850
25696
25655
25629
25613
25557
25555
25526
25473
25464
25380
25365
25356
25192
25175
25076
25062
25052
24903
24772
24768
24606
24597
24536
24476
24458
24449
24433
24357
24347
24330
24250
24159
24140
24136
24064
24037
23988
23940
23936
23932
23929
23857
23854
23818
23618
23464
23439
23396
23175
22936
22908
22848
22813
22774
22752
22625
22589
22562
22499
22432
22427
22293
22255
22180
22114
22045
21988
21941
21906
21817
21814
21706
21685
21649
21646
21617
21604
21365
21353
21286
21168
21147
21103
21074
21035
20963
20945
20938
20822
20792
20723
20721
20721
20718
20696
20673
20600
20568
20567
20349
20333
20331
20219
20144
20088
20080
20040
20038
20037
20017
19963
19886
19874
19799
19736
19733
19718
19607
19598
19573
19464
19414
19311
19266
19240
19193
19157
19093
18896
18874
18786
18774
18707
18695
18603
18529
18455
18397
18390
18335
18279
18220
18202
18157
18145
18088
18075
17992
17986
17936
17849
17708
17674
17611
17566
17532
17405
17401
17397
17287
17248
17095
17073
17058
16990
16925
16862
16642
16639
16622
16610
16482
16372
16314
16302
16292
16288
16261
16158
16149
16148
16102
16043
15916
15888
15781
15728
15695
15610
15610
15583
15552
15498
15412
15318
15311
15255
15228
15197
15191
15190
15153
15145
15076
15053
15036
15028
15008
14933
14919
14784
14670
14659
14599
14577
14490
14468
14455
14404
14387
14375
14361
14300
14092
14079
14031
14027
14014
13980
13970
13946
13886
13830
13713
13697
13678
13522
13490
13428
13427
13424
13315
13119
13106
13103
12987
12984
12977
12904
12900
12850
12811
12797
12765
12718
12704
12648
12629
12612
12511
12448
12429
12367
12330
12289
12244
12202
12187
12182
12134
12049
11917
11867
11839
11835
11793
11773
11709
11644
11629
11606
11604
11552
11550
11549
11515
11511
11480
11471
11427
11364
11300
11253
11235
11219
11136
11127
11096
11074
10953
10886
10852
10833
10814
10809
10705
10683
10678
10634
10600
10540
10537
10522
10475
10216
10168
10144
10123
10116
10077
10070
10036
10003
9915
9878
9828
9763
9722
9570
9532
9514
9359
9343
9286
9177
9082
9053
9041
8987
8959
8941
8937
8908
8882
8825
8768
8694
8679
8470
8413
8341
8188
8180
8090
8068
8052
7962
7913
7863
7859
7837
7779
7733
7643
7585
7559
7548
7530
7505
7429
7390
7331
7302
7271
7244
7138
7130
7048
7043
7039
7004
7003
6989
6953
6885
6850
6830
6720
6533
6521
6454
6446
6430
6401
6366
6362
6285
6242
6234
6209
6189
6169
6063
6012
5915
5898
5850
5846
5655
5611
5528
5491
5416
5356
5293
5191
5147
5092
5045
5034
5034
5029
4996
4936
4915
4862
4767
4725
4719
4672
4510
4474
4474
4468
4405
4343
4328
4206
4166
4156
4109
4103
4092
4015
3962
3817
3733
3729
3578
3574
3511
3483
3468
3439
3428
3400
3322
3224
3192
3109
3088
3021
2994
2962
2931
2877
2829
2803
2769
2749
2730
2481
2436
2408
2352
2335
2258
2228
2083
2031
2029
1976
1948
1923
1884
1782
1717
1382
1141
1139
1114
1032
991
988
838
810
801
722
664
650
439
398
259
190
41
35
