99953
99879
99874
99710
99706
99607
99596
99575
99531
99522
99487
99463
99449
99444
99427
99368
99362
99334
99319
99272
99248
99206
99190
99152
99144
99116
99002
98998
98921
98884
98656
98638
98561
98538
98507
98458
98452
98403
98223
98007
97994
97923
97835
97760
97756
97646
97560
97541
97467
97380
97368
97251
97134
97119
97115
97031
97000
96956
96945
96865
96859
96770
96745
96734
96648
96568
96486
96465
96420
96392
96315
96307
96251
96227
96180
96170
96127
96088
95982
95964
95885
95867
95841
95703
95691
95660
95585
95469
95451
95443
95384
95327
95254
95208
95111
95077
95067
95035
94974
94958
94911
94843
94753
94753
94723
94699
94624
94623
94521
94339
94292
94216
94105
94018
94003
94001
93953
93932
93755
93697
93643
93629
93623
93610
93569
93556
93437
93376
93332
93292
93241
93199
93147
92804
92750
92651
92615
92610
92582
92522
92506
92426
92364
92343
92320
92181
92155
92149
92138
92072
91883
91803
91776
91768
91747
91735
91720
91628
91573
91497
91407
91315
91227
91186
91177
91045
90970
90947
90907
90883
90867
90827
90786
90721
90699
90640
90626
90568
90480
90374
90352
90311
90300
90238
90213
90211
90177
90137
90117
90036
89966
89964
89960
89948
89894
89755
89750
89613
89569
89507
89466
89434
89271
89195
89082
88995
88958
88893
88847
88826
88723
88668
88596
88549
88514
88388
88384
88308
88212
88208
88205
88156
87985
87904
87898
87889
87881
87755
87735
87734
87708
87478
87468
87439
87392
87338
87326
87320
87286
87233
87133
87107
87059
87050
86973
86971
86956
86880
86851
86827
86780
86731
86710
86709
86656
86647
86632
86576
86513
86503
86470
86451
86422
86407
86240
86100
86064
85890
85890
85779
85711
85657
85642
85583
85553
85505
85368
85350
85340
85336
85299
85280
85280
85247
85117
84984
84957
84782
84751
84686
84587
84527
84435
84406
84405
84310
84117
84051
83957
83858
83854
83812
83767
83710
83578
83537
83434
83409
83406
83395
83301
83213
83179
83162
83132
83068
83062
83046
83033
82985
82727
82656
82622
82605
82565
82535
82498
82438
82430
82303
82295
82286
82280
82271
82242
82214
82206
82093
82052
82042
81989
81929
81929
81926
81915
81876
81872
81872
81845
81824
81785
81772
81744
81723
81711
81604
81352
81255
81215
81208
81152
81141
81053
81018
81008
80989
80988
80958
80946
80869
80847
80810
80805
80782
80779
80757
80752
80726
80705
80703
80696
80590
80533
80502
80499
80491
80451
80416
80379
80356
80342
80317
80302
80283
80273
80208
80185
80118
80050
80037
80002
79963
79941
79939
79905
79804
79766
79757
79612
79459
79428
79386
79355
79323
79188
79149
79071
79070
79035
79011
79010
79007
78790
78645
78641
78542
78537
78535
78507
78420
78310
78290
78199
78196
78190
78161
78123
78052
78039
78024
77987
77901
77721
77719
77669
77492
77487
77356
77256
77147
77144
77121
77117
77072
77051
77045
77004
76970
76946
76921
76863
76824
76789
76787
76689
76587
76526
76499
76479
76262
76248
76186
76074
75969
75962
75950
75947
75929
75614
75599
75551
75363
75247
75064
75007
74956
74916
74885
74861
74849
74822
74756
74730
74714
74688
74656
74631
74567
74510
74497
74480
74448
74446
74435
74271
74247
74137
74123
74091
74090
74053
73974
73904
73884
73874
73838
73790
73785
73687
73649
73616
73476
73466
73403
73396
73367
73334
73223
73213
73182
73123
73120
73089
73032
72992
72975
72959
72898
72886
72850
72804
72799
72765
72718
72685
72668
72656
72628
72518
72462
72264
72257
72253
72130
72072
72069
72046
72006
71983
71965
71895
71886
71822
71775
71750
71554
71496
71211
71175
71171
71156
71104
71023
70997
70946
70794
70737
70733
70623
70614
70611
70555
70538
70495
70445
70420
70400
70302
70299
70295
70272
70207
70176
70172
70155
70153
70089
70032
69966
69927
69927
69814
69799
69767
69758
69711
69702
69668
69601
69446
69381
69287
69219
69138
69127
69107
69059
69019
68944
68936
68857
68800
68788
68776
68740
68695
68651
68623
68544
68538
68498
68461
68460
68408
68386
68319
68317
68311
68308
68241
68212
67968
67879
67878
67860
67719
67677
67633
67607
67542
67431
67416
67395
67294
67250
67248
67215
67204
67119
67115
67105
67048
67048
66985
66898
66886
66810
66795
66780
66581
66473
66435
66419
66362
66345
66322
66241
66224
66147
66111
66075
65994
65849
65842
65801
65782
65747
65736
65733
65631
65605
65512
65417
65360
65336
65268
65227
65146
65096
65073
64958
64877
64742
64672
64624
64579
64562
64543
64538
64478
64437
64409
64378
64266
64213
64177
64130
64125
64089
64011
63957
63928
63908
63854
63786
63622
63619
63563
63559
63519
63430
63404
63394
63393
63260
63155
63149
63095
63081
63065
62972
62957
62864
62773
62722
62668
62667
62654
62624
62472
62450
62437
62406
62386
62348
62304
62279
62248
62143
62135
62123
62077
62014
61963
61938
61872
61872
61807
61765
61666
61605
61564
61469
61436
61415
61149
61108
61068
60910
60856
60841
60828
60775
60762
60688
60664
60656
60632
60576
60572
60551
60512
60472
60398
60380
60366
60218
60133
60114
60029
59996
59932
59917
59906
59678
59478
59409
59401
59328
59313
59302
59255
59249
59246
59148
59088
58940
58860
58809
58803
58719
58690
58672
58633
58587
58554
58530
58442
58321
58273
58227
58193
58163
58138
58128
58054
58020
57812
57807
57762
57726
57714
57665
57622
57543
57529
57506
57486
57470
57377
57305
57243
57220
57218
57202
57197
57041
56986
56952
56948
56891
56872
56862
56825
56755
56721
56639
56600
56569
56550
56486
56467
56419
56403
56378
56304
56255
56236
56109
56029
56006
55958
55936
55909
55860
55780
55712
55668
55658
55622
55491
55479
55472
55434
55416
55373
55367
55267
55219
55213
55180
55149
54931
54924
54923
54862
54851
54683
54657
54626
54575
54449
54444
54439
54312
54283
54274
54230
54149
54090
54067
53926
53916
53795
53696
53607
53528
53526
53468
53422
53401
53367
53349
53276
53181
53180
53148
53023
53008
52946
52835
52793
52713
52697
52649
52640
52523
52498
52467
52452
52389
52298
52287
52275
52274
52179
52137
52056
51976
51938
51897
51834
51766
51760
51735
51666
51584
51578
51538
51525
51515
51450
51402
51196
51189
51093
51074
51050
50966
50954
50912
50877
50803
50789
50749
50533
50531
50490
50455
50230
50111
50075
49947
49911
49734
49662
49617
49467
49403
49368
49355
49306
49256
49141
49101
49091
49078
49008
49005
49001
48934
48918
48887
48875
48835
48833
48821
48791
48644
48629
48609
48591
48519
48517
48434
48373
48364
48354
48279
48239
48224
48218
48179
47923
47888
47796
47781
47779
47719
47680
47667
47658
47422
47402
47293
47293
47237
47187
47180
47158
47112
47060
47037
47011
46933
46914
46903
46893
46827
46789
46722
46629
46603
46532
46371
46361
46355
46308
46247
46148
46113
46071
46059
45924
45923
45841
45781
45707
45670
45660
45599
45551
45474
45448
45426
45334
45122
45110
45097
44961
44906
44885
44874
44866
44843
44789
44611
44601
44563
44545
44541
44541
44500
44454
44419
44406
44218
44185
44119
44079
44064
44004
44000
43981
43929
43908
43903
43701
43697
43456
43290
43195
43188
43165
43129
43124
43114
43106
43064
42884
42881
42839
42744
42694
42675
42653
42633
42601
42566
42530
42452
42415
42273
42170
42154
42092
42031
41983
41866
41751
41711
41686
41609
41577
41424
41380
41341
41233
41135
41083
41058
41017
40961
40955
40926
40911
40900
40858
40830
40786
40785
40756
40743
40713
40670
40640
40622
40569
40520
40429
40400
40360
40303
40229
40204
40047
40029
39954
39930
39884
39719
39709
39705
39668
39573
39566
39540
39492
39440
39326
39284
39244
39069
39059
39013
38979
38921
38920
38919
38904
38886
38856
38791
38748
38708
38622
38599
38585
38536
38526
38463
38439
38430
38375
38313
38239
38230
38210
38139
38003
37997
37946
37850
37809
37808
37349
37348
37314
37262
37250
37166
37144
37116
37069
37038
36981
36939
36911
36894
36884
36874
36864
36814
36803
36728
36723
36712
36699
36689
36623
36616
36473
36329
36258
36142
36119
36111
36085
36075
36051
36011
36010
35987
35936
35874
35800
35790
35773
35742
35735
35616
35611
35496
35440
35431
35430
35423
35377
35307
35114
34923
34907
34898
34887
34861
34828
34767
34750
34742
34670
34627
34616
34605
34581
34515
34512
34430
34369
34324
34255
34234
34185
34175
34147
34112
34100
34007
33990
33975
33916
33896
33865
33863
33837
33749
33723
33676
33668
33649
33631
33627
33577
33520
33434
33429
33407
33405
33395
33387
33362
33346
33304
33206
32971
32895
32846
32801
32747
32658
32634
32595
32586
32570
32507
32485
32454
32409
32363
32309
32260
32226
32209
32114
32020
32006
31959
31905
31790
31773
31762
31724
31673
31650
31644
31606
31510
31420
31385
31342
31260
31254
31237
31185
31123
31090
31084
31024
30917
30876
30789
30778
30745
30711
30690
30646
30613
30596
30585
30572
30430
30334
30299
30215
30207
30150
30111
29812
29746
29739
29630
29616
29613
29523
29505
29496
29472
29472
29469
29413
29378
29350
29292
29267
29252
29180
29048
29016
28999
28930
28867
28804
28796
28791
28724
28626
28524
28482
28433
28357
28334
28254
28162
28098
28045
27985
27973
27970
27915
27812
27769
27762
27723
27677
27611
27606
27520
27471
27428
27422
27420
27363
27298
27182
27163
27155
27050
27031
26992
26942
26889
26870
26834
26768
26765
26728
26726
26706
26630
26630
26537
26516
26481
26148
26047
25965
25949
25948
25887
25836
25788
25749
25552
25546
25446
25433
25406
25340
25330
25287
25281
25267
25044
25037
24939
24899
24737
24718
24675
24658
24636
24552
24547
24539
24505
24505
24468
24428
24330
24161
24107
24070
24013
24011
24008
24003
23931
23895
23857
23834
23829
23792
23730
23716
23627
23540
23354
23170
23163
23146
23136
23069
23001
22813
22786
22774
22760
22708
22674
22631
22586
22548
22528
22478
22341
22333
22284
22280
22199
22152
22150
22106
21946
21936
21829
21745
21713
21698
21675
21549
21514
21513
21435
21405
21403
21395
21395
21325
21297
21255
21110
21064
20896
20893
20562
20551
20447
20428
20394
20318
20300
20277
20242
20224
20212
20054
19976
19965
19920
19818
19812
19779
19732
19705
19702
19637
19570
19569
19499
19375
19312
19296
19295
19259
19180
19161
19063
19000
18851
18851
18807
18679
18646
18635
18519
18484
18475
18443
18384
18366
18346
18212
18131
18105
18102
18087
18058
18054
17887
17845
17842
17775
17771
17753
17717
17695
17686
17601
17597
17574
17554
17471
17440
17405
17361
17360
17356
17333
17175
17153
17143
17114
17067
16920
16895
16863
16841
16834
16761
16729
16652
16620
16556
16553
16550
16537
16488
16472
16455
16433
16359
16355
16273
16254
16192
16153
16069
16036
15913
15761
15749
15724
15713
15685
15665
15641
15546
15482
15448
15440
15324
15315
15284
15229
15225
15221
15205
15198
15196
15175
15168
15159
15017
14985
14878
14803
14786
14770
14725
14679
14601
14568
14548
14516
14483
14443
14387
14377
14342
14320
14181
14178
14105
14006
14005
13888
13725
13650
13508
13354
13335
13161
13013
12986
12982
12932
12895
12825
12799
12775
12765
12753
12722
12683
12682
12590
12581
12527
12498
12471
12466
12427
12400
12375
12339
12306
12304
12262
12197
12157
12118
12105
11999
11962
11870
11795
11765
11650
11639
11564
11559
11542
11541
11538
11493
11430
11375
11361
11264
11194
11186
11161
11137
10965
10899
10888
10842
10743
10655
10651
10616
10521
10467
10356
10300
10297
10262
10036
9901
9881
9802
9767
9767
9764
9748
9745
9742
9710
9710
9706
9691
9687
9585
9545
9523
9428
9356
9333
9251
9240
9184
9167
9152
9146
9122
9023
8934
8895
8845
8744
8685
8625
8588
8536
8491
8480
8357
8346
8172
8151
8122
8106
7977
7946
7905
7867
7823
7790
7690
7683
7630
7611
7568
7511
7379
7316
7308
7278
7237
7217
7159
7147
7128
7001
6914
6877
6872
6869
6855
6844
6715
6634
6573
6537
6460
6287
6242
6164
6035
5946
5937
5877
5872
5871
5649
5639
5594
5483
5425
5306
5218
5109
5082
5067
5043
5027
5000
4921
4912
4909
4822
4670
4635
4630
4620
4516
4485
4481
4435
4414
4368
4355
4340
4325
4291
4252
4182
4142
3853
3737
3697
3647
3630
3604
3514
3457
3448
3276
3198
3156
3127
3072
3057
3011
2871
2852
2808
2681
2677
2665
2639
2561
2544
2532
2527
2455
2443
2392
2388
2370
2331
2289
2223
2199
2154
2075
2031
1796
1527
1505
1421
1319
1305
1230
1103
1084
1082
1039
1033
873
794
774
718
700
581
527
511
501
459
309
222
221
198
197
140
118
117
49
46
41
6
