99995
99894
99853
99845
99807
99802
99760
99709
99667
99588
99584
99537
99530
99469
99453
99232
99178
99144
99103
98982
98836
98803
98796
98739
98713
98707
98535
98532
98495
98443
98190
98115
98086
98010
97988
97856
97759
97759
97698
97611
97570
97497
97495
97486
97486
97463
97441
97339
97312
97201
97107
97094
97087
97053
97047
97002
96928
96901
96870
96834
96804
96725
96721
96657
96654
96634
96558
96527
96522
96350
96238
96231
96153
96118
95914
95894
95844
95695
95656
95619
95582
95507
95366
95363
95337
95329
95257
95202
95154
95145
95115
95108
95005
94936
94830
94790
94752
94746
94674
94652
94619
94556
94517
94496
94484
94477
94466
94452
94318
94271
94218
94209
94161
94127
94106
94056
94031
93928
93908
93897
93891
93803
93759
93741
93732
93596
93579
93550
93448
93438
93417
93397
93258
93251
93224
93219
93206
93192
93161
92947
92877
92867
92832
92749
92709
92611
92606
92570
92562
92530
92523
92508
92477
92349
92211
92132
92043
91914
91876
91829
91774
91754
91745
91743
91739
91686
91600
91589
91568
91566
91555
91448
91411
91386
91346
91291
91133
91108
90983
90977
90912
90910
90841
90831
90811
90804
90656
90589
90588
90587
90539
90524
90481
90336
90306
90199
90167
90150
90089
90026
89926
89880
89874
89872
89701
89580
89497
89492
89444
89351
89347
89337
89295
89256
89233
89172
89114
89073
89036
89012
88993
88967
88959
88959
88951
88951
88947
88910
88853
88776
88739
88528
88287
88268
88183
88183
88159
88155
87946
87907
87901
87822
87793
87763
87745
87724
87621
87619
87606
87522
87487
87437
87424
87115
87061
87030
87016
86803
86770
86630
86596
86565
86535
86447
86416
86406
86393
86362
86357
86307
86257
86253
86034
85944
85884
85883
85880
85850
85817
85742
85682
85557
85444
85423
85355
85263
85261
85153
85150
85078
85072
85072
85049
84826
84740
84731
84674
84669
84629
84626
84547
84511
84364
84335
84273
84218
84153
84125
84064
84017
83967
83966
83956
83954
83947
83917
83825
83822
83813
83788
83760
83737
83732
83730
83726
83710
83609
83586
83579
83532
83479
83431
83428
83221
83172
83144
83074
82902
82874
82864
82846
82795
82794
82775
82689
82650
82612
82606
82589
82570
82555
82514
82462
82434
82384
82334
82314
82268
82087
82064
82029
82025
81942
81887
81834
81827
81819
81676
81673
81641
81620
81584
81498
81455
81402
81323
81303
81283
81228
81215
81179
81101
81085
81077
80951
80938
80897
80846
80806
80706
80684
80655
80654
80625
80615
80545
80494
80445
80374
80353
80342
80333
80268
80219
80186
80107
80099
80071
80049
80026
80005
79979
79736
79397
79376
79336
79285
79271
79224
79200
78948
78851
78687
78681
78678
78636
78490
78483
78478
78385
78371
78315
78276
78156
78103
78071
77771
77769
77766
77753
77621
77566
77564
77550
77537
77482
77459
77421
77392
77308
77303
77267
77182
77123
77095
77066
77049
77038
77021
76884
76853
76832
76643
76609
76608
76588
76529
76484
76392
76334
76302
76296
76198
76197
76176
76133
76116
76028
75976
75860
75826
75814
75799
75788
75654
75457
75344
75282
75273
75208
75150
74984
74984
74938
74907
74860
74741
74733
74650
74627
74577
74500
74495
74486
74382
74365
74296
74217
74132
74045
74026
74022
73972
73928
73873
73819
73813
73699
73651
73600
73555
73528
73508
73441
73436
73281
73265
73220
73112
73100
73098
72974
72947
72947
72929
72903
72766
72766
72732
72686
72614
72524
72512
72498
72437
72426
72403
72395
72374
72254
72214
72181
72122
72072
71979
71967
71928
71910
71891
71875
71875
71846
71711
71671
71632
71547
71457
71449
71408
71389
71330
71289
71144
71051
71018
70983
70978
70967
70951
70925
70838
70836
70756
70754
70698
70608
70586
70545
70451
70447
70348
70337
70275
70229
70040
69990
69855
69672
69632
69603
69596
69575
69553
69513
69445
69366
69356
69249
69204
69150
69094
69071
69037
69014
68963
68892
68765
68706
68699
68565
68558
68522
68453
68337
68300
68261
68257
68184
68093
68088
68011
67990
67885
67873
67836
67796
67736
67628
67623
67602
67552
67520
67455
67432
67357
67220
67165
67146
67141
67107
67085
67071
66951
66942
66881
66793
66736
66732
66682
66659
66638
66556
66466
66457
66295
66153
66153
66070
65971
65958
65933
65911
65874
65856
65783
65732
65731
65701
65695
65644
65460
65422
65341
65314
65069
64877
64867
64758
64666
64566
64499
64454
64437
64362
64344
64289
64276
64242
64242
64216
64150
64140
63980
63952
63911
63866
63713
63641
63627
63623
63540
63485
63395
63332
63273
63260
63245
63173
63153
63150
63113
63072
63039
62917
62830
62802
62777
62700
62541
62519
62489
62292
62244
62202
62177
62118
62113
62003
61896
61865
61862
61858
61852
61839
61823
61775
61773
61735
61707
61688
61645
61542
61507
61493
61487
61443
61409
61401
61300
61287
61275
61264
61225
61117
61114
61090
61080
61018
60952
60926
60836
60833
60805
60787
60725
60721
60610
60424
60365
60347
60319
60302
60232
60232
60223
60106
60105
60103
60071
59989
59989
59882
59878
59859
59685
59666
59655
59586
59552
59444
59437
59424
59380
59324
59270
59247
59150
59108
59097
59081
58953
58946
58815
58807
58712
58609
58404
58174
58133
58104
58047
57991
57870
57797
57629
57617
57546
57537
57528
57483
57426
57305
57288
57244
57240
57213
57147
57109
57108
56987
56985
56980
56978
56960
56772
56737
56736
56719
56704
56634
56561
56523
56517
56502
56488
56473
56466
56413
56404
56343
56337
56184
56145
56119
55925
55785
55776
55707
55664
55661
55623
55614
55606
55602
55596
55585
55511
55438
55337
55318
55251
55210
55197
55157
55108
55068
55067
55056
54999
54948
54941
54928
54877
54838
54746
54707
54636
54617
54567
54553
54507
54449
54418
54411
54365
54329
54281
54248
54169
54168
54123
54079
53818
53814
53757
53726
53673
53667
53649
53527
53339
53315
53270
53180
53146
53079
53033
52995
52973
52904
52876
52848
52823
52671
52617
52611
52542
52511
52508
52488
52448
52446
52382
52327
52262
52231
52209
52032
52017
51913
51825
51697
51561
51325
51258
51208
51186
51139
51137
51043
51004
51000
50996
50961
50951
50941
50860
50836
50827
50811
50805
50733
50710
50664
50660
50653
50582
50532
50452
50402
50293
50264
50221
50170
50122
50104
50065
50028
49918
49912
49815
49795
49775
49745
49446
49437
49417
49245
49223
49218
49139
49071
49064
48941
48927
48856
48686
48647
48537
48529
48469
48220
48197
48196
48110
48101
48093
47981
47916
47913
47794
47759
47677
47671
47659
47649
47631
47600
47559
47417
47309
47260
47258
47208
47189
47146
47112
47088
46983
46798
46793
46768
46617
46565
46548
46439
46427
46414
46335
46287
46260
46154
46113
46074
45906
45823
45790
45756
45735
45667
45634
45468
45434
45351
45325
45303
45231
45161
45150
45146
45140
45099
45091
45048
45044
45043
44926
44765
44721
44706
44690
44672
44670
44626
44404
44403
44350
44301
44245
44153
44147
44025
44013
44002
43922
43920
43917
43834
43796
43793
43691
43618
43596
43459
43410
43401
43221
43196
42931
42894
42892
42887
42867
42845
42749
42694
42600
42587
42555
42547
42495
42436
42285
42215
42198
42139
42107
42105
42098
42064
42029
42000
41888
41871
41845
41824
41776
41701
41675
41600
41496
41419
41372
41273
41268
41228
41161
41127
41093
41060
41049
41045
41021
40954
40928
40855
40846
40761
40662
40585
40531
40510
40459
40419
40417
40319
40312
40281
40215
40209
40178
40023
39995
39916
39892
39877
39829
39828
39819
39738
39734
39723
39722
39517
39480
39379
39352
39352
39248
39191
39092
39092
39057
39051
39020
38925
38911
38867
38818
38676
38645
38638
38628
38547
38468
38467
38408
38398
38397
38365
38324
38319
38265
38261
38140
38041
37911
37822
37733
37732
37659
37649
37643
37578
37564
37504
37451
37386
37381
37320
37305
37276
37272
37253
37240
37226
37201
37147
37125
37097
37026
36978
36974
36965
36924
36871
36866
36733
36600
36538
36511
36486
36386
36377
36372
36296
36230
36199
36106
36055
35968
35794
35765
35709
35688
35686
35680
35604
35582
35383
35371
35303
35303
35285
35245
35242
35233
35221
35111
35049
35047
35022
34998
34956
34932
34902
34826
34740
34545
34438
34403
34356
34268
34174
34171
34067
33993
33969
33908
33805
33777
33752
33718
33703
33654
33651
33638
33357
33262
33256
33232
33219
33191
33126
33039
33034
32971
32884
32865
32813
32778
32770
32734
32728
32674
32628
32587
32570
32459
32432
32364
32272
32266
32264
32230
32207
32071
31805
31802
31751
31749
31709
31622
31617
31540
31534
31520
31502
31499
31388
31248
31189
31149
31147
31123
31112
31103
30994
30926
30921
30879
30868
30830
30808
30807
30784
30749
30698
30564
30474
30461
30441
30398
30388
30386
30353
30237
30202
30142
30139
30051
30024
30013
30009
29942
29900
29836
29785
29753
29626
29610
29555
29522
29466
29363
29323
29232
29186
29128
29004
28943
28935
28922
28913
28806
28786
28768
28762
28701
28658
28519
28446
28435
28427
28424
28403
28324
28272
28263
28151
28026
28016
28008
27999
27824
27765
27695
27619
27579
27491
27482
27318
27304
27294
27208
27164
27148
26984
26937
26935
26903
26835
26765
26741
26640
26625
26614
26612
26566
26532
26457
26438
26432
26416
26414
26393
26218
26196
26191
26110
26099
25998
25815
25812
25759
25731
25692
25613
25602
25549
25520
25451
25415
25301
25289
25264
25214
25059
25006
24951
24939
24909
24876
24819
24783
24770
24683
24673
24652
24619
24618
24527
24431
24370
24340
24282
24117
24051
24039
23994
23989
23972
23951
23929
23886
23883
23882
23783
23771
23738
23681
23671
23639
23627
23616
23579
23460
23455
23415
23406
23346
23311
23213
23209
23201
23198
23163
23141
23054
22963
22917
22901
22849
22834
22758
22575
22453
22397
22331
22244
22237
22233
22106
22061
22032
21942
21841
21793
21790
21741
21722
21722
21686
21627
21597
21586
21520
21493
21492
21424
21312
21193
21165
21123
21108
21087
21044
20949
20932
20859
20838
20808
20786
20718
20676
20563
20555
20552
20531
20516
20508
20374
20351
20342
20274
20171
20094
20073
20071
20051
19985
19946
19851
19837
19805
19772
19417
19414
19414
19348
19262
19233
19206
19169
19124
19087
19006
18861
18841
18829
18819
18801
18711
18625
18575
18519
18490
18429
18335
18315
18307
18263
18262
18239
18051
18050
18041
18006
17937
17644
17576
17510
17496
17473
17415
17351
17340
17311
17311
17248
17062
17040
16985
16966
16871
16800
16798
16760
16739
16663
16570
16550
16541
16524
16466
16448
16411
16396
16361
16339
16323
16300
16116
16057
16007
15914
15869
15853
15780
15777
15772
15749
15738
15681
15618
15513
15458
15378
15377
15276
15261
15153
15147
15053
14935
14834
14833
14829
14757
14714
14702
14692
14679
14585
14505
14451
14445
14441
14412
14287
14228
14216
14201
14186
14180
14158
14141
14098
14074
13986
13976
13959
13919
13915
13883
13872
13773
13768
13760
13696
13663
13650
13566
13553
13534
13454
13443
13422
13415
13340
13290
13275
13200
13151
13062
13019
12992
12952
12881
12858
12771
12622
12551
12539
12522
12485
12466
12461
12384
12203
12116
12037
11936
11919
11856
11851
11849
11684
11607
11522
11421
11402
11347
11347
11268
11224
11117
11110
11013
11007
11004
10997
10931
10903
10899
10855
10828
10756
10726
10688
10660
10617
10602
10593
10591
10275
10254
10224
10173
10172
10006
10001
9999
9966
9928
9910
9906
9838
9781
9780
9771
9734
9715
9698
9697
9651
9631
9510
9366
9358
9336
9315
9312
9274
9173
9173
9113
9095
8954
8952
8932
8817
8795
8788
8754
8730
8618
8567
8441
8426
8377
8365
8295
8222
8204
8201
8124
8105
8068
8062
7970
7963
7874
7845
7802
7793
7771
7750
7730
7691
7637
7632
7621
7613
7590
7589
7567
7527
7432
7421
7248
7195
7098
7038
7035
7025
6985
6955
6932
6904
6837
6733
6725
6719
6697
6673
6641
6489
6451
6296
6269
6114
6066
5960
5941
5940
5899
5847
5754
5733
5727
5599
5575
5573
5552
5488
5415
5401
5272
5271
5244
5209
5161
5155
5142
5109
5086
5052
5020
4996
4962
4942
4890
4673
4630
4573
4441
4349
4328
4292
4277
4271
4261
4245
4200
4187
4145
4108
4094
4072
3941
3852
3814
3668
3620
3606
3563
3410
3265
3235
3191
3178
3150
3116
3084
3070
3056
2970
2894
2872
2807
2803
2659
2654
2647
2561
2515
2483
2436
2409
2361
2032
2024
1916
1856
1748
1726
1716
1696
1669
1648
1624
1484
1342
1275
1271
1220
1196
1194
1178
1159
1158
1139
1123
1072
819
778
757
723
710
573
501
460
433
431
427
365
273
248
78
