99977
99956
99881
99874
99857
99853
99853
99798
99721
99713
99667
99625
99494
99479
99466
99444
99429
99359
99221
99203
99100
99080
98917
98915
98889
98873
98872
98866
98836
98797
98773
98670
98636
98630
98575
98553
98478
98462
98428
98412
98388
98336
98271
98254
98218
98216
98130
98108
98092
98020
97924
97901
97856
97851
97836
97821
97821
97737
97626
97536
97484
97389
97346
97297
97280
97202
97166
97114
97011
97005
97005
97001
96986
96750
96706
96655
96566
96514
96474
96432
96426
96417
96372
96288
96278
96146
95949
95904
95890
95779
95768
95715
95621
95565
95506
95440
95433
95425
95416
95263
95261
95162
95069
95013
94989
94967
94865
94863
94839
94820
94763
94753
94686
94641
94581
94571
94564
94504
94350
94122
94099
93977
93971
93950
93944
93876
93868
93841
93783
93701
93598
93491
93390
93221
93125
93123
93120
93118
92977
92917
92828
92746
92680
92457
92419
92417
92115
92096
91999
91984
91938
91888
91741
91739
91676
91641
91614
91557
91529
91498
91495
91385
91268
91241
91101
91078
91034
90990
90919
90905
90442
90389
90336
90315
90249
90164
90114
90113
89987
89981
89843
89839
89780
89688
89635
89612
89544
89520
89470
89469
89457
89456
89402
89288
89260
89259
89233
89193
89151
89122
89085
89054
88997
88934
88868
88785
88768
88756
88722
88579
88532
88462
88445
88433
88402
88385
88371
88309
88296
88280
88261
88228
88167
88068
87974
87904
87832
87807
87788
87748
87744
87677
87618
87607
87599
87575
87541
87503
87427
87400
87384
87353
87324
87320
87299
87210
87207
87133
87023
87010
86966
86836
86802
86791
86720
86606
86602
86573
86522
86503
86493
86477
86443
86418
86368
86355
86326
86287
86256
86231
86217
86176
86150
86106
85847
85793
85780
85749
85592
85446
85424
85323
85303
85273
85220
85207
85161
85158
85150
84992
84941
84913
84886
84695
84619
84597
84577
84506
84478
84458
84448
84408
84366
84277
84227
84221
84166
84073
84041
83992
83953
83759
83756
83720
83709
83673
83658
83650
83609
83605
83571
83485
83394
83351
83341
83262
83163
83132
83123
83106
83027
83026
83011
82998
82988
82764
82757
82699
82681
82611
82523
82518
82504
82458
82455
82430
82356
82333
82308
82300
82233
82211
82183
82130
82121
82113
82079
82034
81818
81711
81671
81627
81614
81593
81519
81511
81507
81410
81403
81367
81301
81265
81224
81138
81125
81091
81065
80979
80979
80974
80934
80895
80846
80805
80781
80656
80640
80547
80525
80446
80396
80340
80334
80304
80303
80021
79759
79704
79663
79657
79569
79536
79484
79414
79389
79312
79242
79216
79141
79024
79009
79006
78977
78974
78968
78937
78923
78907
78867
78832
78816
78726
78625
78576
78481
78480
78371
78369
78288
78282
78243
78173
78169
78075
78024
77983
77926
77891
77818
77816
77709
77553
77508
77506
77502
77458
77453
77403
77301
77257
77139
77115
77053
77052
76962
76885
76879
76872
76826
76808
76745
76709
76690
76688
76658
76537
76479
76473
76327
76296
76245
76176
76121
75889
75881
75877
75823
75808
75699
75657
75559
75526
75386
75235
75204
75098
74981
74939
74844
74836
74822
74821
74770
74682
74666
74487
74448
74416
74409
74399
74386
74382
74373
74321
74224
74151
74052
73991
73890
73868
73822
73781
73727
73719
73632
73611
73601
73357
73317
73274
73149
73129
73079
73063
73055
73047
72994
72935
72864
72791
72698
72593
72541
72455
72344
72310
72305
72304
72094
72092
71947
71942
71826
71778
71759
71738
71672
71657
71548
71540
71392
71362
71324
71268
71253
71248
71162
71159
71136
70999
70964
70921
70878
70842
70818
70682
70672
70638
70635
70533
70495
70359
70291
70283
70248
70236
70234
70210
70154
70112
70100
70015
70015
69959
69913
69852
69851
69733
69716
69656
69638
69558
69519
69504
69502
69472
69359
69320
69317
69312
69271
69253
69219
69168
69160
69112
69040
68932
68896
68803
68714
68697
68604
68565
68412
68394
68383
68362
68331
68318
68267
68253
68242
68127
68107
68086
68058
67969
67963
67922
67883
67875
67869
67736
67649
67465
67462
67456
67447
67382
67269
67223
67219
67192
67192
67166
67130
67045
67020
66936
66914
66859
66849
66784
66782
66690
66674
66658
66497
66258
66228
66130
66016
66013
65918
65908
65849
65814
65794
65775
65743
65730
65711
65578
65421
65351
65326
65320
65275
65218
65209
65187
65127
65079
65030
65013
64998
64987
64987
64847
64837
64804
64799
64797
64737
64672
64549
64527
64419
64334
64293
64245
64230
64215
64086
64034
63961
63956
63797
63754
63723
63669
63650
63646
63618
63593
63529
63483
63448
63448
63404
63402
63381
63380
63379
63260
63212
63175
63173
63009
62861
62799
62760
62715
62609
62594
62540
62481
62409
62396
62356
62266
62222
62215
62183
62161
62157
62104
62098
62066
62032
61885
61812
61773
61656
61646
61537
61417
61391
61217
61095
61039
60922
60905
60898
60854
60814
60788
60781
60770
60750
60652
60563
60523
60505
60325
60127
60113
60081
60080
59984
59962
59954
59871
59865
59786
59763
59738
59617
59557
59538
59535
59490
59490
59453
59442
59334
59303
59256
59148
59056
59000
58993
58826
58814
58806
58791
58764
58735
58702
58654
58646
58626
58561
58554
58525
58521
58520
58465
58449
58430
58414
58331
58299
58226
58075
57970
57918
57883
57871
57826
57773
57729
57728
57719
57694
57629
57554
57502
57500
57497
57491
57467
57418
57414
57372
57303
57273
57043
56995
56973
56874
56624
56443
56424
56322
56262
56105
56085
55995
55743
55710
55571
55478
55362
55331
55328
55315
55253
55249
55247
55106
55041
54995
54983
54967
54872
54742
54690
54565
54486
54376
54368
54335
54276
54238
54217
54181
54049
53945
53906
53868
53832
53805
53790
53753
53736
53721
53656
53627
53612
53568
53384
53321
53292
53199
53112
53098
53074
53044
53031
53005
52974
52952
52929
52892
52780
52766
52736
52728
52688
52656
52650
52630
52613
52499
52422
52336
52291
52284
52272
52187
52098
51979
51970
51832
51789
51762
51674
51666
51645
51605
51467
51459
51358
51322
51302
51302
51147
51136
51135
51062
51012
50986
50953
50948
50938
50926
50901
50888
50777
50746
50719
50697
50639
50547
50500
50487
50456
50332
50233
50162
50159
50143
50117
50027
49983
49969
49924
49887
49753
49752
49731
49723
49678
49616
49606
49533
49507
49492
49404
49357
49304
49262
49261
49257
49249
49191
49112
48947
48934
48930
48875
48777
48770
48685
48643
48591
48567
48542
48530
48382
48380
48304
48263
48262
48147
48077
47934
47891
47890
47781
47763
47748
47657
47612
47587
47508
47493
47478
47469
47297
47249
47191
47176
47142
47108
47050
46998
46950
46925
46794
46780
46695
46646
46521
46472
46467
46433
46431
46369
46340
46335
46222
46150
46098
46053
46003
45964
45872
45867
45862
45846
45735
45734
45733
45491
45479
45473
45452
45433
45404
45402
45394
45326
45219
45168
45029
45010
44939
44906
44867
44839
44814
44768
44760
44754
44723
44674
44590
44561
44556
44338
44234
44231
44118
44105
44057
44002
43919
43917
43914
43862
43518
43428
43405
43318
43284
43283
43258
43255
43111
42923
42915
42879
42823
42823
42794
42782
42732
42719
42628
42472
42462
42436
42432
42401
42353
42098
42064
42037
41970
41959
41854
41803
41792
41673
41662
41635
41600
41564
41545
41499
41433
41408
41285
41262
41200
40949
40858
40660
40659
40630
40476
40470
40447
40437
40365
40203
40198
40171
40148
40020
39995
39982
39760
39678
39676
39614
39578
39557
39537
39439
39420
39341
39331
39329
39138
38894
38764
38741
38663
38624
38567
38562
38558
38544
38440
38406
38378
38369
38366
38358
38269
38236
38164
38073
38003
37914
37893
37891
37876
37869
37816
37780
37756
37743
37698
37695
37672
37649
37573
37494
37469
37464
37418
37399
37380
37363
37350
37284
37234
37157
37145
37095
37088
37051
37017
37017
36988
36905
36884
36847
36733
36730
36686
36577
36542
36506
36463
36455
36455
36446
36337
36313
36227
36135
36122
36102
36094
36007
35949
35922
35915
35895
35876
35762
35713
35702
35584
35554
35453
35449
35435
35333
35320
35285
35204
35201
35195
35140
35126
35095
35009
34966
34840
34834
34759
34742
34737
34732
34731
34656
34622
34596
34565
34535
34425
34385
34334
34158
34141
34131
33997
33919
33904
33894
33835
33823
33776
33756
33639
33540
33517
33513
33486
33471
33353
33289
33288
33092
32921
32906
32713
32633
32600
32584
32577
32523
32470
32409
32357
32288
32205
31978
31936
31890
31851
31845
31812
31810
31781
31743
31637
31574
31545
31521
31481
31413
31399
31327
31304
31262
31235
31190
31142
31074
31001
30996
30940
30912
30906
30900
30857
30839
30820
30812
30748
30680
30669
30581
30552
30422
30414
30304
30277
30235
30170
30148
30098
30060
30033
30028
30010
29997
29979
29963
29889
29823
29746
29640
29564
29461
29451
29404
29365
29289
29233
29227
29220
29106
29027
28894
28877
28877
28780
28778
28775
28755
28754
28714
28695
28691
28625
28507
28433
28431
28408
28407
28322
28306
28274
28256
28248
28213
28194
28173
28149
28105
28054
28038
28023
27988
27982
27913
27886
27884
27859
27829
27827
27746
27744
27718
27712
27696
27602
27413
27395
27328
27222
27210
27128
27127
27127
27082
27001
26902
26875
26852
26776
26716
26684
26627
26611
26587
26553
26453
26437
26435
26353
26337
26331
26305
26241
26211
26153
26109
26105
26099
26079
26065
26053
25990
25797
25745
25731
25713
25621
25605
25573
25551
25545
25474
25462
25371
25347
25310
25131
25108
25062
25048
24979
24953
24866
24857
24839
24827
24804
24779
24738
24736
24656
24624
24495
24334
24316
24302
24245
24169
24015
23911
23865
23841
23712
23699
23690
23639
23599
23582
23539
23531
23529
23434
23356
23336
23281
23199
23143
23133
23048
23039
23031
22948
22869
22825
22786
22672
22655
22596
22575
22572
22518
22508
22462
22461
22441
22436
22328
22301
22287
22232
22215
21923
21913
21903
21839
21814
21772
21727
21703
21566
21476
21374
21358
21336
21225
21204
21097
21081
21057
21016
20951
20737
20711
20695
20681
20671
20576
20555
20542
20489
20445
20435
20434
20297
20277
20255
20223
20170
20150
20149
20105
19986
19945
19900
19886
19854
19808
19806
19779
19611
19581
19499
19487
19441
19440
19433
19401
19308
19179
19127
19017
18940
18853
18830
18829
18794
18768
18727
18702
18677
18567
18565
18448
18434
18418
18415
18414
18355
18327
18302
18279
18155
18030
18001
17803
17799
17763
17709
17668
17591
17535
17495
17474
17420
17288
17248
17247
17237
17235
17210
17080
17066
16941
16936
16930
16917
16906
16891
16789
16787
16740
16711
16666
16510
16505
16493
16491
16463
16459
16452
16433
16429
16413
16218
16185
15969
15879
15873
15860
15843
15727
15671
15639
15594
15578
15568
15534
15488
15487
15459
15458
15451
15435
15308
15219
15120
15116
15018
15012
14949
14920
14917
14776
14776
14737
14682
14649
14598
14561
14461
14460
14427
14417
14396
14225
14224
14212
14188
14139
14046
13899
13878
13865
13828
13817
13816
13803
13756
13741
13702
13618
13538
13497
13305
13154
13096
13091
13065
12819
12799
12732
12686
12649
12636
12622
12602
12585
12497
12328
12284
12028
12027
12005
11992
11972
11952
11838
11816
11767
11764
11763
11754
11694
11659
11560
11517
11492
11364
11346
11318
11296
11230
11182
11159
11144
11087
11013
10993
10981
10962
10841
10801
10783
10758
10753
10717
10668
10598
10550
10532
10527
10453
10433
10314
10274
10256
10082
10040
9986
9968
9884
9846
9795
9785
9735
9722
9690
9562
9496
9492
9457
9397
9349
9310
9252
9251
9212
9094
9086
9079
9078
9076
9000
8973
8969
8964
8865
8858
8828
8762
8709
8697
8647
8635
8573
8402
8391
8258
8212
8197
8180
8129
8114
8094
8072
8072
8050
7908
7743
7715
7705
7691
7612
7557
7489
7485
7406
7255
7201
7185
7124
7076
7023
6916
6908
6855
6758
6737
6656
6594
6580
6461
6432
6390
6221
6119
6022
5878
5762
5733
5683
5663
5638
5559
5537
5323
5304
5254
5212
5142
5103
5095
5028
5013
4894
4882
4860
4845
4731
4706
4688
4680
4608
4591
4570
4506
4421
4416
4412
4360
4344
4328
4275
4263
4247
4211
4167
4165
4079
4054
4005
3973
3882
3744
3661
3620
3617
3554
3498
3483
3391
3334
3221
3127
3088
3024
3017
3016
2886
2838
2828
2682
2593
2571
2503
2419
2419
2392
2380
2373
2337
2315
2309
2271
2262
2162
2145
1758
1732
1722
1668
1640
1620
1543
1526
1508
1458
1432
1418
1413
1399
1389
1337
1201
1140
1112
1099
947
930
905
847
837
737
703
679
642
641
633
632
598
577
499
480
457
369
315
234
180
125
