99942
99889
99861
99781
99753
99747
99695
99577
99556
99517
99490
99454
99413
99408
99233
99199
99159
99057
99048
99046
99013
98689
98634
98615
98501
98492
98461
98450
98278
98234
98214
98130
98045
98042
97928
97913
97874
97865
97850
97829
97823
97812
97605
97583
97408
97216
97144
97071
97041
96955
96931
96896
96826
96734
96715
96710
96579
96552
96375
96366
96339
96284
96271
96213
96197
96177
96174
96123
96092
95966
95801
95758
95748
95721
95680
95557
95389
95327
95324
95190
95038
95022
94943
94914
94832
94707
94695
94577
94556
94546
94495
94465
94334
94249
94245
94184
94131
94053
93966
93802
93774
93756
93680
93635
93633
93607
93596
93564
93485
93472
93427
93392
93381
93348
93304
93294
93265
93262
93175
93043
93031
93018
92966
92905
92895
92862
92862
92804
92613
92512
92501
92457
92409
92370
92335
92243
92222
92156
92145
92128
92104
92046
92037
92022
92019
91935
91923
91895
91850
91779
91744
91655
91637
91620
91525
91484
91450
91385
91325
91317
91287
91203
91201
91133
91124
90811
90792
90761
90756
90695
90620
90514
90428
90413
90298
90262
90238
90202
90179
90163
90070
90063
90007
89958
89956
89897
89894
89849
89829
89793
89782
89736
89678
89640
89611
89479
89423
89384
89367
89346
89332
89330
89296
89280
89274
89156
89133
89124
89064
89017
88967
88937
88883
88862
88853
88799
88780
88763
88740
88735
88733
88731
88706
88673
88550
88527
88505
88349
88247
88096
88095
88076
87932
87846
87745
87733
87679
87635
87562
87541
87518
87486
87421
87410
87395
87376
87362
87357
87347
87265
87161
87144
87113
87034
87028
86890
86885
86864
86805
86771
86744
86744
86717
86714
86710
86684
86681
86666
86596
86576
86561
86500
86491
86437
86322
86289
86232
86222
86168
86156
86155
86117
85967
85822
85809
85759
85723
85709
85686
85583
85503
85487
85412
85360
85327
85228
85194
85136
85130
85125
85075
84988
84883
84862
84837
84804
84709
84627
84599
84471
84458
84348
84317
84299
84273
84170
84119
84016
83997
83945
83925
83915
83915
83838
83739
83706
83664
83640
83588
83556
83428
83315
83309
83267
83143
83141
83139
83057
83002
82963
82889
82867
82854
82836
82799
82792
82730
82653
82645
82616
82592
82543
82525
82394
82369
82188
82108
81866
81847
81839
81821
81765
81679
81619
81617
81606
81573
81523
81497
81478
81357
81257
81249
81237
81226
81186
81054
81011
80974
80945
80895
80862
80820
80744
80639
80627
80585
80559
80533
80425
80380
80334
80325
80297
80291
80282
80251
80233
80211
80162
80057
80039
80010
79996
79985
79906
79876
79845
79783
79776
79732
79704
79694
79548
79507
79329
79302
79278
79269
79265
79253
79132
79124
79038
79024
78984
78972
78965
78921
78913
78862
78828
78779
78750
78743
78741
78726
78715
78627
78586
78514
78437
78422
78403
78393
78392
78372
78369
78358
78255
78209
78144
78081
78063
78057
78047
77763
77737
77695
77646
77616
77581
77567
77551
77517
77467
77383
77379
77296
77190
77093
77076
76987
76981
76966
76948
76905
76867
76866
76864
76748
76668
76619
76508
76488
76471
76326
76251
76240
76226
76220
76177
76136
76127
76122
76107
76086
76011
76004
75913
75892
75858
75775
75773
75717
75670
75597
75559
75511
75488
75421
75396
75336
75316
75251
75210
75200
75155
75097
75084
75078
75031
74983
74973
74949
74946
74817
74804
74789
74685
74678
74630
74595
74587
74573
74542
74540
74456
74454
74400
74383
74247
74082
74065
74052
74028
74007
73934
73911
73899
73826
73669
73558
73545
73521
73417
73388
73339
73230
73217
73161
73156
73153
73091
73084
73037
73025
73015
72919
72777
72738
72708
72594
72483
72458
72397
72379
72269
72240
72173
72086
72061
71996
71972
71821
71724
71659
71612
71539
71509
71488
71488
71442
71296
71098
71053
71018
70975
70940
70888
70839
70823
70794
70779
70773
70707
70698
70696
70463
70426
70371
70360
70326
70268
70250
70185
70136
70136
70109
70106
70055
69952
69866
69760
69689
69567
69417
69403
69251
69232
69184
69137
69094
69035
68984
68932
68929
68928
68854
68818
68793
68684
68650
68600
68502
68500
68471
68440
68406
68392
68383
68380
68309
68289
68256
68203
68197
68154
68110
68044
68039
68011
67993
67896
67892
67856
67748
67726
67673
67631
67619
67591
67505
67488
67436
67434
67310
67310
67228
67177
67143
66987
66876
66848
66770
66731
66725
66720
66650
66645
66611
66476
66474
66412
66379
66233
66200
66142
66119
66067
66030
65937
65896
65832
65823
65803
65759
65744
65718
65706
65669
65648
65587
65456
65444
65393
65335
65289
65271
65254
65241
65095
64915
64882
64796
64764
64725
64714
64708
64569
64466
64383
64297
64218
64196
64134
64114
64039
63876
63854
63768
63762
63681
63632
63585
63500
63458
63403
63357
63341
63289
63172
63094
63080
63071
63069
63027
63023
63016
62984
62828
62629
62573
62568
62547
62533
62525
62487
62436
62403
62349
62341
62329
62322
62209
62192
62185
62152
62139
62095
62089
62060
62056
62026
61990
61957
61936
61867
61836
61783
61776
61753
61651
61561
61545
61421
61385
61367
61328
61157
61099
61067
61043
61013
61002
60880
60725
60705
60687
60636
60600
60548
60345
60343
60227
60078
59931
59913
59799
59740
59721
59592
59565
59560
59551
59510
59458
59358
59321
59292
59102
59095
59060
58980
58937
58918
58865
58779
58700
58480
58369
58329
58265
58117
58094
58088
58027
57999
57894
57880
57845
57711
57582
57582
57566
57550
57456
57418
57331
57315
57233
57205
57194
57119
56952
56864
56843
56824
56790
56775
56735
56669
56654
56607
56514
56509
56482
56372
56323
56083
56067
56040
56033
56011
55999
55949
55843
55828
55767
55747
55705
55678
55616
55572
55518
55476
55453
55452
55451
55443
55439
55339
55336
55273
55268
55194
55180
55163
55134
55103
55091
55075
54927
54902
54889
54820
54797
54787
54786
54754
54697
54690
54689
54645
54625
54598
54583
54437
54353
54222
54148
54116
54060
54013
53971
53829
53823
53687
53678
53656
53628
53545
53531
53506
53454
53407
53396
53379
53354
53336
53298
53238
53218
53195
53138
53086
53081
52975
52799
52786
52783
52728
52721
52574
52559
52441
52427
52423
52407
52389
52386
52356
52344
52322
52277
52277
52260
52257
52118
52101
52098
52057
52022
52015
51928
51922
51901
51824
51743
51657
51648
51609
51561
51481
51467
51430
51390
51341
51301
51255
51205
51164
51123
51099
51082
51025
51010
50942
50892
50868
50776
50718
50660
50502
50436
50341
50337
50318
50301
50292
50267
50262
50262
50208
50203
50170
50153
50126
49993
49944
49844
49820
49679
49661
49583
49354
49329
49258
49188
49119
49075
49069
49030
48992
48970
48970
48767
48714
48708
48635
48620
48483
48332
48269
48221
48132
48026
47974
47947
47943
47929
47879
47706
47695
47658
47643
47615
47548
47510
47510
47501
47306
47274
47225
47216
47214
47172
47071
47025
47018
47000
46988
46984
46941
46708
46598
46455
46403
46238
46183
46138
46056
45929
45911
45823
45817
45791
45743
45726
45489
45480
45427
45221
45207
45192
45157
45129
45121
45056
45052
45043
44900
44893
44810
44780
44764
44763
44736
44644
44532
44530
44357
44347
44341
44259
44131
44068
44006
43990
43954
43914
43898
43872
43866
43765
43719
43638
43533
43456
43446
43423
43420
43389
43332
43296
43250
43217
43124
43114
43053
43049
42976
42957
42950
42895
42844
42773
42773
42771
42759
42732
42715
42690
42597
42547
42540
42516
42469
42410
42268
42257
42207
42196
42164
42130
42073
42054
42001
41862
41796
41747
41730
41729
41635
41608
41576
41574
41286
41270
41181
41158
41134
41100
41026
40879
40817
40770
40760
40698
40637
40628
40605
40587
40569
40506
40444
40429
40346
40304
40217
40067
40020
39989
39971
39960
39827
39696
39636
39633
39619
39606
39570
39506
39503
39477
39471
39450
39421
39386
39275
39246
39233
39167
39098
39047
39042
38894
38841
38821
38768
38644
38592
38540
38489
38458
38201
38119
37885
37813
37794
37661
37614
37575
37323
37274
37193
37169
37165
37112
37091
37066
37064
37011
36921
36851
36827
36749
36732
36723
36620
36580
36539
36516
36483
36374
36340
36276
36252
36207
36170
36013
36008
36000
35994
35976
35946
35859
35834
35782
35699
35684
35649
35626
35596
35561
35548
35515
35471
35438
35318
35168
35161
35160
35109
35072
35021
34866
34752
34725
34710
34706
34656
34649
34627
34617
34548
34470
34465
34419
34358
34345
34318
34204
34188
34171
34118
34081
34052
33988
33981
33965
33947
33946
33824
33808
33737
33720
33692
33670
33577
33570
33565
33514
33435
33390
33364
33329
33321
33268
33264
33259
33226
33223
33188
33120
33101
33046
33015
32975
32922
32921
32892
32886
32862
32806
32806
32791
32716
32693
32666
32590
32503
32472
32462
32451
32396
32368
32316
32187
32064
32058
32019
31928
31768
31720
31640
31552
31504
31466
31405
31379
31349
31336
31327
31315
31295
31090
31042
31026
31000
30943
30907
30861
30846
30822
30819
30770
30754
30680
30641
30579
30550
30462
30447
30333
30252
30178
30163
30146
30104
30026
29867
29855
29821
29682
29658
29630
29587
29557
29458
29429
29394
29361
29197
29191
29187
29172
29171
29076
29042
29030
29009
28988
28980
28979
28791
28637
28616
28573
28458
28417
28409
28402
28378
28337
28295
28257
28231
28227
28219
28166
28162
28000
27892
27892
27841
27771
27755
27568
27561
27529
27512
27394
27383
27298
27218
27120
27119
27072
27067
27059
27051
26819
26819
26696
26611
26525
26377
26320
26319
26296
26290
26276
26235
26200
26149
26143
26082
26049
26044
26039
26022
25976
25955
25948
25902
25795
25584
25564
25495
25271
25231
25229
25179
25157
25114
25110
24958
24824
24762
24758
24686
24617
24614
24596
24463
24437
24294
24284
24257
24228
24187
24140
24090
24056
24011
23981
23979
23972
23725
23685
23563
23555
23478
23360
23318
23257
23175
23166
23159
23143
23118
23009
23004
22922
22869
22852
22818
22803
22789
22648
22515
22410
22382
22369
22188
22158
22025
21998
21993
21951
21934
21916
21915
21727
21671
21627
21582
21569
21559
21516
21512
21499
21349
21342
21276
21262
21258
21241
21162
21107
21075
21062
21014
21012
20965
20923
20917
20894
20865
20778
20749
20714
20702
20699
20563
20512
20498
20477
20435
20422
20399
20364
20317
20294
20287
20181
20174
20128
20108
20097
19985
19984
19943
19932
19875
19768
19765
19743
19717
19411
19344
19338
19333
19317
19302
19290
19284
19263
19235
19190
19116
19051
18932
18784
18718
18701
18693
18675
18614
18578
18444
18405
18395
18384
18332
18313
18277
18144
18052
18013
17900
17865
17845
17824
17798
17759
17741
17734
17716
17680
17674
17667
17546
17541
17535
17503
17490
17463
17415
17409
17354
17288
17272
17253
17245
17168
17122
17062
17044
16900
16881
16852
16786
16764
16741
16722
16571
16543
16502
16497
16447
16445
16395
16209
16052
16043
16017
15992
15970
15943
15938
15907
15824
15814
15696
15455
15437
15419
15373
15345
15337
15330
15258
15242
15181
15150
15127
15048
14983
14902
14878
14840
14754
14738
14659
14584
14573
14458
14440
14424
14123
14096
14055
14046
13996
13819
13758
13714
13623
13600
13573
13448
13425
13395
13381
13373
13345
13344
13271
13214
12957
12910
12875
12825
12771
12633
12600
12524
12439
12369
12256
12246
12219
12196
12170
12093
12018
11960
11920
11884
11823
11821
11786
11786
11745
11740
11714
11663
11629
11559
11559
11533
11530
11521
11517
11475
11329
11293
11272
11222
11169
11151
11150
11132
11077
11011
10998
10997
10959
10937
10832
10830
10751
10746
10723
10652
10626
10514
10338
10300
10207
10192
10162
10150
10133
10118
10026
10020
9974
9943
9812
9774
9721
9698
9657
9630
9586
9558
9551
9512
9475
9353
9340
9322
9288
9185
9109
9060
9050
8949
8864
8807
8766
8762
8659
8655
8577
8577
8541
8495
8477
8466
8434
8265
8107
7976
7940
7758
7684
7629
7518
7462
7391
7373
7169
7154
7030
6912
6910
6908
6905
6868
6840
6799
6781
6664
6556
6523
6423
6396
6392
6303
6151
6143
6142
5999
5967
5931
5917
5855
5779
5751
5615
5494
5340
5310
5306
5304
5260
5236
5182
5176
5171
4934
4891
4813
4761
4729
4723
4652
4546
4540
4385
4329
4299
4289
4233
4156
4153
4095
3999
3993
3958
3934
3933
3926
3837
3828
3819
3815
3813
3807
3801
3794
3783
3625
3488
3473
3467
3418
3341
3295
3204
3168
3144
3102
2901
2859
2835
2794
2734
2719
2642
2563
2562
2417
2386
2308
2281
2059
2057
1875
1786
1771
1709
1651
1594
1464
1434
1353
1223
1109
1080
993
921
911
862
841
837
833
784
738
530
447
340
338
278
119
20
