99978
99812
99779
99769
99738
99620
99601
99569
99506
99465
99464
99458
99305
99257
99249
99211
99117
99083
99047
98912
98899
98895
98811
98784
98582
98566
98560
98461
98287
98272
98233
98224
98188
98122
98056
98027
98024
97980
97967
97883
97819
97661
97523
97428
97427
97336
97315
97311
97291
97262
97251
97206
97134
97119
96989
96987
96833
96779
96750
96703
96702
96592
96577
96543
96509
96501
96485
96480
96466
96448
96391
96381
96371
96272
96186
95986
95960
95915
95808
95795
95793
95766
95736
95666
95639
95636
95434
95376
95312
95252
95088
94998
94953
94919
94768
94746
94617
94559
94468
94417
94285
94281
94195
94181
94125
94078
93904
93855
93831
93786
93749
93747
93721
93688
93608
93568
93461
93428
93383
93343
93148
93098
93083
93082
93072
93072
92943
92910
92847
92839
92833
92805
92716
92687
92665
92619
92518
92509
92487
92273
92063
92051
91826
91756
91755
91638
91450
91353
91292
91290
91265
91204
91120
91062
90993
90917
90887
90883
90808
90767
90687
90677
90676
90659
90658
90585
90544
90538
90489
90445
90406
90394
90391
90373
90340
90281
90236
90235
90168
90165
90154
90107
90062
90012
89993
89962
89894
89866
89851
89846
89717
89709
89688
89603
89576
89439
89410
89330
89314
89260
89258
89233
89214
89203
89198
89159
89118
89081
89029
88997
88911
88874
88829
88823
88796
88774
88705
88699
88598
88590
88569
88554
88489
88429
88381
88346
88340
88272
88270
88251
88150
88127
88119
88031
88015
87999
87983
87972
87893
87892
87888
87844
87817
87794
87716
87683
87680
87597
87556
87516
87493
87481
87255
87214
87198
87174
87116
87039
87017
86919
86909
86817
86773
86724
86608
86599
86537
86534
86519
86510
86494
86469
86375
86369
86330
86226
86123
86105
85980
85974
85926
85887
85824
85757
85682
85616
85564
85411
85406
85325
85290
85274
85254
85254
85248
85244
85226
85082
85047
85027
84934
84782
84733
84721
84711
84685
84599
84361
84334
84275
84246
84202
84187
84142
84126
84101
84065
84030
84015
83862
83799
83714
83711
83707
83696
83652
83641
83612
83504
83214
83189
83182
83120
83080
83065
82984
82957
82952
82871
82822
82815
82599
82574
82562
82555
82382
82331
82324
82298
82271
82166
82121
82006
81904
81870
81821
81804
81794
81677
81668
81645
81580
81524
81340
81332
81212
81175
81159
81129
81110
81091
81046
80966
80965
80873
80859
80764
80735
80631
80626
80559
80551
80547
80513
80287
80241
80204
80166
80126
80101
79972
79966
79718
79705
79699
79681
79607
79601
79599
79564
79551
79480
79468
79468
79464
79364
79355
79322
79312
79261
79240
79198
79168
79055
79020
79010
78971
78956
78940
78936
78859
78852
78737
78680
78631
78593
78533
78427
78165
78095
78049
77987
77933
77903
77898
77896
77843
77778
77737
77728
77660
77652
77650
77565
77445
77425
77329
77288
77122
77095
77088
77086
77070
77013
76976
76900
76900
76874
76823
76708
76670
76597
76594
76320
76291
76229
76077
75963
75925
75860
75825
75547
75537
75516
75504
75158
75039
75021
75018
74978
74881
74846
74831
74745
74673
74654
74601
74597
74580
74461
74403
74388
74353
74350
74158
74117
74094
74043
73996
73969
73958
73946
73940
73923
73875
73863
73759
73722
73673
73631
73620
73495
73437
73388
73300
73259
73244
73128
73119
73052
72976
72942
72931
72910
72818
72816
72813
72801
72706
72626
72593
72585
72571
72495
72435
72290
72271
72253
72226
72171
72047
72042
71966
71937
71923
71913
71898
71767
71703
71625
71545
71539
71504
71481
71471
71469
71458
71400
71398
71370
71369
71344
71319
71274
71172
71134
71124
71112
71039
71034
71026
70976
70915
70880
70853
70736
70732
70707
70663
70627
70584
70531
70515
70509
70424
70399
70369
70335
70268
70204
70157
70120
70082
70051
70003
69928
69921
69917
69912
69862
69851
69842
69824
69822
69821
69797
69782
69669
69651
69355
69347
69314
69263
69258
69257
69202
69197
69184
69070
69060
69004
68995
68941
68932
68929
68903
68869
68844
68631
68573
68559
68493
68445
68320
68307
68127
68095
68053
68037
67959
67903
67800
67783
67754
67480
67352
67350
67344
67107
67070
67042
67006
66927
66790
66676
66600
66588
66585
66534
66493
66479
66406
66343
66199
66111
65967
65910
65829
65796
65786
65769
65723
65692
65659
65551
65528
65519
65475
65471
65410
65380
65309
65257
65201
65119
65042
65004
64883
64849
64823
64723
64694
64632
64579
64548
64273
64243
64206
64202
64129
64127
64090
63993
63986
63860
63797
63658
63589
63516
63480
63411
63364
63358
63356
63327
63220
63203
63188
63117
63069
62971
62937
62931
62660
62644
62630
62610
62609
62583
62580
62453
62356
62351
62273
62252
62228
62220
62146
62132
62080
62066
62059
62054
61999
61959
61933
61779
61770
61768
61488
61449
61392
61374
61185
61075
61068
61052
60953
60937
60917
60853
60820
60759
60734
60673
60625
60621
60570
60563
60514
60503
60501
60490
60445
60399
60287
60274
60234
60188
60038
59977
59829
59827
59775
59719
59706
59691
59668
59529
59527
59517
59414
59373
59358
59349
59338
59330
59324
59278
59250
59185
59146
59143
59139
59093
59052
59042
59015
59006
58996
58869
58819
58745
58716
58690
58680
58658
58648
58605
58599
58584
58581
58551
58493
58401
58373
58363
58247
58238
58043
57892
57819
57756
57706
57658
57657
57651
57642
57624
57616
57604
57564
57550
57503
57207
57187
57152
57048
57035
56999
56879
56875
56866
56849
56847
56794
56790
56768
56651
56579
56532
56474
56388
56348
56268
56138
56091
56087
55975
55882
55811
55788
55728
55644
55628
55541
55527
55426
55362
55358
55290
55212
55178
55155
55140
55095
55029
55019
55010
54915
54907
54872
54868
54692
54665
54631
54624
54448
54390
54377
54376
54337
54323
54318
54312
54251
54189
54150
54095
54043
54003
54002
53999
53867
53832
53739
53723
53558
53553
53469
53432
53384
53338
53323
53299
53249
53209
53195
53174
53153
53005
52882
52874
52854
52772
52737
52734
52641
52635
52634
52446
52437
52402
52317
52281
52206
52204
52196
52119
52072
52056
51973
51954
51948
51911
51903
51884
51879
51798
51742
51739
51728
51707
51619
51566
51556
51454
51442
51423
51349
51254
51239
51210
51190
51178
51150
51124
51095
51079
50958
50952
50901
50841
50737
50728
50721
50676
50631
50601
50405
50405
50295
50269
50245
50072
49804
49747
49741
49683
49548
49519
49475
49397
49202
49187
49171
49143
49118
49085
49047
49024
49001
48971
48944
48853
48842
48824
48590
48589
48575
48366
48281
48208
48122
48084
47947
47742
47692
47680
47644
47584
47451
47434
47364
47300
47293
47285
47254
47232
47207
47202
47013
46998
46991
46961
46911
46748
46745
46716
46693
46639
46575
46552
46502
46434
46426
46356
46284
46283
46207
46192
46087
45991
45975
45817
45782
45770
45739
45591
45452
45223
45212
45201
45132
45006
44869
44867
44766
44740
44568
44567
44515
44428
44412
44395
44379
44368
44296
44286
44176
44173
44164
44138
44107
44106
44022
43994
43889
43885
43873
43797
43795
43657
43626
43624
43587
43570
43463
43458
43438
43434
43426
43421
43357
43355
43345
43255
43138
43117
43068
42992
42939
42921
42900
42891
42807
42796
42747
42728
42701
42695
42639
42627
42609
42505
42463
42454
42427
42403
42158
42140
41991
41961
41939
41880
41879
41854
41842
41677
41632
41632
41502
41353
41353
41274
41147
41016
40963
40864
40788
40750
40683
40654
40544
40519
40476
40436
40359
40278
40254
40251
40149
40127
40088
40049
40033
39946
39836
39833
39823
39774
39763
39736
39700
39650
39606
39603
39545
39509
39481
39425
39409
39394
39392
39364
39332
39329
39329
39063
39024
39021
39015
38988
38956
38936
38916
38916
38888
38870
38856
38737
38732
38635
38602
38595
38561
38463
38450
38406
38387
38177
38147
38138
38119
38095
38027
37872
37839
37795
37786
37774
37681
37611
37585
37561
37539
37341
37324
37324
37285
37248
37223
37214
37083
37081
37010
36975
36971
36868
36818
36813
36806
36790
36777
36700
36647
36639
36630
36617
36611
36591
36574
36547
36527
36475
36334
36232
36121
36098
36088
36071
36066
36041
35925
35906
35874
35858
35631
35476
35475
35206
35151
35128
35121
35036
35013
34981
34967
34938
34851
34799
34741
34675
34658
34592
34560
34422
34349
34248
34240
34220
34138
34111
34068
33998
33907
33902
33888
33864
33849
33828
33753
33659
33618
33611
33580
33531
33430
33429
33349
33198
33186
33013
32994
32931
32900
32854
32793
32783
32721
32712
32657
32459
32443
32428
32303
32288
32235
32234
32136
32102
32096
32070
31929
31837
31801
31678
31661
31639
31619
31613
31587
31501
31493
31483
31464
31395
31320
31290
31064
31059
31057
30984
30902
30894
30890
30841
30769
30656
30639
30632
30610
30596
30591
30523
30512
30424
30321
30161
30160
30078
30020
29924
29811
29762
29705
29653
29470
29446
29421
29390
29355
29345
29340
29333
29329
29314
29305
29272
29265
29220
29178
29170
29033
28901
28888
28806
28775
28704
28598
28577
28551
28520
28490
28424
28393
28357
28322
28318
28277
28208
28152
28125
28114
28104
28006
27971
27899
27782
27677
27642
27617
27599
27581
27551
27516
27494
27380
27323
27312
27213
27204
27187
27159
27096
27093
27000
26974
26858
26779
26722
26707
26574
26533
26530
26424
26401
26369
26359
26312
26227
26221
26200
26185
26174
26163
25969
25917
25783
25768
25765
25755
25724
25708
25669
25652
25639
25582
25503
25454
25445
25430
25287
25207
25191
25105
25041
24972
24966
24902
24745
24696
24681
24656
24614
24592
24571
24542
24427
24410
24251
24039
24000
23895
23745
23685
23684
23683
23653
23640
23425
23387
23355
23202
23079
23018
22998
22949
22908
22844
22756
22675
22668
22591
22518
22507
22452
22426
22424
22405
22395
22247
22182
22165
22052
21910
21858
21826
21781
21779
21747
21746
21745
21735
21726
21721
21580
21363
21356
21342
21216
21089
20989
20977
20976
20975
20967
20935
20921
20865
20836
20824
20715
20704
20687
20621
20557
20529
20485
20415
20404
20394
20383
20361
20355
20342
20300
20267
20153
20074
20070
19990
19983
19960
19944
19929
19873
19683
19659
19654
19581
19578
19578
19550
19504
19471
19437
19413
19358
19310
19280
19251
19246
19079
18998
18991
18985
18812
18757
18730
18644
18621
18602
18593
18581
18569
18560
18485
18481
18478
18458
18447
18253
18215
18198
18171
18145
18069
18035
18012
18000
17891
17879
17793
17769
17664
17664
17582
17551
17550
17375
17325
17230
17210
17208
17174
17160
17126
17125
17109
16979
16893
16807
16703
16687
16650
16549
16533
16331
16246
16038
15982
15973
15960
15943
15895
15764
15755
15739
15736
15726
15683
15658
15619
15597
15593
15344
15343
15319
15234
15214
15194
15108
15096
15070
14982
14978
14895
14890
14847
14759
14693
14681
14600
14531
14452
14422
14420
14355
14345
14339
14323
14292
14257
14213
14168
14118
14114
14075
14067
13970
13966
13923
13862
13848
13765
13763
13762
13680
13666
13657
13551
13540
13450
13437
13427
13368
13250
13239
13137
13125
13049
13047
13037
13025
12968
12892
12852
12833
12799
12785
12782
12750
12582
12579
12579
12536
12490
12487
12436
12380
12315
12269
12237
12228
12211
12150
12147
12141
12080
12000
11968
11887
11853
11759
11749
11690
11614
11581
11553
11543
11515
11512
11454
11444
11266
11261
11154
11143
11123
11088
11070
10933
10916
10869
10838
10836
10798
10733
10731
10712
10702
10620
10568
10565
10542
10410
10384
10322
10253
10248
10056
9934
9923
9908
9879
9879
9852
9794
9655
9622
9525
9480
9447
9444
9398
9230
9182
9175
9152
9146
9141
9084
9082
9048
9023
8941
8846
8653
8628
8540
8514
8505
8373
8208
8177
8173
8150
8126
8051
8036
7997
7959
7857
7856
7841
7829
7823
7808
7636
7623
7469
7374
7373
7355
7275
7235
7105
7100
7076
7021
7006
6887
6650
6607
6548
6525
6495
6430
6242
6124
6123
6066
6053
6034
5987
5901
5856
5757
5699
5699
5659
5654
5626
5624
5615
5599
5481
5475
5416
5390
5386
5344
5334
5331
5251
5182
5121
5091
5086
5053
4974
4945
4928
4904
4900
4881
4856
4843
4802
4771
4606
4588
4556
4478
4466
4396
4382
4333
4318
4264
4247
4200
4084
4030
3997
3883
3864
3853
3836
3812
3808
3771
3760
3672
3625
3623
3510
3497
3468
3447
3445
3306
3295
3257
3135
3082
3036
3032
3019
2992
2977
2976
2922
2913
2804
2673
2587
2505
2501
2404
2373
2314
2306
2229
2221
2198
2161
2139
2131
2083
2054
1982
1923
1922
1698
1688
1648
1616
1531
1401
1383
1363
1225
1084
1047
817
791
781
714
620
613
424
415
322
223
199
148
135
71
