99894
99861
99844
99754
99743
99486
99435
99362
99347
99345
99258
99140
98978
98950
98917
98807
98751
98685
98649
98608
98336
98318
98310
98255
98153
98066
98030
98016
98016
97997
97830
97740
97736
97736
97649
97358
97300
97244
97099
97093
97076
97063
96997
96967
96940
96928
96863
96831
96829
96824
96802
96797
96724
96686
96656
96509
96499
96497
96490
96455
96438
96421
96409
96394
96359
96336
96244
96214
96202
96201
96134
96033
95950
95949
95941
95896
95894
95866
95833
95830
95782
95748
95724
95577
95575
95575
95554
95547
95502
95499
95306
95291
95104
95031
95003
94996
94918
94902
94895
94754
94712
94685
94649
94545
94457
94161
93874
93752
93698
93654
93516
93515
93480
93467
93458
93457
93407
93319
93278
93274
93254
93200
93185
93156
93138
93107
93106
93053
93044
92927
92911
92821
92727
92576
92575
92538
92458
92446
92441
92377
92343
92235
92096
92094
92090
92089
92084
91915
91888
91878
91852
91811
91742
91738
91696
91664
91609
91335
91269
91162
91124
91098
90961
90949
90938
90900
90752
90749
90700
90674
90650
90637
90626
90547
90457
90428
90309
90279
90261
90201
90054
89983
89948
89895
89887
89863
89860
89853
89792
89717
89675
89620
89614
89530
89478
89370
89343
89297
89227
89133
89100
89097
89093
89089
89062
88908
88886
88835
88785
88761
88746
88741
88736
88631
88581
88544
88520
88486
88325
88208
88198
88178
88175
88137
88136
88133
88127
88124
88067
88038
88023
88005
87969
87966
87937
87891
87871
87827
87811
87770
87717
87557
87468
87467
87457
87435
87410
87405
87322
87267
87263
87249
87130
87106
87060
86988
86762
86741
86735
86732
86714
86654
86374
86285
86173
86171
86168
86085
86050
86037
86014
85918
85878
85814
85759
85748
85716
85687
85673
85644
85556
85552
85546
85533
85482
85472
85445
85442
85434
85424
85231
85103
84977
84949
84939
84913
84858
84844
84799
84722
84709
84697
84653
84594
84540
84489
84364
84288
84256
84234
84099
84023
84001
83982
83928
83830
83825
83819
83795
83752
83689
83568
83558
83463
83441
83323
83229
83003
82980
82915
82905
82786
82730
82683
82569
82531
82389
82378
82356
82346
82345
82333
82330
82255
82073
82055
82027
82008
81985
81929
81866
81673
81632
81579
81578
81535
81523
81515
81494
81458
81409
81338
81318
81317
81254
81230
81192
80976
80853
80802
80799
80790
80760
80756
80750
80696
80686
80671
80650
80627
80610
80602
80580
80484
80464
80432
80376
80375
80339
80324
80290
80232
80227
80161
80139
80107
80064
80002
79973
79878
79855
79808
79766
79753
79736
79733
79704
79695
79682
79448
79413
79401
79314
79212
79123
79078
79052
78912
78902
78865
78848
78841
78759
78633
78610
78610
78571
78515
78491
78491
78427
78345
78337
78288
78216
78149
78035
78031
77970
77966
77816
77803
77667
77641
77618
77516
77507
77464
77357
77286
77285
77175
77171
77147
77123
77121
77101
77050
77035
76997
76985
76952
76943
76912
76906
76876
76832
76724
76614
76556
76447
76424
76418
76384
76355
76311
76308
76133
76006
75991
75957
75931
75892
75875
75831
75680
75633
75534
75510
75506
75463
75362
75353
75339
75331
75232
75153
75141
75100
75097
75051
75049
75001
75001
74889
74886
74842
74813
74774
74681
74612
74554
74520
74411
74288
74238
74186
74031
74029
73980
73897
73858
73789
73751
73681
73673
73644
73612
73600
73557
73471
73345
73294
73242
73064
73048
73007
72951
72899
72859
72854
72788
72785
72700
72661
72603
72598
72476
72410
72343
72204
72173
72167
72138
72129
72096
72079
71995
71945
71893
71833
71462
71432
71328
71311
71298
71275
71169
71089
71085
71012
70883
70816
70787
70706
70705
70669
70650
70641
70539
70521
70513
70471
70450
70442
70324
70253
70171
70169
70140
69949
69917
69875
69771
69746
69743
69740
69645
69624
69619
69558
69555
69541
69518
69503
69441
69409
69404
69337
69311
69214
69193
69126
69037
69024
69003
69001
68999
68985
68967
68947
68865
68863
68723
68641
68595
68440
68424
68339
68335
68326
68286
68213
68191
68074
68072
68022
67976
67914
67783
67752
67745
67714
67657
67618
67567
67506
67439
67434
67423
67320
67301
67239
67192
67183
67129
67107
67071
67020
66999
66997
66915
66840
66796
66794
66675
66669
66410
66299
66282
66230
66193
66142
66118
66116
66078
66066
66056
65910
65813
65796
65787
65678
65607
65566
65478
65459
65408
65356
65254
65245
65236
65153
64972
64971
64942
64902
64864
64825
64771
64756
64713
64703
64637
64568
64541
64505
64490
64466
64463
64457
64457
64413
64381
64251
64203
64180
64160
64136
64026
63966
63960
63949
63912
63821
63807
63697
63684
63653
63627
63607
63602
63594
63555
63424
63396
63303
63253
63166
63139
63084
63083
63054
63045
62977
62931
62928
62903
62901
62896
62834
62827
62783
62771
62764
62736
62701
62472
62419
62385
62376
62320
62137
62110
62049
62034
62012
61940
61869
61825
61386
61343
61331
61326
61301
61281
61255
61252
61233
61190
61168
61152
61004
60976
60942
60912
60883
60826
60824
60806
60803
60696
60660
60600
60534
60489
60467
60378
60346
60333
60326
60300
60238
60134
60110
60107
60077
60007
59976
59975
59937
59921
59830
59790
59759
59729
59643
59628
59603
59526
59449
59212
59162
59093
59085
59081
59015
58918
58898
58897
58815
58812
58812
58791
58734
58727
58664
58587
58562
58543
58418
58402
58247
58158
58156
58117
58102
58101
58061
58057
57970
57868
57822
57791
57627
57603
57532
57517
57490
57464
57452
57367
57291
57270
57254
57197
57162
57049
57019
57011
56954
56867
56761
56756
56726
56704
56617
56609
56608
56547
56394
56382
56379
56344
56235
56197
55975
55954
55952
55859
55821
55792
55773
55700
55680
55561
55470
55450
55432
55413
55338
55334
55322
55290
55239
55231
55164
55130
55118
55078
55066
55059
54975
54914
54852
54762
54663
54644
54494
54415
54283
54127
54029
54009
53985
53975
53963
53919
53892
53888
53771
53582
53545
53519
53479
53401
53389
53378
53350
53262
53170
53025
52900
52894
52863
52839
52826
52819
52809
52794
52618
52555
52541
52536
52536
52485
52461
52429
52403
52354
52340
52287
52096
52089
51864
51835
51775
51623
51308
51200
51146
51143
51048
51043
50972
50949
50945
50879
50855
50762
50737
50651
50541
50498
50446
50405
50379
50258
50151
50143
50102
49961
49892
49769
49744
49718
49707
49590
49588
49577
49574
49538
49454
49430
49345
49343
49299
49219
49070
49049
48934
48866
48790
48754
48720
48700
48656
48609
48570
48554
48493
48480
48430
48192
48164
48140
48117
48056
48008
47938
47890
47852
47834
47780
47774
47684
47678
47650
47604
47602
47521
47471
47262
47256
47152
47135
47100
47016
46966
46893
46760
46671
46668
46611
46606
46597
46522
46374
46319
46299
46295
46222
46176
46121
46115
46068
46046
45961
45877
45835
45590
45558
45537
45500
45465
45438
45300
45262
45177
45160
45126
45048
44974
44965
44950
44927
44876
44873
44870
44817
44716
44672
44547
44541
44495
44448
44437
44302
44277
44237
44157
44135
44112
44031
43973
43964
43923
43868
43866
43826
43779
43753
43748
43660
43636
43634
43632
43622
43619
43597
43563
43459
43378
43327
43324
43322
43303
43186
43136
43125
43101
43036
42994
42987
42877
42851
42821
42821
42809
42635
42619
42574
42430
42417
42416
42396
42333
42310
42243
42239
42093
41919
41905
41796
41761
41760
41750
41737
41606
41590
41460
41292
41248
41195
41129
41104
41091
41063
41048
40980
40977
40970
40939
40919
40916
40838
40794
40605
40584
40581
40577
40493
40300
40285
40205
40197
40170
40088
39959
39947
39908
39891
39803
39706
39671
39634
39602
39494
39490
39466
39462
39438
39414
39357
39353
39347
39320
39243
39177
39089
39075
39032
39016
38969
38950
38914
38739
38724
38722
38713
38681
38632
38423
38383
38366
38231
38188
38170
38067
38053
37992
37929
37712
37692
37616
37603
37531
37407
37362
37351
37339
37330
37326
37302
37277
37242
37229
37206
37090
36914
36825
36822
36790
36692
36661
36634
36577
36576
36467
36332
36320
36275
36269
36242
36232
36109
36086
36083
36006
35945
35837
35762
35747
35645
35637
35560
35498
35477
35468
35453
35453
35351
35313
35101
35093
35060
35059
35055
35029
34935
34928
34892
34841
34756
34755
34714
34607
34592
34554
34544
34523
34520
34519
34492
34484
34453
34348
34210
34203
34158
34156
34150
34130
34106
34099
34089
34046
34027
33952
33912
33896
33827
33783
33774
33699
33688
33664
33482
33472
33422
33400
33360
33359
33350
33321
33300
33259
33241
33046
33023
32936
32895
32820
32811
32788
32773
32721
32696
32600
32591
32362
32322
32231
32204
32200
32189
32098
32036
32020
32006
31983
31963
31851
31770
31715
31693
31690
31689
31689
31681
31672
31664
31450
31245
31217
31145
30912
30900
30889
30775
30737
30678
30570
30566
30547
30447
30321
30319
30318
30292
30283
30282
30245
30198
30140
30139
30135
30105
30094
30088
30078
30044
30005
30004
29950
29941
29915
29895
29856
29847
29781
29712
29652
29651
29590
29555
29509
29379
29341
29339
29322
29234
29226
29206
29090
29048
28989
28920
28838
28774
28718
28579
28485
28477
28471
28459
28312
28209
28123
28078
27986
27915
27870
27831
27822
27777
27725
27668
27496
27432
27397
27395
27380
27376
27320
27306
27294
27281
27252
27222
27140
27105
27102
27060
27028
27017
26984
26932
26879
26870
26857
26827
26739
26681
26559
26398
26329
26292
26284
26153
26097
25997
25996
25993
25921
25899
25890
25889
25871
25827
25811
25648
25605
25463
25461
25397
25288
25258
25221
25177
25108
25105
25093
25026
24921
24836
24825
24793
24769
24701
24689
24612
24600
24575
24523
24427
24382
24301
24247
24242
24239
24194
24139
24107
23991
23928
23908
23853
23846
23789
23760
23754
23709
23690
23518
23418
23400
23382
23367
23141
23124
23122
23003
23003
22940
22901
22851
22759
22758
22748
22733
22634
22519
22442
22429
22411
22239
22155
22040
22024
21898
21855
21750
21738
21474
21309
21292
21251
21181
21124
21059
21047
21031
20996
20968
20901
20886
20838
20687
20651
20650
20610
20610
20561
20495
20294
20266
20197
20125
20052
19996
19981
19927
19921
19861
19846
19732
19695
19662
19616
19587
19541
19533
19514
19431
19431
19406
19299
19290
19258
19247
19224
19217
19109
19102
19076
19008
18949
18941
18913
18875
18839
18802
18786
18766
18752
18731
18705
18690
18552
18525
18467
18307
18305
18265
18259
18250
18207
18195
18168
18161
18102
18095
18082
18044
18035
17861
17769
17688
17500
17417
17382
17293
17257
17252
17178
16979
16920
16912
16894
16816
16796
16775
16730
16688
16534
16514
16511
16452
16446
16400
16357
16322
16197
16189
16176
16133
16122
16120
16068
16036
16035
15987
15975
15879
15809
15715
15616
15612
15580
15568
15542
15490
15474
15451
15384
15380
15357
15309
15304
15208
15044
15036
14966
14941
14918
14908
14895
14857
14856
14812
14779
14663
14653
14575
14468
14352
14333
14314
14302
14283
14117
14109
14106
14093
14072
14056
14049
14034
13997
13972
13950
13934
13927
13861
13797
13673
13537
13456
13453
13444
13368
13343
13311
13227
13215
13171
13117
13092
13092
13089
12993
12952
12802
12771
12762
12757
12727
12555
12497
12420
12399
12398
12327
12245
12211
12102
12052
12032
11962
11951
11932
11928
11919
11872
11779
11766
11762
11726
11717
11703
11656
11629
11621
11537
11533
11501
11492
11491
11478
11377
11364
11364
11362
11305
11201
11157
11103
11101
11030
11007
10958
10846
10825
10745
10586
10567
10470
10400
10310
10226
10209
10181
10157
9917
9913
9908
9906
9891
9847
9839
9817
9691
9680
9465
9374
9335
9328
9284
9267
9255
9064
9063
8857
8834
8821
8794
8767
8754
8751
8748
8597
8587
8484
8448
8368
8317
8251
8119
8109
8084
8075
8067
8022
8018
8002
7815
7741
7655
7531
7515
7412
7408
7403
7386
7371
7368
7352
7282
7220
7207
7187
7162
7153
7091
6942
6941
6873
6662
6656
6626
6557
6484
6463
6460
6426
6309
6276
6074
6062
6035
5965
5932
5843
5802
5795
5749
5656
5552
5549
5511
5508
5505
5494
5440
5418
5395
5293
5286
5178
5172
5017
4969
4935
4922
4889
4760
4715
4661
4617
4598
4552
4481
4413
4320
4303
4256
4242
4197
4177
4022
4019
4005
4001
3995
3946
3939
3895
3832
3810
3680
3560
3470
3320
3232
3228
3151
2965
2802
2689
2564
2550
2512
2448
2372
2320
2301
2273
2265
2225
2201
2198
2100
2031
2022
1973
1918
1914
1885
1828
1796
1508
1456
1444
1406
1274
1180
1175
1167
1144
1114
1027
993
989
854
851
742
727
665
568
550
526
405
316
315
252
223
212
209
46
