99866
99785
99780
99752
99713
99712
99652
99621
99593
99578
99472
99299
99258
99213
99198
99157
99133
99108
99081
99028
99007
98873
98860
98804
98717
98714
98689
98676
98638
98611
98611
98565
98432
98392
98337
98335
98316
98296
98178
98160
98088
98015
98007
97815
97702
97665
97612
97565
97531
97511
97461
97456
97404
97336
97327
97263
97216
97184
97165
97161
97120
97096
97073
97057
96995
96960
96921
96910
96825
96816
96783
96748
96532
96505
96475
96437
96408
96351
96123
95985
95975
95962
95886
95853
95813
95725
95712
95454
95379
95356
95335
95316
95273
95272
95205
95101
95091
95043
95024
95017
94960
94941
94776
94770
94768
94701
94683
94617
94603
94579
94160
94115
93999
93989
93944
93929
93865
93848
93754
93485
93450
93383
93365
93311
93286
93256
93233
93198
93113
93058
93045
93038
93034
93025
92949
92927
92924
92888
92693
92606
92568
92546
92524
92373
92293
92185
92140
91974
91943
91811
91781
91757
91737
91683
91658
91652
91535
91501
91380
91336
91223
91160
91071
91032
90951
90921
90874
90852
90831
90794
90720
90713
90689
90681
90616
90612
90596
90593
90552
90513
90496
90477
90405
90240
90202
90011
89995
89984
89917
89910
89858
89855
89830
89827
89809
89753
89681
89533
89482
89471
89453
89402
89363
89362
89294
89227
89214
89207
89205
89141
89134
88983
88955
88890
88800
88767
88681
88657
88639
88560
88553
88411
88368
88364
88355
88316
88259
88157
88152
88151
88119
88119
88111
88070
88008
87953
87920
87863
87855
87849
87788
87781
87780
87732
87724
87724
87699
87654
87566
87529
87353
87233
87215
87060
87026
86977
86959
86930
86847
86746
86621
86546
86498
86440
86413
86362
86247
86238
86163
86138
86073
86006
85850
85796
85772
85760
85722
85689
85568
85565
85556
85498
85493
85487
85444
85416
85414
85341
85339
85235
85222
85205
85150
85143
85096
84982
84849
84819
84713
84693
84692
84667
84497
84489
84463
84432
84340
84298
84285
84246
84216
84166
84130
84020
83932
83801
83732
83713
83474
83459
83418
83386
83373
83347
83296
83241
82874
82858
82838
82819
82773
82670
82614
82561
82494
82473
82428
82399
82231
82225
82204
82179
82164
82141
82121
82120
82115
82084
82068
82020
81946
81918
81837
81732
81730
81582
81575
81564
81502
81499
81491
81482
81482
81375
81334
81304
81217
81119
81086
81059
81052
81022
80888
80824
80755
80662
80646
80638
80614
80570
80567
80509
80461
80427
80322
80321
80270
80088
80071
80039
79989
79985
79908
79872
79828
79816
79797
79787
79751
79742
79672
79658
79604
79592
79590
79445
79366
79359
79142
79103
79080
79056
79026
78985
78925
78829
78816
78770
78769
78663
78641
78632
78551
78541
78538
78425
78408
78401
78396
78395
78390
78381
78341
78336
78172
78135
78087
77977
77933
77725
77626
77599
77596
77498
77431
77419
77401
77381
77374
77310
77220
77184
77154
77083
77008
77006
77005
76991
76976
76956
76939
76928
76906
76869
76767
76764
76638
76441
76436
76425
76403
76369
76270
76253
76162
76147
76107
76102
76083
76034
75894
75828
75711
75603
75527
75517
75512
75492
75484
75444
75384
75354
75336
75329
75261
75240
75098
75064
75054
74986
74920
74699
74555
74459
74382
74287
74247
74193
74088
74050
73870
73803
73770
73751
73697
73656
73642
73640
73576
73490
73474
73439
73435
73316
73226
73221
73184
73155
73131
73116
72976
72945
72940
72931
72911
72759
72753
72751
72737
72726
72643
72637
72534
72473
72458
72458
72401
72292
72285
72230
72164
72133
72085
71888
71862
71834
71798
71783
71707
71665
71663
71566
71470
71402
71394
71252
71241
71211
71204
71168
71092
70806
70797
70714
70691
70673
70671
70632
70507
70505
70496
70484
70254
70222
70207
70169
70169
70158
70141
70137
70072
69892
69890
69848
69838
69798
69798
69762
69659
69652
69619
69614
69613
69609
69532
69469
69444
69334
69201
69163
69098
69045
69032
69025
68982
68941
68903
68879
68872
68867
68801
68686
68679
68631
68558
68480
68439
68425
68389
68349
68280
68247
68163
68112
68067
67981
67914
67872
67835
67739
67725
67724
67719
67689
67659
67512
67404
67304
67292
67281
67266
67264
67221
67181
67101
67041
66971
66964
66957
66936
66866
66747
66722
66608
66588
66541
66535
66496
66432
66398
66342
66298
66150
66135
66107
65902
65776
65718
65674
65549
65546
65525
65497
65311
65263
65194
65017
64905
64847
64713
64316
64296
64291
64212
64182
64115
64044
64026
63985
63920
63914
63883
63867
63863
63815
63799
63798
63726
63644
63597
63553
63545
63452
63448
63360
63350
63317
63203
63150
63023
63011
62946
62925
62919
62878
62874
62865
62841
62835
62735
62733
62593
62554
62289
62265
62157
62142
61937
61856
61798
61797
61738
61679
61675
61619
61612
61554
61542
61540
61531
61521
61479
61431
61351
61305
61301
61276
61152
61126
61043
60711
60659
60527
60470
60399
60323
60301
60296
60272
60258
60258
60175
60145
60138
60131
60128
60102
60075
60045
59973
59862
59808
59784
59779
59740
59732
59694
59684
59562
59522
59520
59504
59497
59482
59473
59364
59320
59268
59226
59198
59168
58990
58921
58912
58857
58848
58779
58746
58659
58649
58614
58537
58473
58398
58345
58281
58273
58202
58184
58165
58123
58112
58111
58108
57939
57923
57880
57865
57847
57846
57793
57770
57698
57647
57616
57607
57562
57492
57477
57457
57378
57368
57345
57345
57339
57331
57284
57150
57076
57026
57007
56985
56983
56973
56890
56883
56811
56803
56775
56736
56730
56730
56663
56617
56594
56552
56264
56227
56196
56123
56072
56054
56048
56040
56020
55949
55891
55783
55733
55687
55576
55571
55554
55551
55473
55424
55423
55378
55373
55314
55291
55284
55255
55210
55150
55144
55141
55025
54991
54870
54835
54801
54716
54692
54658
54527
54458
54312
54156
54156
54039
53906
53852
53756
53656
53623
53568
53542
53406
53383
53371
53369
53347
53304
53302
53217
53173
52934
52927
52910
52899
52880
52779
52776
52728
52691
52663
52625
52604
52545
52485
52484
52433
52431
52426
52390
52373
52360
52348
52340
52262
52198
52114
52064
51949
51858
51858
51820
51804
51716
51680
51601
51597
51553
51382
51377
51312
51299
51227
51176
51110
51077
51063
50937
50847
50649
50615
50590
50557
50526
50457
50333
50313
50246
50238
50219
50132
50097
50045
50031
50002
49922
49920
49853
49849
49777
49740
49531
49528
49462
49346
49239
49209
49191
49180
49176
49170
49166
49163
49106
49095
49091
49018
48970
48970
48969
48906
48807
48744
48736
48644
48609
48540
48509
48482
48469
48365
48324
48314
48240
48227
48168
48089
48043
47956
47858
47741
47739
47637
47552
47545
47474
47415
47325
47249
47219
47153
47149
47149
47113
47068
47035
47024
46982
46958
46921
46836
46714
46587
46543
46509
46509
46482
46470
46425
46417
46110
46106
46048
45898
45854
45825
45819
45763
45741
45720
45675
45605
45594
45580
45577
45565
45394
45178
45150
45147
45019
44995
44992
44912
44910
44868
44803
44783
44730
44662
44548
44392
44392
44292
44226
44218
44185
44174
44158
44106
44085
44078
44048
43911
43875
43787
43758
43748
43721
43703
43659
43652
43595
43496
43451
43250
43244
43242
43225
43166
43155
43152
43107
43104
43003
42988
42973
42929
42690
42669
42627
42601
42478
42478
42390
42380
42338
42265
42074
41989
41887
41863
41842
41748
41725
41556
41548
41520
41495
41414
41414
41397
41332
41266
41235
41169
41126
41090
41060
41041
40964
40936
40882
40882
40812
40809
40768
40752
40728
40697
40676
40594
40592
40580
40539
40531
40490
40433
40410
40400
40377
40358
40295
40267
40251
40117
40017
40000
39976
39960
39933
39913
39893
39737
39621
39514
39434
39368
39311
39280
39197
39140
39108
39061
39055
38980
38978
38974
38962
38929
38898
38716
38630
38463
38396
38329
38270
38182
38151
38057
38004
38004
37901
37666
37607
37558
37548
37518
37500
37472
37400
37389
37325
37319
37303
37297
37287
37286
37245
37233
37194
37142
37080
37065
37055
37033
37021
36983
36934
36710
36612
36590
36581
36496
36494
36433
36397
36324
36322
36283
36160
36159
36157
36154
36146
36059
36009
36008
36006
35980
35814
35783
35702
35689
35667
35625
35624
35581
35551
35508
35501
35463
35458
35451
35446
35382
35376
35367
35292
35277
35271
35065
35056
34971
34943
34940
34880
34867
34865
34865
34764
34748
34713
34707
34641
34618
34539
34526
34464
34437
34411
34410
34368
34263
34131
34021
33986
33979
33903
33880
33775
33730
33700
33600
33522
33460
33441
33383
33378
33306
33252
33249
33245
33210
33183
33054
33038
33034
32955
32926
32740
32722
32616
32608
32577
32574
32518
32447
32330
32130
31954
31919
31861
31788
31746
31638
31634
31536
31534
31472
31461
31442
31416
31396
31377
31354
31276
31187
31166
31145
31136
31092
31088
31063
31028
31028
30966
30966
30854
30827
30825
30802
30786
30756
30510
30465
30464
30452
30266
30177
30176
30175
30110
30017
29939
29931
29918
29912
29856
29855
29828
29800
29756
29667
29581
29542
29497
29494
29479
29458
29380
29324
29314
29220
29171
29134
29012
28991
28933
28910
28896
28890
28883
28836
28810
28769
28769
28757
28726
28679
28441
28429
28421
28393
28340
28321
28253
28250
28167
28155
28098
28096
28087
28074
27997
27988
27970
27944
27910
27816
27772
27754
27732
27713
27694
27640
27624
27512
27482
27350
27271
27210
27185
27128
27024
26975
26920
26851
26816
26785
26765
26636
26628
26626
26581
26550
26547
26400
26345
26192
26170
26117
26075
26044
26013
25940
25708
25689
25678
25505
25399
25196
25192
25167
25133
25119
25096
25024
25007
24959
24938
24882
24866
24857
24783
24665
24635
24565
24555
24457
24410
24357
24349
24105
24102
24079
23996
23930
23913
23857
23847
23845
23825
23806
23776
23725
23699
23677
23649
23616
23580
23530
23528
23526
23459
23312
23201
23160
23127
22976
22975
22882
22860
22800
22751
22735
22652
22615
22526
22505
22479
22446
22444
22414
22381
22313
22275
22272
22244
22237
22195
22153
22112
22090
22008
21866
21842
21807
21699
21617
21493
21474
21361
21330
21204
21154
21145
20955
20908
20890
20853
20836
20801
20734
20614
20595
20592
20570
20570
20565
20481
20376
20345
20340
20307
20289
20283
20224
20177
20026
20022
20010
19857
19835
19785
19663
19632
19537
19504
19402
19369
19358
19241
19122
19110
19079
18992
18980
18967
18953
18854
18845
18810
18797
18744
18586
18492
18212
18175
18153
18145
18143
18070
17943
17942
17942
17884
17876
17858
17811
17807
17789
17786
17750
17750
17719
17710
17696
17662
17604
17555
17548
17483
17379
17329
17314
17216
17066
17050
17049
17007
16971
16965
16914
16874
16857
16855
16739
16675
16633
16581
16571
16547
16538
16396
16312
16258
16237
16215
16172
16134
16038
16022
16007
16004
15993
15953
15952
15833
15796
15701
15678
15670
15532
15527
15479
15473
15375
15331
15326
15291
15245
15208
15205
15135
15093
14768
14734
14699
14693
14651
14626
14605
14593
14550
14500
14457
14433
14376
14368
13897
13772
13658
13646
13642
13630
13534
13440
13355
13329
13307
13297
13278
13246
13243
13218
13151
13149
13134
13130
13025
12981
12819
12813
12807
12806
12697
12686
12668
12541
12500
12350
12301
12259
12204
12153
12098
12048
11845
11825
11786
11757
11707
11703
11699
11604
11559
11555
11518
11367
11361
11349
11330
11230
11001
10945
10911
10898
10840
10835
10775
10768
10758
10683
10677
10671
10647
10535
10535
10449
10446
10404
10386
10380
10350
10245
10225
10214
10149
10042
10015
9871
9829
9792
9785
9743
9734
9715
9664
9539
9512
9492
9442
9393
9330
9323
9208
9193
9185
9148
8967
8939
8919
8872
8788
8757
8644
8607
8435
8270
8256
8252
8154
8143
8090
7989
7970
7942
7899
7782
7736
7731
7727
7720
7602
7359
7344
7237
7223
7204
7177
7119
7081
7068
7044
7035
6980
6873
6863
6844
6836
6680
6656
6609
6600
6554
6539
6534
6461
6421
6372
6338
6331
6327
6313
6310
6297
6251
6229
6228
6184
6099
6019
6010
5980
5823
5713
5690
5518
5484
5459
5414
5356
5337
5303
5299
5220
5201
5191
5136
5022
5019
4877
4767
4750
4740
4710
4550
4499
4473
4414
4405
4355
4256
4186
4158
4124
4089
4004
3956
3951
3940
3786
3712
3596
3504
3500
3486
3442
3437
3401
3302
3139
3056
3032
2982
2927
2898
2770
2770
2767
2760
2746
2725
2716
2675
2558
2426
2396
2307
2279
2178
2173
2117
2098
2088
2018
2008
1895
1846
1841
1788
1778
1760
1701
1358
1041
1032
1024
1009
1004
988
947
850
806
793
791
716
705
654
637
629
611
601
429
419
355
350
311
265
187
173
167
21
