99933
99796
99788
99718
99705
99690
99683
99558
99545
99455
99434
99383
99366
99347
99339
99221
99145
99053
99022
99019
99005
98982
98942
98936
98879
98666
98645
98633
98619
98612
98538
98533
98529
98486
98475
98458
98406
98294
98259
98179
97928
97754
97730
97656
97556
97525
97465
97346
97184
97145
97092
97052
97010
96984
96981
96945
96818
96718
96671
96615
96608
96582
96509
96472
96453
96121
95998
95831
95811
95767
95738
95658
95626
95595
95510
95496
95427
95420
95416
95373
95333
95171
94965
94922
94791
94751
94742
94738
94738
94730
94709
94659
94632
94617
94580
94533
94505
94497
94482
94438
94435
94401
94269
94144
94084
94039
93957
93849
93742
93691
93613
93593
93580
93539
93421
93380
93374
93332
93312
93156
93077
93056
93017
92959
92828
92661
92565
92552
92409
92395
92335
92317
92241
92231
92205
92183
92113
92089
92088
92078
92075
91994
91966
91889
91885
91880
91858
91854
91788
91785
91739
91578
91565
91560
91535
91395
91317
91262
90958
90952
90909
90906
90704
90561
90541
90365
90350
90334
90304
90196
90108
90101
90058
90038
89995
89933
89866
89729
89702
89697
89693
89637
89630
89492
89429
89402
89341
89280
89141
89026
88987
88923
88896
88894
88808
88781
88674
88662
88640
88596
88542
88445
88405
88384
88378
88351
88347
88297
88221
88100
88077
87930
87847
87815
87803
87780
87776
87747
87660
87632
87572
87543
87496
87460
87457
87417
87384
87138
87067
87025
87019
86993
86992
86972
86939
86800
86759
86678
86671
86626
86586
86492
86486
86445
86435
86403
86385
86384
86361
86359
86313
86209
86201
86171
85995
85958
85956
85801
85801
85799
85764
85747
85740
85701
85700
85687
85683
85641
85602
85553
85553
85449
85391
85376
85298
85296
85283
85175
85153
85098
85088
85076
84994
84967
84932
84903
84880
84799
84771
84688
84683
84617
84560
84538
84503
84266
84200
84130
84009
83819
83814
83779
83692
83623
83591
83580
83535
83525
83463
83395
83370
83366
83316
83264
83234
83225
83156
83030
82958
82937
82792
82748
82694
82655
82637
82598
82553
82547
82527
82502
82494
82472
82380
82314
82224
82215
82200
82187
82118
82078
82065
81984
81958
81931
81915
81905
81900
81867
81808
81771
81736
81653
81644
81640
81552
81543
81525
81398
81322
81303
81234
81217
81092
81076
81074
81049
81045
80958
80727
80706
80699
80653
80649
80640
80639
80573
80531
80507
80484
80471
80294
80265
80212
80203
80096
80072
80015
80006
79970
79908
79861
79786
79782
79731
79638
79485
79480
79422
79337
79232
79186
79143
79019
78975
78972
78907
78900
78862
78853
78840
78776
78770
78637
78589
78499
78453
78421
78412
78357
78316
78283
78209
78187
78178
78135
78055
78003
77974
77935
77877
77820
77778
77693
77614
77453
77436
77390
77386
77297
77294
77274
77253
77219
77216
77197
77029
76976
76921
76881
76874
76794
76790
76677
76616
76578
76531
76479
76429
76383
76345
76311
76297
76243
76240
76223
76205
76110
76104
76083
76068
76032
76012
75989
75975
75914
75883
75844
75688
75675
75630
75579
75539
75502
75484
75418
75282
75280
75222
75174
75137
75101
75087
75062
75052
75022
74954
74943
74799
74777
74697
74638
74485
74375
74375
74304
74205
74180
74175
74155
74140
73991
73966
73950
73945
73855
73734
73686
73619
73601
73557
73418
73407
73338
73256
73242
73189
73121
73118
73068
73032
72980
72857
72736
72728
72657
72573
72562
72549
72496
72490
72456
72294
72235
72195
72125
72084
72034
72027
71970
71856
71790
71740
71623
71571
71568
71567
71518
71356
71347
71329
71273
71223
71160
71158
71120
71061
71057
71025
70971
70926
70804
70789
70759
70756
70682
70681
70615
70580
70547
70490
70453
70453
70448
70406
70366
70222
70201
70167
70166
70134
70132
70124
70035
69870
69811
69749
69749
69715
69445
69423
69320
69231
69228
69203
69188
69184
69159
69099
69097
69081
69041
69015
68921
68918
68887
68755
68660
68642
68610
68566
68508
68446
68416
68332
68311
68042
67958
67836
67771
67769
67753
67710
67677
67614
67606
67585
67547
67458
67453
67411
67397
67351
67295
67266
67234
67169
67076
67064
67060
67044
67020
67019
66982
66956
66951
66949
66931
66926
66910
66859
66829
66761
66699
66478
66466
66315
66244
66199
66182
66151
65971
65850
65841
65764
65754
65750
65631
65539
65521
65436
65426
65393
65262
65243
65227
65224
65173
65151
65126
65118
65060
64960
64960
64911
64891
64887
64827
64755
64744
64707
64704
64665
64664
64605
64334
64293
64292
64248
64223
64075
64042
64015
63976
63938
63844
63815
63790
63781
63759
63747
63717
63580
63510
63505
63463
63420
63186
63088
62992
62889
62790
62726
62723
62696
62692
62675
62607
62606
62595
62550
62483
62432
62391
62179
62149
62147
62021
61968
61853
61831
61810
61749
61712
61681
61662
61642
61481
61479
61448
61229
61183
61161
61052
61041
61007
60948
60919
60840
60805
60764
60647
60603
60578
60577
60569
60557
60478
60453
60436
60310
60249
60213
60093
60033
59945
59902
59870
59819
59778
59713
59677
59645
59508
59253
59240
59213
59168
59148
59143
59061
59059
59021
58994
58963
58937
58869
58863
58744
58704
58599
58595
58571
58514
58504
58413
58406
58396
58390
58375
58351
58299
58291
58255
58244
58240
58218
58158
58095
58029
58027
58004
57967
57829
57827
57824
57784
57776
57724
57641
57610
57588
57455
57330
57120
57116
57075
57046
57010
56998
56991
56881
56784
56771
56740
56738
56573
56485
56424
56307
56244
56204
56033
55958
55770
55686
55584
55516
55477
55465
55456
55447
55440
55368
55308
55280
55272
55259
55041
55028
55010
54996
54842
54814
54708
54701
54694
54643
54580
54572
54568
54480
54473
54439
54387
54264
54088
54086
54079
54046
54041
54027
53972
53954
53740
53723
53709
53704
53663
53468
53446
53438
53430
53412
53399
53380
53340
53267
53213
53211
53181
53173
53153
53073
53052
53043
53018
53013
52945
52938
52697
52610
52566
52523
52499
52470
52449
52427
52337
52312
52232
52187
52062
51963
51872
51853
51852
51700
51661
51595
51588
51573
51526
51524
51511
51398
51393
51365
51295
51273
51238
51231
51179
51034
51007
50985
50974
50834
50790
50625
50596
50578
50540
50528
50515
50508
50442
50342
50326
50306
50270
50216
50205
50184
50059
49964
49883
49740
49704
49672
49614
49539
49481
49437
49423
49395
49382
49365
49303
49261
49217
49213
49071
48999
48996
48987
48986
48984
48942
48861
48802
48763
48683
48540
48513
48500
48497
48496
48300
48134
48078
48065
48042
47787
47744
47685
47596
47542
47532
47514
47491
47445
47433
47402
47338
47295
47274
47204
47190
47184
47139
47112
47092
47025
46936
46915
46899
46855
46855
46839
46659
46633
46631
46625
46564
46513
46460
46458
46409
46387
46234
46222
46135
46109
46105
46104
46072
46043
46029
46005
46000
45910
45841
45832
45786
45783
45678
45606
45425
45420
45399
45250
45245
45242
45223
45136
44985
44962
44936
44913
44873
44856
44855
44831
44766
44761
44746
44712
44675
44670
44656
44655
44583
44547
44508
44449
44427
44417
44410
44370
44370
44353
44307
44274
44273
44253
44246
44235
44184
44173
44171
44108
44108
44026
43973
43856
43839
43756
43735
43654
43642
43616
43616
43579
43445
43325
43223
43171
43146
43024
42926
42925
42815
42802
42769
42765
42615
42559
42532
42486
42464
42328
42159
42107
42014
41961
41925
41866
41865
41808
41778
41753
41732
41704
41677
41570
41556
41313
41234
41140
41082
41069
40992
40952
40930
40921
40787
40779
40729
40680
40674
40674
40637
40602
40579
40548
40544
40466
40447
40372
40329
40290
40267
40216
40214
40198
40104
40079
40052
40049
39975
39958
39867
39691
39666
39654
39601
39565
39559
39541
39447
39229
39225
39189
39172
39158
39116
39059
39041
38968
38854
38799
38788
38761
38760
38709
38640
38602
38538
38505
38449
38436
38212
38075
38051
38014
37976
37972
37855
37758
37699
37687
37581
37558
37326
37287
37168
37152
37052
37003
36996
36948
36926
36924
36882
36748
36745
36702
36688
36524
36493
36431
36357
36333
36319
36302
36284
36089
36068
35772
35766
35744
35658
35559
35455
35330
35304
35208
35128
35097
35019
35010
34992
34965
34910
34869
34720
34491
34465
34446
34420
34338
34183
34128
34112
34027
33964
33881
33746
33688
33681
33569
33548
33465
33464
33376
33359
33347
33213
33163
33149
33142
33108
33067
33039
33018
32986
32954
32947
32912
32786
32727
32654
32579
32546
32518
32439
32436
32409
32405
32251
32228
32221
32215
32210
32199
32195
32058
31972
31953
31950
31850
31772
31764
31764
31732
31681
31519
31473
31444
31440
31435
31419
31360
31285
31258
31166
31151
31098
31082
31021
30999
30814
30798
30760
30724
30716
30713
30709
30694
30636
30595
30583
30425
30416
30363
30178
29890
29880
29878
29800
29791
29708
29582
29450
29439
29387
29379
29375
29335
29230
29203
29185
29163
29156
29121
29086
29057
29004
28886
28816
28797
28795
28789
28742
28728
28710
28619
28587
28583
28281
28276
28178
28093
27912
27698
27657
27639
27598
27595
27551
27524
27509
27501
27475
27345
27301
27234
27224
27221
27185
27154
27075
27050
27017
26931
26922
26900
26885
26838
26818
26759
26666
26521
26491
26454
26423
26323
26299
26295
26208
26184
26152
26089
26014
25997
25991
25963
25889
25864
25809
25734
25613
25585
25564
25546
25546
25530
25297
25248
25125
25061
24967
24870
24814
24793
24780
24721
24672
24580
24526
24524
24467
24415
24271
24264
24252
24214
24182
24153
24118
24067
24059
24041
23955
23919
23901
23804
23778
23774
23664
23617
23586
23554
23481
23381
23354
23325
23321
23201
23190
23106
23043
23030
23014
22997
22991
22928
22845
22729
22669
22591
22405
22399
22398
22373
22355
22323
22323
22313
22129
22034
22029
21987
21986
21939
21910
21877
21871
21867
21777
21729
21712
21658
21624
21525
21427
21420
21391
21268
21246
21243
21199
21157
21152
21143
21130
21116
21082
21074
21044
20976
20889
20867
20803
20759
20754
20751
20735
20724
20623
20598
20550
20526
20500
20499
20499
20165
20143
20135
20051
20020
19935
19931
19917
19907
19869
19852
19836
19775
19773
19769
19550
19520
19485
19431
19416
19334
19252
19164
19150
19116
19092
19025
18952
18934
18890
18863
18854
18792
18585
18558
18424
18418
18406
18396
18390
18211
18203
18203
18167
18167
18140
18035
18031
17960
17960
17947
17936
17919
17841
17721
17660
17658
17654
17490
17362
17344
17235
17206
17192
17180
17058
17032
16764
16733
16672
16640
16585
16546
16478
16468
16412
16320
16318
16072
16011
15990
15976
15965
15957
15833
15756
15717
15497
15411
15394
15372
15304
15191
15161
15136
15123
14994
14980
14938
14891
14796
14791
14703
14685
14683
14680
14513
14474
14452
14434
14360
14290
14100
14047
13998
13994
13973
13821
13779
13701
13699
13692
13683
13682
13619
13489
13449
13443
13411
13408
13373
13360
13336
13221
13157
13141
13102
13039
12911
12907
12883
12872
12857
12770
12763
12731
12710
12608
12528
12487
12406
12329
12324
12292
12164
12071
12053
11994
11968
11959
11887
11874
11805
11795
11617
11585
11579
11575
11525
11447
11431
11423
11422
11366
11301
11156
11051
11019
10976
10956
10939
10930
10896
10876
10876
10849
10806
10775
10734
10714
10673
10610
10537
10501
10255
10239
10228
10223
10198
10192
10176
10174
10153
10144
10139
10021
9933
9805
9745
9708
9542
9485
9460
9446
9403
9403
9402
9381
9301
9249
9062
9008
8960
8956
8944
8851
8843
8838
8733
8609
8570
8369
8365
8292
8259
8175
8161
8148
8096
8095
8079
8068
8018
7957
7945
7905
7893
7868
7836
7807
7770
7679
7633
7623
7591
7573
7452
7443
7412
7277
7251
7207
7200
7193
7041
6977
6974
6961
6959
6840
6823
6812
6734
6636
6634
6502
6480
6369
6361
6343
6311
6252
6181
6181
6138
6069
6059
6049
5976
5950
5904
5897
5695
5686
5674
5571
5453
5446
5434
5397
5370
5325
5300
5267
5250
5197
5148
5033
5017
5015
5013
4995
4935
4906
4811
4805
4741
4732
4731
4645
4628
4543
4488
4436
4421
4402
4393
4310
4301
4253
4251
4205
4134
4082
4073
4046
3903
3879
3873
3868
3838
3832
3822
3721
3663
3603
3556
3475
3460
3447
3434
3384
3364
3360
3291
3274
3272
3258
3228
3215
3091
3040
2720
2698
2625
2592
2493
2482
2477
2467
2461
2421
2409
2403
2368
2276
2178
2160
2084
2078
1934
1845
1816
1803
1734
1674
1645
1569
1478
1466
1444
1443
1413
1275
1268
1248
1244
1197
1148
1030
972
920
832
817
790
654
647
615
600
466
448
435
413
406
374
301
274
204
198
83
82
78
75
63
