99800
99796
99758
99747
99747
99733
99550
99509
99488
99433
99383
99345
99275
99207
99192
99182
99030
98961
98949
98939
98919
98910
98882
98845
98819
98814
98724
98687
98580
98576
98475
98463
98451
98349
98334
98311
98192
98165
98119
98071
98069
98054
97989
97985
97900
97825
97817
97795
97788
97765
97760
97712
97691
97670
97658
97647
97595
97506
97501
97464
97449
97369
97316
97266
97173
97165
97036
97007
97000
96926
96806
96745
96646
96608
96589
96505
96475
96436
96321
96287
96155
96086
96007
95939
95859
95781
95695
95609
95533
95517
95449
95385
95361
95361
95317
95278
95181
95124
94996
94980
94937
94892
94877
94838
94812
94799
94789
94770
94753
94738
94662
94628
94530
94516
94510
94504
94443
94424
94322
94304
94257
94240
94208
94171
94062
94034
93768
93635
93582
93559
93557
93535
93470
93297
93279
93223
93089
92982
92970
92934
92874
92791
92756
92686
92617
92562
92540
92509
92436
92432
92388
92260
92224
92203
92158
92132
91986
91966
91947
91932
91925
91905
91880
91876
91795
91793
91777
91751
91681
91668
91662
91614
91589
91558
91522
91465
91457
91444
91367
91365
91301
91256
91240
91189
91187
91135
91125
91048
90964
90917
90839
90801
90756
90740
90732
90649
90630
90593
90565
90502
90425
90386
90312
90298
90198
90182
90161
90145
90064
89972
89899
89829
89826
89815
89800
89760
89681
89558
89541
89519
89471
89467
89431
89398
89377
89351
89292
89244
89195
89165
89111
88969
88934
88854
88824
88819
88770
88764
88758
88660
88609
88592
88460
88449
88319
88192
88138
88074
88053
88051
87985
87939
87919
87854
87847
87769
87739
87703
87674
87616
87570
87563
87547
87513
87504
87480
87465
87407
87389
87386
87379
87334
87307
87295
87263
87261
87151
87077
87019
86983
86863
86790
86785
86733
86693
86637
86607
86545
86434
86319
86248
86204
86183
86181
86160
86152
86142
86111
86094
86076
86063
85951
85937
85832
85770
85751
85739
85734
85703
85680
85671
85638
85583
85578
85570
85556
85530
85427
85263
85179
85092
85081
85011
84977
84922
84913
84865
84856
84797
84789
84708
84585
84573
84560
84520
84517
84465
84393
84143
84140
84131
84131
84002
83997
83996
83885
83736
83720
83718
83717
83679
83624
83489
83439
83436
83393
83371
83327
83272
83257
83224
83219
83215
83110
82936
82913
82859
82823
82809
82758
82757
82745
82639
82594
82543
82483
82475
82389
82332
82317
82252
82157
82112
82091
82071
82035
82023
81987
81918
81889
81756
81741
81551
81544
81542
81512
81489
81423
81423
81387
81381
81356
81333
81200
81193
81184
81181
81170
81046
81028
81004
80991
80990
80970
80958
80953
80939
80887
80835
80779
80759
80625
80620
80598
80571
80549
80537
80300
80298
80232
80122
79958
79915
79853
79797
79750
79720
79600
79557
79495
79402
79388
79311
79279
79249
79242
79209
79129
79053
78806
78665
78530
78411
78393
78213
78204
78133
78085
78013
78010
77942
77803
77798
77708
77615
77537
77515
77475
77475
77408
77354
77326
77305
77300
77239
77237
77230
77220
77215
77210
77136
77099
77064
76999
76961
76953
76927
76894
76866
76829
76742
76695
76612
76551
76479
76373
76299
76166
76086
75814
75673
75594
75585
75575
75489
75415
75372
75294
75290
75039
75011
74996
74963
74953
74946
74880
74848
74792
74760
74760
74743
74736
74735
74684
74604
74533
74473
74415
74334
74226
74050
74020
73986
73981
73831
73807
73791
73788
73771
73734
73734
73720
73691
73611
73488
73372
73347
73332
73295
73251
73249
73234
73209
73155
73114
73082
73075
73073
72987
72921
72883
72855
72812
72713
72676
72608
72598
72543
72500
72489
72481
72455
72396
72244
72174
72166
72161
72153
72095
72088
72085
72083
71967
71936
71906
71902
71833
71741
71725
71661
71631
71625
71543
71438
71420
71418
71408
71377
71305
71022
71017
70954
70909
70904
70837
70786
70730
70623
70598
70584
70531
70508
70460
70431
70414
70409
70263
70045
70040
70026
69988
69987
69815
69787
69740
69629
69506
69497
69248
69242
69131
69109
69064
69003
68937
68836
68756
68742
68665
68645
68630
68562
68560
68457
68420
68404
68385
68365
68341
68339
68333
68267
68220
68182
68138
68123
67975
67965
67802
67596
67573
67425
67344
67245
67230
67215
67210
67167
67104
67101
67095
67087
67086
67070
67067
66846
66843
66806
66793
66708
66672
66506
66400
66322
66294
66290
66284
66271
66252
66209
66176
66171
66139
66091
66052
66007
65995
65948
65867
65847
65838
65808
65793
65765
65760
65744
65552
65402
65356
65317
65293
65211
65196
65192
65172
65093
65091
65079
65064
65013
65007
64955
64930
64895
64803
64797
64750
64687
64668
64647
64586
64532
64498
64466
64460
64458
64440
64437
64410
64361
64316
64232
64147
64060
64046
64010
63976
63911
63875
63857
63850
63774
63773
63674
63624
63569
63468
63347
63336
63300
63269
63185
63171
63122
63120
63096
62947
62905
62893
62867
62845
62835
62807
62792
62760
62730
62713
62701
62672
62624
62499
62347
62239
62179
62076
62062
61946
61909
61899
61870
61781
61717
61507
61483
61433
61404
61383
61311
61119
60968
60963
60819
60778
60773
60575
60459
60417
60407
60400
60290
60110
60108
60019
59992
59977
59967
59902
59896
59894
59831
59662
59624
59551
59549
59516
59488
59447
59351
59023
58974
58953
58930
58903
58824
58817
58803
58621
58596
58593
58581
58555
58549
58440
58410
58320
58314
58267
58166
58036
58031
57947
57870
57797
57743
57699
57664
57636
57631
57579
57499
57497
57430
57343
57177
57076
57056
57036
57020
56972
56912
56870
56866
56856
56825
56812
56806
56743
56679
56665
56623
56601
56576
56544
56535
56523
56496
56493
56473
56472
56468
56431
56352
56345
56295
56168
56108
56050
56047
55926
55839
55698
55564
55564
55538
55500
55450
55395
55332
55314
55238
55237
55166
55107
54984
54959
54881
54754
54749
54708
54659
54641
54636
54625
54621
54575
54575
54502
54302
54271
54220
54148
54024
53930
53870
53818
53809
53784
53720
53659
53523
53519
53513
53466
53405
53323
53238
53231
53220
53168
53162
53140
53109
53059
53018
53001
52956
52905
52839
52796
52590
52520
52494
52478
52460
52384
52378
52333
52331
52259
52222
52204
52102
52100
52088
51995
51931
51922
51899
51784
51777
51751
51672
51622
51622
51605
51544
51519
51465
51436
51420
51358
51348
51305
51291
51157
51152
51090
51011
50988
50952
50936
50829
50745
50627
50577
50561
50552
50472
50459
50363
50301
50283
50250
50248
50242
50236
50177
50175
50075
49974
49967
49939
49852
49847
49785
49746
49689
49518
49376
49274
49112
49061
49056
49037
48945
48893
48826
48811
48769
48706
48677
48670
48646
48587
48566
48526
48519
48455
48449
48418
48417
48407
48405
48345
48343
48324
48305
48299
48084
48079
48068
48049
47898
47825
47745
47745
47726
47674
47645
47640
47613
47448
47295
47276
47259
47237
47121
47061
46941
46928
46853
46850
46795
46681
46642
46569
46241
46168
46166
46150
46150
46084
46083
46069
45980
45925
45914
45892
45883
45871
45734
45732
45662
45635
45519
45504
45497
45475
45446
45400
45360
45326
45280
45228
45130
45094
45085
45020
44784
44766
44681
44631
44542
44526
44514
44467
44356
44352
44351
44317
44277
44238
44156
44004
44004
43981
43940
43855
43840
43741
43669
43664
43660
43557
43541
43533
43504
43501
43448
43443
43405
43400
43368
43352
43330
43286
43202
43097
43076
43056
43040
43002
42756
42597
42528
42528
42516
42330
42299
42256
42221
42205
42201
42176
42100
42023
42001
41983
41972
41956
41917
41894
41890
41773
41708
41537
41526
41512
41496
41471
41459
41448
41402
41373
41246
41225
41205
41142
41130
41059
40905
40836
40832
40734
40572
40548
40482
40476
40395
40376
40262
40250
40205
40200
40143
40118
40094
39998
39978
39780
39723
39601
39541
39446
39430
39337
39184
39179
39178
39148
39074
39064
39029
38964
38932
38925
38830
38686
38547
38408
38269
38261
38260
38249
38197
38159
38152
38140
38057
38046
38012
37992
37803
37771
37687
37679
37673
37577
37545
37544
37286
37076
37008
36997
36826
36822
36810
36768
36690
36689
36638
36616
36523
36480
36436
36382
36380
36373
36258
36157
35936
35934
35930
35908
35906
35906
35840
35834
35721
35712
35432
35341
35340
35330
35260
35250
35237
35081
35051
35049
35043
35039
34918
34902
34884
34855
34762
34726
34620
34613
34565
34555
34496
34494
34490
34477
34435
34347
34344
34336
34327
34275
34221
34201
34145
34057
34032
34027
33932
33918
33910
33879
33871
33803
33791
33781
33703
33621
33558
33540
33504
33417
33403
33367
33275
33240
33188
33174
33155
33044
33033
32984
32972
32962
32961
32841
32821
32728
32638
32458
32452
32271
32268
32163
32105
32098
32084
32068
31658
31647
31638
31563
31520
31485
31448
31389
31288
31166
31057
31049
30948
30809
30793
30732
30709
30692
30669
30661
30626
30583
30580
30500
30475
30467
30418
30376
30327
30210
30168
30152
30116
30111
30095
29972
29950
29902
29889
29883
29806
29800
29782
29739
29707
29705
29697
29696
29666
29656
29606
29577
29525
29255
29240
29113
29042
29025
28987
28913
28901
28861
28856
28849
28829
28610
28596
28552
28511
28491
28429
28307
28251
28194
28174
28129
28107
27985
27940
27893
27867
27850
27760
27695
27668
27644
27550
27520
27503
27495
27486
27483
27438
27392
27363
27326
27240
27115
27114
26966
26931
26742
26714
26709
26679
26641
26611
26560
26453
26442
26407
26322
26182
26137
26115
26110
26057
26041
25985
25965
25905
25867
25866
25856
25826
25819
25810
25781
25764
25763
25599
25585
25577
25495
25371
25280
25144
25020
24948
24905
24814
24778
24748
24487
24430
24403
24360
24359
24354
24344
24298
24253
24251
24181
24127
24126
24097
24087
23982
23917
23880
23863
23862
23783
23779
23756
23649
23405
23363
23326
23260
23259
23151
23018
22862
22832
22827
22784
22781
22763
22756
22727
22622
22554
22519
22458
22428
22398
22373
22370
22284
22273
22260
22166
22158
22110
22075
22055
22049
21967
21922
21870
21833
21810
21801
21792
21752
21683
21678
21481
21481
21380
21355
21355
21325
21307
21296
21127
21075
21063
21042
21008
20993
20961
20938
20935
20907
20905
20845
20826
20716
20669
20664
20479
20433
20433
20351
20337
20267
20170
20153
20147
19943
19926
19887
19882
19820
19780
19755
19713
19689
19620
19560
19549
19485
19450
19433
19424
19297
19230
19228
19156
19116
19089
19050
19047
19006
18922
18911
18836
18792
18764
18754
18752
18617
18602
18586
18521
18506
18486
18419
18407
18339
18277
18261
18203
18138
18136
18088
17971
17935
17893
17891
17886
17879
17859
17658
17510
17499
17374
17327
17303
17249
17194
17104
17103
17090
17060
16952
16900
16839
16798
16789
16769
16744
16683
16670
16638
16590
16573
16513
16443
16404
16375
16324
16323
16212
16196
15988
15977
15920
15885
15859
15792
15754
15725
15630
15591
15554
15541
15481
15378
15307
15263
15246
15238
15076
15004
14969
14964
14877
14743
14374
14337
14177
14167
14111
14046
14043
14019
14010
13935
13919
13898
13878
13837
13831
13824
13760
13755
13725
13724
13657
13622
13592
13565
13534
13507
13499
13474
13319
13272
13132
13093
12939
12897
12895
12809
12752
12735
12604
12494
12450
12440
12360
12338
12266
12242
12205
12199
12186
12121
12093
12052
12033
12008
11988
11891
11857
11846
11789
11688
11643
11638
11567
11527
11503
11480
11351
11326
11286
11235
11217
11155
11119
11118
11081
11032
11030
11006
10962
10945
10781
10757
10755
10719
10699
10627
10599
10597
10545
10477
10351
10294
10241
10030
9923
9789
9744
9461
9459
9423
9421
9406
9401
9347
9278
9263
9208
9146
9088
9021
9013
8994
8939
8898
8873
8806
8787
8786
8759
8736
8722
8682
8659
8599
8551
8443
8310
8238
8180
8151
8120
8005
7958
7913
7846
7734
7672
7624
7612
7452
7393
7164
7129
7124
7104
7095
7050
7010
6993
6986
6970
6890
6872
6871
6808
6799
6726
6580
6575
6570
6530
6497
6490
6303
6115
6024
5781
5735
5706
5702
5604
5539
5510
5404
5397
5333
5198
5104
5103
4994
4972
4873
4774
4738
4685
4600
4596
4589
4588
4458
4363
4348
4242
4234
4164
4120
4015
3869
3847
3825
3823
3799
3783
3752
3691
3676
3662
3648
3581
3400
3301
3278
3274
3220
3171
3136
3111
3006
2986
2982
2979
2970
2931
2808
2793
2778
2732
2720
2575
2561
2301
2287
2275
2264
2168
1940
1900
1787
1771
1749
1632
1629
1581
1565
1517
1469
1468
1446
1403
1335
1313
1276
1263
1252
1198
1176
1163
1145
1125
1055
958
953
873
817
814
809
797
656
618
596
555
473
389
374
306
245
222
211
167
129
