99942
99920
99905
99884
99699
99696
99682
99603
99573
99563
99561
99539
99495
99473
99443
99329
99326
99314
99279
99277
98992
98970
98966
98948
98931
98856
98757
98715
98697
98651
98627
98529
98423
98347
98211
98199
98169
98113
98104
98075
98055
97965
97920
97856
97827
97792
97763
97303
97241
97236
97212
97206
97190
97070
97009
96908
96901
96852
96808
96804
96672
96650
96533
96524
96408
96373
96349
96329
96309
96005
95780
95740
95714
95699
95646
95622
95604
95480
95431
95258
95196
95107
94973
94965
94939
94775
94741
94654
94636
94620
94532
94488
94477
94455
94451
94442
94427
94372
94270
94263
94226
94190
94087
93948
93920
93870
93861
93849
93811
93798
93771
93737
93734
93710
93665
93651
93593
93520
93490
93372
93352
93350
93319
93290
93258
93173
93103
92950
92927
92886
92753
92717
92656
92645
92564
92552
92541
92493
92450
92450
92408
92400
92108
91977
91923
91916
91915
91816
91574
91556
91553
91552
91533
91493
91468
91446
91444
91432
91389
91323
91199
91078
91069
91044
91039
91027
90990
90888
90880
90854
90788
90622
90596
90557
90426
90406
90394
90234
90214
90184
90176
90169
90142
90135
90105
90068
90038
90028
90000
89913
89672
89661
89644
89594
89541
89453
89420
89364
89358
89320
89296
89255
89201
89188
89175
89168
89156
89151
89102
88930
88926
88926
88729
88690
88687
88645
88446
88345
88317
88307
88181
88106
88086
88036
87928
87923
87917
87893
87883
87851
87801
87754
87608
87584
87547
87499
87493
87407
87266
87265
87251
87223
87104
87035
86966
86965
86872
86840
86736
86736
86692
86669
86653
86612
86609
86557
86542
86510
86439
86409
86358
86321
86315
86311
86199
86178
86151
86099
85842
85836
85833
85717
85705
85687
85655
85645
85614
85560
85513
85470
85449
85384
85353
85290
85285
85255
85224
85121
85110
85094
85041
84885
84859
84829
84824
84822
84786
84695
84694
84677
84641
84560
84517
84441
84407
84351
84255
84237
84220
84214
84206
84075
84054
84049
84036
83958
83766
83697
83642
83547
83372
83367
83351
83304
83262
83197
83181
83161
83127
83100
83091
83033
83010
82987
82907
82898
82803
82721
82697
82679
82674
82639
82573
82484
82479
82454
82427
82322
82281
82254
82202
82190
82116
81961
81947
81897
81875
81816
81759
81735
81729
81686
81641
81606
81562
81535
81511
81461
81420
81363
81333
81314
81299
81277
81201
81159
81151
81139
81105
80959
80934
80918
80786
80776
80761
80675
80654
80582
80538
80499
80497
80483
80423
80420
80416
80408
80288
80277
80229
80192
80190
79994
79973
79959
79806
79803
79788
79738
79717
79712
79710
79700
79605
79532
79406
79376
79356
79277
79277
79196
79183
79062
79062
79050
79042
79011
78845
78677
78619
78526
78505
78483
78317
78286
78283
78116
78069
78066
78064
78046
77971
77813
77813
77650
77639
77625
77505
77485
77453
77451
77419
77409
77372
77332
77267
77239
77125
77068
77057
77003
76869
76859
76818
76805
76706
76664
76653
76609
76508
76461
76449
76438
76288
76178
76142
76132
76109
76106
76052
75990
75951
75892
75623
75504
75381
75358
75357
75312
75231
75227
75180
75156
75149
75075
75026
75002
74898
74880
74851
74827
74804
74799
74796
74786
74782
74763
74748
74724
74678
74618
74553
74550
74483
74471
74391
74366
74350
74344
74327
74286
74238
74167
74122
74072
73988
73827
73777
73668
73472
73435
73395
73392
73323
73281
73148
73141
73132
73062
72850
72832
72796
72787
72686
72669
72645
72588
72574
72566
72541
72486
72416
72344
72269
72251
72189
72175
72132
72045
71857
71841
71719
71714
71625
71483
71287
71238
71217
71208
71191
71171
71068
71049
70920
70817
70806
70765
70730
70726
70605
70602
70564
70497
70453
70340
70239
70205
70070
70047
69953
69932
69890
69840
69835
69809
69740
69739
69629
69607
69566
69556
69478
69470
69465
69459
69383
69373
69366
69336
69262
69159
69111
69046
68978
68961
68920
68904
68863
68826
68802
68791
68771
68765
68561
68558
68556
68442
68435
68230
68167
68162
68135
68135
68031
67922
67869
67826
67776
67742
67706
67591
67567
67517
67482
67441
67293
67202
67167
67114
67105
67041
66974
66942
66916
66783
66724
66690
66588
66570
66560
66538
66383
66356
66340
66287
66184
66152
65893
65840
65819
65806
65785
65737
65733
65656
65546
65506
65462
65443
65247
65228
65210
65176
65161
65123
65114
65112
65111
65076
64954
64871
64870
64869
64846
64758
64697
64678
64669
64576
64574
64552
64236
64220
64195
64101
64095
64038
63897
63829
63777
63671
63648
63639
63554
63507
63506
63408
63379
63347
63334
63312
63299
63262
63181
63091
63088
63054
63027
63003
62926
62901
62844
62723
62722
62696
62612
62581
62530
62513
62431
62398
62390
62352
62316
62251
62119
62096
62020
62015
61964
61942
61858
61828
61819
61800
61772
61743
61682
61543
61524
61495
61474
61450
61368
61271
61236
61213
61169
61155
61024
61005
60958
60917
60801
60669
60631
60580
60517
60513
60430
60421
60314
60270
60265
60262
60184
60034
59951
59948
59805
59734
59722
59693
59649
59636
59584
59563
59548
59543
59410
59383
59336
59203
59183
59175
59138
59065
58991
58952
58877
58803
58769
58719
58644
58562
58463
58417
58385
58341
58316
58206
58187
58163
58145
57994
57968
57966
57964
57953
57934
57904
57901
57853
57835
57772
57766
57765
57741
57686
57667
57665
57533
57509
57502
57473
57471
57420
57395
57285
57275
57166
57092
57054
56980
56973
56893
56818
56757
56733
56725
56665
56630
56624
56492
56488
56454
56453
56432
56432
56414
56315
56255
56172
55978
55851
55810
55761
55759
55648
55639
55625
55559
55548
55503
55495
55287
55231
55190
55139
55124
55116
55103
55056
55026
54968
54888
54808
54761
54754
54730
54725
54706
54615
54599
54550
54471
54417
54350
54109
54012
54003
53946
53929
53922
53884
53882
53837
53825
53784
53750
53624
53608
53564
53487
53470
53457
53417
53380
53329
53327
53318
53312
53183
53114
53099
53031
53005
52910
52846
52837
52829
52791
52754
52720
52704
52556
52521
52401
52390
52386
52360
52331
52325
52321
52229
52220
52148
52145
52120
52091
52044
52003
51977
51939
51904
51858
51823
51802
51761
51699
51676
51606
51562
51527
51492
51487
51471
51470
51446
51410
51338
51249
51227
51222
51213
51208
50988
50946
50918
50910
50910
50859
50807
50759
50715
50670
50629
50596
50592
50520
50442
50410
50292
50237
50194
50179
50155
50065
50023
49986
49977
49874
49864
49779
49734
49582
49518
49495
49452
49425
49402
49393
49320
49274
49208
49068
48988
48915
48895
48861
48832
48818
48748
48701
48613
48576
48506
48433
48376
48258
48160
48132
48085
48081
48057
48045
47902
47894
47850
47849
47837
47792
47774
47740
47632
47628
47556
47553
47541
47436
47434
47407
47391
47371
47242
47239
47236
47229
47179
47026
47025
47014
46970
46970
46918
46907
46840
46825
46822
46731
46705
46593
46565
46542
46522
46474
46462
46443
46398
46388
46387
46370
46357
46354
46105
46080
46068
46022
45995
45730
45542
45479
45471
45443
45427
45324
45321
45305
45284
45275
45273
45190
45188
44965
44902
44891
44879
44859
44859
44832
44743
44738
44722
44659
44610
44605
44580
44444
44420
44386
44376
44286
44248
44230
44158
44037
44008
43976
43905
43879
43826
43768
43767
43679
43639
43606
43600
43564
43483
43450
43413
43397
43385
43298
43215
43184
43144
43140
43129
43068
43029
42991
42938
42934
42852
42836
42832
42707
42704
42654
42603
42523
42505
42500
42453
42426
42405
42376
42323
42296
42281
42280
42237
42230
42222
42151
42056
42031
42001
41797
41773
41745
41728
41690
41638
41636
41624
41623
41530
41488
41438
41435
41428
41424
41343
41205
41103
41082
40911
40884
40798
40791
40769
40701
40697
40674
40622
40576
40499
40442
40408
40299
40225
40151
40119
40101
39975
39900
39722
39549
39511
39395
39384
39285
39247
39005
38978
38973
38930
38894
38890
38847
38706
38601
38469
38286
38279
38219
38134
38079
38074
38061
38033
38019
37980
37947
37936
37922
37795
37773
37765
37590
37519
37475
37295
37256
37226
37223
37024
36983
36942
36893
36823
36759
36745
36633
36497
36456
36449
36282
36252
35911
35794
35756
35703
35625
35562
35547
35525
35443
35400
35397
35201
35194
35076
34984
34984
34857
34751
34678
34619
34586
34564
34507
34344
34326
34325
34308
34243
34202
34192
34073
33938
33903
33886
33851
33796
33767
33762
33738
33660
33638
33578
33541
33451
33432
33407
33300
33298
33255
33236
33233
33039
33027
32862
32822
32801
32793
32789
32771
32745
32657
32643
32638
32514
32500
32480
32437
32397
32362
32348
32326
32288
32258
32240
32213
32208
32167
32117
32017
31882
31829
31826
31793
31751
31672
31597
31563
31504
31410
31270
31267
31218
31179
31167
31088
31061
30924
30917
30809
30801
30734
30733
30731
30703
30565
30491
30441
30409
30395
30393
30283
30132
29987
29923
29909
29691
29680
29664
29531
29483
29434
29379
29362
29356
29326
29248
29175
29168
29087
29009
28984
28943
28896
28808
28752
28743
28738
28726
28696
28672
28602
28438
28391
28333
28290
28277
28245
28240
28220
28177
28130
28087
28048
28030
27973
27946
27911
27882
27832
27823
27809
27778
27650
27599
27504
27488
27413
27345
27339
27320
27303
27290
27104
27090
27056
27000
26997
26991
26967
26933
26927
26916
26766
26593
26542
26541
26504
26463
26454
26370
26363
26326
26283
26221
26164
26146
26111
25999
25991
25966
25951
25908
25878
25869
25854
25844
25839
25741
25738
25591
25564
25412
25378
25354
25284
25241
25194
24948
24935
24933
24884
24842
24827
24821
24780
24779
24740
24732
24707
24648
24582
24525
24491
24483
24475
24468
24440
24432
24392
24260
24198
24180
24108
24005
23868
23858
23843
23821
23803
23800
23764
23596
23541
23533
23494
23469
23455
23450
23441
23348
23257
23187
23137
23070
22940
22920
22898
22866
22808
22804
22777
22748
22739
22727
22722
22660
22570
22442
22403
22181
22150
22142
22117
22085
22079
22003
21952
21909
21868
21844
21810
21672
21636
21607
21602
21591
21586
21579
21475
21458
21401
21389
21318
21241
21183
21124
20984
20944
20888
20797
20742
20705
20612
20586
20583
20524
20508
20480
20450
20364
20293
20231
20190
20188
20180
20154
20105
20076
20069
19990
19883
19877
19875
19867
19858
19738
19706
19641
19586
19489
19465
19400
19316
19295
19197
19166
19141
19091
19081
19026
19021
18976
18940
18924
18788
18749
18688
18684
18675
18654
18643
18617
18516
18441
18402
18304
18279
18229
18218
18216
18078
18039
17960
17934
17913
17766
17738
17703
17650
17507
17488
17474
17463
17437
17427
17385
17135
17130
17023
17015
16887
16746
16728
16707
16567
16459
16457
16448
16377
16330
16306
16297
16224
16124
16021
15982
15946
15916
15910
15831
15790
15763
15757
15752
15699
15683
15672
15479
15466
15458
15435
15427
15425
15421
15374
15335
15314
15281
15236
15118
15095
15066
15038
14989
14959
14918
14907
14859
14841
14822
14810
14804
14734
14697
14600
14512
14396
14354
14354
14249
14237
14199
14191
14069
14034
13993
13923
13899
13863
13819
13818
13732
13708
13566
13531
13531
13440
13395
13386
13371
13367
13148
13115
12919
12872
12728
12723
12535
12528
12479
12412
12400
12371
12342
12261
12216
12138
12135
12052
11998
11985
11946
11829
11789
11727
11715
11602
11596
11398
11353
11353
11317
11313
11228
10993
10860
10848
10741
10526
10485
10418
10150
10147
10083
9993
9968
9782
9763
9733
9712
9595
9547
9523
9336
9329
9290
9181
9020
9009
8988
8894
8733
8701
8651
8630
8502
8459
8448
8444
8370
8351
8254
8148
8137
8132
8109
8073
8049
8028
7976
7920
7876
7862
7774
7746
7694
7689
7656
7604
7545
7413
7375
7355
7322
7262
7210
7204
7114
7075
7063
7029
7004
7004
6984
6967
6912
6896
6878
6870
6848
6793
6791
6739
6704
6682
6603
6573
6552
6528
6527
6492
6402
6339
6338
6266
6265
6227
6218
6141
6045
6023
5964
5962
5947
5891
5870
5831
5787
5475
5409
5333
5299
5269
5233
5225
5174
5117
5113
5069
4981
4981
4975
4971
4887
4811
4739
4724
4709
4510
4336
4304
4272
4270
4261
4235
4151
4107
4106
4104
4026
3921
3807
3805
3796
3787
3772
3563
3435
3364
3276
3261
3234
3225
3197
3181
3145
3110
3038
2947
2941
2906
2898
2854
2832
2740
2575
2570
2503
2471
2465
2344
2313
2291
2232
2176
2146
2144
2140
2112
2070
2045
2014
1984
1974
1930
1911
1886
1879
1821
1797
1787
1765
1722
1703
1677
1652
1594
1539
1359
1302
1277
1204
1100
1038
950
949
910
909
817
524
521
518
509
498
485
369
307
95
48
15
