99969
99915
99903
99901
99895
99840
99817
99711
99653
99606
99606
99600
99572
99567
99462
99460
99439
99420
99418
99402
99320
99269
99222
99222
99217
99192
99183
99112
98973
98954
98946
98934
98920
98884
98790
98758
98721
98695
98631
98625
98567
98558
98524
98485
98455
98445
98337
98261
98239
98138
98108
98094
98001
97803
97792
97779
97642
97515
97497
97450
97446
97372
97364
97341
97332
97239
97227
97000
96978
96974
96827
96816
96735
96676
96668
96615
96575
96571
96557
96533
96516
96510
96504
96467
96308
96292
96213
96037
95863
95827
95779
95731
95725
95603
95493
95460
95300
95294
95286
95209
95167
95127
95057
95037
94944
94918
94893
94857
94852
94777
94762
94659
94636
94569
94556
94441
94406
94367
94349
94335
94310
94308
94291
94278
94269
94163
94100
94083
93994
93955
93900
93825
93791
93737
93630
93494
93460
93443
93304
93303
93298
93282
93168
93141
93107
93094
93043
92983
92979
92967
92814
92725
92648
92592
92522
92489
92430
92392
92346
92271
92216
92203
92165
92104
92092
92022
91982
91975
91942
91806
91801
91748
91742
91703
91691
91677
91655
91632
91569
91456
91422
91251
91199
91162
91151
91112
91110
91068
90987
90805
90740
90691
90582
90580
90544
90528
90517
90501
90453
90443
90407
90389
90334
90325
90030
90009
90008
90001
89971
89914
89867
89818
89713
89599
89591
89515
89511
89476
89458
89448
89444
89433
89400
89365
89038
88880
88759
88688
88676
88642
88599
88556
88548
88538
88514
88505
88450
88414
88412
88390
88379
88364
88237
88184
88167
88164
88145
87992
87920
87840
87836
87834
87833
87826
87682
87626
87622
87620
87609
87597
87509
87460
87445
87434
87310
87139
87043
87037
87034
86976
86969
86870
86850
86834
86818
86816
86809
86792
86790
86679
86579
86543
86418
86388
86368
86362
86345
86246
86201
86094
86026
85994
85966
85965
85959
85887
85845
85771
85698
85686
85609
85509
85463
85426
85415
85347
85324
85184
85177
85155
85062
85058
85018
84965
84963
84951
84880
84835
84791
84770
84724
84601
84584
84520
84485
84453
84395
84382
84375
84370
84361
84345
84301
84225
84071
83970
83886
83741
83620
83609
83492
83483
83449
83363
83361
83316
83312
83297
83253
83231
83148
83078
83076
82986
82967
82907
82878
82814
82811
82654
82611
82611
82594
82440
82156
82097
82051
82034
81958
81828
81821
81777
81699
81656
81642
81635
81614
81594
81474
81457
81387
81358
81350
81204
81031
81029
81011
81011
80973
80902
80876
80864
80842
80751
80706
80693
80687
80632
80251
80171
80107
80102
80088
80065
80053
80025
79988
79974
79956
79948
79930
79914
79891
79881
79869
79867
79783
79783
79747
79616
79596
79530
79481
79476
79464
79437
79368
79273
79265
79214
79190
79186
79170
79130
79106
79093
79090
79079
79002
78954
78940
78934
78853
78820
78809
78803
78712
78620
78594
78488
78433
78398
78384
78374
78311
78272
78230
78153
78120
78016
77999
77928
77924
77891
77862
77850
77759
77744
77659
77639
77622
77619
77618
77613
77502
77374
77250
77232
77183
77179
77171
77138
77061
76980
76962
76944
76890
76862
76832
76826
76807
76768
76768
76716
76689
76676
76647
76632
76612
76473
76411
76376
76373
76339
76336
76252
76168
76072
76039
75932
75864
75846
75845
75806
75761
75415
75414
75263
75255
75192
75131
75124
75049
74931
74877
74860
74854
74749
74693
74643
74622
74605
74516
74467
74362
74230
74150
73980
73938
73886
73849
73841
73770
73768
73647
73432
73376
73370
73354
73339
73085
73057
72941
72906
72888
72884
72858
72842
72831
72759
72758
72667
72635
72635
72594
72571
72542
72509
72449
72442
72432
72383
72382
72382
72330
72199
72150
72140
72108
72088
72033
72006
71993
71990
71935
71888
71795
71735
71725
71702
71690
71643
71633
71613
71592
71409
71375
71333
71318
71247
71204
71090
71082
71073
71042
71025
70989
70946
70935
70885
70872
70824
70821
70772
70768
70635
70600
70563
70561
70536
70470
70410
70405
70248
70231
70166
69944
69939
69927
69866
69726
69706
69635
69619
69529
69506
69476
69414
69407
69325
69289
69211
69180
69017
68866
68776
68770
68769
68759
68738
68694
68690
68666
68631
68625
68530
68439
68434
68403
68304
68199
68152
68085
68046
68039
68014
67999
67947
67925
67911
67893
67883
67836
67718
67676
67657
67624
67560
67531
67475
67460
67327
67235
67161
67160
67133
67069
67040
67034
66891
66813
66667
66583
66416
66342
66188
66110
66096
66056
66039
66010
65951
65863
65814
65791
65665
65543
65369
65318
65246
65155
64994
64986
64945
64942
64925
64850
64741
64708
64693
64666
64636
64618
64523
64518
64502
64495
64439
64359
64312
64307
64284
64191
64093
64041
64013
63952
63926
63907
63863
63827
63783
63757
63739
63732
63719
63707
63668
63629
63575
63509
63379
63137
63111
63040
63032
62944
62919
62729
62560
62492
62456
62367
62322
62269
62247
62231
62215
62214
62209
62205
62204
62188
61991
61984
61897
61861
61836
61824
61789
61671
61646
61597
61580
61551
61527
61424
61420
61379
61364
61337
61251
61247
61147
61113
61087
61039
60938
60851
60843
60822
60679
60656
60650
60584
60568
60542
60495
60435
60395
60322
60320
60275
60260
60224
60208
60162
60161
60092
59983
59911
59908
59903
59901
59776
59766
59740
59712
59686
59643
59640
59564
59562
59521
59512
59419
59361
59341
59275
59274
59262
59150
59008
58928
58907
58888
58819
58764
58675
58656
58569
58365
58365
58314
58251
58239
58233
58148
58137
58112
58058
58048
58027
58021
57985
57953
57864
57834
57794
57722
57644
57640
57592
57588
57564
57517
57462
57384
57364
57352
57277
57126
57046
57034
57029
56992
56835
56773
56579
56542
56523
56434
56427
56423
56344
56276
56236
56228
56216
56185
56156
55937
55927
55839
55803
55748
55733
55709
55695
55648
55492
55456
55428
55375
55365
55361
55336
55323
55271
55221
55204
55190
55162
55117
55027
55003
54955
54936
54935
54780
54777
54757
54703
54667
54663
54459
54429
54387
54369
54278
54182
54049
53989
53889
53824
53792
53638
53574
53436
53430
53386
53367
53318
53307
53235
53212
53206
53200
53127
53055
53004
52977
52934
52894
52869
52795
52766
52690
52677
52664
52644
52602
52521
52231
52213
52081
52019
51943
51883
51862
51832
51777
51651
51613
51604
51564
51549
51540
51504
51484
51425
51404
51355
51284
51249
51244
51162
50937
50935
50906
50871
50858
50850
50822
50765
50577
50568
50534
50521
50487
50469
50427
50279
50269
50158
50044
49978
49910
49908
49903
49889
49886
49878
49782
49754
49752
49644
49574
49205
49194
49166
49122
49056
49051
48826
48811
48795
48610
48608
48588
48513
48457
48392
48387
48350
48336
48202
48140
47979
47873
47860
47832
47830
47799
47764
47674
47645
47579
47577
47505
47448
47413
47295
47291
47261
47251
47239
47225
47189
46998
46987
46969
46810
46774
46765
46742
46712
46595
46555
46541
46334
46189
46185
46182
46124
46114
46113
45926
45916
45884
45823
45792
45786
45745
45675
45581
45570
45529
45494
45449
45415
45396
45393
45361
45192
45112
45095
45034
44996
44977
44958
44914
44745
44664
44657
44645
44629
44493
44492
44473
44463
44457
44375
44363
44290
44155
44139
44105
43990
43904
43819
43795
43765
43758
43752
43741
43662
43641
43617
43611
43473
43468
43428
43337
43328
43301
43243
43202
43145
43110
43088
43067
43066
43023
42977
42966
42930
42875
42863
42851
42715
42697
42601
42517
42401
42341
42232
42213
42193
42174
42165
42110
41875
41869
41833
41711
41615
41606
41575
41483
41480
41404
41374
41252
41205
41092
41073
41059
41019
41001
40977
40962
40920
40867
40774
40765
40763
40695
40669
40652
40640
40580
40505
40449
40439
40421
40328
40262
40240
40092
40047
40022
40012
39959
39957
39895
39818
39801
39776
39650
39598
39579
39532
39523
39509
39428
39425
39366
39303
39290
39211
38890
38799
38734
38649
38638
38566
38526
38479
38473
38414
38366
38366
38308
38238
38209
38208
38197
38186
38038
38030
37987
37967
37878
37874
37872
37869
37820
37808
37745
37735
37656
37564
37528
37488
37475
37455
37390
37278
37206
37171
37102
37042
36989
36962
36918
36878
36851
36789
36732
36713
36540
36533
36402
36402
36313
36288
36206
36205
36156
36153
36049
35978
35977
35949
35948
35867
35849
35841
35835
35740
35699
35657
35610
35601
35561
35518
35456
35453
35338
35333
35237
35198
35186
35069
35050
34990
34955
34775
34749
34729
34675
34571
34524
34480
34473
34428
34424
34353
34276
34250
34246
34216
34120
34089
34043
34015
34001
33960
33942
33916
33883
33852
33799
33722
33656
33596
33565
33514
33368
33315
33237
33232
33090
33066
33053
33023
33000
32981
32754
32741
32714
32710
32679
32677
32673
32614
32509
32502
32487
32474
32349
32242
32217
32105
32079
32005
31973
31931
31814
31780
31700
31657
31644
31631
31627
31581
31530
31497
31485
31483
31360
31291
31287
31268
31259
31252
31230
31221
31210
31202
31148
31092
31002
30995
30956
30930
30920
30895
30592
30588
30418
30405
30391
30208
30188
30184
30078
30020
30005
29870
29779
29760
29753
29680
29616
29522
29494
29442
29370
29286
29278
29260
29201
29197
29193
28993
28989
28978
28927
28792
28709
28694
28653
28620
28584
28566
28492
28408
28341
28269
28195
28095
28086
28051
28033
27984
27983
27977
27916
27900
27873
27715
27665
27656
27626
27612
27604
27495
27488
27424
27416
27293
27164
27144
27076
27036
27034
26828
26595
26564
26509
26498
26355
26348
26299
26283
26226
26208
26194
26101
26063
26056
25935
25915
25915
25891
25873
25868
25793
25762
25762
25756
25755
25693
25678
25667
25570
25509
25451
25413
25364
25345
25343
25327
25268
25139
25087
25056
25021
25020
24948
24918
24849
24789
24729
24676
24573
24551
24547
24360
24337
24320
24239
24209
24191
24117
24088
24086
24022
23997
23971
23954
23892
23880
23834
23825
23758
23726
23722
23642
23623
23594
23499
23495
23422
23402
23388
23347
23326
23261
23241
23228
23214
23164
23143
22971
22938
22798
22712
22710
22699
22650
22515
22501
22445
22391
22331
22309
22274
22208
22195
22111
22069
22067
22034
21916
21909
21888
21888
21655
21633
21630
21598
21576
21574
21528
21333
21270
21201
21155
21112
21090
21069
21042
21020
21016
20872
20828
20800
20784
20740
20734
20695
20631
20522
20473
20385
20315
20296
20288
20241
20231
20221
20207
20174
20162
20161
20153
20117
20039
19999
19970
19890
19888
19771
19672
19608
19521
19509
19444
19421
19224
19167
19152
19085
18905
18894
18861
18813
18801
18776
18776
18749
18713
18556
18521
18480
18333
18326
18234
18234
18203
18176
18139
18103
18052
18022
17978
17923
17820
17819
17721
17664
17634
17629
17615
17562
17549
17507
17481
17374
17345
17334
17308
17285
17261
17182
17143
17134
17122
17100
17088
17082
16980
16879
16787
16758
16757
16728
16615
16581
16491
16480
16458
16406
16288
16188
16181
16001
16001
15974
15915
15853
15833
15758
15702
15679
15650
15641
15591
15556
15520
15484
15453
15440
15381
15370
15150
14977
14830
14806
14800
14739
14483
14427
14417
14316
14287
14273
14214
14170
14164
14137
14033
14004
13968
13931
13930
13705
13683
13678
13672
13669
13634
13520
13502
13500
13451
13427
13392
13348
13347
13290
13259
13162
13083
13056
12733
12647
12613
12499
12494
12438
12415
12397
12316
12270
12194
12148
12053
12048
11973
11894
11880
11816
11777
11765
11672
11630
11584
11521
11515
11484
11464
11418
11407
11331
11330
11246
11165
11102
11097
10929
10927
10871
10831
10799
10706
10606
10598
10549
10508
10472
10387
10377
10348
10309
10307
10195
10155
10134
9937
9924
9920
9893
9709
9614
9575
9531
9481
9425
9423
9406
9365
9314
9260
9105
9067
9058
8950
8940
8920
8842
8785
8768
8663
8660
8598
8521
8511
8434
8427
8305
8253
8250
8193
8061
8052
7888
7826
7821
7778
7740
7725
7577
7540
7484
7470
7463
7416
7346
7329
7266
7228
7195
7191
7138
7138
7135
7079
7079
6896
6784
6772
6757
6706
6698
6652
6585
6564
6497
6422
6370
6330
6273
6239
6104
6029
6005
5889
5846
5764
5733
5671
5657
5571
5509
5451
5353
5340
5250
5076
5067
4921
4901
4883
4795
4558
4537
4532
4508
4490
4377
4351
4313
4296
4178
4112
4090
4068
4009
3965
3918
3905
3866
3763
3613
3592
3384
3369
3296
3278
2970
2825
2817
2811
2791
2751
2573
2535
2499
2478
2419
2370
2308
2194
2187
2173
2113
2104
2010
1981
1962
1955
1925
1906
1874
1794
1786
1783
1676
1558
1538
1410
1372
1361
1304
1289
1080
1073
1030
1013
983
914
848
778
639
511
506
486
457
405
405
347
305
219
158
152
100
