99967
99908
99885
99840
99807
99714
99708
99707
99702
99583
99384
99270
99250
99238
99234
99133
99127
99083
99013
99013
99004
98958
98865
98702
98701
98695
98644
98606
98594
98528
98510
98506
98505
98466
98457
98430
98356
98280
98182
98167
98147
98119
98018
97999
97881
97684
97645
97620
97533
97528
97408
97367
97313
97252
97154
97102
97081
97069
97060
97025
97022
97002
96987
96968
96891
96853
96850
96846
96812
96781
96712
96655
96654
96645
96397
96379
96355
96269
96245
96236
96221
96142
96133
96126
96083
96015
95965
95964
95841
95824
95757
95752
95680
95577
95472
95401
95316
95270
95265
95132
95111
95102
95102
95052
95050
95038
95019
94966
94945
94899
94873
94745
94720
94695
94644
94626
94619
94531
94524
94488
94315
94290
94159
94131
94055
93956
93940
93926
93836
93792
93715
93628
93607
93574
93487
93457
93452
93273
93254
93232
93139
93080
93025
93021
93010
92990
92917
92754
92733
92682
92589
92577
92538
92509
92479
92454
92423
92419
92410
92254
92131
92061
91968
91886
91861
91804
91764
91698
91692
91640
91555
91527
91401
91348
91265
91217
91188
91151
91147
91138
91116
91105
91082
91073
91054
91048
90928
90880
90788
90745
90634
90598
90514
90482
90393
90252
90237
90224
90223
90161
90021
89889
89869
89798
89748
89726
89699
89659
89594
89561
89549
89423
89378
89374
89367
89353
89181
89117
89106
89033
88997
88966
88956
88894
88882
88812
88761
88757
88756
88750
88607
88559
88531
88511
88425
88409
88395
88365
88349
88336
88260
88154
88083
87996
87926
87917
87915
87886
87869
87849
87788
87757
87742
87723
87450
87442
87397
87324
87146
87145
87025
86918
86900
86893
86865
86863
86781
86770
86661
86652
86446
86416
86397
86375
86344
86284
86281
86201
86188
86169
86122
86113
86061
86045
86035
85923
85817
85767
85765
85738
85565
85505
85496
85444
85334
85294
85226
85214
85206
85202
85165
85145
85127
85096
85087
85034
84967
84873
84826
84816
84685
84537
84438
84383
84294
84290
84283
84117
84053
84026
84015
83994
83986
83953
83900
83773
83683
83579
83576
83567
83513
83466
83459
83432
83418
83413
83359
83320
83237
83223
83219
83208
83200
83104
83073
83065
83052
83041
83041
83026
83005
82991
82985
82943
82838
82810
82734
82730
82703
82671
82631
82566
82556
82546
82513
82512
82468
82432
82425
82382
82315
82278
82249
82247
82139
82087
82024
82003
81937
81924
81827
81732
81683
81410
81398
81329
81325
81315
81271
81258
81197
81148
80945
80936
80934
80895
80773
80768
80698
80603
80589
80586
80481
80430
80420
80420
80402
80256
80158
79975
79967
79936
79896
79795
79734
79651
79614
79535
79489
79441
79421
79412
79390
79367
79342
79328
79265
79230
79203
79184
79173
78947
78864
78798
78795
78762
78587
78573
78573
78543
78542
78452
78435
78389
78357
78315
78266
78198
78121
78120
77987
77968
77840
77775
77754
77698
77696
77659
77592
77568
77463
77358
77303
77179
76937
76931
76857
76851
76850
76671
76615
76550
76381
76332
76304
76260
76071
75944
75868
75797
75574
75565
75442
75437
75427
75404
75367
75356
75329
75276
75264
75171
75151
75114
75040
75004
74967
74958
74892
74815
74722
74713
74615
74606
74591
74447
74439
74388
74290
74264
74191
74135
74083
73949
73913
73883
73826
73822
73807
73798
73765
73750
73734
73686
73597
73481
73420
73304
73292
73211
73193
73170
73084
72957
72942
72851
72759
72745
72735
72655
72600
72585
72580
72542
72489
72486
72331
72224
72182
72153
72109
72089
72070
72028
71905
71823
71797
71782
71718
71667
71624
71530
71515
71263
71194
70925
70902
70863
70830
70820
70791
70790
70750
70662
70660
70660
70656
70641
70540
70534
70411
70399
70352
70339
70313
70250
70167
70143
70117
70113
70093
70066
70053
70023
69947
69888
69874
69798
69774
69721
69697
69671
69534
69496
69328
69282
69228
69170
69136
69086
69040
69033
69008
68953
68943
68908
68767
68635
68617
68609
68597
68545
68500
68471
68471
68457
68382
68319
68199
68182
68065
68061
67969
67849
67752
67741
67599
67588
67583
67492
67428
67414
67413
67408
67390
67367
67346
67159
67103
67075
67049
67042
66851
66830
66702
66615
66591
66460
66129
66088
66080
66048
65982
65956
65946
65938
65857
65848
65763
65756
65747
65680
65629
65579
65543
65480
65466
65368
65367
65329
65059
65028
64991
64953
64922
64835
64799
64776
64763
64747
64594
64553
64541
64437
64374
64338
64322
64201
64050
63999
63986
63985
63965
63800
63743
63738
63736
63735
63722
63597
63591
63509
63488
63454
63379
63378
63231
63214
63203
63055
63039
62909
62895
62895
62614
62578
62523
62264
62211
62143
62136
62123
62043
62015
61984
61819
61774
61767
61661
61644
61635
61595
61582
61436
61429
61405
61373
61346
61281
61188
61164
61106
61031
60993
60944
60908
60877
60877
60804
60746
60718
60515
60330
60320
60284
60130
60104
60088
60085
60085
60038
60037
59930
59890
59794
59766
59762
59651
59576
59552
59438
59425
59378
59373
59235
59232
59125
59088
58928
58818
58816
58666
58591
58567
58402
58364
58291
58241
58072
58031
58017
58016
57964
57914
57896
57788
57711
57620
57532
57517
57515
57433
57337
57333
57229
57204
57143
57065
57013
56944
56905
56727
56707
56668
56655
56630
56615
56606
56573
56511
56493
56437
56428
56318
56292
56287
56174
56153
56083
56073
55944
55941
55892
55870
55866
55860
55748
55675
55644
55631
55588
55547
55497
55285
55262
55112
55032
55014
54986
54896
54624
54617
54614
54590
54574
54559
54293
54249
54228
54087
53936
53917
53894
53893
53888
53856
53826
53783
53736
53715
53692
53577
53539
53521
53428
53405
53401
53322
53305
53299
53264
53250
53236
53225
53142
53098
53075
52979
52940
52927
52892
52880
52878
52877
52851
52759
52753
52753
52725
52689
52667
52617
52586
52583
52532
52518
52489
52423
52392
52338
52335
52329
52276
52222
52197
52176
52109
51978
51940
51832
51777
51772
51657
51637
51538
51503
51500
51449
51428
51427
51412
51373
51373
51176
51090
51068
51018
50987
50964
50951
50918
50893
50879
50787
50781
50773
50736
50670
50636
50623
50591
50590
50586
50565
50544
50484
50405
50376
50367
50340
50324
50307
50304
50299
50257
50230
50209
50161
50147
50062
49999
49800
49758
49697
49673
49655
49492
49375
49295
49289
49268
49266
49261
49217
49182
49178
49106
49012
49002
48941
48912
48864
48860
48783
48747
48600
48593
48580
48559
48540
48511
48477
48424
48403
48379
48296
48257
48229
48198
48029
48008
47971
47951
47940
47903
47886
47710
47692
47619
47611
47605
47531
47453
47414
47316
47310
47263
47218
47185
47154
47114
47094
46998
46903
46783
46732
46674
46671
46648
46509
46435
46428
46237
46194
46121
46016
46004
45820
45731
45698
45599
45549
45480
45444
45437
45429
45422
45410
45222
45185
45174
45143
45113
45068
45010
44937
44910
44857
44814
44813
44793
44698
44627
44612
44569
44560
44497
44423
44411
44329
44286
44031
44000
43940
43930
43923
43845
43773
43752
43716
43670
43650
43588
43508
43439
43234
43218
43139
43130
43126
43118
43034
42986
42981
42894
42881
42862
42790
42759
42715
42699
42538
42433
42383
42364
42352
42338
42321
42304
42217
42216
42164
42162
42134
42111
41995
41921
41917
41910
41902
41880
41875
41750
41723
41685
41672
41603
41600
41582
41554
41484
41462
41415
41386
41356
41343
41300
41259
41237
41230
41229
41174
41017
41004
40824
40794
40744
40676
40661
40596
40553
40533
40367
40243
40168
39970
39836
39767
39677
39676
39645
39625
39515
39488
39478
39448
39408
39386
39386
39331
39300
39297
39206
39157
39135
39119
39108
39040
39023
38935
38867
38849
38710
38666
38628
38486
38478
38398
38334
38326
38244
38207
38182
38152
38114
38102
38042
38033
38000
37818
37810
37732
37712
37597
37565
37495
37454
37397
37386
37201
37123
37104
36983
36963
36928
36858
36793
36766
36716
36610
36584
36512
36458
36365
36363
36282
36173
36149
36107
36019
35986
35943
35929
35926
35882
35850
35845
35824
35820
35819
35713
35703
35688
35652
35607
35578
35572
35570
35459
35392
35359
35328
35296
35286
35206
35206
35192
35187
35156
35107
35095
35090
35017
34942
34941
34933
34851
34846
34818
34785
34743
34723
34722
34714
34679
34611
34590
34577
34571
34563
34528
34523
34509
34477
34368
34226
34162
34090
34086
34016
33973
33960
33913
33881
33880
33856
33811
33787
33584
33452
33314
33220
33218
33204
33196
33183
33144
33125
33097
33010
32993
32979
32976
32912
32894
32872
32839
32823
32708
32666
32664
32663
32647
32581
32421
32396
32368
32325
32324
32296
32145
32092
31990
31910
31859
31833
31794
31788
31783
31751
31707
31555
31540
31507
31417
31416
31406
31396
31384
31376
31361
31353
31347
31276
31153
31143
31082
31056
30663
30609
30607
30560
30525
30523
30506
30494
30470
30468
30429
30385
30364
30180
29940
29913
29894
29856
29828
29821
29790
29787
29676
29539
29421
29253
29242
29222
29205
29182
29178
29165
29157
29144
29035
29033
28918
28858
28824
28788
28726
28710
28667
28632
28601
28479
28427
28400
28257
28245
28187
28124
28119
28114
28092
28046
28028
27994
27984
27983
27981
27800
27757
27714
27598
27590
27563
27559
27420
27389
27265
27239
27212
27185
27159
27130
27032
26957
26901
26885
26692
26690
26636
26595
26578
26520
26498
26436
26417
26374
26312
26298
26287
26283
26135
26089
26033
26011
26004
25983
25977
25896
25894
25830
25758
25753
25666
25662
25515
25502
25473
25445
25402
25369
25325
25315
25273
25245
25239
25131
25108
25081
25058
25033
24979
24974
24882
24749
24634
24569
24528
24525
24524
24492
24419
24415
24397
24393
24327
24324
24323
24312
24285
24271
24243
24218
24178
24175
24101
24076
24021
24001
23934
23926
23912
23850
23582
23567
23516
23422
23388
23386
23375
23335
23300
23194
23172
23169
23166
23154
23108
23070
22959
22935
22871
22846
22812
22801
22678
22592
22586
22526
22517
22403
22375
22362
22329
22320
22295
22276
22251
22180
22096
21997
21985
21889
21862
21727
21671
21512
21465
21306
21265
21239
21064
21042
20993
20939
20934
20924
20910
20782
20693
20624
20528
20495
20361
20230
20209
20190
20188
20182
20157
19964
19931
19889
19826
19825
19753
19739
19711
19686
19650
19412
19394
19376
19332
19305
19139
19123
19101
19072
19039
19033
18999
18982
18927
18851
18788
18755
18750
18712
18666
18562
18443
18277
18238
17965
17957
17953
17940
17904
17828
17813
17737
17685
17618
17450
17387
17319
17312
17303
17276
17225
17026
16979
16974
16843
16834
16724
16643
16623
16589
16548
16538
16527
16482
16480
16438
16389
16385
16272
16245
16174
16154
16115
16025
15932
15925
15898
15809
15700
15660
15652
15646
15512
15450
15446
15444
15427
15345
15337
15323
15119
15113
15020
14953
14933
14908
14860
14631
14556
14553
14448
14422
14419
14408
14382
14356
14338
14293
14193
14176
14134
14075
14066
14041
14016
14014
13970
13933
13826
13825
13776
13755
13703
13634
13543
13529
13467
13459
13421
13364
13325
13292
13271
13253
13214
13188
13179
13164
13090
13044
12949
12723
12711
12686
12671
12580
12568
12523
12506
12441
12421
12400
12386
12372
12320
12289
12270
12200
12158
12076
12023
11988
11966
11948
11866
11852
11741
11697
11628
11608
11585
11531
11473
11471
11469
11398
11361
11220
11163
11140
11075
11061
10968
10952
10935
10930
10915
10833
10731
10726
10689
10549
10494
10462
10224
10179
10179
10127
10119
10075
10008
9935
9898
9881
9862
9827
9807
9733
9715
9695
9685
9589
9568
9503
9481
9425
9401
9354
9338
9330
9320
9267
9236
9080
9034
9018
9018
8997
8988
8872
8850
8822
8780
8717
8697
8435
8401
8375
8303
8254
8202
8105
8059
8035
8001
8001
7972
7871
7827
7770
7762
7727
7620
7575
7557
7528
7491
7466
7451
7447
7349
7279
7246
7212
7207
7155
7041
6961
6914
6911
6850
6793
6697
6597
6542
6498
6476
6433
6329
6297
6284
6255
6147
6138
6015
5917
5904
5901
5776
5712
5656
5563
5562
5446
5361
5349
5257
5209
5173
5120
5079
5039
4951
4874
4717
4703
4666
4616
4553
4544
4530
4522
4489
4481
4480
4444
4322
4237
4200
4129
4004
3983
3979
3954
3786
3657
3549
3513
3494
3445
3395
3387
3377
3331
3279
3257
3249
3172
3152
3117
3110
3008
2979
2898
2800
2708
2628
2569
2559
2543
2438
2431
2429
2347
2294
2283
2252
2203
2125
2092
2000
1896
1883
1879
1783
1741
1735
1697
1630
1531
1520
1508
1498
1452
1451
1440
1286
1261
1173
1158
1080
1028
986
976
970
928
803
780
769
735
712
705
644
297
255
154
129
55
52
