99978
99977
99968
99965
99962
99960
99889
99738
99713
99694
99657
99652
99608
99593
99559
99540
99442
99438
99390
99377
99376
99321
99289
99235
99208
99203
99196
99150
99149
99118
99113
99096
99081
98930
98849
98825
98759
98712
98698
98624
98591
98546
98398
98353
98337
98256
98226
98205
98132
98105
98068
98035
97975
97960
97960
97850
97832
97818
97766
97755
97702
97675
97647
97619
97566
97544
97510
97439
97386
97268
97186
97166
97157
97136
97107
97049
97016
96972
96926
96898
96827
96819
96782
96613
96609
96584
96545
96484
96459
96411
96377
96277
96241
96237
96148
96145
96134
96108
96105
96064
96056
95973
95849
95742
95713
95663
95563
95562
95492
95427
95320
95197
95110
95020
95016
94987
94950
94937
94923
94634
94582
94474
94455
94449
94449
94398
94337
94328
94319
94304
94296
94076
94030
93967
93871
93841
93814
93794
93769
93479
93380
93329
93326
93284
93274
93269
93255
93202
93197
93171
93002
92980
92954
92888
92781
92778
92721
92627
92519
92439
92427
92346
92151
92094
92015
92004
91988
91686
91669
91581
91540
91538
91452
91368
91307
91188
91156
91143
91124
91061
91036
90996
90983
90887
90869
90781
90752
90729
90576
90521
90516
90510
90431
90389
90270
90239
90236
90230
90226
90180
90128
89967
89877
89774
89754
89703
89685
89676
89675
89589
89335
89325
89110
88928
88798
88774
88770
88766
88739
88679
88650
88493
88377
88312
88133
88130
88022
88008
87941
87875
87811
87784
87738
87693
87673
87607
87441
87351
87321
87277
86915
86896
86888
86883
86761
86723
86672
86665
86639
86618
86581
86546
86424
86292
86258
86247
86201
86146
86062
86037
85954
85868
85650
85623
85547
85498
85443
85222
85197
85113
85053
85052
84880
84862
84848
84768
84751
84735
84539
84516
84335
84256
84121
84118
84095
84067
83994
83958
83907
83815
83786
83768
83718
83715
83639
83556
83553
83503
83455
83423
83383
83382
83355
83344
83240
83230
83188
83174
83041
83003
82950
82807
82801
82778
82724
82713
82683
82643
82632
82502
82450
82435
82382
82350
82340
82316
82289
82279
82272
82246
82243
82222
82173
82170
82072
81829
81791
81787
81738
81650
81640
81612
81599
81560
81548
81542
81537
81488
81425
81416
81389
81379
81351
81341
81310
81271
81270
81243
81133
81022
81019
81012
80943
80923
80795
80727
80717
80709
80588
80582
80483
80423
80389
80378
80368
80324
80296
80294
80032
80022
80016
79870
79749
79699
79689
79630
79579
79539
79491
79445
79370
79322
79248
79242
79193
79065
79019
78997
78986
78982
78942
78936
78891
78889
78819
78769
78768
78720
78718
78612
78592
78570
78561
78528
78474
78391
78390
78374
78300
78258
78199
78192
78108
78052
77993
77992
77948
77920
77827
77774
77743
77687
77537
77536
77399
77360
77310
77266
77247
77218
77187
77126
77089
77065
77064
77039
76962
76944
76923
76875
76821
76785
76762
76713
76663
76641
76367
76350
76281
76254
76199
76175
76166
76133
76055
76025
76004
75945
75942
75909
75907
75876
75793
75734
75648
75552
75427
75419
75385
75281
75266
75232
75214
75183
75159
75147
75133
75005
74996
74975
74945
74943
74939
74933
74894
74891
74843
74819
74716
74715
74485
74479
74455
74418
74339
74327
74322
74317
74281
74215
74162
74082
74032
74023
73979
73894
73840
73835
73821
73756
73622
73612
73588
73557
73460
73310
73289
73248
73167
73154
73153
73117
73106
73067
73013
72978
72932
72864
72825
72824
72793
72742
72741
72616
72585
72498
72471
72466
72461
72418
72333
72275
72250
72140
71958
71893
71872
71806
71764
71728
71682
71674
71666
71657
71654
71568
71497
71485
71481
71440
71420
71408
71396
71343
71341
71325
71296
71290
71247
71190
71160
71102
71096
71094
71071
70992
70983
70856
70831
70725
70642
70624
70598
70563
70556
70457
70404
70401
70320
70298
70284
70257
70209
70045
69946
69900
69896
69863
69821
69790
69778
69752
69733
69665
69510
69510
69462
69399
69369
69342
69179
69147
69032
68980
68973
68969
68947
68769
68744
68725
68708
68582
68523
68516
68471
68414
68403
68282
68237
68219
68160
68127
68112
68073
68058
67884
67870
67687
67669
67506
67490
67480
67452
67341
67283
67130
67086
67080
67070
67064
67011
66922
66902
66867
66639
66476
66470
66458
66439
66366
66231
66087
66005
65948
65918
65859
65836
65809
65797
65796
65712
65700
65674
65468
65454
65305
65284
65261
65175
65050
65043
64888
64878
64850
64830
64806
64742
64688
64619
64597
64528
64523
64522
64519
64299
64293
64289
64200
64182
64160
64109
64071
64022
63987
63956
63894
63879
63857
63841
63815
63725
63699
63580
63578
63501
63439
63407
63403
63395
63390
63340
63255
63252
63244
63219
63139
63067
63065
63007
62988
62964
62938
62920
62850
62822
62768
62713
62667
62580
62518
62345
62309
62249
61973
61964
61960
61934
61899
61889
61828
61823
61801
61796
61792
61605
61586
61507
61473
61362
61248
61199
61019
60924
60870
60826
60734
60705
60608
60595
60569
60550
60512
60328
60315
60303
60292
60223
60205
60076
60068
59860
59809
59772
59683
59681
59679
59663
59611
59588
59555
59521
59505
59435
59414
59292
59239
59230
59221
59210
59140
59107
59047
58789
58777
58761
58731
58711
58677
58651
58543
58527
58485
58473
58471
58396
58269
58238
58234
58197
58107
58104
58091
57991
57966
57936
57865
57841
57709
57636
57629
57570
57544
57523
57506
57494
57478
57293
57255
57128
57122
57082
57074
57037
57004
56926
56861
56839
56830
56748
56687
56685
56666
56554
56535
56510
56447
56418
56417
56389
56369
56323
56307
56179
56154
56124
56034
55853
55842
55604
55454
55417
55376
55374
55286
55260
55259
55223
55211
55202
55154
55106
55058
54962
54955
54938
54927
54894
54804
54804
54726
54714
54650
54642
54640
54615
54595
54406
54292
54270
54196
54155
54151
54140
54124
54116
54103
54081
53981
53933
53909
53875
53822
53771
53743
53623
53601
53553
53516
53482
53456
53441
53428
53421
53388
53372
53268
53234
53193
53176
53149
53116
53045
53037
53007
52993
52959
52870
52673
52665
52637
52610
52494
52477
52456
52360
52330
52317
52273
52150
52100
52081
52019
51986
51913
51904
51877
51843
51840
51832
51733
51678
51665
51592
51548
51230
51210
51183
51182
51147
51073
51021
51013
50979
50978
50961
50946
50916
50899
50869
50711
50616
50565
50496
50495
50426
50356
50292
50219
50109
50085
50080
50073
50045
49969
49941
49935
49870
49823
49817
49811
49794
49728
49726
49714
49705
49637
49635
49607
49539
49538
49520
49464
49420
49420
49335
49308
49224
49215
49201
49166
49151
49046
49013
49005
48955
48937
48885
48829
48753
48654
48644
48568
48519
48460
48346
48270
48250
48230
48213
48212
48143
48114
48047
48035
47978
47977
47839
47720
47681
47609
47585
47427
47427
47414
47398
47351
47272
47220
47213
47127
47122
47085
47026
46916
46814
46809
46778
46758
46749
46737
46735
46684
46637
46483
46432
46331
46303
46299
46153
46080
46078
46071
46068
45991
45967
45961
45794
45754
45720
45719
45691
45681
45558
45547
45465
45458
45427
45359
45329
45284
45229
45209
45195
45160
45140
45095
45052
44976
44962
44892
44892
44865
44831
44743
44619
44613
44611
44611
44592
44545
44465
44447
44139
44090
44024
43856
43847
43829
43738
43623
43607
43582
43574
43543
43542
43514
43354
43281
43213
43208
43162
43159
43155
43091
43052
43034
42968
42732
42706
42689
42669
42655
42622
42539
42405
42310
42274
42232
42197
42197
42179
42160
42138
42077
42042
42008
41969
41918
41773
41663
41656
41542
41536
41487
41335
41281
41206
41176
41173
41122
41101
41042
40939
40934
40892
40870
40862
40807
40735
40668
40546
40546
40536
40519
40415
40285
40201
40157
40076
39870
39753
39714
39579
39515
39437
39350
39294
39226
39195
39165
39133
39107
39009
38976
38923
38878
38876
38843
38815
38787
38779
38753
38637
38627
38619
38609
38570
38561
38550
38518
38494
38422
38388
38387
38359
38299
38260
38189
38180
38160
38139
38115
38019
38009
38007
37953
37835
37821
37772
37751
37676
37671
37650
37645
37634
37629
37622
37545
37422
37417
37409
37209
37072
37025
36970
36866
36802
36710
36691
36659
36592
36446
36346
36295
36271
36229
36156
36135
36133
36131
36126
36124
36007
35872
35798
35727
35663
35623
35505
35480
35477
35350
35281
35270
35266
35223
35206
35202
35202
35147
35109
35105
35101
35081
35012
34981
34950
34932
34698
34674
34653
34566
34561
34555
34503
34436
34253
34243
34203
33958
33885
33851
33768
33767
33726
33712
33637
33633
33623
33503
33478
33430
33427
33406
33393
33319
33316
33258
33209
33039
33035
33031
33025
33018
32977
32924
32827
32475
32449
32440
32286
32275
32218
32213
32205
32177
32151
32097
32005
31899
31861
31799
31792
31714
31695
31675
31633
31534
31522
31368
31310
31247
31210
31117
31087
31036
30956
30923
30833
30767
30716
30678
30675
30590
30567
30382
30336
30328
30319
30313
30258
30239
30197
30138
30116
30028
30007
29970
29921
29882
29844
29841
29791
29707
29690
29550
29468
29349
29334
29321
29302
29221
29185
29162
29143
29096
29062
29041
29024
29002
28974
28961
28961
28655
28639
28618
28516
28483
28455
28449
28442
28309
28262
28195
28180
28137
28133
28128
28126
28050
27951
27928
27898
27891
27871
27860
27831
27734
27639
27624
27585
27486
27362
27329
27264
27215
27205
27165
27017
26969
26932
26807
26779
26743
26723
26636
26571
26555
26504
26478
26456
26229
26222
26170
26158
26122
26121
26120
26102
26100
26062
25979
25862
25839
25804
25756
25679
25675
25670
25630
25623
25622
25589
25579
25577
25287
25274
25173
25098
25057
25004
24994
24972
24955
24855
24852
24804
24767
24737
24726
24670
24663
24661
24656
24637
24416
24341
24247
24246
24181
24178
24128
24102
24097
24086
24026
23981
23970
23959
23936
23912
23871
23868
23800
23683
23663
23570
23384
23260
23198
23038
22978
22973
22943
22930
22921
22912
22878
22763
22745
22716
22691
22601
22564
22564
22277
22232
22178
22130
22084
22064
22022
22008
22003
21904
21800
21792
21663
21613
21595
21513
21506
21494
21439
21292
21280
21245
21205
20906
20886
20539
20530
20523
20440
20430
20307
20286
20265
20170
20105
20071
20062
20028
20012
19927
19680
19636
19535
19525
19520
19499
19456
19397
19378
19366
19312
19256
19140
19132
19041
19037
18997
18938
18792
18785
18702
18651
18649
18638
18621
18485
18411
18336
18334
18330
18227
18194
18180
18126
18093
18086
18043
18018
18014
17941
17798
17788
17741
17735
17684
17625
17423
17408
17405
17382
17281
17247
17152
16829
16824
16819
16817
16801
16746
16635
16615
16544
16540
16428
16359
16242
16128
16009
15966
15948
15936
15934
15900
15827
15793
15790
15634
15476
15448
15444
15398
15300
15228
15226
15203
15129
15114
15112
15040
15032
14999
14957
14907
14853
14844
14801
14733
14667
14638
14615
14584
14517
14466
14454
14355
14346
14345
14318
14289
14253
14158
13986
13972
13795
13748
13658
13528
13498
13476
13465
13437
13385
13308
13297
13207
13104
13017
12973
12876
12834
12819
12782
12725
12695
12693
12515
12391
12366
12359
12318
12303
12284
12174
12167
12060
12029
11967
11901
11853
11826
11819
11812
11698
11466
11443
11393
11279
11265
11154
11121
11031
11029
11004
10919
10899
10850
10844
10778
10735
10730
10714
10702
10671
10660
10630
10628
10598
10593
10569
10523
10476
10473
10338
10289
10224
10185
10078
10047
9880
9867
9826
9819
9793
9745
9675
9644
9624
9622
9551
9527
9474
9438
9394
9321
9260
9246
9217
9210
9127
9104
9086
9054
9033
8997
8953
8881
8874
8871
8769
8717
8662
8556
8436
8327
8232
8232
8182
8105
8065
8004
7768
7709
7664
7624
7613
7604
7579
7520
7486
7378
7338
7261
7255
7230
7208
7189
7170
7141
7103
7018
6965
6924
6914
6885
6863
6798
6666
6570
6569
6567
6550
6487
6475
6404
6320
6266
6250
6021
5980
5978
5978
5897
5809
5772
5712
5685
5606
5487
5467
5454
5399
5389
5378
5302
5268
5251
5165
5125
5086
5078
5030
5008
4779
4752
4746
4721
4633
4630
4597
4596
4572
4506
4371
4186
4072
4065
4047
3988
3894
3888
3859
3807
3735
3677
3648
3609
3514
3466
3451
3401
3393
3391
3387
3383
3368
3346
3299
3275
3249
3248
3174
3150
3136
3021
2999
2933
2882
2872
2867
2644
2627
2522
2521
2447
2437
2416
2275
2207
2145
1994
1941
1936
1885
1856
1813
1746
1728
1665
1557
1551
1511
1505
1502
1489
1408
1392
1303
1302
1155
1027
1007
927
912
742
638
629
618
593
593
558
531
523
475
336
324
291
289
263
257
163
147
131
109
94
75
