99946
99915
99912
99901
99862
99747
99739
99722
99706
99639
99628
99534
99499
99458
99425
99368
99314
99222
99180
99157
99129
99124
99078
99064
98922
98825
98793
98759
98739
98730
98646
98641
98624
98548
98511
98487
98435
98426
98392
98376
98360
98292
98278
98275
98250
98194
98187
98118
98062
98029
98028
98010
97764
97759
97725
97617
97590
97533
97477
97471
97401
97133
97085
97073
97070
97063
97014
96910
96813
96782
96705
96691
96684
96672
96662
96658
96559
96526
96487
96458
96358
96352
96326
96314
96219
96130
96072
95957
95910
95908
95865
95786
95775
95722
95688
95597
95564
95516
95426
95275
95241
95238
95226
95147
95135
94994
94931
94864
94831
94820
94788
94746
94715
94689
94674
94508
94484
94467
94308
94141
94017
93977
93902
93863
93756
93684
93648
93646
93469
93408
93380
93319
93314
93301
93215
93209
93198
93196
93177
93165
93150
93069
93062
92945
92812
92791
92752
92739
92708
92697
92694
92628
92605
92580
92493
92435
92410
92278
92242
92145
92127
91980
91885
91825
91808
91801
91777
91599
91546
91500
91488
91414
91399
91360
91330
91327
91181
91133
91115
91023
90905
90854
90823
90737
90592
90561
90545
90492
90445
90320
90262
90132
90107
90081
90064
89908
89784
89775
89646
89475
89456
89364
89345
89344
89233
88913
88796
88726
88702
88688
88640
88458
88401
88379
88358
88283
88246
88215
88121
88037
88024
87965
87954
87944
87931
87880
87845
87838
87838
87833
87765
87740
87680
87671
87637
87624
87600
87568
87530
87527
87490
87468
87448
87339
87313
87288
87280
87275
87203
87162
87122
87088
87077
87057
87030
87003
86978
86956
86912
86843
86836
86824
86767
86766
86644
86611
86605
86512
86426
86385
86331
86323
86311
86190
86186
86178
86120
86072
86055
86023
85949
85888
85869
85859
85796
85701
85649
85639
85600
85388
85381
85307
85253
85224
85191
85141
84992
84975
84974
84766
84757
84756
84748
84727
84723
84690
84684
84656
84639
84608
84572
84540
84405
84139
84087
84066
84066
84020
83939
83884
83830
83707
83634
83618
83566
83513
83511
83424
83325
83322
83318
83311
83179
83152
83078
83021
82978
82975
82906
82870
82862
82849
82820
82646
82638
82621
82606
82540
82498
82451
82434
82415
82364
82309
82282
82244
82243
82178
82117
81998
81980
81962
81947
81801
81782
81659
81539
81484
81463
81452
81417
81372
81349
81342
81327
81324
81279
81235
81198
81147
81080
81041
81004
80920
80918
80848
80834
80832
80702
80652
80648
80642
80564
80501
80270
80161
80150
80123
80084
80061
80019
79977
79949
79878
79798
79656
79557
79494
79455
79449
79426
79404
79385
79345
79325
79269
79222
79204
79195
79154
79140
79081
79050
78957
78938
78935
78918
78895
78837
78812
78763
78754
78682
78663
78609
78589
78567
78552
78527
78344
78293
78277
78263
78263
78192
78151
78068
78058
78044
78025
78008
77928
77927
77923
77857
77765
77745
77705
77677
77674
77468
77453
77437
77411
77390
77359
77347
77294
77256
77232
77201
77150
77139
77128
77096
77031
77016
77001
76995
76961
76922
76764
76727
76714
76590
76529
76488
76408
76242
76147
76124
76103
76082
76013
75996
75912
75870
75695
75667
75664
75661
75637
75520
75510
75346
75262
75225
75218
75208
75172
75127
75098
75078
75071
75031
74947
74931
74902
74898
74898
74841
74768
74690
74649
74523
74467
74460
74386
74367
74317
74287
74232
74230
74173
74109
73997
73995
73980
73966
73953
73811
73762
73744
73705
73699
73680
73676
73563
73524
73494
73461
73379
73294
73232
73176
73146
73121
73076
73012
72931
72855
72790
72617
72617
72547
72535
72528
72488
72426
72404
72376
72308
72268
72215
72151
71998
71896
71849
71706
71628
71627
71588
71584
71550
71535
71503
71489
71455
71445
71419
71413
71403
71386
71356
71332
71296
71287
71263
71254
71176
71082
71013
70883
70826
70794
70739
70685
70600
70527
70505
70436
70310
70281
70032
69982
69970
69968
69965
69951
69937
69898
69824
69768
69750
69645
69526
69501
69330
69195
69185
69085
69052
69034
69029
69021
68975
68956
68897
68854
68805
68798
68771
68751
68732
68641
68619
68597
68531
68412
68365
68354
68257
68217
68174
68167
68011
67982
67899
67785
67764
67751
67730
67704
67625
67605
67538
67526
67495
67486
67310
67296
67284
67233
67110
66868
66780
66751
66675
66651
66617
66603
66601
66587
66474
66463
66392
66275
66191
66029
66019
65951
65900
65832
65816
65751
65727
65676
65632
65613
65548
65520
65421
65343
65317
65285
65275
65259
65252
65136
65102
65088
65067
64977
64856
64846
64838
64756
64665
64633
64585
64562
64529
64506
64444
64409
64334
64312
64260
64247
64202
64154
64136
64125
64076
64058
64011
63998
63920
63794
63790
63774
63586
63568
63538
63473
63425
63403
63363
63339
63332
63318
63291
63214
63211
63207
63047
63024
63001
62920
62819
62780
62764
62717
62684
62642
62590
62490
62454
62429
62392
62301
62252
62246
62241
62183
62086
62063
62056
62018
62011
61968
61966
61926
61907
61833
61832
61771
61723
61692
61597
61526
61491
61455
61399
61348
61278
61208
61182
61061
61060
60987
60966
60963
60908
60884
60861
60840
60817
60771
60669
60616
60561
60550
60485
60367
60333
60201
60030
59895
59887
59758
59562
59540
59432
59407
59398
59317
59292
59257
59224
59161
59154
59039
58941
58900
58876
58849
58832
58825
58650
58579
58531
58517
58507
58434
58426
58366
58353
58308
58283
58270
58264
58261
58258
58217
58204
58163
58125
58113
58072
58058
58047
58031
58023
57836
57805
57762
57701
57695
57686
57629
57586
57536
57510
57503
57501
57453
57451
57386
57309
57258
57221
57194
57161
57133
57091
57060
57059
57023
57019
57017
56995
56925
56733
56618
56544
56539
56457
56297
56088
56022
56019
55999
55911
55909
55880
55844
55790
55720
55582
55582
55528
55522
55510
55503
55456
55409
55404
55389
55384
55244
55235
55233
55222
55177
55062
55000
54980
54929
54902
54861
54828
54737
54721
54610
54601
54535
54534
54387
54324
54260
54218
54205
54096
54026
54023
53984
53955
53910
53875
53815
53753
53700
53681
53607
53567
53554
53517
53460
53430
53336
53164
53163
53083
53074
53025
52995
52945
52925
52877
52853
52813
52656
52627
52596
52595
52594
52536
52424
52375
52212
52146
52094
52076
51955
51777
51673
51670
51653
51389
51339
51275
51271
51270
51213
51144
51039
51020
50988
50890
50811
50660
50650
50636
50627
50553
50485
50479
50471
50396
50375
50219
50170
50156
50143
50118
50069
50053
50010
50007
50002
49913
49889
49852
49820
49782
49741
49598
49433
49390
49388
49136
49085
49075
49069
49032
48998
48856
48832
48803
48753
48741
48717
48637
48616
48583
48575
48564
48547
48473
48448
48440
48385
48383
48347
48321
48315
48295
48207
48190
47956
47910
47829
47754
47740
47518
47508
47449
47438
47227
47208
47099
47074
47074
47047
46979
46886
46705
46588
46499
46414
46341
46196
46187
46005
45926
45912
45878
45826
45804
45744
45733
45662
45660
45653
45645
45637
45615
45565
45540
45459
45456
45455
45422
45419
45415
45356
45331
45320
45276
45241
45236
45164
45147
45075
44940
44934
44906
44882
44833
44800
44759
44693
44675
44670
44610
44609
44565
44332
44289
44283
44227
44198
44192
44093
44083
44048
44021
44009
44006
43957
43946
43831
43826
43818
43768
43650
43621
43621
43580
43557
43504
43460
43423
43399
43387
43363
43350
43167
43081
43035
43013
43012
42950
42907
42889
42885
42868
42822
42757
42683
42667
42636
42551
42439
42433
42416
42330
42292
42281
42261
42247
42240
42234
42191
42169
42156
42137
42127
42052
42043
41999
41991
41925
41784
41751
41686
41676
41664
41629
41595
41540
41522
41363
41350
41345
41335
41311
41291
41291
41166
41106
41081
41075
41030
40995
40871
40849
40793
40787
40638
40523
40507
40472
40429
40392
40148
40141
40084
40022
39948
39947
39926
39899
39892
39890
39806
39759
39748
39663
39650
39488
39409
39366
39362
39341
39263
39133
39127
39026
38994
38987
38801
38794
38753
38705
38703
38686
38669
38605
38471
38445
38361
38217
38171
38150
38149
38137
38130
38116
38087
37874
37819
37815
37793
37556
37554
37506
37440
37403
37203
37060
37057
36950
36879
36828
36642
36585
36548
36515
36509
36475
36453
36399
36397
36340
36306
36298
36259
36208
36091
36046
35979
35831
35808
35792
35776
35773
35754
35717
35570
35532
35494
35460
35328
35248
35240
35128
35105
35032
35009
34968
34962
34927
34724
34689
34665
34591
34536
34405
34404
34395
34330
34282
34221
34220
34179
34074
34054
33940
33914
33893
33860
33832
33822
33815
33740
33713
33521
33440
33426
33329
33319
33307
33279
33253
33243
33207
33160
33158
33146
33084
33015
33006
32996
32777
32761
32757
32685
32663
32598
32484
32368
32344
32291
32191
32189
32184
32147
32080
31923
31819
31802
31735
31667
31651
31595
31516
31502
31486
31452
31412
31408
31313
31292
31236
31058
30896
30845
30798
30736
30633
30628
30573
30504
30420
30396
30337
30332
30264
30201
30117
30050
30037
30032
29977
29971
29952
29929
29882
29835
29768
29728
29721
29655
29645
29594
29575
29525
29439
29420
29197
29179
29051
29041
28981
28981
28935
28907
28855
28834
28788
28707
28699
28696
28687
28667
28655
28623
28541
28528
28520
28455
28450
28447
28445
28279
28167
28162
28115
28022
27785
27718
27697
27600
27547
27432
27093
27061
27060
26991
26987
26954
26931
26927
26908
26899
26896
26834
26827
26769
26718
26700
26621
26576
26503
26486
26403
26362
26264
26228
26086
26007
25939
25826
25773
25760
25730
25706
25655
25609
25592
25497
25358
25351
25272
25270
25142
25066
25059
24944
24789
24785
24741
24675
24660
24640
24612
24568
24468
24377
24353
24321
24126
24063
24062
23992
23967
23914
23885
23838
23819
23796
23769
23718
23714
23682
23672
23631
23619
23612
23507
23464
23424
23393
23385
23359
23330
23307
23281
23246
23108
23023
22962
22922
22875
22802
22802
22755
22722
22648
22610
22591
22576
22502
22442
22389
22382
22370
22334
22320
22309
22223
22136
22024
21975
21962
21833
21741
21732
21706
21704
21696
21587
21587
21546
21472
21471
21470
21443
21413
21409
21378
21356
21351
21314
21306
21304
21225
21192
21141
21127
21127
21110
20938
20881
20758
20753
20739
20720
20712
20666
20599
20435
20422
20396
20349
20303
20297
20289
20273
20140
20140
19816
19758
19691
19628
19561
19533
19427
19407
19269
19231
19223
19175
19131
19089
19039
18950
18903
18876
18868
18825
18811
18792
18752
18622
18527
18501
18344
18341
18293
18231
18224
18216
18157
18154
18076
18052
18024
18011
17884
17881
17874
17804
17736
17716
17653
17652
17649
17579
17579
17510
17418
17309
17295
17220
17062
17027
16983
16928
16830
16701
16660
16653
16244
16186
16122
16093
16078
16065
16044
16033
15982
15973
15903
15802
15773
15767
15711
15689
15634
15571
15432
15398
15397
15387
15333
15287
15109
15092
15068
15002
14984
14880
14858
14698
14698
14651
14634
14624
14606
14513
14498
14454
14450
14436
14428
14401
14364
14282
14201
14110
14106
14090
14059
14055
13897
13894
13736
13716
13606
13579
13552
13483
13465
13416
13405
13393
13234
13213
13202
13200
13173
13037
12960
12914
12909
12794
12759
12740
12677
12647
12635
12580
12578
12475
12449
12323
12292
12224
12220
12158
12131
12113
12107
12021
11922
11849
11823
11757
11713
11664
11625
11541
11494
11480
11473
11377
11256
11206
11157
11029
10972
10947
10929
10922
10869
10629
10497
10480
10444
10400
10286
10198
10195
10095
9945
9872
9848
9843
9767
9676
9646
9638
9556
9540
9494
9430
9344
9314
9278
9201
9122
9008
8888
8876
8867
8857
8726
8663
8600
8476
8464
8455
8444
8410
8346
8178
8125
8072
8045
8044
8041
7930
7926
7880
7828
7769
7747
7659
7465
7453
7373
7304
7290
7235
7148
7145
7098
6974
6819
6667
6595
6574
6567
6498
6456
6428
6414
6344
6343
6183
6141
6081
6043
5933
5912
5885
5833
5812
5759
5644
5620
5612
5579
5530
5499
5467
5444
5390
5356
5226
5157
5018
4995
4975
4952
4905
4893
4878
4855
4844
4657
4598
4498
4472
4344
4188
4171
4161
4141
4031
4007
4003
3977
3853
3810
3774
3768
3752
3619
3578
3566
3533
3519
3502
3473
3463
3223
3209
3105
3100
3097
3074
3052
3018
2956
2954
2940
2842
2818
2739
2735
2701
2646
2522
2470
2406
2398
2389
2388
2385
2285
2190
2182
2137
2086
2055
1988
1913
1788
1783
1702
1589
1492
1446
1391
1382
1296
1274
1256
1251
1190
1135
1134
1112
1076
1030
976
945
918
856
808
678
671
668
636
635
467
399
333
251
230
222
199
150
52
21
18
