99977
99943
99859
99808
99735
99556
99517
99459
99372
99361
99348
99330
99245
99190
99066
98972
98964
98815
98765
98763
98564
98488
98470
98425
98382
98375
98321
98316
98290
98237
98212
98209
98204
98204
98155
98147
98096
97962
97945
97740
97697
97689
97664
97644
97631
97603
97603
97574
97525
97431
97409
97406
97385
97341
97299
97268
97263
97241
97212
97091
97063
97034
97019
96970
96950
96938
96932
96846
96715
96560
96507
96366
96303
96280
96214
96210
96160
96098
95985
95914
95902
95862
95771
95700
95693
95686
95648
95581
95565
95563
95502
95468
95443
95234
95221
95138
95115
95051
94995
94986
94868
94799
94784
94775
94755
94638
94590
94575
94539
94499
94497
94412
94384
94378
94374
94229
94190
94081
93991
93968
93933
93709
93696
93688
93654
93649
93645
93617
93602
93524
93472
93463
93454
93424
93402
93172
93170
93058
93020
92794
92780
92756
92676
92648
92551
92494
92485
92463
92388
92354
92333
92327
92326
92259
92239
92192
92179
92107
92021
91906
91763
91762
91680
91647
91581
91529
91492
91458
91393
91293
91267
91257
91161
91102
90975
90854
90847
90792
90737
90693
90668
90653
90650
90611
90602
90428
90246
90204
90153
90120
90008
89983
89971
89967
89950
89894
89823
89572
89571
89553
89523
89522
89499
89491
89391
89336
89326
89240
89213
89212
89190
89178
89160
89020
89013
88998
88700
88678
88638
88622
88516
88514
88452
88422
88350
88334
88326
88235
88132
88110
88089
88077
88063
87928
87862
87856
87850
87664
87584
87574
87559
87484
87411
87340
87330
87049
86940
86926
86856
86851
86838
86599
86571
86547
86535
86359
86290
86285
86203
86177
86170
86074
86038
86025
85982
85911
85897
85883
85820
85811
85779
85775
85731
85720
85706
85689
85654
85610
85605
85603
85351
85327
85318
85309
85209
85183
85174
85171
85160
85160
85084
85035
84983
84977
84975
84891
84797
84772
84746
84683
84547
84530
84510
84439
84430
84380
84380
84378
84296
84264
84260
84248
84232
84141
84115
83982
83972
83877
83872
83843
83810
83755
83742
83732
83730
83445
83406
83329
83308
83272
83236
83224
83199
83163
83160
83118
83118
83005
82956
82940
82897
82877
82804
82677
82634
82633
82585
82555
82531
82519
82466
82371
82276
82227
82197
82171
82067
82048
82042
82031
81981
81943
81899
81806
81779
81778
81706
81692
81687
81668
81652
81480
81440
81389
81382
81375
81291
81277
81261
81217
81210
81209
81033
81004
80908
80849
80765
80694
80612
80447
80412
80375
80289
80282
80230
80138
80134
80072
80069
80052
80034
80009
79962
79945
79898
79875
79868
79650
79619
79541
79540
79526
79452
79438
79401
79370
79358
79323
79311
79245
79167
79131
79010
78999
78980
78876
78747
78731
78662
78585
78504
78501
78497
78494
78478
78379
78283
78276
78268
78228
78199
78184
78172
78123
78034
78013
78003
77910
77868
77861
77802
77692
77609
77594
77557
77517
77514
77482
77325
77315
77214
77175
77092
77089
77055
77030
77027
76985
76953
76952
76933
76931
76917
76857
76840
76812
76778
76693
76640
76600
76527
76406
76359
76318
76280
76195
76176
76059
75950
75878
75799
75780
75661
75625
75578
75497
75459
75451
75439
75296
75261
75206
75089
74958
74952
74825
74692
74640
74606
74581
74550
74416
74389
74381
74364
74339
74335
74217
74191
74151
74150
74129
74113
74068
74023
74000
73922
73890
73866
73812
73798
73648
73621
73593
73520
73405
73320
73287
73244
73204
73179
73071
73001
72972
72711
72699
72696
72675
72671
72661
72587
72541
72521
72427
72414
72400
72331
72324
72322
72271
72203
72196
72177
72143
72025
72023
71967
71900
71850
71712
71659
71621
71591
71498
71411
71394
71348
71285
71207
71076
71071
71039
70932
70896
70807
70782
70734
70675
70533
70476
70358
70345
70342
70134
70049
70048
70018
69994
69950
69905
69888
69842
69723
69704
69654
69542
69541
69523
69508
69472
69472
69383
69373
69365
69342
69309
69283
69209
69181
69168
69134
69004
68991
68874
68861
68808
68792
68768
68759
68757
68728
68580
68573
68572
68513
68513
68492
68456
68410
68373
68361
68326
68323
68289
68249
68143
68050
67939
67907
67797
67676
67595
67573
67570
67560
67550
67495
67442
67374
67369
67360
67194
67134
67057
67012
66975
66948
66927
66849
66787
66754
66736
66646
66627
66621
66584
66581
66570
66524
66489
66459
66335
66312
66251
66244
66209
66152
66095
66063
66015
65931
65803
65785
65699
65677
65534
65509
65355
65220
65176
65145
65118
65083
64900
64847
64839
64812
64789
64733
64728
64690
64598
64577
64533
64397
64378
64357
64318
64213
64065
64057
64051
63962
63906
63743
63695
63695
63677
63649
63643
63635
63596
63195
63182
63130
63107
63096
62942
62898
62822
62779
62759
62745
62680
62662
62658
62624
62587
62500
62489
62420
62413
62379
62379
62298
62268
62194
62018
61993
61929
61909
61857
61828
61584
61417
61408
61377
61373
61347
61322
61278
61232
61188
61182
60940
60857
60847
60790
60772
60624
60490
60486
60314
60269
60161
60105
60075
59802
59754
59665
59493
59482
59411
59386
59349
59251
59214
59206
59186
59105
59088
59019
58975
58972
58901
58802
58786
58711
58710
58692
58672
58607
58596
58558
58527
58430
58348
58319
58316
58268
58260
58241
58177
58113
58012
57810
57544
57394
57327
57299
57182
57049
56973
56970
56941
56927
56856
56724
56700
56663
56654
56566
56529
56522
56500
56470
56458
56423
56394
56383
56331
56328
56299
56291
56284
56261
56160
56081
55878
55761
55733
55723
55722
55719
55666
55575
55514
55444
55426
55299
55281
55279
55122
55085
55027
55002
54890
54851
54751
54749
54685
54635
54629
54609
54579
54527
54452
54421
54405
54324
54280
54259
54253
54222
54169
54070
53987
53974
53953
53916
53915
53840
53816
53815
53746
53677
53651
53648
53625
53620
53596
53585
53582
53543
53535
53526
53522
53509
53443
53436
53424
53419
53354
53308
53304
53303
53297
53294
53292
53234
53166
53147
53142
52897
52818
52747
52677
52631
52627
52617
52564
52369
52269
52254
52182
52070
52067
51991
51835
51698
51680
51640
51610
51539
51529
51479
51471
51467
51356
51294
51251
51201
51182
51179
51167
50985
50829
50817
50776
50685
50592
50558
50466
50420
50387
50356
50340
50270
50236
50204
50190
50078
50034
49932
49913
49778
49729
49524
49517
49496
49490
49469
49444
49316
49243
49229
49160
49139
49121
49069
48942
48820
48743
48726
48714
48685
48660
48618
48570
48557
48529
48502
48376
48357
48326
48300
48244
48230
48209
48179
48127
48125
48111
48084
47936
47917
47865
47846
47834
47811
47779
47633
47612
47606
47578
47507
47506
47486
47275
47271
47157
47156
47062
47016
46980
46917
46837
46772
46718
46718
46478
46405
46386
46264
46254
46246
46226
46192
46170
46151
46139
46102
46062
46013
45957
45914
45780
45737
45625
45623
45600
45590
45563
45561
45486
45479
45439
45423
45418
45335
45299
45238
45232
45147
45005
44909
44864
44730
44725
44703
44605
44457
44315
44172
44158
44147
44145
44140
44112
44102
44032
43999
43985
43979
43953
43918
43886
43834
43813
43797
43755
43707
43652
43560
43483
43464
43422
43399
43354
43274
43172
43077
43068
43027
42949
42949
42948
42940
42925
42903
42876
42826
42811
42805
42782
42482
42465
42387
42367
42360
42353
42255
42249
42224
42145
42129
42080
41988
41963
41957
41767
41685
41664
41536
41521
41492
41382
41361
41164
41162
41084
41031
40984
40950
40854
40793
40789
40754
40712
40636
40621
40611
40595
40585
40561
40552
40504
40427
40347
40314
40126
40043
40035
39993
39992
39988
39978
39960
39901
39873
39867
39816
39808
39770
39769
39753
39726
39672
39649
39614
39580
39571
39562
39405
39358
39357
39349
39300
39248
39204
39162
39137
39114
39080
39056
39046
39007
38936
38897
38863
38834
38764
38706
38676
38671
38552
38520
38497
38497
38397
38371
38305
38249
38230
38167
38142
38106
37922
37906
37896
37843
37809
37795
37718
37684
37623
37603
37578
37501
37487
37456
37447
37375
37328
37262
37129
37053
36989
36887
36878
36762
36750
36696
36693
36652
36635
36545
36540
36508
36439
36419
36389
36381
36303
36173
36081
36063
36058
36019
35985
35918
35788
35764
35760
35734
35648
35527
35516
35499
35346
35268
35245
34797
34765
34711
34697
34690
34626
34508
34481
34445
34294
34288
34228
34214
34192
34189
34153
34151
34107
33892
33856
33837
33775
33742
33735
33732
33688
33688
33633
33589
33498
33441
33435
33427
33377
33339
33209
33194
33153
33068
32949
32928
32847
32842
32803
32791
32693
32674
32666
32651
32590
32583
32573
32448
32420
32319
32317
32306
32242
32157
32133
32125
32110
32110
32098
32028
32022
31958
31900
31880
31796
31729
31718
31702
31697
31694
31652
31612
31477
31473
31444
31437
31432
31383
31351
31338
31289
31243
31206
31149
31146
31107
31027
30967
30610
30574
30551
30522
30363
30311
30297
30268
30144
30078
30038
30011
30009
29866
29825
29811
29803
29792
29748
29693
29602
29561
29523
29521
29342
29305
29272
29198
29178
29173
29170
28884
28860
28815
28717
28700
28542
28524
28466
28442
28358
28082
28039
28037
27968
27946
27864
27789
27770
27665
27556
27524
27503
27411
27410
27377
27230
27186
27124
27098
27092
26967
26966
26954
26892
26791
26779
26753
26697
26650
26601
26555
26447
26435
26389
26387
26175
26099
26098
26098
26063
26022
25859
25828
25747
25736
25651
25633
25465
25456
25440
25422
25350
25283
25282
25257
25149
25127
25105
25094
25032
24894
24834
24830
24819
24776
24746
24742
24732
24688
24631
24628
24560
24497
24494
24489
24426
24415
24356
24292
24278
24223
24161
24105
24090
24033
24003
23998
23852
23847
23757
23687
23491
23451
23408
23379
23206
23114
23066
23037
22991
22970
22807
22765
22703
22664
22632
22621
22587
22469
22463
22392
22313
22302
22293
22258
22232
22155
22058
22031
21996
21904
21903
21683
21675
21641
21539
21439
21385
21353
21338
21305
21277
21164
21115
21079
21043
21001
20898
20890
20877
20824
20781
20687
20589
20545
20516
20475
20448
20362
20341
20333
20304
20221
20170
20112
20087
20075
20014
19988
19980
19966
19960
19933
19873
19866
19810
19795
19785
19785
19771
19697
19615
19600
19544
19518
19434
19412
19379
19357
19270
19256
19191
19188
19177
19165
19107
19070
19027
19022
18981
18971
18958
18950
18900
18884
18878
18842
18753
18740
18700
18696
18676
18650
18640
18619
18515
18233
18197
18072
18041
18029
18005
17980
17938
17812
17810
17806
17767
17763
17728
17645
17619
17566
17561
17541
17538
17530
17497
17490
17445
17418
17259
17152
17063
17040
16834
16673
16642
16600
16541
16354
16285
16276
16162
16088
16044
15967
15936
15905
15894
15855
15760
15745
15731
15580
15568
15558
15425
15250
15147
15138
15110
15101
15073
15038
15032
15004
14988
14985
14975
14914
14831
14802
14684
14667
14647
14598
14550
14498
14492
14391
14374
14045
14017
14004
13988
13977
13973
13969
13967
13868
13797
13787
13689
13680
13602
13504
13490
13467
13291
13257
13192
13127
13081
13064
13016
13014
12926
12892
12867
12858
12824
12819
12816
12813
12686
12647
12562
12493
12323
12295
12278
12113
12059
12038
12033
12005
12004
11990
11958
11840
11805
11796
11790
11780
11716
11693
11683
11592
11546
11515
11473
11441
11347
11161
11154
11135
11106
11090
11004
10938
10882
10820
10724
10694
10647
10581
10574
10554
10551
10373
10370
10322
10314
10230
10223
10121
10029
9936
9913
9811
9780
9695
9678
9649
9587
9524
9519
9439
9356
9335
9299
9294
9288
9287
9269
9260
9205
9193
9147
9140
9127
9097
8878
8868
8845
8804
8751
8692
8686
8679
8672
8609
8499
8469
8433
8412
8326
8276
8274
8260
8195
8175
8152
7991
7923
7876
7874
7869
7867
7866
7839
7832
7802
7727
7694
7686
7665
7641
7448
7396
7359
7287
7201
7178
7096
6972
6968
6841
6825
6804
6780
6705
6630
6501
6476
6466
6439
6344
6303
6264
6233
6227
5988
5850
5785
5736
5716
5711
5692
5630
5454
5328
5320
5218
5085
4858
4847
4823
4780
4778
4745
4702
4697
4635
4453
4433
4341
4319
4147
4130
4051
4007
3814
3742
3737
3659
3650
3647
3575
3557
3505
3453
3399
3378
3208
3196
3178
3138
3076
2983
2936
2819
2692
2557
2370
2329
2246
2081
2017
1971
1895
1881
1854
1851
1774
1759
1661
1655
1638
1598
1595
1576
1556
1534
1524
1510
1501
1487
1417
1395
1394
1366
1340
1275
1270
1254
1235
1218
1210
1087
1079
1062
1045
1040
1014
983
959
880
879
861
796
738
713
707
677
652
590
575
566
559
502
459
432
386
345
223
155
155
134
83
73
47
26
