99896
99888
99864
99812
99689
99688
99547
99541
99523
99304
99293
99277
99111
99034
98993
98966
98956
98934
98886
98884
98836
98690
98685
98665
98607
98601
98520
98505
98485
98482
98454
98383
98363
98354
98239
98105
97893
97811
97793
97687
97650
97628
97565
97485
97459
97348
97297
97265
97124
97123
97032
97024
96987
96839
96738
96734
96724
96721
96572
96333
96323
96213
95946
95869
95765
95743
95738
95668
95487
95479
95366
95337
95292
95256
95185
95169
95152
95081
94889
94827
94734
94714
94688
94639
94619
94606
94540
94539
94460
94430
94306
94292
94286
94283
94247
94205
94174
94169
94118
94115
94102
94066
93859
93854
93831
93787
93783
93766
93691
93559
93522
93475
93451
93423
93393
93186
93125
93102
93013
92998
92992
92957
92946
92869
92801
92793
92705
92520
92497
92450
92411
92318
92307
92292
92277
92272
92258
92226
92193
92190
92171
92138
92038
92004
92001
91897
91876
91856
91838
91795
91756
91691
91665
91653
91592
91560
91520
91509
91460
91421
91390
91381
91358
91335
91236
91197
91193
91111
91063
91043
91037
91015
90952
90925
90898
90863
90860
90693
90546
90535
90508
90507
90493
90486
90392
90382
90374
90360
90341
90340
90292
90245
90229
90210
90182
90157
89976
89975
89940
89754
89554
89492
89447
89356
89315
89261
89129
89127
89111
89028
89007
88942
88910
88896
88747
88700
88672
88642
88618
88579
88539
88452
88396
88286
88261
88249
88240
88224
88190
88174
88001
87992
87965
87914
87842
87833
87831
87793
87777
87758
87670
87594
87561
87549
87538
87528
87487
87472
87465
87417
87407
87356
87281
87278
87274
87272
87254
87227
87200
87029
87015
87012
86968
86942
86906
86882
86790
86689
86601
86600
86492
86463
86459
86429
86415
86386
86225
86215
86199
86024
86013
85953
85908
85884
85873
85856
85850
85833
85752
85738
85687
85642
85613
85342
85328
85319
85119
85075
85025
84930
84882
84878
84820
84816
84810
84756
84753
84746
84704
84621
84526
84325
84304
84154
84141
83958
83870
83818
83695
83600
83473
83471
83441
83411
83377
83320
83257
82983
82971
82937
82911
82902
82851
82735
82696
82599
82583
82507
82503
82478
82398
82380
82353
82276
82244
82193
82192
82158
82153
82101
82092
82059
82049
81999
81862
81789
81784
81734
81714
81689
81564
81446
81393
81388
81344
81126
80997
80901
80811
80650
80622
80560
80437
80427
80321
80260
80194
80092
79992
79987
79918
79892
79830
79767
79750
79707
79618
79545
79395
79325
79315
79254
79167
79102
79053
79045
79017
78990
78958
78941
78802
78797
78692
78544
78539
78520
78513
78511
78416
78415
78387
78336
78215
78150
78102
78057
77980
77911
77869
77825
77820
77762
77759
77720
77563
77460
77453
77430
77313
77274
77151
77147
77129
77101
77094
77078
77074
76852
76697
76621
76560
76542
76498
76364
76333
76308
76302
76296
76262
76214
76204
76033
75930
75884
75829
75800
75782
75771
75661
75649
75643
75642
75590
75502
75495
75401
75339
75332
75315
75285
75271
75258
75258
75245
75221
75166
75069
75053
75004
75001
74937
74912
74878
74871
74856
74810
74810
74733
74712
74660
74644
74574
74558
74424
74382
74325
74271
74268
74200
74121
74080
73899
73876
73871
73827
73722
73647
73603
73602
73600
73567
73480
73480
73310
73307
73296
73260
73241
73196
73178
73069
72974
72912
72782
72715
72713
72708
72659
72574
72550
72508
72498
72454
72417
72410
72213
72034
72019
72008
71998
71948
71903
71857
71688
71517
71491
71473
71432
71295
71223
71130
71116
71092
70965
70878
70817
70795
70737
70734
70734
70723
70643
70611
70559
70417
70387
70336
70322
70249
70177
70172
70132
70108
69929
69881
69850
69730
69672
69641
69601
69514
69389
69371
69367
69367
69344
69325
69317
69297
69276
69231
69215
69189
69177
69161
69050
68973
68916
68837
68836
68779
68719
68679
68620
68596
68583
68579
68511
68489
68488
68416
68407
68322
68215
68172
68042
68017
67981
67910
67833
67742
67729
67721
67532
67531
67514
67494
67397
67350
67350
67333
67317
67163
67151
67077
67007
66960
66937
66928
66911
66788
66778
66672
66436
66333
66248
66241
66182
66175
66125
66011
65975
65945
65931
65907
65883
65818
65705
65689
65675
65653
65626
65583
65422
65339
65294
65118
65083
65053
65040
64973
64886
64837
64739
64728
64702
64698
64692
64665
64657
64653
64461
64421
64346
64323
64287
64280
64210
64200
64191
64093
64087
64065
63994
63893
63879
63732
63649
63562
63546
63526
63402
63375
63363
63290
63263
63215
63185
63164
63104
63083
63067
62970
62959
62955
62953
62906
62899
62859
62756
62755
62747
62728
62724
62701
62683
62580
62520
62327
62298
62090
62047
62038
62006
61923
61905
61852
61750
61434
61421
61334
61297
61248
61246
61231
61204
61109
61094
60948
60867
60750
60690
60648
60458
60449
60146
60088
59978
59965
59954
59929
59870
59863
59859
59711
59705
59686
59651
59594
59551
59487
59409
59329
59312
59301
59241
59216
59209
59151
59103
59011
58943
58914
58815
58690
58639
58609
58608
58573
58564
58555
58487
58480
58474
58403
58362
58318
58318
58299
58290
58153
58128
58028
57908
57847
57814
57758
57685
57671
57629
57623
57568
57550
57526
57428
57326
57319
57271
57269
57239
57237
57089
56995
56950
56940
56891
56875
56840
56752
56708
56657
56579
56549
56440
56431
56368
56209
56176
56163
56137
56040
56001
55935
55849
55842
55783
55758
55729
55677
55658
55527
55484
55473
55373
55198
55193
55184
55175
55151
55017
55011
54992
54943
54902
54883
54879
54735
54701
54690
54642
54633
54578
54480
54422
54250
54113
54061
54043
53984
53974
53938
53929
53908
53827
53743
53737
53695
53680
53666
53648
53614
53519
53415
53354
53349
53338
53201
53199
53186
53130
53109
53073
53070
52865
52806
52795
52742
52606
52567
52525
52473
52268
52263
52230
52215
52209
52166
52135
52133
52038
52010
51978
51917
51872
51801
51672
51632
51572
51487
51484
51471
51459
51373
51331
51310
51264
51050
51049
51010
50966
50944
50880
50836
50831
50800
50797
50770
50729
50690
50550
50512
50495
50490
50485
50431
50387
50360
50353
50295
50262
50244
50229
50223
50174
50172
50161
50150
50100
50047
49981
49923
49866
49858
49800
49799
49790
49780
49778
49720
49710
49696
49684
49679
49670
49656
49643
49636
49605
49583
49382
49343
49339
49271
49216
49170
49070
48992
48850
48775
48733
48639
48612
48585
48581
48445
48404
48355
48243
48196
48195
48186
48183
48175
48157
48043
48039
48001
48000
47995
47963
47918
47902
47873
47850
47808
47777
47721
47617
47572
47534
47527
47496
47415
47402
47331
47281
47238
47228
47203
47129
47128
47114
46993
46886
46883
46808
46798
46764
46741
46712
46700
46698
46682
46656
46591
46564
46382
46303
46215
46210
46205
46084
45898
45698
45597
45576
45526
45521
45461
45395
45354
45295
45294
45259
45142
45043
45033
44994
44930
44802
44720
44621
44472
44442
44439
44345
44226
44209
44209
44207
44145
44102
44051
44027
43971
43922
43854
43804
43724
43685
43664
43660
43541
43489
43398
43353
43298
43292
43282
43224
43202
43100
42943
42937
42933
42913
42904
42902
42810
42803
42790
42658
42631
42619
42528
42521
42470
42423
42221
42099
42091
41962
41901
41874
41872
41871
41869
41862
41840
41818
41805
41773
41764
41744
41663
41521
41503
41426
41411
41405
41400
41265
41135
41106
41079
40999
40978
40917
40882
40833
40750
40679
40659
40589
40502
40496
40473
40375
40369
40159
40117
40061
40055
40044
39994
39969
39928
39927
39753
39725
39709
39658
39487
39455
39407
39368
39366
39273
39250
39163
39119
39107
39063
39025
38901
38842
38791
38765
38718
38653
38622
38613
38406
38397
38187
38081
38063
38040
37971
37943
37920
37902
37864
37838
37784
37775
37775
37697
37692
37691
37658
37648
37633
37607
37602
37586
37492
37459
37451
37379
37337
37229
36937
36895
36862
36860
36853
36853
36837
36822
36811
36794
36774
36611
36454
36253
36199
36185
36022
36010
35959
35937
35862
35803
35741
35672
35667
35664
35583
35415
35406
35404
35357
35325
35320
35303
35238
35211
35142
35063
35026
34972
34961
34829
34818
34817
34817
34665
34511
34506
34493
34490
34483
34479
34406
34269
34262
34257
34101
34019
33950
33885
33783
33697
33645
33470
33417
33389
33358
33322
33322
33307
33223
33142
33061
32984
32951
32923
32844
32788
32669
32657
32627
32558
32503
32493
32465
32396
32372
32356
32313
32249
32181
32177
32120
32116
32037
32016
31827
31818
31813
31809
31796
31731
31728
31702
31681
31559
31529
31244
31098
31092
31090
30995
30991
30965
30879
30878
30746
30713
30616
30602
30577
30542
30528
30502
30476
30449
30390
30386
30335
30304
30276
30271
30190
30148
29995
29989
29984
29960
29900
29878
29836
29820
29801
29798
29785
29736
29709
29697
29684
29652
29638
29559
29543
29536
29475
29437
29436
29410
29409
29315
29254
29222
29185
29177
29168
29162
29043
28934
28868
28648
28614
28612
28604
28462
28359
28328
28212
28137
28125
28090
28028
28001
28000
27999
27944
27932
27931
27589
27564
27556
27538
27498
27465
27404
27371
27357
27352
27300
27289
27217
27196
27127
27121
27098
27094
26984
26926
26906
26818
26795
26610
26589
26388
26305
26302
26262
26213
26182
26152
26096
26094
26061
26058
25978
25914
25903
25881
25829
25820
25803
25730
25609
25497
25473
25427
25363
25358
25182
25167
25156
25104
25079
25075
25049
24898
24730
24724
24648
24629
24626
24560
24461
24422
24337
24308
24231
24223
24186
24183
24156
24133
24131
24105
23992
23920
23874
23858
23818
23695
23694
23588
23568
23537
23519
23516
23480
23310
23256
23238
23165
23043
22991
22898
22857
22810
22792
22782
22760
22749
22745
22718
22648
22594
22552
22496
22488
22475
22422
22273
22234
22232
22228
22206
22174
22065
21961
21943
21830
21690
21609
21570
21565
21531
21473
21455
21410
21346
21334
21299
21294
21157
21128
21099
21064
21057
21043
21041
21008
20996
20989
20971
20771
20728
20708
20567
20558
20541
20536
20514
20473
20403
20355
20341
20197
20175
20107
20084
20000
19991
19975
19968
19849
19818
19666
19626
19525
19506
19495
19323
19304
19201
19189
19168
19106
19097
19070
19000
18999
18984
18818
18812
18803
18732
18648
18557
18554
18522
18488
18484
18431
18338
18299
18279
18268
18242
18175
18099
18097
18008
17836
17831
17814
17790
17748
17745
17670
17639
17631
17424
17240
17222
17143
17041
16957
16908
16863
16858
16729
16718
16716
16637
16636
16591
16556
16466
16420
16413
16364
16349
16305
16300
16295
16287
16286
16254
16201
16143
16073
16061
16020
16018
16011
16011
15977
15924
15871
15801
15770
15687
15663
15662
15605
15574
15509
15505
15420
15395
15393
15369
15363
15347
15298
15254
15141
15134
15120
15103
15006
14981
14919
14917
14746
14701
14674
14643
14593
14557
14554
14551
14542
14523
14505
14463
14251
14243
14195
14153
13957
13919
13916
13726
13674
13596
13591
13567
13429
13410
13376
13342
13335
13225
13160
13137
13041
12968
12962
12886
12837
12800
12788
12771
12763
12609
12608
12595
12494
12395
12348
12346
12336
12334
12279
12202
12112
12094
12076
12071
12055
12013
11979
11898
11892
11880
11804
11551
11527
11501
11219
11041
11004
10970
10947
10891
10827
10805
10792
10790
10715
10682
10669
10643
10639
10508
10432
10421
10404
10294
10284
10272
10268
10227
10152
9983
9981
9851
9804
9801
9786
9614
9585
9560
9492
9443
9427
9405
9386
9348
9270
9245
9216
9172
9075
9021
9014
8983
8930
8845
8787
8782
8760
8645
8603
8564
8465
8445
8433
8343
8326
8190
8047
7991
7866
7788
7725
7632
7615
7590
7495
7487
7470
7373
7324
7311
7257
7243
7231
7095
7077
7028
7021
6943
6941
6899
6882
6840
6742
6733
6629
6625
6610
6587
6573
6567
6566
6546
6499
6472
6411
6395
6378
6372
6350
6228
6224
6205
6159
6131
6120
6098
6096
6086
6085
6004
5954
5881
5862
5857
5734
5717
5651
5608
5564
5407
5407
5323
5205
5166
5155
5059
5032
5025
4863
4836
4801
4719
4699
4575
4482
4479
4476
4459
4443
4434
4387
4368
4295
4291
4260
4200
4158
4124
4097
3955
3897
3884
3821
3801
3688
3666
3630
3528
3475
3404
3403
3400
3334
3291
3256
3247
3237
3198
3162
3157
3127
3119
3067
3060
3057
3037
3027
2971
2919
2899
2891
2864
2815
2719
2632
2616
2531
2351
2340
2136
2133
2066
2035
1954
1838
1661
1633
1633
1538
1430
1354
1313
1283
1207
1100
1086
971
936
887
796
758
730
681
654
632
622
598
580
567
551
520
496
479
430
341
313
282
272
262
222
217
179
156
68
65
