99993
99980
99978
99976
99914
99865
99856
99833
99826
99737
99716
99685
99635
99626
99489
99477
99437
99423
99388
99333
99274
99188
98929
98793
98759
98749
98740
98736
98721
98721
98643
98599
98576
98574
98550
98545
98449
98445
98390
98313
98307
98186
98168
98151
98128
98108
98091
98061
97970
97822
97807
97731
97727
97724
97673
97619
97572
97538
97526
97456
97432
97418
97412
97388
97370
97285
97257
97091
97053
97006
96991
96940
96917
96766
96714
96700
96698
96561
96507
96473
96465
96396
96388
96347
96273
96248
96223
96218
96152
96082
96017
96012
95975
95904
95838
95775
95548
95528
95522
95459
95352
95279
95173
95099
95033
95020
94891
94886
94884
94872
94858
94801
94715
94715
94702
94700
94684
94433
94379
94357
94332
94304
94111
94106
94093
94079
94071
94046
94010
94005
93977
93967
93887
93813
93747
93719
93697
93615
93528
93511
93499
93422
93369
93350
93337
93316
93288
93279
93261
93248
93236
93185
93182
93167
93128
93075
93010
92982
92867
92762
92711
92590
92556
92495
92485
92468
92458
92387
92366
92273
92258
92257
92158
92109
92042
92019
91970
91952
91823
91759
91755
91740
91654
91614
91576
91545
91385
91334
91266
91259
91231
91224
91184
91081
91080
91065
91028
90942
90904
90858
90839
90761
90742
90726
90620
90578
90454
90434
90427
90304
90287
90280
90212
90097
90076
90061
90005
89914
89899
89859
89802
89801
89643
89628
89624
89582
89529
89473
89445
89432
89288
89192
89136
89134
89057
88934
88882
88869
88830
88680
88645
88483
88427
88377
88371
88347
88293
88274
88262
88195
87985
87953
87941
87920
87779
87765
87748
87730
87699
87537
87519
87412
87335
87316
87230
87035
86922
86892
86884
86878
86864
86848
86844
86812
86700
86694
86680
86579
86564
86550
86528
86527
86506
86423
86410
86282
86278
86271
86250
86218
86163
86107
85910
85869
85819
85797
85793
85790
85651
85647
85633
85597
85559
85478
85472
85434
85399
85373
85341
85235
85205
85179
85132
85098
85050
84999
84786
84559
84466
84438
84434
84412
84405
84402
84399
84173
84171
84141
84025
83950
83916
83890
83860
83827
83758
83718
83701
83701
83654
83626
83614
83538
83451
83428
83424
83355
83308
83136
83118
83115
83064
83039
83003
83001
82923
82884
82808
82773
82769
82689
82656
82613
82477
82451
82442
82406
82405
82405
82400
82296
82285
82278
82220
82170
82125
82121
82109
82094
82029
82025
82021
81993
81977
81959
81920
81875
81819
81818
81762
81737
81702
81647
81575
81552
81499
81480
81471
81412
81401
81355
81264
81167
81089
81078
81045
81043
81028
81018
81016
80977
80964
80947
80887
80758
80748
80691
80654
80623
80581
80536
80502
80392
80377
80256
80128
80105
79977
79947
79943
79939
79855
79837
79833
79832
79827
79819
79778
79766
79712
79702
79651
79593
79462
79431
79406
79343
79150
79141
79093
78957
78846
78839
78800
78756
78756
78692
78681
78645
78597
78548
78529
78472
78446
78432
78429
78399
78366
78339
78324
78301
78244
78235
78230
78206
78177
78174
78169
78000
77935
77924
77824
77785
77783
77690
77670
77651
77606
77569
77559
77526
77477
77467
77447
77429
77364
77276
77253
77227
77219
77190
77124
77089
77024
76940
76910
76786
76722
76586
76577
76495
76372
76339
76141
76140
76128
76077
76016
75986
75975
75964
75956
75925
75920
75914
75903
75795
75765
75741
75703
75661
75658
75653
75638
75614
75571
75566
75562
75485
75424
75320
75279
75245
75140
75130
75071
75069
74901
74895
74821
74792
74761
74730
74628
74625
74625
74543
74541
74400
74374
74257
74249
74213
74195
74102
74088
73883
73793
73683
73609
73552
73534
73510
73440
73408
73247
73196
73147
73090
73020
72892
72888
72880
72875
72875
72852
72711
72689
72684
72660
72645
72544
72515
72507
72475
72377
72373
72371
72282
72216
72164
72156
71995
71861
71851
71798
71574
71508
71486
71448
71395
71321
71296
71226
71112
71108
71046
71042
70974
70926
70896
70872
70871
70792
70788
70755
70755
70631
70616
70589
70569
70458
70425
70416
70308
70278
70162
70105
70083
70064
69958
69947
69896
69856
69767
69765
69746
69657
69619
69608
69578
69497
69454
69426
69423
69378
69334
69281
69195
69195
69175
69162
69149
69120
69068
69033
68998
68940
68938
68929
68915
68900
68820
68730
68726
68682
68620
68541
68535
68498
68482
68281
68251
68162
68070
67930
67928
67876
67826
67757
67479
67466
67462
67458
67301
67191
67117
67094
67074
67056
67054
67040
67010
66988
66985
66963
66866
66804
66663
66616
66608
66586
66561
66553
66495
66469
66462
66286
66152
66103
66072
66061
66057
66026
65999
65708
65580
65444
65311
65162
65110
65094
65060
65035
64969
64930
64927
64892
64803
64769
64711
64684
64601
64386
64269
64262
64168
64114
64063
64021
63995
63972
63967
63935
63838
63785
63777
63737
63723
63498
63443
63439
63391
63374
63340
63303
63238
63214
63008
62922
62856
62812
62690
62635
62619
62573
62558
62543
62459
62345
62332
62272
62176
62075
61998
61994
61940
61926
61886
61859
61841
61790
61750
61727
61719
61656
61641
61641
61576
61496
61438
61272
61142
61102
61070
60816
60704
60640
60590
60560
60479
60475
60396
60391
60356
60262
60181
60176
60107
60072
60036
59843
59768
59733
59701
59665
59620
59526
59397
59387
59383
59325
59323
59308
59297
59220
59035
59027
59016
58998
58950
58893
58888
58842
58842
58784
58771
58733
58671
58634
58628
58592
58519
58476
58400
58326
58284
58279
58267
58227
58197
58161
58101
58094
58091
58008
57998
57940
57928
57892
57880
57877
57852
57753
57745
57728
57724
57723
57717
57602
57562
57528
57500
57491
57473
57432
57391
57327
57318
57211
57171
57108
57071
57038
56920
56815
56768
56750
56703
56672
56518
56465
56426
56205
56189
56138
56107
56095
56083
55949
55907
55818
55769
55732
55689
55673
55640
55537
55486
55433
55407
55374
55116
54997
54947
54923
54822
54789
54718
54698
54656
54395
54376
54367
54339
54325
54309
54253
54164
54117
54039
54003
53977
53868
53778
53750
53609
53588
53585
53568
53473
53467
53460
53457
53406
53391
53349
53299
53285
53283
53280
53277
53220
53108
53025
52974
52912
52832
52767
52756
52750
52724
52543
52518
52513
52493
52382
52360
52333
52196
52191
52043
51904
51894
51851
51828
51792
51758
51699
51653
51587
51573
51394
51288
51268
51243
51180
51174
51155
51147
51069
51065
51058
51015
50841
50537
50536
50496
50462
50439
50433
50396
50356
50318
50308
50236
50236
50210
50155
50139
50125
50116
50110
50107
50042
50000
49888
49844
49840
49831
49801
49737
49671
49637
49562
49542
49403
49402
49388
49331
49264
49263
49238
49232
49222
49135
49097
49037
49027
49025
48978
48923
48813
48785
48767
48739
48697
48574
48561
48544
48493
48486
48464
48340
48217
48090
48036
48016
48011
48010
47960
47949
47930
47928
47907
47864
47837
47727
47575
47505
47324
47235
47172
47165
47151
47021
46935
46912
46701
46693
46600
46553
46550
46490
46478
46468
46438
46433
46341
46299
46291
46281
46146
46132
46122
45992
45989
45986
45968
45839
45700
45612
45594
45577
45535
45528
45370
45360
45241
45204
45199
45154
45147
45136
45055
44940
44889
44785
44751
44704
44671
44637
44624
44580
44511
44462
44320
44309
44283
44190
44173
43882
43846
43830
43820
43756
43704
43663
43588
43581
43508
43465
43446
43407
43351
43315
43300
43261
43252
43191
43154
43134
43095
43093
43051
42968
42967
42930
42832
42815
42778
42670
42612
42601
42571
42371
42357
42356
42348
42335
42184
42143
42128
42089
42075
41953
41875
41839
41790
41783
41771
41620
41604
41548
41502
41488
41457
41378
41354
41349
41334
41291
41154
41144
41113
41033
40944
40915
40841
40829
40785
40731
40719
40531
40526
40526
40442
40377
40371
40329
40300
40271
40230
40222
40186
40111
40089
40026
40018
40014
39981
39964
39552
39541
39434
39377
39302
39217
39173
39005
38902
38891
38746
38738
38727
38668
38423
38415
38309
38270
38262
38147
38109
37936
37933
37904
37791
37753
37662
37527
37448
37408
37402
37384
37301
37272
37262
37255
37235
37190
37004
36926
36896
36812
36704
36647
36541
36521
36498
36479
36420
36295
36214
36209
36063
36056
35960
35917
35805
35788
35763
35665
35604
35554
35523
35433
35393
35386
35303
35281
35280
35235
35163
35102
35050
35024
34980
34940
34855
34835
34777
34739
34719
34707
34707
34665
34642
34598
34464
34424
34301
34290
34209
34182
34115
34074
33950
33933
33858
33728
33703
33702
33607
33574
33463
33257
33183
33166
33110
33100
33065
33003
32978
32919
32849
32844
32677
32649
32644
32606
32503
32472
32464
32408
32308
32263
32217
32192
32074
32000
31978
31934
31839
31737
31710
31687
31638
31540
31537
31533
31523
31381
31364
31331
31298
31167
31153
31152
31104
31069
31020
31013
31010
30867
30858
30831
30769
30755
30723
30710
30704
30563
30473
30399
30356
30269
30250
30249
30245
30196
30109
30095
29952
29945
29835
29828
29814
29674
29608
29485
29482
29452
29411
29395
29391
29384
29328
29264
29137
29067
29038
28982
28968
28929
28918
28742
28683
28628
28590
28582
28433
28433
28429
28385
28351
28336
28333
28226
28085
28018
27975
27923
27923
27892
27875
27869
27858
27744
27741
27661
27654
27594
27545
27529
27503
27496
27368
27267
27232
27182
27132
27120
27089
27074
26985
26954
26952
26871
26830
26821
26661
26634
26631
26538
26434
26405
26388
26387
26324
26269
26206
26121
26099
26098
26080
26075
26059
26040
26005
25926
25923
25896
25828
25771
25734
25715
25641
25629
25627
25566
25539
25527
25512
25498
25463
25354
25145
25110
25082
24874
24866
24841
24823
24779
24728
24728
24706
24657
24646
24631
24601
24478
24363
24293
24259
24249
24245
24115
24067
24025
24014
23932
23877
23862
23783
23692
23685
23674
23535
23532
23444
23412
23320
23264
23261
23252
23179
23173
23169
23140
23101
22999
22873
22866
22847
22799
22796
22778
22707
22689
22661
22444
22426
22381
22373
22362
22299
22258
22226
22225
22148
22123
21918
21887
21810
21793
21771
21735
21659
21585
21574
21472
21260
21220
21195
21145
21077
21041
21036
21011
20944
20786
20782
20711
20608
20598
20543
20486
20454
20419
20311
20260
20215
20189
20150
19985
19854
19828
19684
19618
19426
19418
19320
19318
19262
19173
19068
19030
19022
18997
18860
18846
18836
18823
18799
18790
18750
18732
18685
18680
18675
18657
18594
18585
18575
18530
18480
18447
18423
18398
18371
18365
18283
18160
18156
18106
18049
17933
17931
17883
17807
17797
17718
17713
17701
17681
17613
17530
17523
17506
17492
17392
17385
17330
17260
17182
17155
17098
16849
16759
16718
16693
16601
16550
16547
16527
16410
16397
16314
16306
16296
16237
16229
16222
16205
16180
16164
15980
15637
15628
15591
15501
15497
15465
15408
15375
15359
15290
15288
15175
15168
15133
15072
15052
14969
14969
14906
14858
14857
14848
14836
14835
14827
14720
14682
14640
14609
14549
14524
14453
14415
14401
14380
14370
14358
14342
14305
14286
14259
14225
14209
13775
13708
13678
13646
13641
13636
13569
13483
13449
13429
13416
13401
13396
13249
13179
13079
13073
12926
12783
12771
12697
12614
12575
12540
12447
12390
12381
12256
12034
12017
12003
11977
11907
11874
11872
11726
11706
11672
11666
11399
11372
11295
11236
11204
11176
11067
11066
11057
11048
10915
10907
10888
10830
10814
10717
10715
10640
10584
10442
10333
10318
10315
10264
10248
10229
10140
10106
9982
9943
9778
9720
9688
9623
9580
9577
9517
9466
9461
9455
9406
9378
9292
9257
9233
9186
9008
8983
8961
8911
8890
8720
8706
8665
8648
8631
8600
8571
8553
8398
8356
8348
8280
8246
8158
8140
8123
8067
8061
8028
7960
7795
7756
7751
7717
7693
7515
7487
7478
7438
7433
7433
7319
7000
6983
6961
6938
6912
6911
6847
6791
6717
6704
6676
6671
6604
6566
6520
6518
6446
6415
6371
6362
6211
6090
5894
5887
5824
5788
5713
5685
5684
5597
5469
5345
5315
5297
5258
5153
5130
5117
5084
5068
5066
4971
4939
4785
4776
4730
4663
4631
4628
4596
4504
4435
4425
4330
4279
4241
4240
4239
4163
4043
4038
3966
3937
3907
3849
3823
3811
3782
3670
3645
3627
3621
3613
3565
3543
3532
3486
3475
3463
3425
3357
3337
3335
3333
3253
3229
3202
3177
3132
3107
3095
3066
3046
2980
2937
2857
2813
2798
2661
2619
2613
2589
2525
2492
2465
2457
2393
2390
2306
2267
2227
2202
2185
2108
2049
2045
2012
1956
1955
1893
1745
1689
1668
1648
1548
1497
1482
1348
1291
1280
1134
1054
1027
986
922
915
851
791
764
573
423
380
304
293
49
40
30
10
