99974
99893
99852
99849
99768
99747
99674
99576
99547
99515
99488
99458
99448
99442
99433
99315
99269
99230
99217
99188
99172
99168
99163
99141
99137
99089
99039
98895
98856
98814
98720
98696
98520
98509
98432
98385
98370
98298
98269
98256
98122
98122
98051
98010
97983
97950
97856
97781
97747
97627
97599
97573
97549
97519
97509
97503
97479
97471
97453
97405
97399
97387
97305
97272
97241
97168
97011
96984
96978
96957
96817
96809
96808
96735
96727
96695
96681
96648
96592
96513
96503
96394
96340
96338
96288
96217
96204
96160
96133
96127
96020
95972
95950
95890
95810
95759
95738
95675
95644
95618
95613
95607
95552
95456
95444
95416
95398
95311
95148
95122
94972
94912
94875
94821
94771
94684
94674
94632
94608
94606
94481
94466
94264
94210
94134
94131
94128
94109
93977
93922
93866
93860
93844
93806
93750
93739
93703
93677
93672
93650
93637
93496
93475
93447
93407
93358
93088
93085
93005
92997
92933
92914
92841
92818
92782
92773
92645
92617
92523
92512
92509
92501
92414
92369
92324
92292
92262
92232
92213
92204
92190
92135
92040
91974
91935
91892
91867
91812
91812
91745
91713
91700
91685
91670
91520
91518
91426
91349
91233
91173
91100
91064
91003
90860
90841
90806
90791
90714
90633
90597
90554
90548
90521
90468
90401
90381
90331
90271
90248
90167
90159
90099
89822
89805
89772
89758
89722
89708
89574
89494
89437
89418
89189
89149
89146
89041
89018
88988
88934
88915
88865
88797
88794
88588
88408
88383
88339
88318
88290
88257
88200
88153
87997
87936
87926
87692
87680
87593
87308
87248
87242
87139
87103
87057
87024
86920
86872
86854
86765
86634
86621
86589
86468
86468
86455
86416
86390
86330
86309
86248
86093
86056
85967
85921
85759
85747
85747
85738
85721
85651
85629
85585
85525
85513
85486
85486
85472
85324
85248
85193
85192
85167
85124
85097
85073
85066
84874
84874
84768
84738
84686
84679
84620
84511
84242
84141
84128
84066
84026
83978
83963
83947
83924
83899
83882
83842
83773
83771
83739
83710
83709
83690
83683
83633
83620
83604
83439
83393
83376
83365
83331
83324
83318
83182
83167
83144
83134
83102
83025
83001
82910
82839
82785
82779
82765
82758
82710
82660
82657
82652
82557
82544
82504
82495
82448
82435
82371
82333
82279
82246
82238
82180
82153
82122
82049
82037
81898
81771
81725
81673
81646
81577
81536
81534
81528
81486
81463
81425
81378
81376
81356
81300
81280
81262
81170
81168
81123
81106
81066
81065
81026
81005
80879
80870
80836
80834
80758
80755
80732
80721
80610
80564
80563
80513
80459
80438
80410
80375
80340
80212
80123
80093
80091
80052
80024
80023
80014
79915
79771
79764
79726
79689
79681
79678
79589
79539
79354
79201
79189
79168
79144
79115
78926
78924
78897
78841
78757
78741
78597
78572
78489
78484
78370
78346
78324
78309
78286
78244
78238
78228
78043
78013
77996
77932
77922
77909
77882
77826
77724
77671
77663
77641
77547
77477
77454
77452
77403
77337
77166
77050
77019
77010
77005
76942
76908
76826
76789
76720
76687
76495
76378
76278
76189
76152
76129
75995
75957
75866
75832
75639
75562
75550
75525
75469
75444
75342
75297
75297
75292
75275
75246
75229
75220
75170
75092
75027
75005
74973
74956
74952
74937
74936
74927
74892
74859
74807
74541
74492
74430
74359
74291
74290
74236
74150
74126
74017
73995
73978
73973
73886
73884
73786
73712
73707
73676
73664
73656
73601
73588
73487
73391
73360
73286
73217
73188
73185
73059
73026
72956
72913
72894
72842
72820
72739
72697
72694
72572
72554
72520
72505
72491
72418
72382
72261
72153
72073
71887
71851
71846
71830
71761
71714
71695
71526
71501
71477
71455
71453
71422
71379
71369
71335
71297
71218
71183
71179
71156
71079
71072
70979
70949
70913
70892
70875
70771
70738
70535
70472
70362
70239
70205
70203
70153
70149
70089
70037
70021
69985
69965
69922
69921
69846
69845
69829
69821
69793
69752
69664
69626
69616
69587
69551
69384
69338
69312
69211
69192
69167
69141
69035
69024
68907
68842
68809
68801
68759
68734
68580
68529
68303
68195
68183
68180
68162
68092
68080
67952
67918
67713
67704
67659
67575
67530
67432
67414
67410
67377
67355
67317
67296
67177
67173
67163
67136
67029
67020
66915
66814
66802
66795
66736
66710
66568
66547
66461
66389
66308
66254
66204
66178
66153
66135
66130
66037
65965
65849
65845
65839
65759
65736
65727
65695
65689
65678
65662
65590
65561
65508
65332
65279
65233
65223
65210
65195
65107
65080
64941
64870
64843
64796
64780
64764
64671
64626
64617
64616
64537
64496
64481
64406
64389
64370
64327
64247
64186
64174
64128
64114
63973
63831
63822
63762
63649
63529
63425
63339
63241
63231
63208
63171
63168
63119
62905
62904
62897
62805
62785
62783
62764
62709
62668
62663
62614
62522
62510
62452
62414
62382
62358
62343
62296
62233
62219
62187
62173
62111
62005
62003
62001
61857
61826
61808
61804
61708
61703
61678
61663
61530
61451
61404
61305
61273
61236
61235
61208
61182
61014
60890
60875
60816
60811
60771
60757
60730
60568
60415
60269
60250
60179
60124
60100
60029
60006
59998
59945
59939
59915
59882
59788
59766
59420
59398
59397
59355
59171
59165
59121
59116
59088
59072
58986
58949
58939
58911
58909
58830
58820
58803
58674
58668
58667
58648
58628
58604
58488
58460
58426
58389
58323
58254
58211
58193
58187
58132
58062
58027
57969
57755
57716
57668
57656
57411
57369
57367
57366
57334
57288
57276
57218
57167
56986
56984
56977
56892
56824
56795
56760
56681
56507
56426
56318
56200
56163
56142
56058
56030
56023
55987
55753
55684
55606
55565
55559
55520
55453
55375
55314
55305
55212
55211
55194
55175
55171
55140
55061
55052
55025
55019
54859
54806
54766
54690
54655
54626
54624
54581
54288
54257
54230
54162
54154
54112
54082
54046
53980
53921
53864
53730
53717
53622
53604
53458
53355
53298
53292
53276
53079
53073
53028
52987
52965
52935
52832
52576
52544
52518
52381
52352
52351
52317
52295
52285
52237
52226
52201
52174
52058
51994
51984
51980
51955
51920
51904
51860
51836
51826
51781
51766
51752
51720
51701
51689
51606
51598
51544
51534
51451
51364
51330
51318
51288
51113
51077
51075
51037
51028
51020
51011
50986
50917
50869
50789
50728
50676
50671
50652
50630
50618
50553
50501
50487
50396
50281
50187
50104
50077
50062
50015
49993
49989
49961
49899
49890
49877
49870
49846
49654
49645
49641
49599
49585
49580
49568
49504
49353
49345
49311
49295
49267
49181
49172
49120
49115
49110
49022
48997
48964
48913
48865
48798
48761
48680
48639
48628
48624
48598
48512
48355
48353
48253
48184
48101
48074
48050
48013
47961
47872
47740
47689
47632
47615
47579
47553
47484
47462
47433
47340
47263
47228
47216
47117
47059
47048
47039
47011
47009
46984
46973
46959
46808
46694
46661
46618
46606
46505
46497
46438
46379
46336
46292
46213
46205
46127
46050
45988
45840
45838
45753
45683
45585
45368
45339
45311
45293
45280
44989
44950
44761
44748
44674
44673
44584
44515
44507
44487
44481
44426
44426
44417
44344
44187
44183
44050
44016
43992
43989
43976
43885
43819
43680
43660
43547
43512
43506
43488
43444
43430
43381
43374
43307
43301
43299
43252
43244
43107
43104
43064
42995
42769
42761
42741
42707
42697
42502
42410
42221
42131
42054
41976
41951
41835
41791
41736
41670
41524
41386
41365
41343
41213
41125
41083
41044
41034
41015
40836
40739
40709
40663
40644
40629
40591
40576
40439
40376
40288
40287
40283
40253
40212
40061
39992
39987
39975
39867
39849
39688
39666
39644
39590
39511
39489
39426
39415
39382
39341
39317
39264
39204
39157
39146
39145
39040
39033
38984
38940
38853
38852
38788
38706
38634
38631
38614
38530
38525
38502
38492
38481
38458
38419
38373
38336
38332
38262
38256
38244
38137
38112
38076
38003
37891
37882
37742
37710
37700
37698
37685
37667
37415
37360
37349
37248
37200
37195
37055
36909
36889
36861
36812
36796
36777
36753
36686
36615
36613
36482
36480
36343
36336
36200
36195
36159
36111
36050
36031
36016
36008
35987
35923
35914
35777
35621
35565
35532
35530
35484
35467
35289
35275
35226
35169
35097
35092
35016
34946
34890
34859
34809
34730
34693
34685
34625
34570
34561
34524
34506
34498
34487
34483
34418
34314
34269
34252
34241
34218
34171
34140
34010
34005
33992
33759
33714
33691
33587
33533
33506
33449
33383
33379
33361
33311
33294
33167
33165
33120
33096
33049
33011
32964
32848
32839
32809
32746
32678
32642
32638
32634
32608
32560
32416
32405
32304
32298
32183
32138
32119
32073
32040
31966
31915
31847
31676
31664
31507
31443
31429
31406
31399
31355
31311
31227
31223
31138
31091
31090
31090
31077
30891
30838
30825
30756
30723
30580
30567
30534
30358
30323
30297
30226
30158
30141
30113
30031
30017
29937
29816
29782
29690
29660
29610
29598
29565
29551
29523
29495
29484
29441
29424
29408
29383
29289
29177
29122
29109
28989
28966
28928
28892
28792
28782
28755
28700
28690
28655
28623
28587
28569
28470
28445
28423
28404
28314
28300
28249
28230
28220
28181
28175
28074
28018
28015
27985
27971
27942
27922
27911
27851
27752
27749
27745
27741
27711
27601
27599
27583
27544
27488
27455
27421
27401
27358
27329
27297
27254
27243
27180
27151
27138
27133
27117
27038
27005
26993
26958
26885
26878
26839
26781
26631
26615
26611
26544
26389
26317
26276
26264
26234
26122
26100
26067
25961
25914
25836
25794
25750
25735
25729
25727
25666
25661
25657
25628
25537
25498
25475
25425
25367
25343
25287
25284
25238
25171
25131
25119
25027
25010
24831
24828
24706
24687
24621
24595
24582
24557
24436
24275
24255
24243
24207
24151
24150
24128
24002
23978
23969
23900
23891
23795
23793
23782
23764
23761
23698
23658
23615
23610
23588
23525
23500
23480
23472
23461
23369
23343
23274
23187
23153
23134
23112
23085
23076
23020
22961
22929
22841
22825
22818
22767
22703
22699
22697
22693
22683
22679
22677
22670
22630
22545
22532
22504
22454
22450
22370
22366
22274
22271
22262
22127
22018
21962
21762
21747
21691
21686
21519
21517
21429
21393
21344
21258
21224
21193
21185
21169
21123
21004
20987
20872
20853
20806
20778
20760
20734
20709
20704
20703
20589
20567
20449
20393
20349
20336
20285
20226
20195
20185
20032
20021
19947
19922
19883
19853
19781
19656
19654
19629
19603
19544
19487
19481
19446
19239
19233
19124
19114
19096
19084
19052
19012
18983
18974
18971
18971
18958
18944
18924
18834
18791
18742
18631
18628
18620
18591
18494
18478
18235
18200
18133
18133
18124
18094
18017
18016
18007
17999
17998
17886
17730
17705
17653
17613
17604
17496
17385
17288
17173
16947
16850
16848
16840
16830
16821
16797
16766
16745
16690
16685
16576
16494
16398
16358
16324
16323
16286
16279
16243
16239
16231
16229
16197
16092
16022
15992
15910
15812
15807
15743
15743
15586
15475
15470
15333
15284
15279
15170
15142
15134
15091
15072
15013
14986
14910
14900
14879
14874
14814
14727
14705
14699
14639
14606
14560
14540
14507
14473
14226
14167
14051
14036
13994
13990
13876
13807
13800
13787
13722
13682
13635
13623
13570
13563
13432
13342
13311
13264
13131
13117
13063
13013
12968
12945
12912
12851
12788
12701
12521
12498
12445
12398
12358
12344
12287
12155
12150
11988
11941
11918
11885
11885
11835
11834
11820
11760
11725
11668
11542
11443
11433
11408
11203
11192
11186
11171
11030
11018
11018
10998
10917
10810
10749
10727
10665
10647
10646
10601
10536
10526
10506
10504
10446
10436
10306
10304
10281
10231
10073
10032
9960
9929
9914
9838
9743
9688
9657
9647
9646
9596
9468
9467
9448
9336
9328
9256
9213
9207
9190
9156
9104
9036
9027
8930
8929
8906
8862
8782
8700
8645
8629
8527
8423
8408
8369
8322
8320
8300
8220
8133
8116
8025
7898
7822
7796
7671
7612
7599
7498
7480
7450
7422
7368
7366
7272
7252
7188
7086
7029
6941
6874
6859
6790
6698
6696
6556
6539
6537
6533
6529
6458
6183
6138
6129
6105
6082
5993
5948
5914
5836
5826
5555
5544
5459
5456
5424
5418
5401
5263
5192
5102
4915
4825
4807
4523
4450
4450
4408
4367
4322
4272
4100
4067
4045
3945
3920
3900
3821
3741
3667
3631
3587
3563
3493
3451
3430
3424
3318
3293
3278
3195
3134
3099
3029
3024
2972
2953
2758
2704
2688
2466
2440
2415
2410
2389
2344
2320
2095
2061
2059
2022
2006
2002
1969
1785
1763
1730
1694
1663
1645
1619
1468
1450
1388
1387
1363
1280
1249
1184
1094
1008
910
756
724
528
474
459
437
421
381
376
349
330
314
312
193
181
176
168
155
118
109
86
49
