100000
99937
99928
99842
99823
99718
99681
99677
99651
99578
99568
99456
99443
99434
99429
99348
99267
99070
98994
98977
98960
98937
98902
98804
98763
98659
98649
98554
98511
98505
98458
98358
98281
98243
98120
98036
98013
98011
97929
97870
97832
97809
97803
97777
97774
97715
97683
97658
97626
97605
97557
97311
97285
97280
97240
97234
97110
97105
97093
97081
97045
97005
96902
96891
96792
96721
96716
96714
96703
96624
96539
96518
96427
96279
96239
96220
96191
96178
96140
96076
96028
96012
95970
95952
95857
95789
95781
95738
95687
95677
95654
95605
95572
95506
95444
95371
95228
95135
94947
94941
94906
94886
94820
94779
94661
94639
94612
94518
94513
94439
94437
94350
94346
94326
94298
94164
94047
94012
93998
93982
93944
93931
93911
93905
93899
93866
93842
93827
93811
93713
93693
93647
93619
93617
93606
93572
93469
93425
93422
93379
93371
93367
93138
93113
93064
93063
93044
93023
92939
92913
92911
92909
92908
92906
92703
92665
92519
92496
92376
92338
92336
92184
91942
91932
91927
91922
91802
91769
91758
91752
91650
91641
91517
91497
91472
91449
91443
91372
91339
91284
91270
91254
91192
91076
91074
91050
91017
90941
90935
90813
90725
90690
90643
90629
90566
90557
90530
90474
90440
90420
90407
90387
90356
90282
90078
89908
89879
89874
89847
89816
89795
89769
89745
89671
89636
89423
89385
89352
89300
89269
89192
89162
89131
89052
89006
88981
88909
88877
88873
88667
88640
88603
88562
88547
88471
88425
88394
88330
88270
88243
88218
88178
88168
88107
88039
87966
87960
87882
87846
87806
87803
87786
87770
87730
87680
87520
87516
87269
87257
87197
87135
87120
87101
87030
87000
86989
86734
86678
86629
86595
86530
86500
86431
86318
86231
86203
86136
86111
85916
85896
85870
85821
85759
85739
85692
85591
85584
85579
85547
85515
85498
85367
85354
85301
85261
85251
85235
85191
85183
85125
85034
85011
84919
84811
84800
84768
84765
84747
84579
84577
84565
84564
84401
84386
84288
84271
84266
84217
84157
84103
83841
83719
83712
83669
83648
83644
83602
83489
83385
83375
83373
83292
83283
83259
83182
83165
83163
83090
83079
82948
82911
82897
82855
82770
82679
82612
82490
82374
82322
82277
82275
82204
81967
81851
81847
81795
81773
81705
81685
81629
81627
81610
81508
81507
81463
81341
81276
81235
81225
81214
81166
81099
81096
81054
81009
80958
80933
80908
80856
80847
80800
80785
80775
80745
80712
80589
80557
80540
80356
80337
80252
80245
80195
80195
80149
80131
80093
80005
79985
79974
79957
79887
79852
79759
79593
79542
79413
79328
79280
79194
79187
79137
79098
79088
79065
79059
79053
79051
79034
78965
78932
78920
78855
78788
78755
78691
78657
78597
78451
78433
78399
78201
78179
78116
78052
77963
77941
77882
77815
77752
77725
77543
77489
77475
77413
77306
77286
77258
77248
77211
77206
77148
77021
77003
77002
76930
76879
76832
76809
76750
76716
76675
76600
76599
76450
76393
76354
76200
76163
76156
76040
76021
76005
76000
75997
75990
75949
75944
75933
75896
75737
75700
75619
75609
75510
75503
75499
75490
75459
75387
75380
75307
75287
75277
75237
75222
75157
75149
75140
75133
75127
75092
75026
75005
74998
74957
74849
74825
74644
74610
74609
74598
74575
74526
74507
74498
74401
74357
74354
74333
74267
74249
74188
74164
74094
74073
74064
74062
73958
73957
73903
73899
73882
73843
73839
73809
73762
73746
73698
73697
73643
73593
73583
73567
73438
73425
73356
73348
73270
73247
73225
73219
73176
73076
73061
73019
73009
72776
72739
72720
72716
72706
72667
72664
72624
72615
72590
72527
72443
72373
72327
72309
72143
72106
71920
71917
71910
71872
71839
71809
71798
71785
71773
71666
71649
71568
71513
71480
71432
71430
71307
71263
71255
71158
71094
71079
71014
71006
70944
70940
70930
70571
70539
70260
70191
70125
70114
70055
70049
70004
69987
69913
69885
69832
69819
69601
69584
69562
69507
69502
69441
69438
69380
69377
69336
69280
69228
69221
69066
69056
69014
68995
68993
68948
68891
68680
68677
68611
68592
68463
68459
68430
68412
68378
68362
68252
68082
68001
67919
67797
67765
67734
67679
67641
67639
67580
67571
67490
67466
67455
67444
67405
67380
67379
67206
67101
67080
67056
67047
67023
66996
66890
66864
66778
66732
66699
66662
66640
66610
66523
66510
66506
66467
66390
66326
66263
66156
66094
66091
66013
65988
65948
65937
65904
65771
65748
65727
65723
65704
65614
65478
65461
65423
65413
65375
65291
65249
65246
65244
65126
65126
65085
65027
65015
65003
64930
64872
64860
64848
64838
64790
64736
64685
64566
64435
64428
64267
64238
64237
64164
64101
64049
63989
63979
63936
63914
63880
63850
63835
63775
63763
63741
63703
63614
63496
63487
63447
63418
63394
63388
63257
63243
63122
63070
63016
62954
62898
62821
62792
62716
62703
62563
62515
62497
62494
62478
62460
62438
62388
62324
62309
62284
62229
62163
62128
62112
62014
61995
61928
61841
61775
61689
61627
61583
61518
61313
61313
61308
61278
61268
61205
61198
61119
61081
61072
60981
60930
60879
60840
60802
60798
60790
60755
60743
60690
60685
60662
60608
60563
60534
60519
60510
60458
60425
60422
60405
60395
60273
60212
60103
60071
60059
60034
59983
59968
59963
59868
59843
59788
59782
59761
59755
59680
59678
59573
59510
59450
59449
59310
59270
59233
59184
59174
59148
59106
59025
59005
58883
58787
58759
58743
58675
58491
58489
58479
58457
58422
58341
58216
58181
57898
57811
57803
57756
57627
57462
57418
57383
57157
57108
57044
56971
56965
56926
56829
56816
56662
56621
56560
56507
56490
56474
56441
56373
56352
56334
56307
56259
56250
56228
56173
56129
55990
55960
55894
55762
55741
55709
55683
55532
55498
55483
55385
55379
55280
55203
55169
55138
55126
55094
55019
54937
54780
54679
54608
54542
54434
54416
54406
54403
54285
54260
54231
54192
54191
54160
54108
54025
53941
53909
53908
53816
53630
53563
53544
53436
53372
53333
53303
53288
53225
53224
53105
53092
53063
53019
52995
52977
52976
52953
52740
52691
52663
52617
52564
52547
52537
52517
52332
52311
52310
52305
52281
52204
52182
52138
52056
52054
52051
51974
51938
51746
51723
51588
51536
51509
51439
51417
51296
51293
51134
51117
51075
50990
50797
50769
50696
50684
50644
50633
50545
50533
50492
50448
50437
50437
50382
50380
50356
50336
50188
50098
50079
49971
49961
49894
49859
49805
49745
49743
49705
49645
49263
49249
49182
49144
49102
49068
49037
48915
48828
48645
48644
48627
48622
48496
48461
48425
48293
48276
48236
48228
48104
48062
48059
47995
47849
47734
47691
47689
47652
47581
47569
47560
47351
47297
47279
47272
47248
47248
47187
47171
47149
47076
47058
47016
46954
46925
46908
46836
46774
46750
46646
46627
46617
46593
46492
46386
46339
46318
46274
46222
46179
46083
46045
45926
45921
45913
45844
45839
45778
45754
45675
45474
45473
45445
45430
45407
45362
45322
45318
45292
45282
45282
45276
45243
45235
45223
45213
45208
45198
45190
45178
45128
45081
45069
44989
44954
44922
44912
44878
44840
44810
44792
44762
44740
44732
44670
44586
44458
44453
44419
44306
44248
44227
44149
44145
44056
43933
43915
43808
43531
43450
43444
43336
43235
43218
43211
43163
43105
43070
43012
42806
42805
42803
42783
42773
42765
42710
42703
42689
42667
42546
42506
42486
42419
42382
42345
42333
42314
42176
42069
42023
42007
41982
41842
41410
41363
41294
41222
41029
40998
40974
40974
40838
40770
40683
40620
40620
40566
40555
40447
40386
40328
40323
40268
40255
40251
40186
40155
40139
39927
39916
39896
39890
39885
39874
39783
39632
39625
39478
39457
39451
39391
39352
39292
39287
39264
39256
39130
39094
39074
39066
39013
38926
38896
38886
38856
38798
38777
38761
38751
38720
38612
38585
38560
38512
38481
38456
38261
38187
38061
38021
38009
37930
37917
37856
37774
37749
37695
37673
37643
37611
37529
37480
37479
37442
37435
37395
37284
37248
37204
37159
37127
37113
37108
37064
37007
36955
36896
36805
36776
36760
36708
36704
36695
36655
36585
36492
36454
36303
36268
36247
36236
36208
36144
36143
36077
36074
36041
36029
36017
36012
35956
35929
35878
35776
35654
35644
35633
35628
35577
35565
35539
35525
35429
35336
35127
35088
35085
35052
34904
34902
34800
34755
34723
34612
34606
34543
34531
34497
34477
34392
34346
34330
34286
34278
34237
34234
34184
33963
33962
33760
33660
33603
33591
33572
33499
33469
33445
33444
33427
33215
33044
33037
32960
32954
32865
32830
32751
32586
32502
32490
32451
32421
32333
32333
32216
32181
32127
32091
32023
31995
31974
31944
31900
31872
31777
31718
31686
31685
31666
31543
31524
31371
31325
31240
31212
30854
30854
30716
30529
30528
30509
30293
30227
30226
30172
30145
30103
30084
30078
29921
29872
29866
29790
29759
29706
29665
29644
29598
29592
29587
29482
29372
29357
29279
29236
29218
29175
29148
29129
29106
29085
29063
29035
29006
28998
28704
28663
28612
28601
28596
28570
28536
28495
28427
28390
28368
28362
28312
28297
28266
28265
28193
28135
28109
28102
28070
28027
27935
27872
27835
27805
27706
27643
27533
27502
27501
27491
27428
27390
27390
27282
27153
27035
27011
26979
26949
26838
26827
26773
26720
26703
26701
26616
26593
26548
26527
26507
26493
26492
26360
26351
26253
26021
25885
25860
25749
25704
25577
25528
25514
25486
25418
25401
25334
25323
25294
25171
25116
25105
25104
24923
24872
24807
24798
24778
24726
24661
24591
24590
24541
24508
24482
24343
24308
24291
24162
24105
24098
23972
23886
23872
23863
23843
23820
23762
23755
23717
23713
23611
23562
23521
23441
23384
23379
23316
23254
23172
23144
23137
23110
23110
23073
23068
23058
23050
23032
23030
23027
22997
22884
22784
22749
22746
22717
22654
22572
22554
22520
22511
22471
22387
22319
22306
22276
22196
22189
22143
22097
22094
22057
22049
21965
21946
21760
21736
21668
21633
21576
21574
21571
21546
21515
21504
21480
21410
21346
21281
21257
21255
21233
21088
21085
21070
21014
21012
20829
20810
20797
20648
20506
20433
20392
20273
20270
20248
20144
20119
20083
19956
19908
19794
19699
19695
19695
19677
19600
19566
19524
19521
19519
19513
19480
19440
19389
19365
19273
19268
19262
19131
19076
19003
18895
18886
18857
18683
18679
18535
18502
18469
18469
18447
18413
18398
18253
18232
18218
18139
18111
18073
17998
17995
17892
17851
17848
17755
17747
17746
17745
17638
17613
17556
17536
17488
17441
17434
17405
17380
17378
17281
17258
17254
17126
17068
16862
16861
16832
16620
16609
16582
16522
16407
16326
16304
16268
16026
15991
15978
15940
15883
15821
15799
15693
15688
15561
15526
15460
15449
15287
15254
15248
15105
15066
14997
14975
14972
14908
14899
14891
14868
14803
14786
14675
14600
14599
14584
14580
14466
14446
14437
14397
14384
14315
14288
14125
14116
13925
13884
13830
13807
13781
13745
13727
13711
13706
13508
13438
13419
13417
13405
13372
13363
13328
13316
13310
13277
13188
13168
13094
13085
12914
12902
12890
12876
12860
12776
12741
12713
12713
12554
12448
12446
12412
12388
12384
12080
12068
12050
12007
11969
11954
11902
11805
11804
11752
11726
11620
11586
11493
11432
11430
11420
11383
11294
11291
11273
11222
11197
11134
10975
10919
10764
10759
10745
10655
10633
10627
10613
10415
10359
10315
10312
10284
10233
10214
10202
10167
10128
10120
10113
10076
10047
9865
9856
9842
9782
9781
9726
9717
9676
9639
9621
9555
9497
9476
9470
9280
9277
9132
9061
9042
9020
8995
8948
8924
8920
8902
8891
8808
8806
8800
8783
8717
8715
8676
8603
8593
8531
8472
8284
8203
8182
8118
8078
8037
8013
7965
7962
7909
7889
7886
7823
7730
7718
7700
7673
7611
7609
7584
7577
7524
7488
7418
7382
7356
7096
6984
6910
6823
6802
6547
6541
6504
6483
6363
6319
6255
6233
6228
6182
6173
5969
5961
5893
5834
5803
5747
5733
5700
5636
5520
5491
5457
5363
5358
5300
5252
5236
5235
5173
5165
5156
5052
4970
4942
4862
4794
4759
4725
4478
4471
4401
4329
4186
4135
4113
4096
4081
4062
3910
3817
3796
3781
3722
3689
3662
3628
3625
3619
3585
3561
3393
3388
3301
3099
3098
3080
3062
3060
2998
2909
2881
2825
2772
2703
2644
2630
2583
2557
2554
2551
2508
2494
2442
2368
2232
2195
2156
2073
2072
2012
1986
1940
1918
1838
1788
1758
1745
1713
1609
1537
1487
1482
1448
1447
1415
1410
1218
1185
1161
1147
1093
1087
1081
1077
1023
981
946
908
867
831
815
795
765
754
740
720
696
606
606
602
585
549
536
513
365
255
60
