99928
99874
99799
99650
99571
99568
99435
99403
99358
99317
99218
99159
99127
99097
99096
99086
99050
99012
98976
98900
98810
98761
98721
98688
98618
98597
98577
98491
98441
98393
98247
98242
98213
98201
98176
98147
98085
97948
97917
97815
97799
97632
97606
97376
97344
97328
97206
97175
97097
97081
96993
96981
96907
96841
96839
96803
96761
96695
96600
96522
96521
96499
96437
96382
96348
96347
96338
96210
96131
96124
96104
96084
96068
95972
95960
95959
95952
95849
95806
95736
95714
95677
95641
95621
95607
95450
95417
95303
95296
95194
95166
95160
95094
95045
94986
94937
94903
94887
94825
94781
94779
94681
94623
94525
94456
94430
94422
94369
94352
94262
94253
94198
94134
94121
93988
93947
93942
93919
93764
93708
93698
93667
93648
93632
93614
93606
93514
93497
93479
93475
93402
93265
93224
93187
93121
93110
93058
93046
93012
92933
92834
92751
92748
92704
92678
92580
92530
92463
92405
92400
92294
92152
92007
91976
91959
91946
91924
91883
91852
91774
91774
91759
91754
91732
91714
91703
91691
91685
91683
91649
91645
91542
91408
91390
91351
91258
91195
91124
91113
91101
91101
91061
90888
90883
90856
90848
90840
90788
90768
90717
90596
90577
90487
90451
90404
90365
90316
90271
90186
90089
90086
90080
90051
90002
89979
89966
89934
89912
89887
89840
89805
89701
89620
89532
89447
89436
89322
89320
89293
89225
89207
89204
89199
89031
88935
88913
88894
88775
88741
88708
88677
88658
88646
88589
88577
88511
88456
88455
88438
88226
88225
88159
87995
87983
87963
87902
87840
87693
87652
87623
87576
87435
87403
87395
87373
87344
87266
87231
87011
86918
86896
86876
86831
86699
86666
86656
86635
86625
86620
86619
86497
86494
86481
86423
86391
86352
86296
86248
86244
86227
86217
86034
85882
85694
85626
85583
85580
85559
85503
85422
85375
85350
85346
85169
85115
85097
85071
85053
85012
84938
84932
84931
84903
84876
84862
84860
84855
84803
84755
84698
84579
84490
84470
84415
84411
84411
84408
84395
84356
84326
84319
84295
84288
84218
84198
84180
84134
84097
84085
83962
83958
83947
83942
83893
83865
83849
83812
83738
83661
83656
83652
83500
83441
83408
83377
83332
83328
83239
83090
83016
82934
82809
82754
82435
82424
82338
82212
82209
82190
82088
82025
82011
81848
81652
81603
81566
81564
81555
81524
81451
81322
81312
81286
81249
81126
81081
81069
81025
81025
80971
80951
80916
80867
80703
80686
80528
80357
80182
80175
80129
80115
80102
80083
80078
80040
80007
79926
79852
79729
79657
79590
79582
79563
79499
79475
79414
79389
79375
79260
79222
79155
79123
79074
79028
78977
78928
78899
78791
78774
78729
78722
78685
78665
78590
78553
78528
78426
78406
78340
78310
78309
78279
78154
78102
77962
77828
77822
77814
77769
77759
77711
77568
77565
77562
77543
77487
77399
77379
77345
77309
77301
77292
77273
77209
77179
77108
77107
76995
76987
76962
76936
76923
76873
76801
76777
76731
76570
76368
76360
76338
76333
76209
76124
76096
76049
75968
75942
75890
75864
75839
75838
75782
75663
75644
75539
75441
75440
75434
75409
75357
75233
75089
75041
74963
74932
74927
74891
74813
74780
74724
74647
74573
74550
74522
74518
74489
74398
74297
74284
74277
74231
74136
74118
74060
73999
73968
73958
73865
73864
73798
73784
73777
73758
73544
73518
73509
73433
73390
73350
73294
73223
73200
73179
72999
72979
72805
72699
72680
72612
72608
72606
72554
72546
72544
72539
72533
72463
72418
72299
72271
72235
72212
72181
72102
71945
71876
71871
71799
71746
71744
71620
71491
71470
71442
71363
71228
71188
71155
71138
71068
70967
70966
70956
70880
70860
70855
70792
70756
70678
70586
70574
70455
70383
70212
70187
70138
70071
70010
69999
69991
69953
69909
69885
69854
69825
69805
69762
69677
69628
69587
69534
69531
69505
69495
69329
69110
69099
69049
69008
68995
68980
68925
68916
68849
68798
68754
68605
68598
68541
68524
68363
68301
68290
68216
68213
68174
68166
68040
67962
67921
67814
67804
67789
67771
67751
67744
67729
67712
67709
67704
67584
67479
67445
67271
67246
67167
67048
67045
67037
66999
66976
66959
66850
66844
66800
66754
66705
66692
66634
66469
66421
66394
66391
66357
66326
66161
66096
66080
66034
66013
66003
65984
65981
65968
65958
65882
65822
65788
65751
65732
65731
65712
65691
65655
65527
65513
65457
65417
65399
65361
65324
65297
65284
65236
65168
65147
65051
65003
64996
64973
64883
64821
64752
64688
64671
64468
64450
64432
64417
64342
64136
64081
64070
64053
64046
64002
63880
63754
63735
63728
63701
63697
63669
63557
63537
63470
63413
63389
63348
63312
63277
63275
63172
63113
63036
62893
62888
62873
62841
62718
62693
62643
62468
62379
62354
62250
62185
62105
62091
62078
62069
61926
61694
61555
61503
61452
61441
61377
61359
61332
61332
61314
61222
61204
61159
61149
61147
61113
61002
60998
60998
60807
60766
60709
60651
60624
60504
60466
60296
60242
60228
60205
60159
60070
59977
59721
59718
59665
59548
59478
59438
59435
59394
59338
59287
59213
59177
59100
59074
59017
58998
58853
58841
58751
58737
58734
58666
58647
58623
58592
58555
58507
58493
58106
58095
58090
58059
58041
58034
57988
57980
57943
57932
57929
57926
57912
57872
57835
57775
57775
57663
57611
57606
57529
57366
57282
57271
57197
57107
56911
56880
56848
56845
56733
56687
56684
56648
56592
56558
56488
56442
56417
56387
56342
56251
56230
56225
56143
56100
56085
56068
56040
56018
55984
55978
55960
55835
55834
55827
55710
55659
55611
55591
55517
55498
55382
55333
55265
55125
55052
54898
54840
54820
54725
54656
54611
54427
54374
54371
54353
54343
54342
54332
54286
54254
54188
54150
54087
54052
54027
53858
53750
53726
53657
53655
53595
53547
53438
53428
53424
53367
53296
53274
53244
53108
53099
53011
52995
52991
52926
52839
52773
52772
52746
52718
52665
52627
52516
52488
52359
52285
52194
52035
52023
52004
51947
51914
51872
51745
51741
51688
51615
51553
51528
51492
51440
51410
51325
51009
50980
50979
50936
50833
50815
50798
50794
50770
50741
50738
50633
50626
50567
50538
50533
50510
50507
50477
50420
50402
50376
50346
50315
50263
50245
50238
50205
50187
50090
50089
50079
50058
50048
50035
49964
49849
49848
49798
49788
49655
49620
49595
49522
49504
49485
49453
49422
49357
49329
49311
49261
49171
49140
49129
49117
49049
48978
48954
48948
48932
48917
48883
48870
48779
48736
48629
48624
48605
48575
48492
48443
48382
48323
48259
48073
48068
47919
47734
47710
47614
47580
47524
47521
47515
47442
47438
47393
47295
47261
47243
47123
47017
46994
46958
46951
46870
46826
46680
46623
46615
46611
46581
46559
46537
46448
46392
46390
46360
46178
46100
46094
46090
46086
46069
46052
46049
45852
45831
45828
45788
45786
45561
45519
45484
45432
45415
45192
45171
45074
45046
45038
44954
44821
44777
44767
44746
44698
44669
44652
44650
44631
44630
44594
44592
44505
44501
44495
44483
44436
44315
44199
44187
44146
44097
44067
44043
44021
44016
43933
43882
43882
43848
43820
43781
43698
43667
43448
43373
43342
43310
43228
43223
43199
43156
43131
43078
43037
42917
42852
42824
42797
42784
42754
42740
42687
42662
42661
42570
42569
42470
42402
42318
42288
42222
42193
42138
42113
41998
41855
41854
41842
41739
41650
41541
41528
41527
41471
41440
41371
41358
41286
41204
41182
41171
41121
41082
41020
40964
40943
40846
40819
40819
40721
40713
40524
40483
40455
40441
40436
40385
40367
40235
40209
40203
40195
40155
40141
40109
40107
40007
40001
39997
39985
39943
39940
39831
39812
39756
39751
39749
39742
39518
39482
39438
39434
39397
39376
39224
39214
39143
38957
38933
38824
38800
38773
38757
38711
38658
38582
38540
38513
38495
38494
38356
38314
38297
38250
38247
38151
38049
37953
37814
37762
37718
37714
37686
37681
37606
37577
37468
37466
37460
37406
37394
37330
37330
37189
37188
37168
37133
37061
36941
36848
36773
36722
36670
36668
36556
36545
36536
36388
36336
36333
36250
36222
36213
36164
36136
36059
35981
35950
35929
35927
35915
35890
35811
35693
35559
35543
35435
35385
35322
35235
35124
35081
35061
35053
34897
34872
34868
34806
34802
34683
34644
34569
34490
34488
34435
34380
34368
34319
34263
34259
34175
34146
34144
34050
34023
34021
33973
33958
33942
33821
33808
33728
33612
33604
33598
33547
33496
33412
33393
33245
33215
33192
33154
33153
33096
33093
33034
33018
32955
32921
32890
32695
32669
32583
32492
32453
32424
32362
32297
32267
32199
32160
32101
31911
31898
31890
31889
31876
31782
31749
31711
31679
31633
31623
31455
31422
31406
31404
31375
31273
31261
31252
31168
31151
31126
30962
30954
30914
30814
30793
30759
30757
30731
30659
30602
30534
30447
30397
30331
30301
30219
30132
30089
30063
30011
30004
30003
29965
29965
29937
29861
29860
29820
29809
29744
29718
29712
29659
29657
29580
29438
29426
29252
29251
29207
29197
29135
29047
29038
29030
29021
29003
28862
28858
28857
28746
28595
28567
28485
28331
28209
28122
28099
28095
28044
27994
27861
27853
27836
27811
27784
27742
27736
27698
27689
27668
27526
27471
27299
27283
27192
27185
27134
26951
26940
26913
26912
26870
26858
26795
26791
26737
26699
26497
26448
26413
26321
26293
26206
26160
26082
26040
25948
25907
25900
25820
25781
25771
25637
25616
25483
25462
25397
25186
25181
25178
25176
24986
24944
24912
24847
24815
24731
24601
24596
24589
24538
24519
24465
24253
24234
24115
24014
24002
23921
23871
23824
23629
23597
23590
23553
23379
23311
23265
23262
23239
23217
22976
22958
22908
22865
22864
22854
22836
22777
22720
22718
22642
22626
22598
22594
22579
22472
22424
22381
22376
22372
22322
22306
22130
21950
21808
21794
21770
21726
21701
21653
21622
21591
21583
21565
21386
21340
21329
21165
21136
21088
21009
21004
20982
20976
20976
20950
20933
20896
20852
20843
20834
20637
20605
20540
20445
20417
20408
20348
20342
20113
20085
20066
19951
19942
19936
19929
19884
19879
19845
19832
19820
19810
19805
19675
19603
19454
19441
19431
19390
19341
19252
19213
19210
19088
19051
19046
19021
18897
18891
18875
18716
18700
18698
18597
18589
18585
18560
18522
18449
18197
18190
18018
17943
17939
17931
17882
17708
17693
17636
17618
17616
17586
17577
17505
17483
17473
17363
17276
17208
17164
17109
17099
17095
17086
17084
17027
16985
16909
16758
16722
16706
16673
16569
16559
16447
16443
16380
16366
16358
16352
16330
16327
16230
16103
16094
16082
16073
16021
15994
15961
15946
15926
15862
15833
15777
15766
15739
15698
15665
15611
15527
15514
15495
15468
15468
15467
15341
15267
15227
15180
15171
15069
15042
15039
15010
14948
14932
14768
14678
14618
14599
14544
14405
14403
14340
14270
14251
14243
14219
14207
14199
14195
14168
14134
14112
14095
13843
13836
13784
13757
13751
13739
13694
13665
13581
13561
13529
13421
13231
13150
12948
12884
12867
12859
12842
12813
12779
12768
12717
12688
12647
12515
12435
12432
12378
12354
12279
12232
12230
12194
12159
12156
12121
12092
12059
12010
11893
11763
11755
11707
11705
11681
11666
11647
11613
11610
11603
11575
11541
11444
11413
11391
11385
11346
11318
11293
11148
11105
10960
10959
10904
10820
10785
10680
10608
10529
10514
10441
10375
10351
10346
10297
10288
10225
10088
10078
10069
10025
9938
9862
9855
9837
9819
9745
9708
9689
9625
9572
9559
9529
9507
9339
9243
9225
9102
9073
9055
9010
8995
8931
8916
8860
8738
8703
8606
8601
8564
8417
8385
8348
8325
8320
8272
8201
8170
8147
7919
7866
7794
7725
7630
7580
7556
7552
7473
7409
7324
7302
7272
7098
7080
7079
7066
7027
7015
6918
6907
6901
6858
6845
6835
6765
6692
6684
6617
6516
6508
6371
6332
6260
6229
6228
6225
6145
6115
6022
5991
5987
5976
5959
5906
5878
5877
5750
5746
5685
5668
5612
5531
5488
5442
5440
5345
5313
5307
5240
5133
5123
5070
5036
5000
4997
4971
4914
4865
4848
4693
4669
4561
4551
4517
4478
4476
4472
4435
4386
4347
4313
4243
4198
4170
4151
4141
4007
3982
3977
3930
3883
3871
3864
3810
3678
3671
3660
3632
3626
3620
3620
3514
3439
3296
3242
3204
3164
3141
3115
3114
3025
2978
2881
2867
2850
2770
2767
2751
2750
2744
2728
2663
2654
2634
2584
2554
2552
2518
2475
2438
2435
2388
2384
2339
2317
2316
2258
2173
2146
2138
1983
1790
1787
1673
1673
1668
1520
1503
1502
1414
1381
1360
1330
1146
1003
998
870
597
586
499
472
378
327
314
293
288
191
183
139
91
63
51
25
20
