99931
99875
99822
99773
99769
99753
99749
99695
99691
99689
99606
99589
99425
99420
99351
99347
99250
99247
99180
99171
99150
99137
99092
99071
99053
99042
99001
98976
98943
98937
98890
98848
98835
98829
98783
98662
98580
98471
98429
98381
98347
98301
98278
98160
98117
98097
98012
98007
97897
97821
97691
97662
97648
97618
97564
97551
97540
97465
97451
97440
97433
97412
97352
97337
97230
97226
97223
97222
97183
97174
97086
96934
96860
96851
96818
96811
96776
96730
96707
96692
96663
96609
96587
96442
96343
96342
96299
96200
96177
96100
95940
95915
95889
95843
95819
95706
95650
95424
95422
95341
95270
95156
95137
95097
95090
95069
94980
94940
94918
94899
94869
94843
94810
94802
94794
94766
94743
94643
94634
94561
94527
94500
94437
94434
94350
94276
94207
94158
94117
93978
93939
93903
93818
93798
93775
93717
93613
93588
93569
93543
93538
93445
93389
93383
93346
93291
93240
93194
93166
93135
92955
92939
92850
92790
92777
92771
92744
92717
92701
92690
92458
92446
92383
92244
92232
92180
92146
92129
92081
92000
91992
91885
91849
91776
91767
91716
91704
91603
91573
91507
91433
91390
91342
91227
91130
91086
91053
91050
91026
91014
90941
90923
90890
90858
90853
90790
90761
90672
90658
90650
90638
90534
90520
90516
90504
90464
90428
90421
90263
90151
90134
90132
90092
90086
89930
89893
89886
89829
89784
89778
89772
89752
89740
89740
89711
89702
89699
89583
89544
89539
89517
89468
89434
89411
89406
89245
89120
89075
89061
89035
89025
89013
88976
88936
88869
88749
88746
88724
88717
88663
88647
88639
88612
88597
88499
88496
88495
88486
88464
88421
88372
88371
88324
88230
88219
88202
88166
88159
88051
87894
87867
87856
87829
87827
87820
87800
87785
87754
87687
87675
87670
87643
87629
87609
87496
87434
87375
87371
87344
87203
87166
87164
87163
87112
87049
87040
87039
87025
86977
86969
86955
86947
86935
86889
86822
86780
86668
86619
86591
86573
86506
86486
86460
86357
86337
86274
86259
86211
86187
86171
86132
86080
86068
86062
86017
85991
85975
85945
85942
85934
85878
85752
85641
85610
85575
85530
85493
85476
85462
85450
85354
85317
85295
85189
85156
85089
85052
85040
85018
84985
84970
84877
84825
84820
84815
84805
84762
84761
84729
84632
84585
84558
84535
84526
84414
84337
84230
84218
84183
84137
84064
83994
83938
83936
83928
83869
83859
83755
83735
83692
83620
83595
83579
83478
83428
83376
83312
83277
83157
83116
83094
83076
83073
82990
82986
82973
82960
82940
82929
82874
82812
82727
82710
82618
82578
82552
82492
82413
82308
82252
82106
82069
82053
82047
82013
81885
81792
81789
81777
81776
81760
81717
81633
81597
81568
81524
81499
81403
81327
81215
81148
81072
81034
81021
80981
80943
80900
80835
80666
80657
80618
80587
80584
80562
80558
80546
80503
80484
80477
80355
80285
80183
80119
80093
80033
80025
79990
79929
79889
79880
79810
79708
79574
79559
79345
79340
79282
79274
79217
79140
79039
79027
79014
78960
78920
78871
78856
78744
78699
78659
78611
78598
78558
78400
78400
78382
78350
78063
78003
77984
77977
77953
77911
77853
77837
77831
77784
77723
77708
77663
77659
77629
77597
77580
77544
77384
77379
77372
77362
77361
77345
77124
77089
76930
76927
76875
76872
76780
76676
76642
76595
76555
76534
76457
76452
76432
76421
76287
76219
76178
76157
76104
76096
75890
75888
75884
75820
75768
75726
75688
75665
75639
75621
75546
75523
75471
75407
75284
75253
75226
75161
75161
75060
75024
75001
74865
74853
74848
74650
74571
74558
74549
74452
74405
74358
74194
74180
74177
74131
74104
73923
73841
73795
73787
73771
73728
73644
73641
73623
73506
73436
73397
73268
73259
73191
73136
73066
72971
72943
72923
72715
72712
72702
72652
72634
72633
72609
72552
72547
72454
72312
72304
72303
72287
72263
72251
72232
72194
72134
72061
71962
71843
71828
71808
71790
71743
71531
71501
71477
71462
71461
71386
71378
71281
71152
71151
71139
71061
71005
70923
70860
70851
70785
70669
70517
70500
70433
70428
70393
70279
70214
70149
70125
70051
70032
70007
70003
69969
69964
69930
69900
69893
69884
69857
69857
69855
69830
69768
69754
69718
69661
69648
69577
69561
69540
69454
69441
69426
69374
69350
69331
68988
68968
68947
68887
68810
68797
68637
68628
68568
68487
68451
68445
68396
68395
68359
68352
68328
68300
68223
68188
68092
68082
68059
68000
67999
67903
67857
67838
67825
67783
67580
67565
67550
67549
67326
67236
67194
67145
67143
67127
67071
67053
66963
66922
66809
66789
66737
66727
66701
66691
66665
66664
66615
66406
66403
66403
66391
66364
66305
66222
66202
66201
65967
65891
65822
65820
65812
65752
65732
65698
65635
65594
65591
65587
65539
65454
65448
65364
65317
65252
65208
65195
65115
65113
64993
64836
64825
64746
64672
64659
64597
64532
64472
64459
64442
64384
64352
64303
64152
64078
64070
64007
64005
63952
63910
63847
63691
63650
63597
63463
63458
63451
63339
63326
63326
63252
63101
63069
62885
62884
62861
62712
62666
62597
62485
62445
62406
62382
62357
62331
62303
62201
62196
62181
62147
62145
62140
62069
62060
61988
61961
61903
61896
61894
61814
61719
61610
61536
61472
61465
61306
61269
61235
61228
61223
61003
60768
60758
60633
60608
60604
60597
60594
60577
60531
60510
60496
60451
60442
60424
60418
60392
60298
60295
60218
60139
60106
60058
60040
60027
59957
59949
59930
59916
59881
59863
59837
59820
59752
59717
59692
59678
59675
59625
59587
59587
59565
59558
59372
59290
59092
58954
58917
58886
58807
58746
58717
58581
58571
58543
58469
58469
58446
58438
58432
58394
58360
58340
58308
58234
58004
57979
57913
57909
57889
57885
57864
57785
57780
57762
57668
57637
57573
57534
57534
57533
57512
57486
57416
57405
57347
57327
57292
57249
57185
57179
57142
57110
57053
56888
56853
56819
56807
56774
56756
56675
56532
56339
56334
56153
56127
55985
55960
55838
55810
55809
55788
55759
55740
55732
55645
55569
55480
55463
55442
55425
55326
55235
55218
55170
55108
55053
55034
55020
55008
54949
54946
54765
54758
54635
54618
54569
54456
54445
54286
54262
54166
54157
53782
53763
53710
53668
53653
53533
53452
53441
53410
53341
53312
53307
53169
53161
53120
53086
53036
53026
52991
52918
52907
52836
52779
52606
52588
52571
52489
52465
52374
52362
52333
52314
52300
52261
52193
52173
52124
52093
52075
52025
51916
51906
51868
51789
51701
51656
51477
51450
51436
51338
51307
51243
51185
51117
51057
51055
51016
51011
50939
50938
50817
50787
50787
50778
50725
50719
50689
50670
50558
50364
50227
50182
50144
50093
50087
50051
49972
49716
49679
49636
49632
49625
49559
49553
49529
49463
49352
49269
49241
49240
49213
49213
49164
49155
49126
49077
49051
48992
48955
48928
48898
48826
48787
48724
48652
48633
48610
48584
48569
48556
48409
48404
48401
48333
48149
48025
47971
47934
47923
47744
47739
47687
47664
47595
47560
47540
47532
47519
47496
47425
47424
47361
47345
47284
47280
47044
47044
47037
46947
46886
46844
46821
46813
46807
46794
46729
46703
46644
46617
46447
46406
46388
46303
46222
46172
46142
46081
46040
46030
45961
45952
45939
45915
45865
45731
45657
45571
45536
45485
45333
45323
45278
45197
45188
45177
45121
45116
45060
45020
44982
44959
44918
44759
44642
44451
44312
44301
44289
44258
44219
44209
44189
44177
44020
44009
43912
43893
43888
43821
43757
43721
43652
43623
43593
43559
43544
43512
43443
43410
43305
43254
43240
43149
43055
42998
42925
42878
42851
42719
42588
42530
42517
42482
42429
42416
42361
42349
42340
42315
42073
41996
41934
41895
41867
41814
41700
41683
41626
41577
41554
41517
41169
41157
41091
41090
40975
40974
40814
40798
40794
40775
40767
40581
40578
40514
40512
40457
40360
40296
40209
40156
40095
40073
40066
40064
40023
39998
39993
39988
39912
39895
39784
39776
39773
39706
39670
39478
39441
39439
39435
39430
39373
39345
39340
39287
39282
39250
39248
39196
39182
39139
39138
39105
39071
39056
39040
39004
38949
38836
38740
38671
38533
38522
38519
38403
38399
38371
38351
38321
38161
38147
38050
38023
37971
37929
37868
37810
37794
37759
37619
37505
37449
37444
37421
37395
37374
37329
37104
37091
37053
37029
37021
36981
36874
36846
36835
36815
36749
36724
36621
36529
36465
36416
36398
36367
36351
36329
36324
36321
36220
36162
36143
36094
36019
35973
35756
35734
35691
35603
35597
35578
35294
35285
35277
35229
35152
35149
35135
35129
35124
35122
35112
35111
35012
34755
34743
34740
34725
34662
34635
34530
34420
34373
34342
34235
34160
34102
34082
34030
34015
33943
33880
33878
33867
33864
33737
33695
33684
33619
33542
33534
33330
33275
33243
33224
33128
33070
33022
32999
32868
32815
32807
32803
32723
32693
32643
32594
32498
32433
32418
32155
32145
31998
31998
31951
31864
31772
31761
31704
31638
31623
31571
31539
31534
31430
31414
31403
31306
31271
31263
31221
31200
31145
31125
31071
31041
30983
30879
30858
30782
30640
30632
30587
30547
30439
30438
30384
30375
30357
30265
30185
30185
30026
29907
29847
29802
29753
29593
29508
29451
29426
29377
29349
29326
29254
29218
29162
29160
29159
29156
29148
29133
29072
29004
28975
28830
28771
28614
28598
28587
28580
28515
28436
28407
28382
28235
28219
28186
28185
28137
28118
28082
28043
27958
27951
27768
27664
27661
27582
27566
27560
27426
27375
27365
27170
27169
27137
27098
27030
27021
27004
26999
26967
26957
26927
26852
26850
26823
26811
26739
26683
26624
26568
26503
26449
26428
26410
26404
26350
26306
26295
26171
26065
26033
26001
25848
25839
25795
25790
25746
25666
25626
25603
25580
25568
25557
25516
25422
25404
25277
25269
25266
25245
25160
25130
25053
25028
24963
24950
24905
24828
24812
24794
24772
24743
24731
24707
24705
24704
24662
24654
24595
24497
24489
24442
24392
24201
24152
24121
24035
23974
23958
23908
23837
23823
23707
23704
23616
23553
23529
23407
23264
23254
23227
23187
23176
23039
23029
22993
22954
22852
22826
22797
22748
22651
22565
22487
22470
22446
22315
22219
22203
22162
22150
21984
21974
21940
21909
21892
21851
21738
21514
21506
21419
21403
21357
21273
21213
21108
21082
21056
21050
21047
21011
20981
20943
20883
20870
20859
20855
20794
20778
20496
20405
20354
20171
20148
20049
19942
19910
19885
19788
19778
19736
19716
19688
19682
19359
19328
19108
19101
19015
18956
18945
18914
18899
18883
18868
18835
18743
18716
18680
18668
18665
18619
18578
18540
18517
18492
18330
18324
18309
18297
18207
18139
18054
18051
18001
17988
17860
17809
17748
17659
17641
17636
17531
17524
17521
17516
17513
17475
17373
17201
17197
17143
17137
17112
16992
16976
16766
16757
16707
16659
16651
16578
16561
16548
16497
16383
16354
16333
16303
16292
16291
16255
16113
15969
15846
15795
15779
15620
15602
15463
15412
15326
15234
15209
15174
15167
15163
15103
14969
14954
14891
14872
14859
14822
14743
14668
14595
14538
14537
14521
14453
14401
14380
14369
14275
14241
14145
14069
14068
13921
13920
13881
13849
13771
13768
13764
13747
13732
13690
13659
13599
13597
13545
13537
13498
13481
13317
13301
13280
13133
13103
13026
12989
12911
12822
12788
12706
12684
12615
12558
12546
12450
12424
12409
12304
12229
12189
12010
11980
11887
11873
11825
11656
11649
11519
11477
11453
11431
11233
11220
11038
10897
10856
10718
10701
10651
10635
10610
10567
10442
10363
10354
10347
10287
10258
10190
10159
10150
10067
9965
9959
9785
9727
9617
9513
9322
9228
9209
9180
9137
9065
9042
8956
8948
8752
8730
8694
8609
8493
8447
8393
8344
8336
8321
8134
8123
8094
8046
7963
7957
7784
7659
7572
7532
7529
7436
7421
7370
7359
7306
7302
7301
7209
7199
7190
7162
7148
7136
6980
6931
6903
6789
6679
6674
6561
6557
6484
6481
6424
6397
6362
6289
6272
6263
6150
6042
6021
6020
5963
5862
5850
5836
5769
5765
5756
5735
5396
5379
5363
5306
5200
5169
5137
5063
4998
4827
4717
4715
4681
4672
4585
4469
4345
4314
4214
4205
4203
4162
4159
4130
4083
3965
3909
3860
3815
3809
3767
3761
3746
3723
3707
3655
3639
3639
3573
3563
3543
3482
3401
3357
3345
3311
3223
3207
3206
3076
3051
3001
2992
2973
2937
2926
2917
2878
2832
2825
2792
2791
2738
2684
2600
2573
2456
2452
2383
2281
2109
2103
2089
2070
2016
1967
1943
1885
1791
1710
1679
1668
1647
1643
1618
1593
1592
1296
1231
1183
1134
1133
1118
1065
1049
1027
1008
900
726
606
505
454
431
427
413
330
323
289
238
155
104
51
