99996
99991
99991
99977
99963
99908
99902
99897
99848
99830
99759
99754
99717
99670
99641
99556
99511
99414
99411
99387
99335
99234
99231
99212
99184
99176
99141
99119
99111
99097
99049
99018
98911
98876
98850
98759
98680
98642
98611
98503
98499
98476
98305
98236
98184
98118
98101
97984
97981
97929
97901
97883
97782
97749
97744
97720
97695
97428
97414
97407
97404
97300
97297
97268
97134
97103
97076
96982
96977
96965
96938
96876
96839
96809
96719
96667
96502
96417
96405
96377
96357
96321
96289
96231
96152
96030
96007
95979
95978
95854
95786
95766
95743
95700
95654
95629
95603
95536
95389
95294
95272
95263
95260
95227
95225
95199
95131
94976
94958
94844
94811
94685
94633
94614
94577
94576
94249
94236
94171
94153
94144
94023
94002
93973
93850
93839
93802
93770
93768
93755
93708
93584
93525
93523
93489
93482
93458
93428
93288
93287
93229
93099
93094
93081
92987
92979
92811
92787
92710
92670
92664
92640
92565
92555
92485
92310
92266
92251
92248
92216
92205
92130
92101
92090
91949
91866
91742
91669
91539
91478
91455
91376
91371
91337
91336
91323
91300
91287
91267
91254
91250
91244
91210
91133
91123
91095
91066
90977
90976
90962
90937
90847
90836
90731
90725
90668
90643
90568
90563
90547
90506
90497
90489
90361
90359
90172
90124
90116
90080
90009
89976
89910
89909
89765
89663
89653
89604
89598
89525
89509
89505
89499
89458
89368
89356
89235
89153
89152
89004
88935
88917
88908
88883
88879
88709
88633
88617
88482
88473
88457
88207
88167
88138
88095
88075
88057
88041
87931
87916
87834
87707
87658
87620
87536
87514
87484
87459
87447
87384
87383
87339
87292
87289
87276
87226
87162
87129
87118
87086
87040
86972
86834
86813
86813
86670
86619
86543
86380
86353
86311
86266
86220
86167
86090
86049
85901
85845
85838
85735
85707
85588
85541
85441
85334
85264
85244
85223
85141
85131
85128
85101
84834
84731
84651
84647
84646
84609
84603
84459
84387
84349
84326
84285
84279
84273
84273
84225
84194
84158
84151
84120
84070
84058
84044
84025
83992
83935
83920
83854
83801
83780
83749
83728
83669
83630
83558
83542
83514
83507
83277
83249
83168
83160
82996
82923
82916
82913
82715
82685
82611
82579
82515
82440
82395
82376
82256
82241
82214
82119
82069
82067
82067
82059
82034
81985
81983
81896
81859
81541
81421
81400
81390
81215
81202
81183
81140
81096
81063
81040
80977
80890
80879
80877
80746
80603
80452
80445
80381
80287
80226
80188
80123
80122
80052
79996
79935
79933
79912
79872
79866
79860
79818
79811
79718
79700
79689
79630
79618
79572
79174
79120
79071
79042
79017
78961
78944
78927
78924
78748
78741
78729
78667
78536
78420
78395
78389
78302
78243
78239
78146
78087
77869
77850
77825
77820
77767
77689
77670
77600
77506
77471
77402
77359
77343
77254
77246
77209
77068
77044
76790
76764
76640
76627
76538
76495
76416
76414
76386
76329
76267
76040
76016
75959
75916
75863
75595
75418
75377
75306
75299
75295
75188
75172
75128
75105
75105
75051
75006
74912
74843
74832
74807
74788
74775
74730
74687
74618
74565
74487
74381
74315
74261
74247
74208
74081
74069
74050
73998
73989
73951
73948
73768
73685
73607
73421
73420
73382
73298
73275
73206
73182
73119
73015
72981
72974
72935
72808
72799
72649
72640
72597
72577
72548
72505
72439
72416
72214
72203
72197
72192
72126
71931
71799
71758
71748
71745
71705
71591
71415
71398
71389
71329
71124
71118
71060
70999
70976
70920
70912
70867
70758
70742
70691
70671
70658
70651
70614
70593
70563
70491
70439
70416
70414
70229
70223
70179
70165
70161
70077
70056
70042
70005
69988
69985
69940
69934
69913
69903
69883
69865
69828
69746
69663
69650
69641
69620
69619
69585
69547
69483
69463
69423
69423
69409
69405
69392
69361
69348
69338
69255
69160
69132
69107
69043
69008
68908
68906
68838
68795
68727
68654
68611
68608
68538
68485
68450
68434
68406
68374
68343
68324
68218
68179
68010
67998
67995
67934
67922
67902
67896
67888
67767
67707
67688
67591
67548
67531
67527
67502
67481
67476
67471
67403
67382
67378
67313
67293
67287
67242
67167
67111
67099
67067
66972
66912
66907
66816
66573
66569
66557
66525
66523
66487
66406
66362
66234
66216
66153
66076
65842
65805
65787
65747
65727
65673
65648
65644
65642
65606
65601
65455
65415
65353
65320
65265
65229
65178
65159
65137
65088
65020
64966
64892
64878
64829
64808
64803
64799
64745
64702
64555
64553
64550
64538
64536
64494
64484
64459
64445
64444
64437
64435
64378
64356
64316
64315
64259
64257
64206
64138
63993
63917
63897
63834
63741
63721
63699
63554
63508
63440
63428
63298
63292
63279
63273
63156
63147
63094
63070
62965
62885
62871
62833
62782
62709
62707
62583
62431
62387
62351
62254
62244
62238
62228
62212
62210
62045
62014
61987
61869
61849
61812
61749
61657
61597
61563
61530
61493
61466
61463
61446
61407
61350
61250
61239
61220
61201
61182
61162
61146
61065
61062
61049
61047
61034
61030
60924
60854
60795
60743
60731
60650
60430
60394
60341
60308
60303
60295
60290
60256
60177
60162
60152
60137
60118
59961
59906
59861
59837
59796
59759
59745
59745
59730
59645
59544
59525
59474
59455
59447
59437
59320
59318
59317
59273
59251
59199
59065
59061
59055
59012
59002
58999
58889
58873
58810
58781
58764
58605
58599
58550
58537
58504
58493
58444
58380
58318
58302
58250
58231
58203
58163
58090
58026
58008
57932
57885
57751
57745
57642
57638
57520
57495
57461
57453
57445
57433
57396
57242
57220
57195
57131
57003
56974
56817
56763
56613
56550
56550
56544
56521
56501
56441
56416
56414
56306
56282
56234
56228
56200
56179
56118
56083
55985
55964
55955
55880
55880
55821
55748
55745
55716
55679
55673
55661
55617
55613
55513
55460
55431
55395
55308
55278
55166
55150
55100
55023
55013
54993
54990
54895
54878
54837
54819
54813
54704
54691
54641
54614
54585
54419
54414
54317
54272
54205
54034
53973
53950
53847
53714
53694
53636
53632
53632
53582
53475
53449
53356
53283
53272
53260
53258
53246
53205
53194
53174
53167
53074
53062
53031
52968
52965
52956
52907
52897
52873
52868
52837
52671
52658
52629
52629
52587
52528
52525
52461
52441
52429
52424
52303
52275
52251
52242
52163
52125
51951
51733
51700
51565
51486
51481
51391
51331
51217
51191
51163
51018
51008
51005
51001
51000
50890
50850
50814
50776
50727
50615
50557
50547
50492
50460
50385
50382
50340
50329
50242
50188
50181
50146
50142
50140
50102
49983
49959
49958
49858
49848
49843
49807
49762
49744
49739
49569
49558
49536
49498
49493
49478
49299
49215
49145
49105
49091
48938
48901
48723
48676
48673
48606
48533
48409
48389
48298
48271
48163
48070
47926
47836
47785
47783
47761
47700
47664
47529
47397
47380
47375
47331
47112
47061
47031
47004
46953
46863
46854
46826
46812
46783
46751
46746
46658
46576
46512
46478
46459
46437
46363
46363
46344
46266
46248
46244
46176
46095
46008
45996
45979
45977
45949
45821
45672
45666
45608
45549
45460
45402
45397
45385
45356
45254
45203
45183
45170
45159
45139
45128
45122
45037
44927
44877
44822
44761
44758
44700
44696
44694
44583
44409
44369
44363
44340
44267
44235
44135
44117
44103
44019
43945
43900
43854
43831
43803
43760
43747
43734
43670
43587
43509
43436
43385
43361
43220
43160
43129
43117
43020
43000
42965
42962
42938
42926
42883
42802
42787
42729
42713
42647
42561
42552
42477
42403
42393
42316
42290
42246
42193
42186
42182
42148
42119
42058
41996
41989
41988
41933
41877
41877
41854
41808
41774
41755
41680
41581
41543
41488
41410
41336
41333
41326
41216
41215
41193
41139
41116
41098
40957
40886
40870
40867
40763
40653
40652
40630
40475
40404
40391
40292
40162
40084
39966
39922
39845
39808
39719
39670
39560
39431
39418
39265
39232
39144
39129
39099
39054
39009
38986
38822
38724
38602
38591
38590
38448
38282
38274
38264
38236
38151
38113
38101
38012
37944
37694
37640
37638
37634
37628
37546
37530
37517
37480
37220
37138
37097
37020
36945
36905
36855
36825
36787
36785
36774
36726
36715
36688
36685
36629
36583
36568
36546
36504
36344
36343
36272
36265
36254
36200
36181
36162
36143
36102
36096
36060
36053
36037
36008
36004
35843
35732
35698
35658
35651
35639
35633
35582
35579
35557
35538
35532
35503
35488
35356
35343
35316
35167
35150
35118
35117
35064
35040
35039
34934
34921
34807
34777
34719
34678
34656
34655
34501
34427
34304
34185
34182
34166
34121
34091
34081
33991
33916
33869
33711
33641
33636
33617
33555
33416
33336
33331
33321
33281
33233
33231
33104
33091
33015
32927
32912
32846
32817
32815
32812
32743
32732
32575
32543
32534
32518
32492
32420
32392
32356
32244
32199
32197
32159
32073
32065
32044
32023
31981
31891
31657
31575
31552
31539
31527
31424
31416
31347
31246
31227
31219
31189
31167
31160
31150
31095
31078
31053
31009
30945
30882
30710
30693
30685
30657
30320
30290
30192
30168
30120
30116
30095
30056
29940
29893
29870
29849
29805
29790
29763
29691
29678
29663
29579
29570
29520
29507
29484
29422
29276
29231
29197
29151
29058
29010
28994
28994
28915
28889
28845
28789
28780
28778
28709
28573
28474
28439
28373
28134
28112
28057
28001
27964
27940
27846
27771
27559
27529
27527
27484
27370
27310
27268
27200
27180
27119
27101
27024
26985
26967
26875
26775
26739
26640
26635
26493
26462
26280
26248
26225
26090
26078
26005
25930
25919
25915
25810
25808
25740
25664
25628
25621
25557
25466
25334
25317
25302
25291
25245
25222
25147
25146
24959
24815
24815
24799
24769
24685
24677
24644
24635
24589
24431
24419
24415
24410
24026
23998
23986
23981
23908
23844
23843
23824
23798
23719
23689
23573
23566
23504
23445
23300
23298
23285
23273
23251
23230
23175
23160
23117
23072
22994
22959
22733
22719
22710
22574
22512
22329
22320
22273
22111
22100
21949
21939
21911
21900
21853
21796
21692
21679
21670
21597
21521
21494
21396
21379
21239
21053
21024
20948
20736
20675
20670
20646
20607
20598
20555
20545
20536
20502
20455
20413
20287
20206
20147
20115
20061
20048
19992
19974
19935
19883
19746
19727
19564
19553
19528
19497
19442
19333
19331
19322
19291
19283
19257
19233
19169
19153
19144
19125
19101
19093
19001
18891
18787
18781
18768
18764
18704
18675
18632
18616
18600
18583
18531
18519
18429
18378
18320
18317
18245
17962
17961
17955
17954
17933
17907
17904
17646
17555
17528
17522
17500
17417
17415
17410
17403
17389
17328
17173
17162
17159
17116
17103
17045
17040
17026
16965
16857
16806
16793
16747
16745
16744
16691
16648
16607
16602
16566
16550
16549
16506
16484
16359
16164
16157
16114
16025
16005
15970
15942
15889
15818
15811
15806
15761
15759
15750
15734
15648
15634
15576
15543
15536
15531
15515
15394
15379
15204
15179
15130
14977
14975
14929
14885
14840
14826
14824
14799
14719
14676
14599
14587
14565
14435
14402
14337
14279
14258
14105
14007
13920
13878
13836
13822
13793
13734
13726
13725
13677
13620
13539
13339
13248
13224
13099
13098
13059
13002
12986
12966
12957
12884
12829
12824
12785
12767
12765
12702
12647
12645
12570
12552
12543
12515
12453
12441
12391
12385
12137
12114
12113
12102
12089
12082
12075
12031
11912
11847
11813
11687
11621
11530
11511
11479
11463
11400
11375
11287
11215
11171
11169
11134
11075
11064
11034
11025
11023
10910
10896
10840
10833
10795
10785
10775
10746
10683
10635
10589
10570
10521
10490
10490
10478
10477
10471
10410
10394
10309
10221
10211
10204
10193
10072
9968
9953
9898
9750
9680
9639
9618
9494
9470
9437
9421
9293
9292
9244
9133
9110
9065
9016
8962
8785
8742
8603
8560
8549
8410
8373
8326
8299
8266
8239
8202
8117
8042
7912
7882
7737
7713
7686
7585
7571
7560
7529
7496
7483
7445
7309
7296
7247
7100
7097
7022
6994
6898
6827
6738
6600
6568
6516
6506
6411
6404
6381
6380
6378
6376
6321
6314
6262
6222
6048
6045
6033
6032
5984
5912
5898
5785
5772
5646
5583
5569
5483
5420
5383
5373
5265
5223
5174
5130
4978
4949
4944
4938
4892
4709
4697
4547
4494
4489
4458
4333
4320
4264
4102
4072
4068
4054
4023
3833
3831
3790
3720
3639
3507
3441
3385
3228
3221
3177
3169
3125
3106
3062
3031
2887
2806
2802
2692
2672
2583
2575
2541
2429
2358
2282
2257
2199
2184
2179
2160
2089
2055
2042
2040
1967
1884
1805
1792
1638
1616
1575
1496
1401
1385
1374
1281
1273
1135
1076
1065
1065
928
780
761
727
696
616
615
585
567
536
527
437
423
373
321
253
206
191
175
161
120
53
10
