99915
99839
99838
99696
99646
99637
99614
99606
99548
99457
99426
99407
99299
99204
99163
99080
99062
99027
99017
98999
98980
98970
98920
98878
98800
98742
98682
98555
98546
98495
98470
98400
98378
98367
98225
98125
97934
97846
97789
97748
97738
97733
97652
97646
97518
97496
97453
97452
97344
97237
97043
97041
97010
96954
96930
96784
96634
96617
96610
96604
96563
96558
96462
96422
96345
96340
96340
96288
96262
96249
96234
96193
96175
96125
96021
95833
95725
95699
95570
95527
95511
95473
95470
95445
95441
95374
95348
95313
95310
95241
95231
95183
95143
95071
95014
94948
94909
94906
94863
94858
94835
94675
94609
94606
94584
94568
94520
94474
94444
94403
94362
94354
94268
94211
94193
94142
94127
93750
93746
93637
93624
93515
93484
93448
93412
93381
93340
93249
93210
93141
93098
93014
92994
92979
92803
92788
92733
92674
92646
92632
92506
92462
92323
92319
92240
92082
92045
91995
91987
91897
91841
91667
91582
91570
91536
91430
91413
91377
91332
91306
91219
91183
91148
91116
91101
91091
91061
90956
90832
90781
90707
90635
90597
90542
90530
90520
90517
90504
90501
90424
90406
90331
90283
90195
90181
90093
89893
89802
89773
89738
89737
89685
89683
89668
89649
89628
89608
89414
89389
89358
89320
89316
89263
89202
89125
88888
88877
88754
88731
88686
88674
88667
88664
88593
88572
88549
88543
88367
88341
88176
88132
88100
87914
87901
87869
87797
87772
87743
87710
87686
87685
87656
87629
87617
87516
87496
87490
87358
87305
87259
87174
87173
87165
87158
87028
86971
86962
86949
86932
86898
86799
86794
86776
86772
86732
86724
86639
86545
86530
86449
86442
86410
86357
86323
86254
86128
86026
86010
85993
85910
85883
85801
85748
85714
85713
85711
85661
85648
85643
85541
85533
85503
85430
85363
85224
85205
85159
85151
85100
85023
84852
84838
84702
84684
84605
84585
84580
84542
84525
84473
84459
84458
84343
84312
84277
84242
84156
83956
83927
83908
83904
83717
83662
83661
83620
83567
83524
83495
83479
83366
83351
83328
83266
83205
83168
83155
83108
83050
83013
82987
82871
82732
82720
82703
82646
82506
82484
82484
82442
82408
82404
82385
82357
82124
82047
82041
81950
81839
81829
81829
81804
81764
81688
81687
81632
81630
81593
81583
81555
81545
81500
81486
81463
81429
81391
80887
80784
80726
80612
80537
80457
80359
80319
80281
80274
80259
80259
80076
80037
79983
79972
79957
79921
79893
79892
79875
79855
79713
79707
79696
79685
79642
79642
79634
79624
79616
79566
79524
79443
79338
79257
79237
79183
79165
79158
79149
79126
79125
79113
79108
79080
79059
79006
78932
78893
78867
78847
78807
78727
78622
78596
78588
78516
78456
78325
78312
78269
78249
78227
78216
78188
78170
78109
78107
78070
78057
78036
78020
77969
77954
77827
77803
77641
77571
77540
77456
77430
77332
77207
77206
77151
77072
77064
77028
76903
76863
76763
76741
76709
76698
76687
76670
76643
76536
76470
76439
76429
76390
76255
76243
76241
76181
76176
76119
76115
76082
76054
75910
75837
75704
75672
75661
75649
75634
75628
75579
75531
75472
75403
75312
75296
75279
75239
75229
75212
75157
75120
75114
75094
75004
75001
74967
74807
74772
74629
74529
74519
74484
74473
74471
74396
74342
74316
74259
74249
74248
74114
74102
74087
74015
73964
73900
73811
73750
73740
73717
73705
73686
73678
73610
73565
73560
73540
73450
73444
73318
73295
73265
73241
73201
73193
73117
73051
72865
72844
72844
72810
72647
72641
72610
72609
72596
72587
72569
72439
72308
72293
72277
72254
72078
72075
72066
72041
71934
71932
71778
71770
71720
71668
71595
71330
71320
71241
71234
71232
71219
71154
71144
71054
71054
70948
70947
70877
70825
70767
70654
70572
70483
70431
70414
70401
70374
70373
70372
70180
70141
70078
69990
69880
69848
69804
69777
69696
69552
69493
69455
69335
69333
69311
69278
69258
69204
69101
69100
69042
69009
68947
68876
68843
68717
68704
68570
68522
68452
68388
68377
68234
68141
67981
67926
67899
67865
67838
67774
67770
67753
67745
67742
67703
67648
67590
67420
67404
67223
67166
67011
66973
66925
66861
66834
66768
66748
66714
66674
66519
66418
66296
66198
65975
65916
65896
65786
65747
65721
65649
65625
65571
65453
65442
65427
65345
65276
65259
65185
65182
65168
65155
65033
65026
64979
64962
64924
64917
64871
64816
64764
64624
64524
64498
64461
64439
64423
64403
64299
64253
64222
64213
64142
63991
63840
63814
63737
63710
63595
63587
63563
63365
63356
63353
63342
63332
63320
63313
63113
63075
62931
62880
62725
62571
62549
62514
62470
62404
62398
62373
62362
62249
62231
62194
62116
62075
61836
61798
61733
61599
61584
61571
61519
61502
61496
61491
61457
61404
61378
61302
61263
61241
61222
61118
61118
61077
61065
61032
60781
60774
60706
60624
60479
60474
60433
60369
60346
60335
60301
60081
60062
59971
59952
59870
59849
59634
59613
59562
59549
59529
59371
59337
59204
59183
59162
59155
59103
58941
58849
58846
58843
58785
58603
58592
58542
58502
58437
58320
58232
58217
58152
58096
58078
57971
57864
57819
57782
57779
57744
57715
57618
57415
57373
57350
57313
57293
57004
56865
56844
56815
56744
56735
56652
56452
56444
56428
56403
56328
56327
56324
56294
56283
56256
56252
56244
56193
56169
56071
55770
55672
55635
55457
55324
55315
55297
55247
55174
55168
55050
55023
55009
54904
54901
54838
54743
54736
54728
54701
54681
54524
54380
54306
54305
54301
54260
54154
53983
53947
53897
53858
53856
53856
53794
53738
53531
53528
53520
53468
53452
53424
53416
53370
53351
53322
53192
53148
52976
52942
52907
52865
52862
52850
52831
52766
52759
52723
52698
52621
52581
52544
52512
52433
52305
52203
52169
52137
51997
51953
51949
51939
51928
51923
51886
51832
51790
51724
51724
51681
51545
51472
51387
51345
51339
51243
51212
51189
51135
51105
50981
50949
50679
50630
50615
50560
50556
50504
50430
50417
50392
50365
50344
50306
50279
50164
50140
50119
49717
49699
49685
49683
49636
49615
49606
49569
49519
49478
49430
49178
49115
49016
48980
48965
48919
48821
48765
48689
48686
48679
48618
48605
48552
48484
48480
48452
48407
48342
48337
48299
48233
48172
48134
48091
48091
48082
47950
47937
47861
47757
47671
47493
47407
47388
47343
47306
47299
47160
47117
47101
47031
47007
46950
46912
46745
46709
46697
46684
46603
46580
46505
46462
46432
46336
46322
46305
46266
46220
46211
46195
46123
46122
46017
45944
45928
45924
45915
45889
45816
45816
45677
45659
45659
45634
45621
45599
45488
45449
45428
45419
45344
45335
45323
45312
45285
45265
45238
45187
45185
45151
45135
45120
45103
45060
45002
44960
44943
44938
44888
44813
44754
44745
44736
44658
44611
44525
44405
44403
44398
44253
44238
44217
43970
43964
43956
43945
43706
43694
43674
43589
43527
43521
43495
43473
43423
43406
43358
43338
43274
43207
43161
43129
43041
43023
43012
42958
42866
42837
42756
42523
42506
42398
42322
42318
42259
42259
42235
42175
42157
42024
41947
41937
41855
41794
41784
41752
41727
41657
41634
41596
41504
41495
41483
41464
41408
41257
41155
40952
40933
40886
40876
40868
40831
40663
40593
40544
40516
40512
40410
40409
40386
40374
40327
40235
40193
40099
40057
40051
40039
39984
39949
39858
39822
39819
39737
39699
39692
39653
39624
39578
39474
39446
39407
39373
39355
39305
39288
39211
39193
39079
38999
38980
38946
38934
38866
38754
38731
38646
38632
38548
38525
38469
38441
38322
38297
38166
38040
38036
38031
37949
37935
37888
37830
37796
37786
37759
37756
37663
37642
37623
37571
37561
37533
37477
37476
37277
37272
37208
37166
37139
37123
37063
37003
36973
36914
36789
36721
36665
36641
36612
36596
36566
36486
36359
36323
36244
36225
36087
35951
35926
35889
35838
35805
35782
35750
35733
35710
35505
35505
35367
35365
35303
35277
35274
35175
35124
35123
35087
35069
35048
34996
34979
34976
34957
34910
34871
34832
34803
34678
34658
34613
34571
34559
34489
34467
34453
34410
34362
34348
34302
34288
34209
34118
34051
34043
33986
33889
33869
33814
33750
33727
33596
33555
33536
33530
33494
33407
33366
33166
33113
33072
33054
32991
32990
32944
32916
32887
32719
32718
32657
32602
32585
32480
32475
32460
32450
32419
32375
32267
32260
32250
32220
32173
32159
32002
31996
31961
31864
31737
31733
31700
31682
31600
31590
31568
31485
31429
31363
31151
31131
31068
31059
31050
31043
31034
30997
30977
30875
30847
30660
30658
30639
30622
30583
30574
30564
30552
30545
30473
30403
30394
30391
30373
30330
30317
30256
30052
30028
30008
29851
29700
29656
29619
29615
29612
29552
29542
29478
29455
29424
29417
29314
29238
29214
29203
29201
29075
29043
29037
28956
28803
28780
28493
28396
28376
28353
28284
28189
28171
28064
28023
27976
27764
27727
27721
27658
27613
27568
27538
27495
27460
27332
27315
27246
27148
27145
27098
27096
27089
27062
27001
26975
26974
26930
26893
26818
26772
26725
26620
26576
26494
26475
26401
26300
26273
26213
26195
26076
26070
26061
26057
26026
26006
26003
25980
25975
25939
25938
25923
25882
25764
25661
25637
25580
25513
25459
25435
25378
25377
25303
25284
25279
25243
25241
25148
25071
25031
24974
24840
24653
24531
24468
24457
24446
24443
24433
24413
24394
24362
24320
24294
24245
24241
24224
24104
24092
24023
24006
23994
23962
23862
23846
23834
23769
23754
23665
23652
23571
23545
23524
23471
23456
23388
23382
23352
23327
23325
23299
23232
23152
23047
23020
22989
22988
22982
22918
22910
22902
22798
22737
22686
22657
22507
22484
22430
22408
22314
22274
22215
22210
22114
22071
21993
21950
21879
21871
21860
21846
21785
21756
21649
21562
21447
21431
21424
21341
21328
21244
21096
21089
21028
21020
21015
21014
20969
20967
20875
20842
20813
20786
20735
20713
20712
20691
20691
20668
20542
20496
20457
20407
20384
20367
20316
20153
20145
20114
20083
20066
19950
19899
19894
19764
19717
19613
19574
19553
19450
19316
19265
19243
19195
19124
19104
19091
18953
18915
18895
18856
18802
18793
18791
18788
18774
18729
18683
18679
18664
18648
18580
18529
18395
18248
18214
18184
18166
18131
18104
18083
18061
17934
17776
17736
17644
17609
17586
17582
17564
17540
17507
17473
17463
17450
17381
17275
17269
17241
17219
17087
17081
17071
17006
17004
17001
16991
16987
16971
16943
16892
16880
16785
16773
16693
16665
16643
16628
16565
16504
16454
16383
16371
16289
16280
16199
16199
16145
16123
16118
16099
16055
16037
16035
15982
15964
15855
15768
15745
15679
15641
15597
15542
15477
15405
15400
15286
15176
15131
15084
15045
15025
15025
15000
14965
14943
14855
14819
14787
14773
14772
14765
14747
14719
14657
14619
14589
14534
14533
14515
14493
14275
14222
14129
14023
14014
13984
13869
13744
13672
13647
13615
13589
13541
13533
13474
13458
13442
13226
13216
13154
13054
12958
12956
12903
12865
12841
12829
12828
12568
12495
12461
12430
12345
12321
12299
12286
12256
12173
12111
12080
12070
12062
12036
12030
11997
11989
11944
11931
11857
11803
11757
11680
11421
11371
11292
11284
11282
11222
11213
11095
11045
11042
10996
10970
10926
10876
10785
10769
10753
10746
10730
10710
10690
10653
10644
10587
10569
10512
10495
10473
10420
10349
10281
10274
10268
10171
10069
9993
9990
9874
9870
9847
9778
9777
9688
9640
9588
9580
9559
9554
9490
9456
9400
9387
9300
9161
9113
9091
8952
8897
8708
8688
8581
8398
8388
8359
8357
8239
8230
8230
8126
8095
8087
8086
8053
8019
7979
7937
7865
7852
7842
7498
7492
7473
7442
7418
7386
7368
7269
7253
7059
7059
7009
7002
6989
6967
6901
6862
6842
6821
6726
6681
6620
6595
6578
6551
6530
6523
6517
6436
6413
6371
6341
6313
6296
6257
6254
6248
6244
6189
6152
6143
6048
6043
6011
5957
5775
5746
5713
5707
5664
5578
5506
5470
5461
5319
5211
5112
5003
5001
4886
4870
4825
4815
4810
4748
4729
4711
4679
4649
4638
4609
4313
4286
4282
4266
4213
4183
4064
4061
4041
3861
3847
3742
3714
3529
3476
3471
3435
3274
3251
3249
3163
3141
3135
3127
3118
3092
3057
3020
2964
2916
2901
2865
2856
2825
2793
2791
2751
2702
2586
2563
2484
2479
2473
2450
2449
2441
2302
2198
2171
2141
2098
2050
2049
1964
1936
1933
1912
1799
1778
1758
1744
1743
1742
1642
1586
1582
1527
1499
1412
1369
1352
1332
1323
1257
1182
1153
1113
1056
1043
1010
897
825
818
759
677
627
605
556
543
541
500
473
433
361
310
289
274
265
241
232
209
155
124
115
49
22
9
