99850
99759
99683
99668
99576
99523
99496
99495
99454
99389
99376
99350
99347
99341
99331
99249
99241
99229
99205
99149
99119
99082
99010
98937
98831
98773
98772
98659
98599
98572
98572
98563
98553
98388
98367
98349
98309
98304
98279
98279
98203
98199
98172
98105
98071
98071
98058
97958
97890
97886
97812
97773
97666
97625
97546
97502
97495
97366
97224
97175
97165
97110
97006
96882
96847
96842
96797
96797
96670
96583
96487
96370
96358
96335
96268
96257
96162
96090
96070
96010
95941
95936
95927
95882
95727
95713
95641
95594
95590
95493
95469
95469
95414
95402
95399
95383
95377
95344
95336
95285
95240
95209
95104
95055
94889
94831
94804
94763
94720
94693
94665
94568
94558
94536
94534
94415
94334
94327
94321
94282
94282
94265
94223
94186
94129
94114
94060
93997
93877
93845
93631
93586
93533
93402
93282
93255
93217
93206
93186
93135
93082
93049
92932
92912
92783
92719
92685
92615
92615
92445
92347
92338
92259
92129
92124
92111
92098
92000
91979
91977
91917
91785
91521
91403
91343
91275
91273
91273
91181
91061
91036
91024
91001
90975
90948
90947
90888
90722
90716
90715
90688
90687
90596
90520
90516
90473
90456
90404
90344
90292
90206
90206
90168
90129
90114
90106
90062
90037
89975
89929
89882
89825
89754
89738
89636
89592
89576
89534
89521
89513
89484
89466
89466
89449
89402
89378
89343
89312
89305
89212
89123
89118
89066
89051
89047
88968
88961
88950
88729
88692
88677
88664
88647
88536
88385
88325
88308
88180
88162
88045
88034
88000
87985
87964
87932
87895
87840
87793
87725
87663
87661
87639
87612
87602
87586
87552
87549
87407
87279
87207
87201
87172
87128
86958
86932
86911
86828
86791
86791
86713
86712
86598
86514
86461
86355
86315
86305
86258
86234
86160
86114
86058
86024
85956
85898
85886
85863
85806
85736
85717
85672
85585
85567
85492
85263
85199
85095
85046
85031
84969
84956
84952
84887
84884
84871
84813
84813
84805
84674
84656
84635
84606
84601
84442
84346
84327
84324
84288
84234
84152
84077
84076
84045
83948
83839
83818
83757
83755
83724
83684
83592
83576
83530
83495
83472
83461
83444
83434
83384
83272
83239
83205
83176
83163
83062
83043
82984
82926
82894
82881
82850
82812
82810
82758
82695
82660
82653
82518
82490
82485
82465
82441
82415
82352
82325
82281
82141
82001
81970
81968
81951
81917
81885
81885
81752
81734
81722
81706
81393
81344
81232
81072
80978
80916
80909
80692
80636
80481
80410
80368
80357
80318
80270
80262
80247
80172
80059
80005
79983
79903
79882
79769
79753
79666
79638
79635
79630
79623
79603
79514
79491
79490
79474
79336
79302
79290
79273
79165
79106
79091
79085
79069
79068
79049
79026
79016
78991
78889
78812
78791
78721
78647
78575
78554
78541
78463
78237
78234
78229
78215
78156
78154
77826
77708
77651
77580
77541
77536
77534
77486
77460
77383
77338
77318
77265
77178
77113
76959
76897
76863
76801
76742
76732
76719
76698
76563
76562
76528
76509
76493
76350
76339
76325
76324
76257
76230
76215
76205
76194
76170
75990
75796
75782
75703
75641
75631
75562
75422
75412
75376
75372
75362
75312
75282
75280
75277
75265
75243
75212
75172
75141
75029
74987
74927
74866
74849
74841
74822
74758
74753
74718
74715
74689
74647
74551
74536
74426
74367
74352
74335
74262
74164
74115
74094
73912
73848
73811
73778
73752
73730
73715
73634
73572
73485
73443
73324
73293
73224
73212
73205
73174
73066
73030
72971
72965
72931
72919
72899
72891
72887
72800
72775
72498
72436
72411
72377
72296
72159
72151
72095
72081
72010
71950
71949
71848
71797
71724
71719
71702
71589
71537
71533
71461
71410
71219
71009
70981
70821
70654
70644
70623
70582
70553
70532
70423
70299
70174
70158
70149
70111
70100
70062
69967
69817
69787
69604
69527
69435
69406
69346
69344
69334
69290
69235
69222
69185
69171
69147
69106
69063
69035
69013
69010
68978
68937
68869
68845
68838
68826
68826
68808
68762
68708
68666
68575
68569
68539
68538
68530
68383
68368
68336
68303
68279
68236
68232
68232
68201
68197
68181
68122
68069
68051
67997
67980
67901
67873
67826
67803
67638
67572
67570
67541
67541
67361
67246
67235
67125
67123
67083
67008
66945
66873
66847
66799
66797
66792
66733
66715
66699
66636
66529
66493
66488
66483
66372
66358
66270
66233
66188
66159
66144
66134
66112
66105
66060
66051
65981
65959
65930
65892
65848
65828
65822
65758
65603
65540
65529
65479
65451
65420
65402
65374
65225
65199
65184
65113
65112
65034
64991
64871
64839
64822
64788
64753
64746
64742
64651
64640
64638
64631
64606
64589
64523
64403
64381
64331
64287
64228
64158
64131
64077
64051
63781
63742
63737
63700
63673
63636
63563
63544
63467
63459
63409
63399
63370
63303
63284
63273
63270
62924
62909
62870
62793
62791
62764
62704
62695
62652
62626
62601
62554
62496
62452
62450
62433
62426
62417
62402
62323
62251
62199
62136
61991
61991
61983
61862
61836
61821
61802
61773
61772
61694
61655
61448
61443
61418
61412
61366
61345
61245
61093
61091
61059
60881
60852
60831
60804
60668
60588
60544
60539
60450
60356
60273
60165
60123
60044
59959
59886
59865
59735
59735
59714
59710
59684
59617
59609
59603
59579
59529
59465
59418
59377
59319
59308
59293
59290
59259
59250
59234
59232
59165
59068
59006
58858
58837
58829
58777
58695
58638
58573
58535
58385
58301
58245
58240
58138
58072
57864
57860
57836
57638
57628
57620
57592
57555
57520
57492
57477
57433
57432
57416
57394
57242
57215
57181
57149
57034
57013
57005
56949
56861
56656
56621
56604
56579
56439
56369
56339
56288
56080
56076
56009
55990
55989
55967
55935
55906
55815
55789
55787
55715
55637
55467
55418
55342
55268
55171
55158
55059
55014
55010
54948
54922
54875
54860
54851
54655
54587
54532
54316
54307
54301
54275
54238
54230
54219
54112
54087
54080
53996
53975
53963
53927
53774
53758
53613
53610
53566
53473
53467
53451
53439
53386
53356
53333
53298
53296
53294
53165
53141
53063
52951
52943
52933
52751
52721
52694
52677
52601
52228
52221
52189
52183
52153
52074
52058
51999
51987
51938
51789
51787
51647
51610
51496
51465
51458
51398
51388
51316
51262
51214
51146
51104
50963
50904
50803
50767
50762
50703
50677
50531
50520
50482
50442
50191
50171
50154
50116
50113
50003
49975
49947
49878
49863
49851
49602
49552
49524
49486
49447
49409
49376
49360
49301
49226
49224
49222
49153
48977
48935
48902
48866
48856
48730
48569
48528
48498
48451
48433
48405
48387
48377
48375
48332
48202
48161
48125
48101
48080
47983
47902
47898
47767
47751
47751
47711
47641
47573
47447
47417
47375
47249
47146
47119
47115
47101
47084
47075
47062
46970
46743
46739
46716
46601
46593
46585
46561
46424
46320
46278
46259
46257
46217
46160
46083
45904
45883
45801
45749
45745
45641
45609
45589
45544
45542
45531
45507
45294
45279
45264
45135
45130
45039
44967
44891
44865
44725
44653
44565
44559
44491
44463
44451
44447
44413
44404
44370
44354
44238
44086
44053
44026
43958
43935
43909
43777
43769
43742
43703
43598
43567
43562
43453
43437
43417
43395
43269
43223
43175
43140
43118
43029
43022
43017
42929
42875
42854
42850
42774
42762
42760
42713
42704
42652
42640
42636
42568
42551
42482
42406
42145
42127
42008
41997
41802
41800
41711
41484
41475
41313
41301
41296
41277
41271
41204
41161
41146
41128
40988
40923
40799
40719
40716
40661
40654
40586
40579
40561
40528
40483
40107
40107
40009
39920
39824
39764
39731
39674
39535
39457
39401
39341
39332
38936
38927
38924
38869
38780
38653
38500
38396
38377
38283
38259
38239
38226
38146
38131
38019
37994
37945
37935
37882
37862
37777
37745
37720
37646
37635
37628
37607
37601
37525
37357
37356
37263
37240
37236
37218
37144
37129
37071
37065
37050
37027
36892
36847
36834
36790
36779
36684
36642
36635
36608
36548
36523
36517
36498
36464
36435
36398
36386
36378
36375
36344
36288
36257
36238
36236
36145
36075
36053
35951
35854
35851
35757
35730
35727
35683
35501
35484
35419
35391
35381
35365
35340
35200
35136
35099
35042
35026
34989
34931
34814
34812
34809
34799
34743
34723
34685
34607
34519
34439
34419
34364
34328
34325
34306
34258
34251
34217
34189
34187
34169
34166
34150
34099
34095
34063
34060
33986
33969
33941
33936
33842
33787
33734
33726
33698
33694
33678
33671
33655
33577
33568
33545
33465
33460
33200
33115
33055
33044
33033
32806
32786
32741
32693
32558
32482
32399
32351
32288
32228
32200
32150
32120
32119
32071
31921
31871
31781
31737
31675
31598
31587
31514
31503
31401
31368
31346
31322
31245
31229
31105
31077
31010
31004
30872
30809
30772
30764
30758
30490
30452
30329
30272
30215
30215
30191
30112
30105
30031
29842
29766
29668
29641
29638
29623
29532
29526
29524
29505
29391
29385
29331
29249
29126
29100
29023
28965
28956
28895
28789
28786
28748
28727
28704
28683
28594
28534
28505
28500
28492
28436
28417
28349
28262
28261
28237
28234
28231
28063
27971
27886
27800
27745
27730
27489
27269
27235
27219
26945
26909
26849
26787
26770
26759
26720
26696
26694
26608
26573
26563
26500
26491
26475
26467
26431
26396
26378
26299
26238
26219
26217
26211
26187
26040
25986
25897
25855
25799
25751
25633
25549
25499
25493
25384
25365
25359
25283
25219
25088
25070
25058
25033
24980
24976
24857
24833
24770
24736
24677
24552
24519
24455
24377
24323
24313
24283
24269
24115
24055
24018
23945
23806
23754
23660
23625
23618
23545
23535
23502
23461
23455
23381
23375
23369
23280
23270
23123
23116
23041
22956
22942
22862
22778
22682
22672
22573
22485
22398
22347
22222
22216
22208
22188
22177
22107
22036
21970
21880
21798
21771
21763
21750
21739
21725
21661
21634
21602
21594
21489
21473
21469
21464
21447
21429
21427
21407
21301
21270
21243
21181
21080
21058
20928
20786
20771
20741
20708
20600
20578
20514
20511
20459
20240
20224
20218
20196
20096
20039
19995
19975
19969
19961
19925
19902
19833
19816
19791
19763
19733
19694
19675
19558
19524
19442
19425
19334
19322
19312
19302
19238
19215
19154
19082
19063
19053
19021
18929
18874
18869
18835
18826
18803
18788
18715
18551
18546
18537
18536
18445
18414
18385
18297
18285
18258
18199
18099
18056
18007
17984
17894
17894
17887
17845
17837
17789
17743
17667
17482
17372
17313
17258
17242
17200
16977
16934
16859
16856
16808
16800
16777
16744
16631
16579
16469
16391
16357
16321
16289
16243
16223
16134
16095
16089
16088
15997
15981
15934
15883
15770
15704
15702
15653
15553
15527
15437
15411
15296
15290
15279
15218
15196
15187
15115
15112
15048
14986
14983
14938
14911
14898
14892
14815
14735
14666
14581
14579
14571
14570
14544
14436
14380
14254
14238
14156
14148
14137
14103
14102
13977
13963
13851
13802
13545
13532
13517
13489
13486
13475
13438
13437
13397
13368
13354
13276
13272
13221
13198
13193
13137
13129
13111
13082
13032
13024
12938
12902
12862
12814
12805
12804
12766
12724
12719
12710
12695
12644
12643
12612
12527
12478
12458
12392
12210
12139
12131
12066
12042
12018
11965
11958
11870
11861
11852
11839
11837
11815
11789
11756
11752
11576
11573
11547
11490
11429
11429
11408
11353
11237
11224
11215
11152
11050
10868
10855
10824
10814
10773
10651
10641
10586
10510
10494
10478
10459
10378
10377
10349
10232
10156
10122
10121
10082
10065
10063
9999
9978
9962
9944
9777
9555
9478
9430
9404
9249
9232
9092
9070
9053
9050
9026
8984
8977
8892
8872
8859
8842
8716
8665
8660
8636
8623
8550
8533
8483
8421
8367
8349
8343
8221
8196
8083
8062
8043
8000
7970
7970
7829
7792
7739
7646
7631
7623
7599
7597
7594
7563
7505
7365
7322
7220
7186
7181
7135
7054
6994
6982
6924
6873
6842
6738
6725
6678
6664
6645
6601
6588
6516
6497
6492
6483
6433
6404
6245
6232
6219
6207
6170
6003
5876
5832
5774
5763
5727
5725
5673
5589
5543
5391
5373
5373
5352
5332
5257
5224
5177
5162
5001
4937
4813
4778
4754
4650
4454
4426
4413
4310
4267
4211
4179
4159
4143
4068
4050
3949
3935
3849
3847
3832
3824
3805
3792
3782
3753
3745
3727
3580
3568
3373
3362
3332
3313
3304
3260
3196
3119
3118
3047
3006
2951
2951
2933
2810
2789
2750
2749
2739
2720
2544
2542
2535
2464
2462
2451
2335
2248
2134
2096
2085
2034
2032
2026
1901
1853
1727
1648
1605
1605
1567
1521
1486
1413
1384
1311
1241
1234
1231
1114
1058
1017
958
954
930
923
867
838
824
787
693
664
630
554
543
459
457
455
403
367
270
241
190
139
110
109
75
70
