99982
99920
99854
99822
99821
99801
99752
99698
99625
99562
99528
99446
99415
99394
99371
99331
99298
99281
99231
98969
98953
98895
98836
98780
98693
98634
98632
98615
98526
98495
98483
98466
98427
98420
98386
98383
98373
98340
98329
98326
98324
98310
98282
98235
98180
98157
98149
98145
98130
98088
98017
98008
97981
97953
97827
97763
97628
97565
97546
97507
97456
97456
97455
97387
97368
97232
97151
97129
97095
97042
97012
96865
96857
96816
96810
96729
96719
96702
96700
96642
96624
96613
96594
96510
96269
96224
96223
96121
96068
95986
95928
95910
95849
95818
95778
95770
95724
95700
95678
95472
95400
95360
95348
95290
95263
95172
95120
95111
94899
94883
94748
94667
94647
94638
94457
94456
94429
94319
94315
94308
94285
94184
94177
94121
94054
93977
93933
93853
93810
93800
93783
93745
93742
93639
93559
93508
93455
93396
93376
93347
93342
93331
93295
93257
93180
93148
93136
93104
93064
93002
92971
92933
92809
92802
92773
92771
92725
92718
92714
92644
92542
92507
92501
92492
92489
92479
92466
92399
92397
92374
92295
92243
92216
92207
92154
92078
92051
92048
92020
91968
91927
91855
91783
91767
91765
91742
91688
91643
91621
91620
91548
91535
91526
91520
91476
91451
91379
91366
91334
91332
91262
91212
91192
91161
91120
91090
91037
91018
90979
90975
90964
90962
90905
90864
90826
90796
90577
90549
90541
90537
90405
90249
90197
90190
89976
89802
89783
89642
89623
89617
89579
89461
89343
89334
89317
89310
89191
89189
89101
89025
88921
88837
88833
88762
88761
88758
88706
88693
88635
88592
88564
88457
88424
88292
88279
88215
88190
88051
88044
88024
88014
88010
88003
88000
87952
87916
87843
87769
87674
87618
87497
87489
87469
87442
87419
87406
87345
87324
87323
87239
87222
87196
87191
87189
87169
87055
86965
86956
86860
86822
86770
86718
86672
86667
86480
86417
86399
86396
86299
86287
86216
86139
85878
85871
85788
85786
85674
85638
85583
85575
85574
85573
85513
85435
85393
85341
85330
85278
85183
85137
85120
85118
85051
85049
85019
85004
84995
84983
84953
84939
84910
84877
84852
84836
84835
84795
84756
84695
84569
84565
84560
84537
84491
84467
84428
84395
84324
84278
84263
84247
84243
84207
84198
84149
84131
84079
84021
83919
83864
83747
83711
83695
83685
83602
83581
83544
83542
83487
83470
83366
83298
83271
83233
83153
83132
83046
83036
83022
83019
82944
82905
82876
82852
82755
82748
82648
82574
82496
82308
82276
82181
82165
82056
81999
81853
81842
81748
81712
81671
81555
81491
81455
81245
81164
81107
81064
81045
81043
81010
80983
80955
80925
80872
80745
80726
80664
80608
80515
80454
80453
80400
80377
80368
80289
80252
80213
80210
80198
80192
80106
80052
80046
79686
79618
79455
79434
79363
79299
79267
79192
79192
79148
79141
79050
79016
78970
78862
78850
78821
78808
78799
78783
78761
78752
78741
78696
78696
78621
78491
78367
78355
78197
78182
78118
78008
77950
77880
77798
77723
77698
77687
77557
77550
77531
77366
77339
77268
77246
77165
77075
76924
76866
76814
76754
76750
76749
76635
76528
76461
76432
76256
76227
76199
76153
76065
75986
75950
75935
75893
75799
75784
75772
75739
75660
75599
75585
75566
75511
75419
75392
75383
75381
75370
75309
75283
75209
75114
75099
75098
75083
75053
75047
74961
74910
74874
74834
74763
74711
74703
74677
74616
74585
74581
74571
74567
74384
74381
74315
74302
74300
74295
74276
74273
74265
74231
74210
74202
74177
74088
74010
73875
73757
73683
73550
73476
73404
73394
73345
73328
73328
73317
73312
73286
73218
73138
73118
73115
73092
73069
73061
73031
72993
72972
72913
72910
72835
72802
72800
72773
72632
72623
72618
72448
72419
72361
72226
72194
72019
71994
71986
71933
71930
71909
71904
71678
71618
71521
71505
71343
71294
71292
71288
71128
71089
71084
71027
70983
70977
70856
70780
70751
70712
70524
70474
70468
70187
70035
70012
69864
69862
69823
69813
69803
69756
69728
69719
69659
69635
69386
69332
69215
69197
69003
68999
68975
68971
68822
68743
68723
68716
68714
68706
68700
68675
68646
68587
68541
68336
68273
68219
68122
68053
68014
67954
67949
67696
67649
67614
67543
67502
67473
67461
67429
67332
67215
67165
67125
67110
67024
66947
66941
66924
66821
66789
66766
66629
66613
66592
66549
66518
66463
66427
66424
66136
66055
65797
65696
65633
65625
65588
65336
65263
65160
65123
65115
65109
65093
64978
64965
64926
64812
64793
64793
64777
64681
64610
64610
64530
64514
64505
64354
64325
64302
64027
63924
63895
63879
63876
63841
63818
63742
63681
63675
63638
63375
63351
63323
63218
63118
63097
63066
62889
62864
62848
62845
62803
62781
62775
62761
62721
62635
62575
62574
62544
62541
62470
62437
62389
62321
62310
62210
62190
62121
62080
62017
61959
61926
61910
61854
61800
61758
61657
61653
61564
61529
61510
61491
61480
61438
61433
61370
61350
61297
61246
61118
60979
60965
60924
60921
60901
60835
60810
60798
60670
60669
60642
60598
60552
60429
60415
60404
60343
60218
60164
60142
60062
60055
60004
59902
59889
59830
59743
59657
59635
59609
59581
59529
59503
59488
59458
59367
59332
59302
59234
59218
59194
59131
59065
59055
58996
58969
58771
58732
58727
58584
58581
58467
58389
58375
58370
58332
58321
58283
58251
58142
58142
58118
58111
58002
57926
57906
57897
57880
57809
57668
57602
57587
57553
57541
57504
57490
57488
57466
57455
57392
57384
57363
57360
57343
57314
57291
57259
57236
57188
57163
57101
57070
57006
56997
56994
56872
56655
56637
56485
56237
56161
56154
56131
56061
56013
55999
55799
55558
55551
55403
55396
55264
55237
55166
55160
55119
55037
55016
55010
54869
54772
54766
54707
54658
54590
54547
54474
54422
54411
54389
54279
54156
54144
54141
54114
54065
54046
53976
53936
53933
53907
53889
53873
53798
53665
53649
53499
53404
53319
53301
53203
53155
53126
53111
53098
53075
53059
53053
52963
52907
52895
52885
52666
52585
52552
52503
52497
52460
52451
52425
52322
52320
52319
52291
52187
52184
52164
52159
52105
52067
52011
51925
51804
51765
51678
51606
51598
51582
51521
51367
51340
51238
51225
51196
51179
51158
51107
51102
51094
51091
51079
50930
50898
50807
50729
50675
50593
50583
50539
50434
50397
50382
50341
50210
50191
50184
50165
50122
49933
49736
49690
49684
49673
49485
49464
49335
49297
49296
49205
49160
49117
48992
48982
48959
48930
48892
48870
48799
48750
48741
48687
48515
48488
48433
48388
48319
48314
48262
48259
48202
48186
48158
48091
48021
48011
47990
47825
47788
47770
47728
47702
47688
47659
47599
47564
47546
47511
47442
47430
47411
47357
47327
47324
47290
47277
47243
47172
47149
47097
46968
46900
46847
46831
46809
46796
46793
46792
46712
46657
46652
46622
46447
46293
46274
46175
46126
46007
45926
45907
45868
45850
45805
45773
45756
45752
45660
45657
45581
45577
45546
45538
45516
45475
45380
45327
45316
45199
45196
45131
45118
45026
45014
45014
44952
44926
44926
44923
44794
44754
44722
44624
44556
44499
44457
44456
44375
44340
44232
44229
44195
44121
44074
43942
43861
43749
43608
43518
43382
43369
43355
43337
43311
43178
43151
43133
43037
42978
42962
42783
42761
42753
42737
42660
42634
42627
42538
42528
42507
42438
42307
42287
42274
42245
42188
42124
42074
42069
41959
41902
41890
41840
41808
41759
41735
41701
41700
41676
41567
41564
41450
41420
41381
41355
41354
41300
41280
41264
41263
41219
41199
41151
41141
41103
41005
40987
40963
40960
40871
40811
40716
40694
40693
40688
40602
40580
40372
40348
40242
40165
40103
40042
40032
40004
39947
39900
39857
39838
39828
39804
39623
39574
39537
39445
39376
39348
39249
39166
39141
39054
39037
38898
38863
38724
38622
38539
38534
38505
38457
38336
38252
38221
38199
38106
38100
38072
38023
37978
37968
37957
37953
37896
37736
37690
37659
37650
37586
37576
37568
37535
37513
37424
37393
37263
37210
37168
37166
37100
37070
37060
37034
36908
36852
36850
36850
36790
36749
36721
36710
36684
36658
36586
36556
36533
36510
36455
36441
36438
36343
36207
36175
36149
36135
36070
35927
35881
35669
35660
35625
35622
35577
35562
35474
35265
35181
35112
35101
35069
35067
35049
35028
34870
34854
34823
34705
34654
34619
34601
34596
34545
34533
34505
34394
34290
34236
34211
34187
34160
34129
34120
34089
34017
33957
33870
33869
33863
33860
33858
33820
33775
33677
33655
33620
33609
33580
33493
33415
33394
33217
33179
33105
33088
32976
32893
32819
32782
32758
32741
32565
32459
32442
32414
32287
32275
32267
32178
32145
32103
32069
32014
31996
31970
31965
31917
31796
31779
31753
31726
31669
31660
31590
31546
31526
31513
31505
31483
31445
31392
31365
31347
31328
31286
31259
31203
31169
31139
31110
31103
31037
31032
31022
30899
30835
30794
30785
30781
30776
30768
30639
30621
30533
30520
30455
30451
30394
30291
30154
30142
29948
29947
29900
29874
29823
29728
29641
29542
29441
29425
29417
29417
29338
29316
29296
29279
29260
29244
29241
29171
29080
29005
28954
28936
28913
28858
28857
28847
28841
28797
28782
28772
28763
28754
28674
28602
28572
28558
28546
28450
28420
28381
28381
28315
28310
28198
28139
27991
27966
27961
27958
27920
27814
27765
27732
27690
27661
27627
27535
27493
27453
27369
27212
27183
27173
27172
27076
27060
27044
27030
26966
26842
26767
26536
26498
26493
26488
26448
26363
26358
26298
26268
26242
26229
26217
26200
26194
26116
26053
26001
25998
25960
25953
25947
25946
25911
25889
25886
25851
25714
25684
25569
25544
25502
25499
25471
25387
25254
25211
25177
25124
25095
25092
25085
25003
24978
24905
24860
24778
24704
24645
24592
24580
24573
24445
24415
24363
24337
24280
24278
24211
24193
24160
24049
23981
23933
23893
23769
23769
23756
23730
23717
23665
23663
23651
23649
23602
23534
23444
23413
23330
23230
23113
23101
23091
23084
23040
23033
23026
23019
22940
22911
22907
22826
22634
22602
22513
22408
22404
22398
22367
22117
22085
22033
22006
21835
21813
21781
21640
21626
21578
21481
21450
21370
21278
21215
21179
20832
20765
20682
20674
20538
20389
20263
20147
20139
20039
20016
19976
19947
19940
19923
19919
19820
19810
19671
19667
19660
19652
19648
19572
19552
19467
19412
19348
19337
19264
19215
19211
19151
19121
19074
19021
18985
18958
18811
18808
18799
18794
18762
18761
18738
18698
18688
18681
18638
18633
18626
18489
18486
18392
18378
18247
18242
18215
18080
18067
18067
18050
17962
17948
17947
17895
17880
17839
17822
17819
17791
17730
17658
17649
17625
17538
17530
17464
17453
17448
17297
17291
17257
17192
17140
17131
17036
16987
16911
16832
16798
16714
16491
16341
16143
16114
16006
15929
15905
15902
15895
15797
15643
15558
15498
15378
15336
15316
15303
15186
15060
14973
14929
14791
14775
14726
14594
14519
14422
14260
14231
14057
14021
13998
13994
13918
13916
13905
13766
13599
13597
13587
13490
13462
13393
13300
13278
13174
13169
13141
13140
13120
12985
12981
12853
12783
12772
12715
12713
12579
12535
12497
12473
12470
12426
12409
12348
12338
12311
12273
12266
12231
12231
12207
12137
11976
11948
11882
11848
11780
11704
11704
11688
11679
11432
11402
11400
11379
11288
11249
11241
11220
11195
11170
11112
11074
11059
10940
10875
10870
10770
10733
10701
10686
10672
10524
10481
10412
10322
10309
10209
10206
10150
10143
10134
10130
10124
10124
10115
10115
9855
9825
9756
9742
9737
9707
9700
9614
9548
9538
9528
9460
9415
9333
9249
9218
9141
9139
9131
9129
9065
9030
9001
8972
8919
8834
8785
8753
8684
8670
8586
8572
8476
8384
8318
8128
8124
8111
8100
8076
8018
7943
7888
7803
7794
7765
7759
7746
7730
7706
7697
7685
7640
7537
7499
7420
7369
7358
7350
7146
7106
7090
7067
7046
7023
6988
6979
6810
6772
6655
6635
6573
6531
6402
6345
6325
6299
6274
6224
6145
6106
6105
6004
5913
5628
5363
5335
5217
5190
5174
5081
5010
4979
4903
4896
4851
4844
4837
4804
4719
4690
4639
4620
4584
4551
4496
4446
4224
4218
4132
4127
4120
4096
4025
3990
3977
3973
3911
3850
3823
3763
3753
3740
3692
3624
3606
3589
3544
3426
3410
3382
3364
3360
3275
3213
3193
3180
3095
3053
3032
3023
2999
2906
2824
2804
2792
2770
2724
2695
2685
2577
2570
2568
2547
2428
2260
2206
2200
2140
1979
1945
1923
1865
1863
1839
1821
1804
1757
1721
1689
1683
1576
1572
1453
1374
1349
1329
1249
1243
1226
1171
1096
1094
1020
1016
1005
951
737
690
651
624
622
590
437
311
311
291
272
258
140
80
