99945
99911
99721
99655
99470
99318
99301
99207
99206
99185
99149
99137
99114
99039
98960
98708
98684
98676
98661
98655
98653
98648
98593
98572
98570
98487
98396
98363
98334
98317
98222
98215
98203
98143
97946
97880
97823
97795
97758
97694
97635
97583
97546
97501
97461
97446
97438
97375
97291
97288
97263
97244
97238
97235
97227
97217
97215
97213
97158
96870
96797
96763
96629
96585
96476
96426
96409
96397
96193
96178
96162
96103
96075
96030
96019
95956
95914
95874
95745
95690
95676
95606
95421
95286
95210
95155
95098
95077
95021
95002
94988
94916
94887
94789
94781
94754
94754
94611
94499
94491
94474
94443
94401
94297
94260
94260
94259
94257
94084
93990
93900
93809
93582
93578
93519
93497
93383
93227
93205
93202
93200
93149
93142
93135
93071
93068
92885
92875
92782
92725
92704
92546
92529
92411
92297
92275
92220
92187
92170
92156
92147
92106
91996
91955
91932
91892
91873
91851
91831
91822
91796
91747
91723
91549
91422
91372
91330
91266
91133
91099
91071
91050
91024
90968
90914
90900
90879
90806
90799
90553
90522
90499
90452
90400
90390
90377
90370
90308
90231
90175
89947
89885
89794
89787
89774
89765
89745
89570
89540
89415
89328
89293
89248
89231
89189
89181
89155
89109
89067
88903
88626
88417
88411
88399
88358
88340
88308
88307
88306
88092
88085
87944
87923
87895
87875
87866
87758
87675
87658
87603
87476
87444
87429
87386
87376
87344
87299
87281
87240
87206
87095
87095
87082
86996
86930
86865
86862
86854
86850
86708
86698
86589
86575
86541
86534
86518
86514
86463
86434
86420
86400
86391
86334
86316
86303
86188
86159
86137
86120
86094
85940
85850
85835
85796
85775
85674
85603
85465
85452
85404
85379
85276
85219
85202
85171
85171
85127
85045
84823
84775
84762
84643
84617
84568
84445
84436
84431
84415
84389
84387
84354
84348
84286
84268
84243
84165
84136
84128
84077
84072
84023
83954
83945
83937
83889
83884
83853
83823
83792
83776
83737
83666
83599
83539
83486
83426
83389
83322
83317
83302
83184
82988
82804
82766
82725
82680
82536
82484
82480
82427
82415
82388
82344
82300
82298
82290
82274
82198
82149
82104
82086
82085
82051
82046
82045
82019
81997
81991
81961
81947
81916
81846
81789
81749
81723
81526
81501
81308
81267
81264
81075
80937
80880
80793
80610
80552
80545
80521
80489
80417
80397
80356
80355
80284
80242
80222
80129
80111
80058
80026
80023
80019
79936
79906
79901
79782
79709
79696
79669
79661
79654
79623
79546
79442
79434
79410
79311
79310
79271
79206
79094
79065
78966
78867
78832
78830
78826
78807
78799
78793
78738
78738
78734
78702
78585
78569
78547
78536
78518
78508
78481
78399
78359
78351
78247
78240
78239
78184
78118
78097
78093
78090
78040
78021
77964
77964
77951
77921
77900
77826
77740
77681
77673
77653
77637
77617
77610
77583
77530
77460
77456
77443
77348
77327
77229
77151
77061
76979
76978
76935
76796
76783
76672
76516
76460
76367
76366
76360
76330
76269
76248
76172
76159
76111
76070
76025
75940
75931
75799
75767
75727
75692
75655
75609
75592
75540
75497
75357
75354
75259
75245
75207
75205
75101
75099
75089
75056
75010
74985
74949
74697
74626
74612
74550
74468
74304
74299
74259
74214
74192
74128
73973
73969
73920
73851
73848
73822
73790
73762
73736
73700
73674
73660
73655
73655
73598
73595
73557
73453
73398
73343
73342
73337
73319
73272
73256
73048
72994
72926
72837
72717
72716
72684
72675
72662
72598
72274
72264
72247
72222
72186
72186
72047
72038
72026
71981
71921
71807
71721
71720
71623
71490
71471
71374
71346
71177
71172
71131
70964
70887
70856
70833
70822
70794
70757
70689
70686
70567
70431
70371
70283
70210
70086
70073
70067
69999
69998
69890
69798
69770
69707
69650
69641
69594
69500
69430
69292
69282
69262
69234
69164
69099
69061
68999
68974
68956
68941
68829
68778
68722
68705
68685
68671
68543
68486
68399
68383
68376
68354
68217
68177
68115
68097
68079
67879
67820
67802
67774
67719
67689
67651
67651
67630
67603
67579
67542
67479
67448
67426
67423
67411
67410
67387
67307
67280
67258
67170
67148
67096
67086
67079
66885
66866
66841
66513
66344
66276
66192
66164
66070
66017
66003
65909
65793
65693
65684
65670
65644
65593
65575
65536
65530
65488
65467
65421
65419
65408
65343
65333
65114
65091
65047
65044
64966
64951
64929
64928
64914
64817
64764
64762
64750
64647
64636
64592
64586
64404
64338
64296
64125
64015
63995
63900
63820
63691
63632
63536
63509
63472
63467
63410
63400
63284
63125
63121
63055
62980
62890
62860
62835
62822
62822
62644
62597
62594
62481
62336
62070
61976
61902
61833
61826
61820
61806
61795
61745
61592
61591
61532
61521
61496
61446
61429
61425
61419
61400
61331
61161
61135
61135
61097
61062
60986
60957
60955
60815
60742
60720
60714
60604
60589
60582
60530
60507
60491
60460
60448
60307
60234
60148
60142
60107
60073
60039
59801
59796
59748
59705
59687
59677
59643
59633
59594
59501
59471
59402
59349
59153
59103
59073
59044
59003
58906
58787
58783
58766
58734
58585
58527
58502
58496
58468
58459
58434
58323
58287
58284
58243
58222
58174
58123
58118
58061
58060
58051
57822
57718
57697
57690
57682
57632
57581
57380
57355
57342
57278
57212
57038
57004
56745
56691
56677
56670
56658
56635
56552
56438
56388
56358
56339
56326
56306
56306
56181
56130
56078
56076
56043
56039
56036
56028
55964
55894
55817
55805
55787
55765
55726
55599
55521
55515
55511
55397
55388
55353
55353
55330
55213
55170
55156
55114
55111
55088
55076
55062
55035
54942
54906
54868
54728
54672
54672
54656
54598
54544
54533
54407
54242
54231
54162
54141
54118
54096
54043
54042
53970
53843
53816
53788
53779
53764
53735
53730
53712
53662
53619
53555
53531
53521
53495
53485
53482
53479
53470
53451
53435
53415
53362
53319
53277
53263
53229
53155
53113
53111
53046
53031
53006
52996
52978
52919
52876
52833
52818
52808
52662
52661
52574
52556
52386
52333
52284
52236
52179
52178
52133
51992
51989
51962
51891
51740
51505
51451
51412
51131
51097
51022
50952
50772
50727
50693
50689
50616
50595
50591
50555
50469
50446
50374
50365
50285
50272
50256
50216
50203
50101
50066
50046
50025
49915
49885
49861
49794
49730
49691
49669
49641
49637
49616
49615
49608
49284
49248
49247
49189
49188
49178
49139
49106
49095
49045
49039
49028
48900
48864
48839
48825
48744
48635
48610
48542
48517
48478
48364
48298
48189
48182
48042
47911
47910
47861
47790
47772
47716
47655
47629
47556
47526
47473
47466
47442
47404
47383
47290
47019
47008
46900
46879
46793
46791
46789
46702
46588
46581
46546
46431
46378
46334
46329
46319
46302
46234
46175
46158
46103
46024
45968
45936
45933
45832
45781
45752
45704
45646
45606
45600
45594
45575
45531
45414
45389
45226
45214
45111
45088
45088
45070
44982
44871
44852
44851
44846
44799
44725
44658
44657
44630
44522
44519
44518
44366
44348
44336
44188
44062
44058
43988
43868
43847
43718
43706
43689
43655
43652
43640
43611
43502
43469
43465
43329
43311
43282
43278
43265
43200
43163
43122
43062
43021
42983
42963
42877
42873
42848
42824
42799
42767
42738
42675
42594
42507
42415
42376
42342
42313
42198
42111
42012
42006
41980
41947
41868
41845
41825
41810
41653
41623
41599
41516
41471
41373
41321
41315
41106
41085
41071
41050
40997
40992
40958
40955
40913
40831
40796
40705
40695
40667
40613
40567
40511
40451
40372
40223
40014
39981
39972
39927
39869
39849
39826
39820
39812
39742
39727
39650
39627
39594
39588
39570
39521
39502
39410
39390
39298
39264
39109
39105
39061
39037
38883
38791
38783
38740
38695
38694
38689
38659
38630
38587
38456
38453
38428
38377
38358
38249
38206
38195
38156
38005
37957
37867
37816
37765
37709
37628
37625
37608
37595
37580
37481
37446
37440
37418
37409
37377
37303
37287
37218
37214
37207
37172
37126
37122
36992
36950
36884
36863
36825
36819
36788
36746
36741
36726
36722
36707
36571
36556
36540
36516
36454
36369
36304
36273
36267
36216
36209
36195
36117
36082
36051
35922
35858
35784
35614
35588
35533
35516
35468
35422
35415
35392
35389
35371
35311
35258
35250
35195
35149
35106
35054
34975
34938
34832
34783
34745
34659
34624
34539
34365
34280
34145
34104
34042
34039
33983
33974
33837
33817
33803
33773
33655
33605
33571
33526
33483
33475
33444
33402
33332
33166
33154
33142
33126
33102
33059
33023
32884
32809
32779
32760
32757
32641
32556
32545
32416
32397
32391
32344
32313
32268
32142
32122
32105
32028
32010
31982
31944
31941
31926
31874
31827
31824
31801
31796
31727
31719
31702
31682
31670
31614
31578
31450
31395
31326
31175
31065
31053
31040
30955
30791
30760
30742
30688
30682
30668
30551
30512
30509
30508
30496
30381
30366
30346
30312
30154
30150
30110
30071
30011
29926
29886
29871
29792
29783
29595
29571
29541
29526
29515
29455
29455
29438
29436
29406
29390
29354
29325
29172
29170
29166
28940
28936
28889
28874
28800
28786
28759
28746
28741
28684
28535
28535
28469
28396
28369
28367
28341
28294
28271
28265
28231
28186
28153
28065
28062
27808
27637
27538
27527
27524
27488
27406
27379
27375
27306
27224
27069
27031
26982
26934
26924
26918
26858
26827
26827
26817
26810
26808
26633
26441
26427
26422
26401
26371
26333
26308
26208
26169
26080
26072
26066
26048
26029
26013
25992
25988
25860
25847
25808
25772
25771
25760
25679
25667
25645
25430
25409
25407
25380
25261
24998
24987
24942
24928
24863
24783
24766
24725
24660
24623
24620
24484
24470
24441
24403
24288
24239
24237
24212
24140
24052
24047
24001
23977
23967
23957
23861
23844
23830
23830
23819
23780
23774
23758
23695
23678
23645
23636
23612
23548
23528
23521
23466
23388
23371
23314
23301
23235
23182
23103
23067
23032
22952
22952
22845
22782
22699
22556
22531
22514
22451
22438
22427
22426
22424
22408
22399
22393
22334
22285
22196
22184
22090
21885
21814
21674
21664
21565
21538
21505
21377
21263
21226
21206
21192
21089
20953
20779
20671
20654
20602
20554
20391
20367
20330
20309
20287
20250
20248
20234
20225
20202
20195
20188
20187
20144
20119
20097
20016
19994
19934
19803
19789
19738
19718
19714
19707
19598
19471
19467
19428
19424
19342
19188
19164
19063
19045
18980
18940
18823
18794
18764
18753
18735
18678
18629
18614
18572
18571
18549
18500
18440
18211
18196
18184
18184
18182
18162
18146
18024
18015
17974
17944
17901
17865
17777
17755
17738
17730
17592
17540
17513
17498
17474
17468
17406
17294
17199
17176
17150
17136
17130
17118
17104
17104
17071
16930
16901
16825
16822
16820
16806
16796
16697
16544
16446
16437
16424
16389
16368
16360
16316
16189
16171
16071
16057
16032
16026
16021
16021
15819
15791
15748
15675
15664
15565
15552
15548
15524
15512
15436
15342
15314
15296
15253
15102
15071
14749
14689
14664
14651
14648
14610
14600
14588
14536
14503
14458
14426
14293
14243
14153
14089
14075
14064
14016
13956
13919
13899
13890
13870
13846
13833
13744
13690
13663
13540
13539
13489
13400
13358
13228
13185
13156
13155
13082
12975
12775
12707
12615
12599
12550
12498
12401
12260
12083
12077
12045
12040
12034
11894
11880
11827
11791
11775
11753
11696
11690
11597
11581
11492
11469
11440
11434
11322
11277
11213
11161
11122
11094
11074
11058
10897
10874
10864
10792
10705
10648
10454
10433
10338
10292
10191
10117
10033
9924
9873
9810
9767
9745
9734
9724
9703
9688
9673
9634
9629
9583
9562
9399
9395
9354
9278
9194
9186
9168
9136
8965
8961
8919
8869
8847
8813
8640
8613
8531
8526
8480
8477
8455
8430
8416
8371
8336
8314
8296
8125
8070
8048
8034
7946
7807
7794
7781
7779
7771
7676
7662
7590
7578
7541
7537
7536
7434
7353
7343
7338
7305
7185
7151
7045
7040
7017
6987
6922
6889
6876
6789
6743
6564
6355
6205
6054
6047
6045
6023
6015
5854
5848
5824
5810
5773
5675
5666
5634
5578
5532
5497
5481
5419
5414
5362
5294
5277
5207
5203
5196
5192
5113
5102
5100
5097
5031
4960
4942
4925
4860
4809
4746
4604
4571
4559
4526
4411
4384
4384
4283
4215
4197
4190
4149
4146
4145
4131
4131
4093
4014
3976
3951
3855
3833
3820
3812
3804
3704
3688
3551
3536
3395
3389
3329
3220
3216
3165
3143
3118
3080
3056
3043
3017
2720
2695
2689
2660
2610
2598
2494
2468
2463
2372
2209
2191
2033
1966
1933
1769
1743
1740
1730
1713
1615
1571
1535
1499
1496
1458
1367
1313
1236
1154
1064
1028
953
787
759
691
686
658
654
601
511
459
456
445
295
193
177
93
67
47
