99971
99940
99940
99897
99806
99801
99529
99515
99498
99477
99472
99421
99374
99365
99360
99311
99284
99167
99086
99017
99011
98960
98941
98780
98702
98563
98364
98355
98329
98323
98316
98274
98217
98066
98021
97987
97942
97909
97895
97887
97859
97747
97737
97646
97607
97511
97466
97431
97384
97375
97304
97274
97251
97231
97057
97027
96962
96866
96837
96688
96652
96637
96626
96490
96443
96313
96304
96289
96262
96236
96200
96157
96109
96069
96039
95996
95970
95821
95797
95608
95565
95544
95459
95436
95420
95416
95377
95355
95107
95104
95008
95005
94927
94865
94863
94861
94824
94822
94786
94714
94586
94490
94486
94456
94446
94395
94387
94268
94262
94259
94181
94172
94159
94050
93994
93934
93874
93861
93817
93757
93720
93618
93577
93552
93550
93436
93374
93373
93234
93214
93178
93173
93165
93151
93149
92960
92937
92900
92801
92795
92769
92657
92525
92396
92393
92332
92304
92250
92233
92222
92168
92168
92168
92061
92052
91948
91929
91840
91777
91761
91717
91695
91632
91598
91561
91522
91493
91472
91466
91426
91424
91415
91349
91316
91299
91287
91283
91127
91089
90958
90945
90922
90858
90848
90823
90758
90720
90683
90675
90633
90571
90399
90354
90318
90296
90233
90224
90100
90088
89961
89807
89756
89738
89674
89627
89567
89548
89520
89448
89439
89393
89379
89352
89330
89324
89324
89323
89310
89259
89258
89127
89115
89113
89112
89046
88978
88942
88863
88828
88823
88817
88766
88685
88553
88529
88505
88405
88339
88323
88258
88210
88207
88192
88178
88029
87975
87889
87849
87788
87759
87719
87714
87695
87649
87636
87633
87632
87617
87610
87560
87517
87513
87482
87467
87451
87367
87235
87125
87031
86850
86817
86733
86663
86617
86588
86581
86575
86560
86524
86513
86485
86478
86435
86335
86272
86250
86122
86058
86025
86003
86000
85961
85908
85885
85841
85681
85670
85665
85643
85613
85589
85515
85508
85495
85475
85460
85387
85345
85269
85261
85240
85176
85163
85111
85069
85057
85034
84994
84976
84970
84889
84872
84842
84832
84657
84654
84644
84606
84586
84586
84584
84546
84463
84370
84364
84362
84315
84278
84272
84262
84144
84122
84065
83976
83797
83751
83562
83400
83386
83364
83345
83333
83269
83261
83218
83166
83130
83053
82977
82944
82943
82916
82882
82877
82845
82827
82821
82714
82658
82653
82623
82581
82546
82498
82436
82395
82381
82355
82353
82336
82282
82205
82182
82066
81955
81943
81850
81776
81745
81742
81714
81714
81561
81517
81447
81366
81363
81270
81195
81191
81148
81146
81102
81068
81040
81023
80986
80980
80963
80961
80927
80911
80909
80907
80903
80884
80868
80784
80758
80721
80718
80605
80589
80518
80511
80506
80383
80374
80368
80217
80214
80201
80076
79965
79790
79743
79723
79681
79604
79584
79579
79578
79492
79447
79378
79367
79347
79315
79238
79228
79228
79217
79216
79161
79140
79090
78987
78983
78965
78950
78928
78871
78860
78841
78711
78630
78584
78495
78434
78278
78252
78218
78215
78188
78140
78103
78077
78062
77983
77970
77832
77811
77806
77726
77618
77553
77547
77527
77525
77486
77424
77380
77323
77249
77231
77027
76974
76927
76912
76911
76893
76820
76792
76790
76742
76734
76724
76617
76470
76412
76360
76354
76323
76270
76236
76206
76186
76178
76139
76129
76066
76053
75816
75780
75743
75727
75706
75506
75444
75349
75343
75199
75140
75095
75082
75014
74888
74865
74751
74650
74567
74545
74432
74350
74283
74174
74159
74111
74038
74012
73859
73833
73785
73591
73529
73359
73267
73258
73158
73031
73029
73020
72984
72954
72932
72819
72741
72714
72599
72552
72517
72503
72431
72417
72336
72158
72135
72125
72052
71997
71976
71945
71813
71781
71780
71603
71512
71443
71374
71242
71089
71061
71012
71005
70943
70942
70806
70701
70676
70666
70595
70530
70506
70501
70438
70424
70319
70301
70062
70046
70023
69921
69731
69700
69684
69659
69562
69532
69529
69522
69449
69401
69379
69365
69288
69239
69191
69166
69031
69000
68975
68968
68939
68917
68858
68847
68798
68753
68683
68641
68577
68572
68376
68348
68339
68324
68269
68261
68062
67707
67595
67481
67415
67397
67352
67297
67228
67033
67004
66998
66980
66965
66923
66872
66856
66796
66796
66773
66719
66671
66648
66639
66576
66570
66467
66410
66377
66304
66289
66228
66221
66151
66126
66094
66076
66066
66038
65790
65748
65692
65687
65626
65498
65467
65316
65220
65188
65160
65089
65071
64864
64858
64747
64726
64655
64620
64573
64487
64409
64398
64362
64333
64312
64270
64247
64231
63990
63989
63953
63836
63714
63701
63694
63683
63671
63649
63614
63511
63358
63348
63331
63183
63162
63145
63091
62924
62921
62882
62782
62680
62661
62655
62637
62617
62614
62551
62538
62530
62495
62454
62448
62423
62398
62382
62264
62210
62173
62158
62121
62067
62044
61933
61899
61893
61872
61766
61757
61734
61577
61559
61536
61430
61405
61298
61257
61191
60801
60723
60697
60658
60638
60615
60609
60585
60570
60485
60435
60429
60276
60238
60218
60204
60121
60116
60078
59949
59904
59880
59701
59670
59668
59622
59557
59526
59462
59446
59416
59346
59279
59230
59201
59138
59112
59027
58995
58980
58919
58918
58905
58880
58855
58826
58824
58794
58717
58684
58675
58669
58669
58665
58648
58625
58582
58431
58422
58335
58306
58273
58258
58247
58184
58025
57960
57947
57932
57884
57811
57790
57739
57681
57601
57586
57566
57542
57517
57515
57497
57489
57441
57437
57380
57342
57116
57094
57056
57049
57036
56771
56762
56758
56757
56679
56607
56506
56492
56484
56431
56414
56346
56343
56083
56017
56006
55972
55809
55801
55798
55776
55763
55534
55463
55451
55276
55242
55228
55210
55177
54977
54766
54754
54724
54692
54630
54568
54493
54465
54372
54275
54271
54203
54081
54065
54054
53870
53859
53787
53772
53649
53576
53544
53518
53488
53337
53271
53182
53182
53116
53112
53079
53057
52992
52897
52857
52856
52841
52808
52802
52710
52687
52652
52488
52365
52195
52162
52155
52120
51974
51950
51916
51813
51809
51809
51764
51669
51668
51651
51616
51543
51537
51291
51222
51164
51130
51130
51079
51058
50993
50899
50868
50862
50771
50771
50744
50548
50495
50398
50349
50320
50317
50260
50132
50049
49948
49890
49821
49808
49743
49662
49625
49532
49526
49519
49508
49490
49459
49378
49377
49368
49342
49249
49249
49232
49205
49198
49161
49088
49077
49022
48962
48929
48784
48750
48613
48582
48566
48474
48452
48450
48354
48339
48159
48032
47934
47934
47849
47792
47718
47678
47665
47620
47526
47381
47355
47341
47319
47288
47116
46937
46905
46904
46866
46857
46840
46715
46694
46662
46646
46586
46414
46377
46344
46327
46319
46299
46292
46275
46253
46049
45979
45978
45942
45781
45755
45752
45699
45613
45612
45578
45518
45483
45463
45408
45317
45259
45259
45256
45227
45025
45023
45014
44883
44847
44837
44732
44694
44689
44495
44407
44398
44350
44308
44275
44232
44152
44145
44080
44062
44013
43914
43913
43900
43882
43850
43786
43731
43636
43596
43509
43486
43484
43276
43065
42962
42957
42916
42870
42779
42730
42632
42563
42497
42490
42416
42358
42249
42229
42215
42160
42094
42049
41985
41961
41912
41895
41875
41851
41819
41816
41803
41802
41791
41787
41778
41777
41765
41755
41618
41613
41593
41592
41458
41438
41407
41388
41368
41348
41259
41254
41253
41210
41195
41168
41044
40973
40952
40815
40790
40744
40741
40680
40626
40585
40452
40436
40381
40345
40147
40063
40023
40020
39942
39860
39787
39746
39452
39397
39374
39267
39264
39146
39036
38968
38963
38959
38942
38928
38903
38879
38793
38723
38670
38651
38644
38641
38623
38613
38594
38584
38506
38465
38285
38281
38242
38188
38135
38121
38047
37909
37853
37824
37803
37603
37601
37551
37471
37469
37442
37439
37394
37370
37351
37297
37222
37204
37020
36991
36961
36913
36858
36844
36673
36657
36642
36579
36552
36538
36485
36478
36422
36393
36218
36180
36176
36141
36135
36134
36101
36043
36025
36017
36011
35856
35815
35778
35717
35710
35690
35682
35608
35587
35555
35529
35471
35407
35406
35383
35354
35346
35283
35240
35199
35175
35113
35064
35053
34936
34930
34900
34893
34733
34653
34524
34441
34397
34332
34088
34028
34023
34020
34014
33916
33759
33739
33731
33354
33342
33291
33267
33204
33190
33177
33164
33110
33090
33079
33014
32980
32975
32933
32811
32806
32753
32750
32726
32720
32679
32670
32643
32633
32605
32513
32465
32415
32408
32302
32187
32186
32185
32149
32108
32077
31971
31889
31856
31830
31776
31760
31758
31742
31659
31535
31531
31473
31469
31436
31396
31366
31356
31304
31279
31278
31214
31186
31177
31090
31089
31050
30888
30873
30864
30822
30772
30749
30484
30436
30382
30293
30266
30226
30221
30210
30186
30152
30127
29909
29891
29887
29832
29829
29828
29813
29777
29773
29769
29648
29597
29585
29483
29473
29436
29434
29301
29246
29214
29097
29029
29021
28985
28829
28827
28779
28777
28772
28769
28707
28685
28673
28661
28511
28436
28384
28364
28350
28337
28223
28167
28055
28018
27902
27902
27750
27748
27669
27628
27617
27605
27591
27545
27522
27353
27317
27210
27127
26999
26984
26876
26874
26813
26793
26738
26697
26511
26399
26377
26362
26286
26233
26179
26103
26093
26076
25983
25902
25863
25859
25850
25750
25702
25497
25427
25427
25411
25334
25309
25262
25243
25190
25055
25021
24995
24993
24957
24943
24791
24778
24720
24691
24642
24538
24527
24498
24468
24440
24416
24337
24297
24194
24193
24180
24158
24002
23996
23842
23819
23731
23700
23588
23585
23580
23484
23468
23418
23355
23341
23338
23328
23320
23314
23251
23227
23121
23086
22984
22933
22872
22837
22650
22630
22623
22585
22577
22553
22543
22457
22361
22343
22336
22253
22232
22205
22194
22193
22171
22101
21998
21964
21890
21868
21781
21776
21726
21702
21522
21441
21389
21376
21162
21136
21114
20939
20900
20874
20855
20829
20731
20626
20569
20559
20536
20501
20460
20446
20408
20403
20323
20318
20316
20230
20214
20161
20139
20083
20073
20043
20028
20020
19990
19912
19868
19842
19813
19809
19754
19724
19617
19600
19469
19435
19409
19380
19294
19197
19176
19088
19086
19058
19056
19027
19019
18926
18737
18674
18492
18423
18371
18356
18263
18252
18248
18211
18191
18188
18180
18146
18030
18028
18023
17996
17948
17945
17821
17821
17789
17778
17738
17715
17444
17409
17339
17267
17252
17214
17161
17123
17003
17000
16968
16907
16824
16712
16621
16562
16548
16408
16370
16370
16303
16295
16261
16186
16084
16084
16051
15984
15959
15956
15932
15798
15631
15546
15474
15381
15367
15330
15324
15295
15250
15207
15196
15155
15117
15105
15071
15063
15043
15013
14946
14932
14882
14879
14861
14748
14739
14727
14636
14634
14547
14523
14493
14473
14472
14436
14418
14388
14307
14263
14239
14174
14111
14052
14049
13948
13946
13861
13766
13749
13674
13640
13640
13633
13602
13527
13470
13409
13355
13327
13299
13220
13217
13180
13109
13095
13014
12935
12863
12852
12851
12805
12753
12749
12739
12653
12648
12641
12520
12506
12489
12392
12261
12127
12121
12113
12038
11949
11895
11842
11822
11794
11737
11718
11674
11567
11543
11516
11474
11396
11357
11341
11250
11227
11178
11107
11104
11032
11022
10967
10943
10942
10929
10904
10835
10811
10763
10757
10738
10700
10668
10605
10571
10567
10485
10450
10447
10427
10390
10301
10275
10267
10248
10208
10201
10111
10106
10092
10075
10019
9997
9992
9963
9960
9952
9944
9929
9776
9514
9482
9479
9450
9422
9328
9307
9242
9166
9075
9050
8966
8956
8651
8599
8595
8583
8487
8445
8386
8376
8346
8324
8321
8276
8240
8100
8060
8008
7964
7946
7915
7899
7821
7810
7800
7782
7773
7661
7653
7647
7639
7567
7499
7451
7348
7024
6900
6864
6862
6823
6797
6795
6751
6704
6648
6643
6621
6498
6451
6435
6147
6126
6124
6117
6047
6026
5937
5918
5881
5875
5860
5850
5710
5698
5692
5659
5626
5538
5467
5306
5241
5209
5164
5148
5127
5073
5026
4908
4902
4868
4762
4688
4664
4650
4637
4540
4473
4462
4457
4327
4259
4250
4187
4097
3837
3829
3778
3732
3681
3649
3405
3383
3345
3288
3270
3144
3101
3046
3034
2969
2902
2845
2785
2683
2557
2528
2522
2491
2303
2253
2213
2173
2164
2043
2037
1984
1981
1944
1931
1930
1870
1741
1626
1595
1540
1412
1396
1391
1329
1199
1198
1197
1188
1153
1107
991
988
859
834
821
805
786
683
647
607
600
596
513
512
451
394
377
363
338
285
250
241
230
226
164
153
131
99
76
27
