99962
99905
99863
99835
99796
99788
99753
99730
99716
99657
99637
99593
99486
99474
99352
99294
99277
99247
99238
99175
99136
98884
98860
98856
98820
98706
98577
98569
98470
98398
98255
98229
98137
98124
98122
98092
98040
98001
97948
97858
97778
97712
97706
97662
97603
97571
97518
97507
97490
97439
97430
97377
97370
97328
97240
97207
97198
97097
97060
97011
96918
96832
96762
96761
96740
96731
96662
96660
96643
96499
96335
96269
96242
96221
96211
96202
96172
96114
96071
96016
95834
95828
95608
95599
95575
95568
95554
95522
95458
95421
95386
95381
95372
95367
95206
95070
95030
95028
95019
94939
94841
94839
94811
94798
94736
94697
94677
94552
94498
94439
94341
94295
94292
94288
94280
94225
94200
94143
94121
94078
94047
94030
93920
93818
93699
93645
93430
93382
93373
93287
93191
93069
92795
92788
92783
92747
92744
92743
92725
92679
92671
92623
92617
92565
92548
92526
92513
92492
92393
92379
92327
92278
92255
92224
92218
92210
92151
92143
92123
92080
91939
91927
91866
91779
91757
91742
91718
91582
91567
91561
91500
91490
91490
91468
91458
91363
91298
91280
91261
91235
91085
91069
91057
91047
90966
90905
90860
90708
90693
90687
90656
90647
90642
90639
90547
90536
90499
90398
90377
90322
90307
90100
90024
90023
89991
89947
89933
89880
89871
89778
89723
89585
89535
89480
89463
89448
89421
89419
89415
89389
89371
89319
89284
89277
89271
89246
89173
89129
89113
89062
89053
88959
88952
88948
88941
88934
88924
88868
88758
88756
88614
88600
88535
88503
88503
88438
88393
88389
88354
88239
88196
88156
88132
88046
88036
87946
87882
87856
87838
87734
87708
87582
87521
87236
87200
87164
87115
87058
87030
87012
86932
86911
86891
86891
86856
86852
86831
86822
86805
86776
86678
86546
86538
86449
86364
86251
86229
86198
86191
86190
86188
86155
85906
85882
85819
85812
85782
85753
85734
85553
85497
85353
85335
85316
85277
85194
85188
85172
85008
84985
84970
84937
84888
84866
84788
84737
84722
84675
84508
84433
84423
84357
84344
84329
84185
84046
84039
84010
83835
83788
83788
83602
83536
83479
83457
83365
83355
83286
83252
83241
83237
83231
83071
83014
83010
83007
83006
82778
82755
82699
82606
82588
82406
82285
82280
82197
82050
82003
81964
81907
81879
81782
81694
81638
81591
81548
81426
81362
81308
81295
81272
81205
81123
81072
81030
81029
80996
80989
80958
80879
80846
80768
80738
80734
80711
80422
80411
80318
80308
80278
80234
80215
80166
80057
79987
79983
79914
79903
79877
79869
79735
79676
79590
79588
79582
79520
79446
79430
79421
79370
79293
79189
79145
78813
78715
78699
78665
78539
78534
78523
78512
78458
78425
78414
78397
78391
78387
78363
78310
78306
78305
78201
78136
78088
77944
77917
77866
77830
77788
77714
77682
77625
77603
77551
77548
77524
77517
77354
77340
77211
77162
77020
76805
76802
76751
76713
76690
76595
76580
76568
76421
76307
76260
76184
76049
75989
75989
75947
75884
75792
75771
75767
75761
75757
75744
75739
75692
75682
75674
75652
75648
75563
75507
75389
75386
75362
75354
75337
75274
75195
75082
75034
74983
74923
74808
74663
74549
74500
74454
74442
74387
74379
74372
74306
74281
74185
74167
74152
74139
74117
74085
74025
73875
73871
73849
73811
73767
73663
73617
73571
73500
73481
73440
73333
73332
73240
73184
73127
73111
73097
73093
72989
72972
72952
72951
72947
72859
72793
72790
72785
72747
72327
72159
72143
72124
72118
72055
71893
71869
71765
71719
71680
71647
71628
71612
71554
71466
71451
71450
71367
71361
71105
70822
70815
70726
70688
70606
70577
70508
70501
70472
70460
70365
70353
70268
70237
70189
69972
69944
69892
69891
69859
69826
69824
69721
69652
69606
69577
69495
69451
69447
69439
69391
69365
69349
69324
69317
69317
69313
69222
69111
69109
69035
68995
68834
68821
68802
68663
68650
68549
68519
68442
68431
68328
68312
68304
68301
68295
68292
68249
68213
68157
68098
68031
68020
67958
67955
67824
67823
67808
67801
67733
67725
67629
67572
67508
67405
67352
67330
67222
67187
67086
67061
67012
66918
66867
66846
66752
66694
66684
66681
66663
66656
66602
66579
66570
66547
66539
66520
66506
66453
66431
66430
66315
66255
66252
66155
66097
65813
65794
65773
65750
65702
65649
65633
65534
65526
65508
65465
65433
65423
65314
65314
65257
65242
65175
65122
65122
65045
64986
64979
64957
64957
64939
64923
64885
64814
64721
64697
64590
64584
64559
64502
64453
64431
64413
64390
64368
64306
64255
64253
64240
64178
64169
64157
64133
63952
63941
63890
63888
63644
63603
63566
63533
63496
63493
63491
63464
63377
63376
63346
63271
63265
63259
63225
63183
63160
63114
63058
63028
62988
62938
62919
62852
62803
62789
62704
62659
62550
62462
62436
62417
62380
62345
62311
62278
62213
62206
62194
62185
62144
62014
61889
61873
61869
61814
61766
61741
61586
61575
61442
61433
61349
61328
61327
61283
61259
61125
61032
60957
60940
60875
60830
60791
60750
60670
60660
60620
60594
60584
60467
60457
60406
60362
60306
60305
60294
60292
60280
60245
60224
60224
60192
60145
60120
60024
59944
59920
59876
59810
59756
59702
59701
59673
59613
59592
59546
59526
59524
59344
59242
59232
59189
59100
59070
59070
58912
58908
58901
58886
58886
58791
58790
58702
58640
58525
58319
58296
58286
58217
58188
58152
58095
58083
58079
58016
57979
57890
57858
57648
57639
57628
57622
57528
57499
57475
57350
57349
57345
57319
57240
57210
57163
57123
57041
57039
56942
56900
56867
56801
56801
56781
56775
56743
56738
56696
56619
56597
56589
56550
56548
56521
56413
56394
56379
56334
56327
56322
56273
56241
56234
56152
56150
56074
56009
56003
55964
55958
55774
55693
55636
55559
55543
55537
55535
55492
55476
55469
55368
55282
55272
55246
55147
55094
55085
55057
55018
54989
54956
54852
54840
54838
54818
54643
54618
54595
54549
54453
54439
54421
54419
54396
54337
54333
54279
54185
54154
54103
54071
54044
54021
54020
53861
53833
53831
53761
53693
53586
53578
53530
53423
53355
53208
53190
53186
53105
53088
53069
52989
52958
52947
52944
52819
52770
52611
52566
52526
52469
52403
52347
52303
52295
52243
52216
52206
52092
51939
51908
51902
51862
51801
51692
51658
51630
51627
51612
51547
51546
51540
51512
51510
51449
51211
51187
51054
51034
50980
50948
50946
50893
50847
50829
50796
50787
50758
50728
50683
50681
50562
50445
50429
50425
50415
50375
50371
50367
50122
50119
50115
50054
49943
49933
49909
49703
49639
49566
49528
49458
49436
49244
49197
49196
49159
49142
49099
49096
49051
48998
48955
48933
48886
48860
48787
48750
48708
48705
48665
48647
48615
48602
48560
48544
48520
48476
48450
48412
48322
48174
48163
47832
47810
47755
47708
47693
47687
47680
47599
47499
47456
47398
47350
47258
47203
47117
47008
47007
46943
46886
46819
46812
46712
46667
46663
46538
46537
46513
46365
46351
46321
46297
46293
46286
46259
46256
46223
46185
46166
46145
46137
46084
46026
45994
45884
45876
45808
45807
45807
45751
45692
45649
45580
45485
45427
45312
45261
45144
45121
45085
45060
44991
44968
44912
44909
44907
44845
44749
44745
44702
44647
44603
44568
44523
44511
44379
44220
44211
44203
44174
44121
44081
44054
43971
43964
43930
43902
43856
43846
43786
43692
43663
43578
43551
43480
43472
43464
43443
43316
43177
43134
43112
43055
43026
42986
42936
42894
42636
42635
42572
42516
42508
42458
42388
42375
42367
42349
42248
42132
42102
42030
42027
42025
41991
41923
41923
41884
41867
41826
41816
41736
41698
41679
41668
41625
41594
41557
41550
41359
41337
41331
41288
41262
41248
41228
41210
41177
41152
40970
40969
40814
40805
40753
40742
40723
40657
40650
40623
40502
40477
40444
40374
40249
40244
40224
40219
40192
40146
40118
39911
39903
39873
39767
39727
39703
39697
39655
39617
39586
39547
39517
39438
39414
39366
39330
39319
39284
39266
39149
39005
38957
38920
38868
38827
38688
38593
38517
38504
38451
38438
38437
38404
38303
38299
38259
38239
38183
38161
38150
38111
38105
38078
38038
38023
37947
37936
37883
37819
37805
37761
37742
37694
37687
37629
37628
37601
37377
37260
37225
37185
37184
37170
37053
36928
36880
36844
36769
36753
36740
36723
36690
36653
36638
36638
36566
36549
36493
36479
36402
36342
36340
36320
36291
36256
36253
36161
36098
36045
36044
36023
36021
36020
35871
35846
35832
35690
35539
35400
35364
35261
35201
35106
34988
34981
34904
34903
34860
34816
34796
34780
34522
34357
34284
34161
34159
34148
34103
34066
34042
33915
33872
33805
33798
33767
33757
33743
33664
33593
33531
33448
33428
33331
33263
33218
33174
33069
33052
33047
32966
32898
32864
32849
32747
32746
32735
32715
32617
32612
32567
32463
32427
32299
32276
32211
32189
32156
32121
32029
31992
31946
31733
31546
31467
31430
31429
31391
31390
31318
31173
31138
31119
31091
31068
31039
30949
30852
30781
30731
30724
30598
30522
30426
30388
30388
30338
30336
30308
30261
30256
30181
30167
30152
30079
29991
29968
29840
29624
29616
29555
29546
29534
29504
29458
29393
29302
29122
29104
29096
29073
29069
29012
28984
28946
28904
28738
28718
28701
28682
28630
28630
28626
28575
28573
28571
28511
28507
28490
28484
28405
28361
28339
28306
28284
28258
28234
28079
28077
28020
28015
27952
27893
27870
27833
27812
27811
27690
27548
27505
27442
27223
27171
27135
27071
27046
26984
26951
26943
26923
26873
26761
26714
26704
26704
26670
26505
26474
26469
26355
26341
26274
26170
26165
26144
26140
26132
26103
26095
26069
26009
25918
25853
25825
25625
25543
25484
25436
25346
25283
25270
25056
25019
24937
24877
24788
24782
24777
24759
24709
24684
24683
24578
24574
24553
24539
24502
24366
24336
24271
24187
24158
24153
24099
24023
24000
23966
23944
23888
23868
23807
23794
23762
23528
23494
23434
23423
23413
23374
23274
23256
23236
23211
23205
23205
23185
23165
23158
23157
23153
23124
23020
22934
22928
22920
22879
22859
22842
22783
22703
22615
22615
22516
22482
22394
22331
22275
22271
22239
22220
22147
22052
21965
21951
21702
21693
21654
21643
21626
21571
21523
21474
21430
21420
21376
21350
21239
21186
21103
20986
20814
20812
20804
20801
20761
20759
20745
20699
20690
20603
20537
20445
20427
20387
20374
20358
20337
20329
20323
20237
20233
20210
20192
20152
20090
20081
20049
19971
19850
19806
19785
19761
19725
19689
19686
19657
19655
19584
19463
19351
19304
19267
19191
19186
19183
19177
19124
19119
19104
19076
19035
18834
18822
18798
18754
18607
18555
18532
18530
18412
18372
18263
18219
17953
17952
17927
17885
17796
17751
17743
17650
17557
17445
17412
17407
17390
17345
17323
17321
17300
17295
17259
17249
17224
17169
17153
16982
16775
16720
16676
16651
16609
16604
16603
16474
16430
16259
16174
16117
16110
16076
16009
15907
15859
15766
15635
15616
15585
15527
15520
15366
15303
15263
15177
15023
15016
15013
15013
15000
14966
14903
14878
14730
14711
14698
14652
14550
14521
14514
14504
14392
14316
14140
14125
14046
13956
13932
13846
13753
13716
13680
13674
13652
13601
13596
13460
13388
13368
13352
13338
13299
13283
13282
13240
13184
13019
12979
12926
12872
12823
12773
12687
12640
12569
12553
12523
12425
12377
12340
12330
12254
12248
12171
12098
12043
11749
11689
11641
11617
11507
11482
11440
11434
11371
11295
11270
11203
11067
11058
11047
11024
10850
10734
10548
10432
10345
10251
10167
10167
10165
10140
10070
9975
9971
9794
9761
9726
9697
9686
9628
9529
9489
9450
9400
9337
9337
9237
9123
9011
8934
8929
8858
8851
8606
8536
8521
8510
8503
8497
8370
8369
8354
8244
8238
8211
8183
8177
8071
8044
8037
7999
7933
7893
7872
7818
7726
7613
7611
7525
7486
7455
7362
7319
7304
7293
7284
7283
7269
7268
7106
7091
7062
7057
7054
6943
6922
6826
6747
6716
6640
6624
6614
6605
6531
6473
6465
6441
6420
6383
6321
6298
6253
6186
6053
6017
5983
5939
5906
5899
5857
5839
5824
5777
5595
5480
5425
5364
5342
5318
5108
5101
4920
4857
4735
4666
4641
4606
4555
4527
4520
4514
4412
4381
4351
4327
4309
4276
4239
4213
4078
4031
4011
3985
3859
3805
3759
3759
3755
3561
3518
3502
3398
3385
3369
3342
3265
3238
3229
3224
3221
3108
3038
2948
2924
2885
2793
2768
2723
2625
2594
2585
2575
2542
2468
2401
2311
2306
2255
2211
2168
2124
2009
2004
1945
1935
1917
1797
1590
1555
1459
1296
1254
1245
1242
1120
1118
1097
1080
1024
982
975
909
682
612
593
540
451
409
397
369
232
231
183
48
