99975
99925
99884
99793
99648
99638
99633
99603
99521
99509
99496
99447
99440
99396
99393
99327
99268
99173
99153
99121
99119
99074
99059
99059
98989
98965
98954
98881
98850
98838
98811
98806
98798
98781
98646
98581
98519
98515
98483
98437
98428
98342
98285
98198
98143
98053
98048
97825
97722
97617
97590
97544
97290
97187
97116
97048
97026
97015
96947
96915
96906
96863
96792
96768
96740
96690
96658
96620
96580
96541
96496
96457
96309
96273
96267
96254
96114
95931
95884
95782
95745
95710
95697
95659
95602
95420
95399
95289
95129
95110
95110
95034
94979
94898
94890
94867
94850
94655
94563
94542
94456
94449
94447
94178
94153
94153
94104
94038
94037
94027
94013
93977
93741
93654
93538
93483
93384
93201
93189
93177
93115
93001
92836
92777
92717
92653
92608
92459
92371
92364
92333
92311
92304
92299
92279
92265
92131
92116
92103
92055
91972
91924
91709
91691
91657
91629
91365
91347
91333
91316
91229
91219
91043
91022
90900
90859
90857
90849
90840
90814
90736
90713
90662
90536
90495
90454
90353
90323
90307
90260
90234
90077
89960
89938
89931
89925
89872
89842
89815
89810
89726
89689
89673
89652
89600
89440
89214
89165
89122
89070
89044
89026
88986
88980
88960
88912
88813
88703
88665
88625
88622
88584
88560
88532
88498
88469
88458
88382
88364
88188
88183
88148
88048
87932
87793
87558
87459
87357
87342
87302
87243
87243
87230
87073
87010
86983
86980
86930
86889
86864
86745
86670
86652
86607
86586
86515
86400
86399
86389
86351
86339
86305
86256
86244
86237
86173
86167
86091
86063
85994
85985
85941
85929
85917
85861
85794
85721
85556
85483
85461
85453
85389
85206
85199
85112
84998
84978
84975
84952
84947
84917
84898
84884
84870
84808
84737
84736
84715
84709
84627
84622
84588
84550
84537
84501
84497
84493
84424
84352
84329
84213
84201
84160
84143
84105
84085
84082
83901
83896
83878
83688
83634
83614
83604
83592
83570
83416
83340
83318
83283
83180
83148
83115
83086
83084
83056
83020
82968
82940
82808
82797
82640
82595
82568
82531
82491
82401
82374
82360
82349
82319
82181
82138
82102
82080
81994
81977
81973
81763
81757
81736
81699
81656
81624
81622
81617
81567
81494
81478
81473
81376
81373
81345
81337
81324
81250
81065
81045
81028
81009
80809
80693
80621
80611
80553
80340
80241
80190
80182
80171
80078
80040
79925
79791
79786
79776
79740
79650
79574
79502
79488
79478
79477
79448
79444
79427
79408
79406
79369
79308
79268
79256
79136
79108
79090
78820
78807
78753
78680
78608
78519
78465
78393
78371
78295
78268
78259
78212
78202
77998
77934
77840
77755
77735
77718
77679
77625
77587
77585
77580
77365
77347
77280
77250
77231
77228
77213
76976
76947
76773
76768
76738
76723
76667
76666
76548
76543
76513
76489
76334
76280
76276
76274
76235
76144
76089
76080
76030
75906
75884
75827
75781
75720
75643
75638
75637
75631
75606
75554
75504
75401
75367
75325
75228
75217
75191
75185
75180
74946
74880
74870
74861
74841
74813
74716
74682
74657
74642
74520
74366
74301
74269
74236
74233
74206
74198
74197
74157
74117
74086
74086
74042
74018
74015
73984
73901
73762
73597
73556
73540
73505
73502
73454
73450
73439
73374
73352
73254
73207
73183
73176
73150
73049
73002
72906
72849
72838
72794
72742
72637
72554
72553
72478
72411
72405
72307
72284
72239
72148
72085
72057
72016
71939
71907
71901
71835
71817
71796
71763
71734
71709
71625
71598
71430
71409
71275
71121
71089
70986
70918
70854
70827
70710
70705
70701
70695
70639
70631
70607
70575
70483
70471
70428
70399
70318
70315
70314
70311
70208
70046
70037
70036
69997
69900
69839
69767
69725
69685
69608
69574
69572
69494
69487
69438
69412
69386
69232
69156
69118
68958
68956
68860
68845
68786
68705
68672
68670
68664
68532
68523
68507
68491
68434
68425
68398
68368
68358
68353
68332
68269
68266
68233
68119
68080
67959
67902
67856
67826
67825
67806
67785
67781
67752
67741
67698
67653
67636
67634
67625
67519
67491
67403
67398
67272
67225
67098
67088
67075
67049
67031
67027
66982
66876
66869
66790
66731
66722
66654
66649
66640
66638
66604
66583
66565
66507
66416
66334
66260
66238
66187
66176
66146
66126
66121
66020
65955
65951
65931
65919
65909
65897
65897
65873
65840
65829
65770
65734
65722
65711
65690
65687
65618
65548
65297
65297
65281
65258
65258
65180
65141
65098
65032
64921
64911
64903
64849
64846
64831
64820
64673
64658
64610
64509
64444
64377
64157
64106
64092
64075
64060
64050
64018
64002
63941
63912
63774
63743
63731
63717
63697
63496
63483
63409
63362
63165
63165
63138
63129
63025
63003
62998
62995
62924
62902
62886
62877
62824
62812
62789
62690
62686
62632
62567
62529
62516
62483
62477
62453
62441
62433
62408
62363
62311
62265
62176
62123
62105
62048
62044
62042
62037
62019
61975
61956
61906
61902
61896
61687
61543
61338
61305
61196
61168
61148
61131
60784
60776
60654
60605
60592
60531
60514
60491
60486
60421
60405
60298
60281
60267
60238
60237
60087
60075
60029
59930
59730
59703
59614
59518
59460
59392
59371
59361
59349
59328
59274
59146
59134
59126
59047
58977
58952
58950
58946
58936
58916
58885
58668
58635
58548
58469
58444
58378
58366
58359
58348
58299
58251
58224
58222
58188
58133
58111
58097
58025
58024
57856
57854
57837
57815
57814
57779
57715
57693
57594
57546
57506
57318
57303
57220
57176
57054
57044
56983
56981
56946
56930
56921
56880
56774
56730
56727
56698
56639
56635
56506
56440
56322
56211
56195
56177
56172
56148
56144
56133
56082
56067
55976
55918
55912
55786
55734
55726
55700
55522
55494
55458
55386
55267
55186
55186
55186
55134
55130
55026
54997
54949
54903
54899
54818
54777
54755
54722
54699
54589
54581
54577
54516
54508
54494
54406
54386
54290
54209
54122
54099
54044
53972
53906
53902
53880
53786
53749
53748
53715
53703
53642
53616
53578
53576
53552
53519
53505
53420
53412
53377
53362
53255
53251
53229
53170
53114
52879
52857
52729
52584
52472
52464
52415
52411
52400
52322
52199
52150
52095
52058
52012
51921
51913
51781
51775
51742
51487
51421
51403
51402
51361
51350
51196
51036
51003
50911
50845
50828
50792
50787
50657
50634
50632
50522
50519
50400
50386
50288
50270
50199
50180
50174
50147
50141
50032
49970
49951
49923
49826
49825
49719
49633
49621
49597
49535
49532
49479
49466
49459
49445
49399
49371
49305
49286
49211
49205
49139
48983
48973
48969
48949
48941
48923
48915
48818
48768
48542
48537
48497
48490
48396
48375
48370
48366
48315
48291
48197
48194
48149
48141
48119
48112
48055
48032
47986
47922
47908
47905
47852
47809
47769
47756
47723
47682
47636
47574
47490
47471
47446
47409
47389
47323
47309
47238
47192
47155
47141
47009
46988
46942
46926
46921
46915
46882
46874
46874
46872
46847
46766
46748
46668
46657
46656
46604
46529
46497
46490
46474
46390
46348
46331
46298
46272
46206
46163
46064
46026
45905
45890
45885
45857
45762
45667
45628
45589
45497
45470
45416
45386
45379
45373
45317
45307
45281
45168
44932
44887
44856
44853
44843
44822
44755
44746
44711
44678
44532
44524
44481
44396
44353
44334
44299
44251
44245
44210
44206
44175
44121
43897
43777
43718
43709
43689
43680
43655
43626
43482
43281
43262
43148
43091
43014
42998
42871
42806
42791
42697
42643
42640
42637
42610
42573
42568
42431
42330
42310
42269
42131
42089
41995
41957
41938
41909
41815
41793
41735
41734
41730
41704
41671
41588
41587
41584
41407
41383
41346
41338
41248
41245
41178
41145
41130
41123
41115
41083
41014
40960
40947
40882
40859
40846
40846
40755
40747
40734
40698
40661
40659
40642
40641
40560
40513
40411
40228
40224
40218
40176
40171
40151
40104
40012
40001
39981
39964
39913
39832
39697
39652
39625
39562
39541
39487
39478
39430
39378
39372
39281
39200
39169
39104
39100
39099
39078
39071
39043
39041
38998
38909
38844
38815
38801
38707
38671
38625
38552
38488
38488
38484
38462
38431
38333
38290
38286
38121
38071
38050
38032
37977
37880
37856
37841
37737
37685
37644
37635
37572
37503
37490
37488
37458
37279
37165
37134
37130
37110
37088
37012
36888
36879
36823
36705
36674
36650
36605
36605
36560
36552
36537
36389
36350
36223
36205
36175
36098
36059
36017
35992
35744
35721
35698
35631
35540
35341
35311
35292
35269
35238
35204
35186
35079
34621
34581
34546
34520
34436
34391
34368
34328
34233
34170
34147
34142
34132
34061
33844
33691
33660
33573
33560
33386
33379
33333
33295
33210
33184
33144
33126
32876
32874
32859
32783
32763
32752
32740
32723
32703
32630
32622
32565
32529
32485
32470
32438
32436
32262
32140
32112
32076
32033
31966
31956
31953
31931
31926
31919
31867
31856
31792
31757
31650
31620
31552
31528
31519
31472
31457
31428
31410
31172
31168
31142
30874
30863
30828
30810
30771
30762
30640
30606
30475
30392
30270
30111
30099
30078
30072
30014
29974
29972
29969
29966
29961
29951
29842
29785
29778
29709
29635
29573
29547
29516
29470
29433
29432
29345
29338
29332
29323
29252
29236
29205
29162
29156
29137
29055
29034
28963
28962
28888
28882
28868
28826
28821
28800
28704
28606
28603
28572
28494
28411
28374
28272
28265
28243
28225
28192
28097
28063
28058
28053
28027
27976
27926
27676
27652
27643
27635
27531
27486
27382
27302
27206
27205
26987
26967
26954
26886
26746
26744
26706
26694
26647
26628
26408
26220
26192
26188
26185
26137
26134
26072
25957
25902
25742
25728
25645
25602
25593
25530
25513
25490
25438
25223
25223
25128
24978
24939
24857
24739
24505
24433
24410
24401
24382
24332
24330
24301
24236
24123
24115
24114
24107
24094
23966
23923
23881
23880
23733
23721
23713
23686
23593
23542
23474
23449
23415
23371
23364
23331
23165
23135
23007
22986
22977
22973
22956
22944
22934
22746
22733
22680
22589
22589
22555
22533
22522
22519
22379
22374
22364
22363
22305
22289
22287
22181
22134
22113
22073
22040
21972
21903
21882
21820
21784
21661
21567
21539
21533
21478
21458
21402
21402
21363
21315
21300
21199
21134
21085
21051
21033
21017
20953
20790
20786
20777
20643
20596
20589
20475
20381
20331
20122
20085
20012
19969
19946
19829
19781
19734
19615
19569
19563
19518
19419
19405
19280
19270
19255
19209
19159
19089
19011
18924
18899
18823
18741
18673
18673
18641
18617
18565
18459
18420
18308
18301
18273
18133
18077
18044
18030
18024
17957
17925
17920
17894
17884
17856
17791
17696
17593
17551
17487
17408
17385
17159
17148
16991
16935
16933
16782
16736
16728
16723
16642
16549
16548
16438
16388
16283
16167
16160
16123
16123
16054
15987
15911
15819
15798
15769
15691
15687
15584
15487
15443
15351
15347
15191
15162
15090
15086
15064
15050
15031
15027
15009
14978
14931
14885
14868
14809
14809
14788
14762
14595
14587
14576
14574
14438
14420
14320
14257
14222
14143
14136
14046
14042
14029
13955
13947
13883
13858
13811
13803
13793
13737
13731
13703
13685
13648
13635
13583
13576
13562
13561
13308
13293
13280
13274
13259
13255
13241
13162
13120
13066
12951
12712
12671
12633
12604
12505
12467
12439
12370
12362
12316
12300
12247
12122
12061
12060
12038
12024
11892
11728
11693
11680
11678
11674
11490
11466
11399
11385
11350
11307
11297
11293
11165
11131
11098
11097
11059
11020
10909
10903
10877
10842
10802
10798
10723
10633
10620
10605
10474
10295
10284
10202
10198
10077
10030
10028
10016
9970
9965
9720
9702
9693
9628
9542
9428
9397
9393
9273
9241
9097
9061
8994
8824
8615
8562
8378
8299
8295
8290
8254
8247
8196
8194
8157
8118
8105
8098
8083
7974
7970
7961
7885
7831
7826
7802
7714
7703
7621
7515
7502
7489
7408
7398
7388
7362
7311
7309
7280
7255
7242
7222
7100
7023
6982
6933
6835
6822
6808
6804
6744
6651
6650
6571
6566
6559
6554
6529
6513
6489
6440
6386
6364
6323
6297
6243
6225
6150
6148
6112
5816
5734
5637
5589
5536
5505
5436
5386
5378
5376
5313
5303
5303
5287
5282
5224
5137
5091
4975
4824
4723
4708
4666
4662
4636
4606
4575
4529
4501
4431
4330
4304
4236
4188
4171
4166
4151
4061
3990
3978
3975
3907
3878
3867
3823
3812
3754
3732
3642
3570
3513
3430
3371
3355
3348
3345
3308
3305
3289
3137
3044
2764
2749
2700
2666
2558
2555
2523
2518
2422
2320
2292
2219
2214
2078
2056
1937
1893
1868
1847
1819
1795
1785
1749
1640
1607
1603
1559
1481
1398
1390
1303
1286
1277
1213
1213
1158
1078
1076
1017
988
927
911
801
792
783
769
709
667
628
625
620
587
479
478
413
293
233
203
196
148
