99925
99866
99859
99781
99746
99729
99727
99690
99669
99619
99590
99581
99437
99381
99340
99318
99286
99188
99056
99028
99025
98979
98973
98943
98911
98845
98749
98723
98694
98626
98623
98617
98459
98452
98348
98312
98234
98219
98137
98096
98088
98036
97958
97848
97745
97728
97639
97488
97472
97463
97454
97433
97384
97350
97348
97346
97313
97276
97275
97239
97210
97199
97120
96930
96900
96884
96854
96843
96808
96736
96716
96715
96672
96618
96481
96460
96440
96430
96388
96372
96207
96181
96151
96140
96119
96109
96095
95995
95935
95858
95743
95690
95677
95644
95546
95509
95361
95225
95220
95215
95198
95145
95042
94944
94913
94896
94826
94550
94512
94504
94492
94490
94278
94135
94110
93851
93800
93769
93715
93705
93617
93519
93421
93260
93166
93109
93096
93088
93087
93085
93080
93020
93012
92957
92817
92649
92622
92609
92504
92481
92478
92397
92296
92281
92223
92216
91920
91831
91773
91764
91756
91753
91578
91327
91305
91221
91147
91143
90954
90889
90862
90824
90775
90742
90627
90613
90606
90576
90564
90527
90461
90408
90363
90314
90298
90288
90255
90235
90181
90136
89977
89934
89929
89816
89768
89626
89576
89551
89515
89285
89257
89165
89128
89062
89022
89021
89020
88977
88934
88693
88652
88651
88591
88537
88436
88352
88269
88176
88138
88081
88051
87717
87619
87415
87386
87329
87149
87131
87090
87004
86921
86586
86578
86539
86486
86486
86436
86422
86419
86407
86393
86350
86293
86246
86208
86158
86065
86001
85937
85883
85871
85851
85836
85771
85741
85730
85620
85605
85588
85548
85517
85498
85470
85431
85424
85387
85309
85286
85266
85251
85234
85230
85223
85184
85114
85075
84993
84955
84950
84871
84867
84643
84622
84609
84583
84546
84485
84439
84418
84412
84271
84191
84183
84175
84150
84146
84094
84036
83948
83944
83910
83872
83800
83676
83656
83647
83646
83604
83548
83539
83516
83511
83361
83340
83307
83296
83260
83239
83232
83080
83080
83023
83012
83005
82962
82941
82929
82929
82917
82911
82895
82850
82834
82822
82791
82769
82729
82721
82685
82657
82555
82503
82379
82309
82257
82212
82135
82109
82087
82072
82071
81993
81958
81882
81878
81830
81781
81769
81725
81724
81701
81690
81647
81571
81492
81457
81426
81375
81373
81294
81261
81216
81150
81124
81070
80941
80931
80902
80790
80747
80737
80671
80616
80459
80422
80326
80207
80206
80193
80127
80088
80067
79887
79871
79786
79703
79626
79598
79566
79547
79529
79526
79464
79422
79416
79387
79364
79355
79331
79280
79178
79171
79142
79098
79010
78950
78911
78857
78844
78813
78764
78762
78747
78670
78627
78510
78402
78238
78228
78195
78164
77985
77979
77895
77753
77703
77678
77654
77648
77638
77547
77456
77429
77397
77227
77142
77129
77038
76932
76900
76812
76793
76728
76716
76680
76655
76653
76556
76315
76302
76291
76168
76159
76159
76152
76132
76110
76095
76086
76082
76024
75974
75957
75921
75821
75819
75783
75654
75642
75588
75568
75544
75535
75411
75375
75321
75175
75147
75143
75031
75015
74983
74961
74947
74924
74916
74877
74857
74807
74790
74769
74758
74744
74739
74703
74677
74676
74674
74654
74564
74556
74498
74491
74452
74411
74380
74348
74183
74182
74173
74161
74052
74017
74008
73979
73935
73924
73910
73902
73886
73841
73809
73806
73707
73677
73672
73660
73502
73353
73205
73194
73150
73129
72960
72947
72917
72890
72881
72866
72823
72813
72775
72715
72712
72652
72515
72504
72460
72443
72418
72401
72363
72343
72301
72201
72173
72140
72024
71996
71929
71880
71679
71560
71440
71412
71304
71220
71210
71200
71151
71098
71094
71059
71013
70989
70982
70894
70845
70843
70823
70814
70748
70634
70634
70610
70457
70440
70428
70394
70325
70318
70311
70282
70155
70063
70041
70024
69749
69709
69631
69618
69611
69582
69553
69488
69344
69340
69322
69308
69257
69247
69221
69200
69136
69115
69046
69044
69024
69023
69006
68993
68877
68873
68799
68667
68492
68432
68401
68400
68343
68331
68304
68268
68257
68246
68244
68193
68129
67943
67917
67908
67833
67745
67698
67674
67625
67610
67535
67439
67438
67370
67355
67259
67190
67144
67143
67096
67038
66935
66925
66890
66875
66856
66817
66814
66769
66744
66703
66697
66694
66664
66612
66488
66389
66382
66377
66209
66208
66192
66173
66102
65984
65977
65977
65915
65893
65891
65837
65680
65676
65654
65628
65607
65366
65292
65289
65271
65086
65056
64994
64993
64920
64897
64829
64806
64786
64726
64721
64694
64669
64635
64631
64576
64425
64423
64208
64092
64048
64037
64006
64003
63988
63929
63876
63820
63763
63750
63689
63596
63553
63470
63451
63438
63425
63339
63337
63309
63283
63233
63211
63165
63126
62957
62808
62803
62769
62718
62697
62631
62619
62616
62548
62525
62502
62468
62443
62405
62356
62251
62228
62202
62171
62169
62113
62057
62048
62039
62006
61837
61799
61745
61727
61659
61587
61566
61521
61436
61410
61378
61378
61286
61264
61201
61180
61107
60982
60940
60750
60745
60682
60645
60558
60512
60461
60423
60422
60404
60365
60263
60260
60059
59986
59905
59883
59797
59745
59736
59694
59647
59629
59511
59496
59466
59412
59397
59026
58952
58860
58854
58850
58706
58593
58526
58509
58507
58504
58496
58384
58350
58340
58262
58187
58164
58027
58003
58000
57992
57964
57895
57677
57625
57607
57581
57460
57421
57374
57363
57361
57247
57220
57216
57177
57167
57098
57043
56887
56885
56705
56669
56607
56595
56496
56464
56450
56288
56238
56237
56235
56223
56196
56153
56088
56076
56053
55983
55843
55790
55769
55763
55675
55618
55566
55543
55527
55495
55481
55474
55420
55419
55405
55403
55295
55117
55058
54945
54750
54681
54656
54591
54546
54497
54375
54264
54246
54244
54240
54164
54164
54110
54052
53993
53990
53970
53964
53954
53923
53889
53857
53849
53846
53831
53829
53822
53815
53799
53795
53727
53714
53670
53587
53527
53524
53372
53372
53269
53245
53197
53184
53171
53154
53139
53121
53118
53073
53048
53039
53033
52988
52959
52944
52899
52885
52750
52597
52468
52466
52465
52425
52424
52370
52252
52237
52218
52180
52173
52158
52122
52117
52102
52075
51991
51984
51943
51928
51901
51840
51836
51832
51824
51816
51724
51717
51711
51518
51508
51439
51344
51198
51189
51064
51058
50994
50989
50975
50964
50955
50926
50924
50858
50847
50699
50559
50514
50466
50462
50373
50351
50349
50293
50160
50139
50109
50095
50090
50074
50064
50048
50036
49990
49970
49946
49913
49895
49837
49815
49714
49618
49609
49598
49551
49515
49493
49419
49356
49301
49221
49184
49169
48902
48871
48832
48827
48697
48657
48473
48401
48358
48335
48273
48182
48171
48101
48066
48045
48025
48000
47984
47953
47921
47856
47838
47717
47710
47699
47691
47652
47632
47620
47588
47546
47544
47544
47515
47511
47504
47372
47347
47289
47274
47262
47232
47193
47157
46910
46885
46857
46806
46765
46763
46736
46676
46673
46633
46542
46504
46439
46356
46339
46286
46244
46189
46167
46149
46140
46029
46017
45917
45883
45878
45832
45818
45778
45712
45688
45584
45563
45549
45504
45474
45462
45392
45365
45351
45165
45142
45115
45103
45092
45076
45056
44982
44971
44907
44892
44878
44794
44762
44727
44703
44676
44657
44640
44627
44443
44429
44377
44360
44264
44177
44107
44037
44036
44033
44032
43998
43923
43818
43778
43750
43723
43564
43559
43536
43461
43445
43267
43238
43235
43219
43212
43206
43186
43172
43105
42980
42945
42934
42907
42895
42857
42796
42771
42752
42730
42636
42593
42310
42275
42146
42070
42003
41945
41932
41792
41780
41612
41538
41497
41296
41266
41258
41249
41214
41203
41194
41189
41182
41153
41151
41099
40957
40945
40900
40805
40774
40761
40693
40516
40499
40460
40353
40322
40286
40257
40184
40097
40038
39949
39898
39880
39876
39829
39772
39636
39620
39434
39358
39338
39322
39318
39292
39272
39140
39028
39016
39004
38963
38873
38830
38717
38678
38662
38643
38547
38509
38458
38415
38297
38271
38181
38158
38143
38108
38086
38060
38052
38014
37980
37706
37675
37663
37631
37545
37528
37494
37384
37359
37282
37276
36955
36880
36863
36851
36768
36660
36578
36546
36488
36478
36380
36372
36284
36264
36248
36241
36226
36123
36069
36026
36025
35955
35880
35874
35738
35613
35600
35598
35512
35458
35390
35336
35305
35214
35181
35176
35163
35018
34916
34828
34805
34800
34768
34732
34697
34693
34650
34642
34621
34545
34466
34457
34454
34425
34245
34233
34146
34136
34100
34082
33958
33936
33873
33816
33541
33466
33417
33385
33312
33287
33252
33200
33094
33089
33076
33059
33053
33049
33037
32968
32967
32880
32562
32558
32401
32306
32263
32235
32209
32201
32165
32134
32124
32120
32088
32044
32031
32015
31946
31877
31859
31858
31748
31700
31683
31553
31510
31492
31474
31471
31464
31456
31386
31307
31306
31282
31160
31062
30898
30874
30864
30851
30759
30741
30710
30694
30669
30630
30532
30434
30425
30289
30174
30154
30128
30121
30095
30082
30075
30070
30041
29993
29934
29905
29883
29867
29798
29573
29561
29543
29510
29496
29423
29423
29247
29175
29092
29044
29023
28941
28866
28855
28685
28663
28624
28566
28557
28538
28530
28427
28395
28392
28379
28366
28331
28252
28204
28202
28179
28123
28074
28066
28057
27939
27822
27821
27789
27786
27778
27612
27432
27388
27297
27280
27264
27241
27234
27125
27108
27096
27032
26971
26791
26674
26648
26543
26540
26525
26495
26492
26455
26442
26424
26395
26326
26295
26194
26154
26126
25997
25968
25962
25961
25938
25898
25806
25729
25718
25665
25510
25504
25493
25477
25391
25358
25343
25342
25265
25228
25153
24935
24773
24772
24546
24426
24414
24411
24408
24391
24383
24319
24315
24289
24233
24165
24017
24016
23939
23926
23851
23759
23755
23648
23492
23452
23372
23283
23267
23225
23140
23050
23049
22960
22947
22826
22788
22742
22666
22540
22532
22442
22412
22351
22245
22238
22097
22046
22027
22012
21948
21913
21880
21839
21830
21727
21719
21689
21679
21674
21634
21587
21523
21476
21446
21441
21400
21310
21276
21274
21252
21230
21149
21059
20905
20903
20749
20631
20584
20542
20500
20495
20457
20364
20273
20196
20169
20147
20094
20014
20010
19981
19852
19843
19748
19691
19659
19611
19594
19585
19435
19398
19334
19331
19322
19195
19097
19025
18913
18876
18862
18857
18849
18731
18703
18588
18478
18430
18423
18398
18395
18370
18357
18282
18238
18214
18162
18103
18064
18025
17954
17947
17902
17886
17831
17784
17769
17752
17749
17680
17661
17624
17538
17424
17410
17363
17354
17334
17283
17267
17234
17216
17187
17132
17120
17073
17027
16976
16956
16780
16676
16605
16414
16407
16364
16176
16097
16097
16096
16078
16035
16020
15994
15957
15933
15930
15912
15908
15890
15867
15849
15845
15756
15613
15551
15532
15528
15485
15326
15296
15276
15271
15230
15216
15185
15170
15106
15085
15046
14990
14979
14845
14821
14731
14724
14651
14645
14644
14420
14376
14344
14285
14254
14244
14185
14097
14032
14014
13947
13925
13871
13859
13846
13739
13736
13672
13670
13660
13641
13632
13586
13536
13507
13404
13378
13256
13231
13183
13149
13142
13102
12967
12966
12941
12828
12799
12754
12749
12626
12598
12578
12543
12530
12416
12392
12387
12332
12255
12239
12233
12122
12119
11879
11872
11857
11821
11772
11752
11736
11667
11509
11495
11485
11427
11385
11261
11102
11098
11078
10986
10935
10846
10839
10825
10723
10708
10672
10655
10603
10575
10510
10430
10420
10351
10326
10157
10119
10085
10015
9954
9952
9927
9843
9685
9680
9668
9602
9581
9535
9524
9523
9421
9400
9387
9284
9225
9221
9221
9194
9194
9178
9137
9134
9009
9006
8982
8966
8874
8869
8855
8848
8732
8712
8629
8588
8584
8581
8533
8519
8416
8406
8340
8313
8240
8236
8231
8115
8043
7924
7919
7915
7846
7762
7732
7677
7673
7648
7625
7589
7573
7525
7500
7409
7360
7262
7232
7190
7160
7143
6992
6959
6868
6835
6783
6752
6643
6608
6577
6528
6521
6426
6321
6276
6264
6237
6210
6183
6007
5983
5846
5737
5601
5504
5490
5488
5412
5209
5202
5084
4872
4787
4701
4640
4625
4605
4529
4449
4397
4330
4128
4109
4049
4004
3988
3932
3726
3656
3617
3562
3307
3297
3114
3087
3047
2977
2961
2870
2785
2760
2732
2728
2728
2669
2669
2638
2474
2323
2279
2124
2123
2074
1996
1898
1881
1868
1805
1794
1787
1737
1709
1708
1706
1670
1660
1632
1619
1579
1578
1445
1436
1409
1055
895
885
784
723
709
705
628
622
548
543
481
470
331
175
150
140
121
106
100
79
