99911
99776
99754
99733
99722
99562
99522
99502
99464
99382
99378
99314
99308
99262
99252
99170
99159
99144
98987
98934
98930
98906
98879
98877
98820
98813
98797
98680
98646
98567
98433
98305
98258
98199
98127
98089
98076
98072
98043
98043
98030
98025
98023
98004
97851
97851
97837
97813
97809
97773
97762
97753
97737
97729
97704
97667
97600
97594
97593
97562
97547
97525
97503
97492
97435
97421
97368
97352
97334
97329
97303
97244
97220
97125
97044
97039
96902
96774
96768
96748
96742
96726
96690
96619
96609
96588
96582
96563
96434
96397
96354
96327
96321
96300
96292
96192
96174
96125
96090
95872
95825
95712
95456
95433
95432
95369
95303
95265
95254
95203
95160
95125
95049
95042
94998
94955
94918
94841
94811
94741
94735
94714
94695
94612
94410
94357
94334
94317
94197
94181
94065
94049
94040
94032
94014
93977
93934
93921
93902
93889
93860
93845
93841
93657
93633
93613
93608
93542
93497
93485
93485
93461
93416
93391
93360
93355
93331
93280
93225
93153
93088
93012
92861
92820
92774
92693
92663
92655
92648
92608
92557
92475
92445
92439
92410
92407
92396
92292
92287
92196
92145
92112
92078
92042
91998
91995
91985
91846
91761
91551
91521
91353
91350
91300
91274
91220
91195
91165
91103
91094
91038
91020
90939
90890
90859
90723
90709
90655
90512
90457
90455
90428
90349
90346
90286
90281
90234
90121
90102
90012
90011
89980
89958
89948
89940
89938
89733
89719
89713
89570
89306
89211
89169
89159
89147
89145
89106
89098
89052
88999
88980
88978
88868
88778
88679
88678
88627
88622
88572
88249
88212
88208
88128
88054
88054
88023
88009
87954
87866
87798
87759
87640
87591
87569
87478
87442
87366
87266
87221
87177
87104
87093
87051
87030
87003
86969
86868
86775
86760
86746
86651
86636
86594
86400
86366
86341
86304
86249
86234
86227
86221
86111
86093
86059
86056
86008
85934
85930
85922
85862
85794
85747
85731
85730
85655
85618
85608
85604
85540
85500
85464
85444
85324
85238
85094
85011
84929
84685
84681
84679
84639
84529
84425
84255
84241
84134
84106
84073
83994
83983
83899
83846
83772
83741
83672
83601
83496
83475
83421
83344
83257
83224
83192
83018
82944
82929
82916
82861
82824
82804
82718
82641
82631
82585
82549
82521
82452
82399
82352
82316
82285
82187
82179
81898
81874
81868
81860
81726
81649
81633
81607
81559
81310
81291
81251
81249
81210
81055
80963
80958
80956
80952
80952
80911
80908
80895
80853
80846
80834
80818
80789
80648
80549
80520
80420
80410
80389
80387
80349
80337
80327
80214
80153
80147
80086
80084
80062
79944
79943
79902
79871
79842
79770
79768
79733
79627
79615
79580
79557
79508
79501
79346
79283
79257
79221
79122
79088
79086
79039
79006
78950
78945
78893
78879
78872
78814
78796
78707
78580
78574
78569
78492
78487
78418
78360
78302
78287
78245
78199
78169
78122
78074
78046
78027
78014
77986
77938
77870
77725
77678
77607
77599
77546
77464
77418
77402
77371
77363
77233
77226
77200
77148
77015
76879
76802
76735
76676
76672
76579
76539
76496
76495
76494
76478
76466
76463
76422
76334
76268
76228
76126
76119
76109
76003
75943
75757
75747
75740
75726
75719
75718
75668
75656
75621
75486
75447
75428
75367
75214
75204
75179
75168
75159
75038
75008
74943
74924
74906
74899
74889
74852
74782
74767
74761
74457
74446
74445
74294
74279
74116
74075
74055
74031
73959
73866
73848
73802
73792
73641
73631
73508
73492
73482
73415
73388
73319
73317
73220
73177
73144
73143
73140
73028
72885
72767
72679
72579
72467
72419
72326
72310
72257
72188
72100
72068
72025
72016
71960
71936
71878
71657
71630
71594
71477
71452
71390
71379
71335
71282
71208
71148
71063
70998
70963
70870
70857
70782
70736
70726
70694
70658
70629
70530
70476
70460
70390
70375
70360
70335
70310
70296
70250
70087
70023
69987
69754
69750
69667
69653
69635
69535
69513
69503
69480
69474
69403
69386
69374
69363
69350
69309
69286
69236
69183
69162
69156
69154
69125
69106
69078
69063
69013
69006
68860
68857
68836
68807
68791
68776
68773
68681
68644
68642
68622
68615
68561
68468
68459
68444
68416
68401
68393
68381
68379
68360
68313
68165
68147
68143
68142
68052
68039
68035
68026
68015
67970
67854
67722
67717
67568
67423
67353
67322
67223
67207
67154
67110
66890
66761
66695
66689
66643
66598
66596
66513
66510
66499
66422
66352
66333
66208
66098
66037
66013
66011
65992
65969
65968
65781
65749
65743
65737
65719
65649
65508
65486
65454
65313
65310
65294
65288
65278
65265
65205
65174
64985
64952
64933
64920
64902
64869
64795
64761
64740
64693
64690
64683
64583
64496
64447
64435
64427
64366
64330
64323
64306
64181
64067
64033
63813
63804
63779
63710
63698
63692
63556
63402
63375
63316
63251
63196
63140
63110
63003
62964
62937
62934
62829
62786
62749
62688
62646
62635
62555
62524
62504
62427
62391
62332
62260
62221
62207
62159
62070
61960
61934
61916
61848
61770
61747
61720
61547
61505
61501
61426
61403
61379
61345
61316
61225
61206
61184
61145
60986
60948
60874
60829
60808
60800
60718
60661
60651
60535
60513
60466
60331
60307
60216
60209
60194
60179
60175
60167
60028
59957
59949
59945
59932
59841
59791
59750
59683
59611
59533
59507
59424
59386
59290
59264
59235
59161
59127
59121
59078
59045
59040
59039
59008
58996
58902
58896
58895
58882
58836
58807
58671
58601
58579
58458
58311
58302
58259
58224
58194
58188
58154
58118
58111
58074
58066
58050
58003
57970
57956
57899
57823
57753
57732
57686
57668
57656
57640
57487
57479
57461
57372
57365
57341
57340
57291
57276
57189
57107
56987
56902
56856
56829
56799
56753
56698
56693
56674
56616
56616
56551
56511
56510
56476
56416
56408
56339
56306
56296
56281
56249
56066
56040
55917
55897
55761
55721
55524
55506
55488
55456
55412
55408
55353
55348
55344
55265
55170
55109
55066
55059
55048
55021
55010
54958
54928
54789
54761
54718
54677
54650
54575
54571
54556
54546
54534
54516
54456
54346
54292
54277
54217
54067
54067
54028
53896
53817
53682
53671
53668
53648
53383
53264
53233
53188
53022
52992
52969
52959
52958
52918
52899
52858
52852
52703
52672
52620
52597
52590
52568
52566
52507
52507
52454
52393
52297
52269
52227
52172
52117
52099
51919
51883
51848
51805
51803
51730
51716
51618
51576
51552
51481
51476
51474
51459
51227
51195
51125
51124
51098
51078
51018
50830
50771
50686
50634
50429
50344
50322
50265
50231
50210
50059
50053
50038
50019
49967
49965
49930
49915
49880
49871
49871
49778
49755
49754
49705
49687
49639
49595
49583
49532
49463
49429
49404
49363
49336
49326
49308
49074
49059
49053
49013
48958
48941
48868
48861
48805
48757
48542
48491
48474
48398
48385
48338
48330
48158
48157
48089
48086
47877
47846
47771
47726
47667
47638
47634
47616
47556
47476
47464
47370
47353
47342
47173
47082
46963
46866
46790
46753
46683
46671
46648
46582
46563
46548
46519
46509
46482
46303
46133
46112
46103
46011
45959
45956
45951
45497
45443
45298
45287
45146
45129
45043
44990
44972
44881
44862
44808
44767
44649
44539
44497
44439
44324
44321
44301
44228
44131
44057
44042
43966
43802
43588
43579
43551
43507
43377
43324
43270
43256
43218
43195
43167
43055
43050
43019
42998
42957
42942
42914
42898
42834
42722
42654
42644
42632
42502
42451
42293
42252
42235
42183
42160
42089
42084
42065
41914
41826
41807
41542
41522
41505
41468
41463
41324
41300
41166
41121
41060
41052
40969
40946
40890
40875
40851
40832
40813
40771
40709
40638
40630
40620
40594
40534
40508
40411
40402
40384
40375
40362
40341
40329
40220
40189
40134
40129
40099
40068
40055
40015
40011
39947
39864
39837
39776
39764
39724
39710
39695
39693
39675
39643
39545
39528
39524
39481
39465
39420
39334
39217
39148
39140
39090
39010
38966
38791
38695
38686
38650
38610
38544
38502
38471
38450
38417
38353
38206
38171
38104
38059
37972
37953
37893
37876
37770
37716
37690
37648
37585
37543
37537
37400
37378
37322
37303
37276
37243
37210
37189
37097
37073
37017
37015
36973
36970
36958
36956
36851
36845
36796
36597
36592
36582
36528
36525
36426
36371
36284
36257
36207
36204
36045
36017
36010
35890
35873
35869
35792
35746
35725
35708
35666
35613
35536
35527
35519
35481
35424
35341
35313
35288
35288
35240
35142
35058
35042
34954
34873
34866
34837
34740
34708
34691
34659
34648
34530
34422
34411
34408
34352
34327
34284
34260
34152
34125
34016
33943
33896
33852
33826
33704
33670
33575
33568
33506
33466
33458
33440
33411
33353
33326
33283
33129
33076
33075
33062
33040
32989
32966
32934
32851
32849
32842
32589
32544
32516
32326
32284
32266
32218
32192
32128
32095
32084
31989
31930
31912
31859
31781
31771
31724
31639
31628
31599
31450
31402
31392
31266
31249
31175
31120
31102
31086
31079
31071
31038
30984
30954
30866
30859
30768
30729
30628
30584
30534
30509
30404
30401
30379
30340
30296
30264
30256
30248
30188
30081
30068
29957
29924
29692
29574
29488
29456
29425
29391
29363
29339
29187
29173
29170
29138
29124
29121
29053
29015
28954
28945
28931
28900
28837
28825
28813
28739
28717
28665
28620
28588
28570
28544
28544
28401
28400
28379
28327
28316
28313
28289
28283
28263
28223
28213
28183
28073
28008
27925
27834
27816
27664
27615
27586
27554
27554
27523
27504
27289
27259
27247
27196
27085
27072
27032
27017
27012
26952
26759
26713
26693
26629
26590
26577
26378
26319
26319
26095
26064
26025
25961
25898
25772
25735
25630
25625
25614
25604
25548
25531
25469
25443
25440
25420
25416
25400
25392
25349
25334
25333
25230
25202
25164
25158
25145
25067
25057
24978
24957
24889
24834
24832
24828
24788
24757
24720
24709
24678
24671
24665
24646
24629
24564
24530
24494
24352
24322
24288
24184
24081
24044
23974
23926
23885
23860
23856
23843
23785
23761
23738
23720
23526
23458
23386
23386
23341
23319
23238
23186
23123
23109
23073
23032
22983
22956
22938
22916
22873
22866
22768
22754
22738
22424
22337
22310
22142
22137
22137
22091
21886
21864
21703
21640
21597
21525
21507
21444
21439
21431
21425
21377
21320
21235
21222
21159
21109
21055
21003
20968
20868
20788
20787
20651
20571
20514
20468
20440
20420
20400
20368
20358
20269
20191
20171
20158
20132
20130
20083
20066
20055
19991
19949
19715
19683
19640
19621
19590
19494
19478
19429
19410
19308
19294
19278
19263
19241
19186
19185
19181
19148
19105
18883
18806
18806
18759
18747
18737
18734
18625
18622
18549
18519
18510
18503
18473
18470
18443
18414
18356
18313
18294
18211
18157
18045
18020
17857
17783
17731
17566
17547
17467
17446
17432
17431
17347
17183
17175
17140
17121
17067
16929
16918
16864
16830
16816
16770
16713
16692
16653
16629
16597
16524
16457
16457
16362
16296
16287
16282
16254
16246
16232
16184
16152
16025
15950
15909
15795
15746
15728
15638
15621
15479
15476
15302
15294
15284
15190
15176
15157
15050
15044
15037
14912
14871
14801
14650
14610
14576
14454
14335
14298
14271
14247
14233
14114
13971
13952
13914
13812
13775
13669
13614
13562
13541
13498
13483
13451
13414
13392
13389
13271
13251
13189
13189
13161
13089
13081
13037
13036
13011
13005
12919
12911
12826
12747
12731
12720
12708
12672
12667
12568
12558
12406
12260
12203
12192
12138
12100
12075
12025
12005
11975
11925
11848
11731
11648
11619
11580
11520
11358
11319
11187
11163
11124
11096
11077
10998
10882
10850
10672
10606
10587
10586
10566
10475
10369
10326
10254
10190
10162
10159
10024
10013
9919
9894
9843
9833
9816
9811
9754
9750
9733
9694
9653
9497
9465
9453
9414
9414
9313
9286
9238
9219
9206
9181
9172
9162
9065
8977
8959
8949
8920
8896
8713
8664
8605
8490
8444
8392
8329
8221
8210
8056
7976
7966
7925
7879
7835
7800
7701
7673
7665
7590
7564
7479
7471
7406
7405
7405
7392
7360
7356
7356
7352
7301
7291
7274
7238
7237
7155
7150
7057
7033
7025
6926
6900
6867
6862
6762
6702
6670
6652
6585
6582
6444
6388
6378
6222
6168
6083
6070
6050
5971
5952
5870
5810
5715
5680
5492
5463
5418
5391
5341
5319
5317
5310
5226
5208
5204
5202
5138
5130
5053
5028
4845
4774
4737
4659
4598
4520
4516
4503
4442
4221
4214
4184
4174
4157
4106
4007
3870
3856
3847
3820
3727
3644
3488
3458
3373
3338
3247
3222
3110
2886
2881
2880
2867
2837
2755
2610
2567
2413
2371
2319
2313
2303
2256
2218
2092
2076
1769
1752
1706
1643
1594
1512
1442
1394
1387
1171
1118
1006
1001
947
888
873
841
783
757
712
569
556
350
309
268
261
189
153
78
