99972
99956
99945
99903
99889
99863
99862
99855
99795
99772
99689
99683
99665
99641
99637
99634
99609
99601
99590
99589
99516
99510
99477
99459
99350
99341
99312
99285
99269
99261
99246
99237
99191
99165
99141
99112
99076
99066
99065
99048
99015
98996
98986
98854
98833
98823
98794
98748
98598
98448
98313
98268
98258
98244
98191
98172
98169
98129
98013
97968
97892
97779
97735
97734
97730
97660
97617
97583
97554
97554
97548
97532
97431
97352
97351
97227
97196
97148
97142
96975
96878
96829
96676
96644
96573
96504
96478
96436
96424
96395
96357
96328
96318
96314
96299
96269
96256
96250
96241
96139
96119
96014
95987
95942
95917
95914
95806
95771
95712
95686
95670
95586
95573
95499
95449
95434
95367
95343
95321
95276
95253
95151
95041
95013
94992
94945
94939
94938
94932
94879
94740
94685
94672
94476
94416
94304
94256
94111
94087
94080
94060
94051
94039
94029
93948
93942
93848
93721
93553
93550
93524
93496
93468
93358
93355
93331
93248
93244
93197
93066
92996
92992
92974
92875
92832
92744
92689
92675
92533
92532
92474
92426
92359
92198
92142
92107
92078
91988
91983
91947
91836
91778
91706
91640
91498
91383
91352
91209
91189
91164
91145
91047
90923
90794
90728
90691
90583
90544
90521
90520
90482
90426
90421
90106
90104
90099
90064
90023
89932
89909
89837
89821
89605
89587
89585
89533
89529
89497
89464
89442
89369
89309
89243
89220
89208
89121
89113
89098
88988
88975
88955
88943
88917
88915
88877
88823
88805
88766
88585
88480
88456
88299
88272
88242
88092
88071
88017
87885
87874
87866
87752
87676
87651
87557
87476
87447
87403
87393
87334
87313
87288
87119
87078
87052
87009
86998
86991
86926
86914
86755
86666
86473
86416
86415
86404
86375
86344
86337
86256
86252
86229
86221
86215
86187
86145
86084
86082
86045
85976
85952
85923
85905
85871
85842
85836
85747
85728
85724
85696
85678
85664
85592
85556
85541
85474
85402
85395
85341
85263
85133
85007
84854
84840
84709
84667
84667
84662
84655
84643
84593
84434
84434
84422
84406
84319
84286
84236
84220
84181
84150
84125
84124
84121
84109
84019
83893
83852
83821
83820
83814
83789
83787
83730
83692
83529
83507
83466
83454
83447
83447
83435
83433
83404
83395
83308
83245
83153
83044
82976
82943
82885
82745
82696
82615
82536
82529
82508
82468
82396
82381
82349
82312
82299
82280
82275
82257
82246
82238
82232
82178
82124
82085
81985
81953
81937
81787
81743
81731
81679
81568
81556
81518
81391
81322
81270
81254
81243
81196
81195
81143
81012
81004
80916
80903
80804
80668
80630
80630
80606
80554
80518
80511
80312
80073
80059
80005
79908
79897
79809
79789
79620
79592
79468
79407
79400
79361
79330
79301
79298
79277
79174
79108
78982
78972
78849
78843
78783
78282
78236
78202
78118
78071
78000
77958
77956
77905
77866
77788
77748
77735
77707
77676
77617
77586
77579
77577
77555
77344
77328
77262
77244
77176
77169
77117
77084
77072
76942
76926
76731
76730
76684
76591
76590
76581
76527
76415
76388
76307
76297
76274
76217
76209
76142
76132
75798
75754
75681
75547
75533
75525
75456
75410
75333
75207
75166
75144
75082
75017
74996
74985
74976
74970
74910
74874
74787
74784
74673
74654
74579
74504
74361
74356
74330
74239
74230
74229
74227
74212
74206
74189
74122
74082
73936
73693
73626
73588
73535
73483
73442
73442
73301
73279
73250
73249
73192
73104
73036
72903
72902
72839
72787
72713
72711
72663
72652
72626
72606
72593
72531
72529
72510
72503
72479
72471
72432
72233
72142
72087
72083
71867
71760
71742
71736
71711
71696
71640
71624
71603
71570
71478
71419
71312
71309
71229
71151
71146
71135
71126
70993
70977
70865
70865
70794
70720
70702
70674
70574
70529
70512
70505
70407
70389
70302
70297
70239
70216
70158
70158
70041
69993
69950
69937
69913
69908
69817
69589
69503
69499
69449
69445
69430
69302
69195
69180
69121
69038
69003
68835
68805
68682
68660
68659
68567
68548
68459
68439
68349
68329
68279
68233
68199
68094
68091
68090
68005
67961
67893
67869
67781
67765
67702
67613
67495
67483
67459
67457
67447
67285
67268
67227
67225
67213
67212
67196
67120
67074
67031
67028
67025
66938
66920
66725
66720
66669
66663
66550
66493
66361
66347
66339
66231
66066
66019
65994
65981
65960
65950
65949
65920
65824
65815
65788
65721
65652
65648
65633
65585
65562
65558
65502
65477
65421
65381
65358
65331
65308
65202
65186
65183
65028
64989
64960
64929
64924
64817
64769
64742
64677
64677
64582
64537
64388
64344
64219
64142
64110
64065
63927
63845
63827
63752
63751
63741
63722
63714
63500
63476
63429
63351
63330
63285
63189
63173
63155
63133
63122
63111
62963
62934
62877
62868
62859
62808
62725
62708
62706
62692
62681
62448
62402
62102
62039
62025
61990
61938
61918
61912
61831
61778
61772
61761
61747
61703
61575
61569
61563
61522
61499
61476
61455
61322
61284
61271
61264
61250
61247
61212
61149
61082
61053
61023
61020
60980
60934
60828
60820
60780
60695
60673
60553
60503
60435
60402
60222
60081
60068
60064
60052
60046
59923
59858
59852
59767
59703
59634
59492
59491
59477
59467
59457
59352
59343
59338
59269
59260
59240
59225
59193
59185
59181
59177
59104
58931
58864
58831
58808
58799
58736
58689
58611
58529
58480
58472
58469
58423
58417
58338
58302
58168
58162
58102
57901
57898
57793
57712
57665
57603
57555
57547
57367
57336
57313
57291
57260
57138
57128
57077
57029
56919
56884
56870
56650
56553
56484
56459
56353
56343
56325
56310
56287
56283
56245
56200
56190
56150
56124
56090
55905
55872
55834
55814
55805
55738
55650
55616
55577
55504
55483
55426
55402
55400
55193
55187
54948
54817
54728
54694
54632
54569
54548
54345
54342
54246
54217
54194
54193
54176
54173
54100
53995
53948
53870
53818
53788
53772
53760
53647
53602
53537
53481
53428
53399
53394
53322
53160
53150
53141
53101
53010
53002
52985
52822
52571
52532
52436
52400
52383
52306
52300
52247
52220
52217
52212
52211
52097
52090
52080
51998
51900
51839
51753
51693
51592
51543
51513
51481
51477
51462
51336
51317
51306
51292
51229
51180
51159
51122
51109
51052
51021
50992
50873
50854
50825
50755
50702
50519
50403
50308
50165
50146
50130
50115
50089
50082
50070
49959
49927
49927
49912
49890
49838
49767
49765
49764
49687
49683
49599
49522
49504
49481
49445
49405
49395
49380
49360
49324
49286
49088
49028
48988
48803
48758
48714
48562
48342
48312
48200
48194
48186
48178
48157
48155
48096
48079
48050
48050
48025
47899
47870
47843
47640
47630
47598
47591
47589
47495
47492
47490
47454
47408
47092
47085
46968
46781
46761
46663
46627
46626
46572
46556
46506
46200
46152
46129
46075
46067
46019
45960
45743
45741
45651
45527
45450
45450
45394
45325
45313
45300
45291
45289
45241
45211
45177
45077
45061
45048
44989
44921
44921
44802
44800
44764
44748
44729
44654
44618
44498
44450
44440
44403
44393
44324
44256
44204
44189
44061
44046
43940
43901
43896
43887
43864
43836
43656
43649
43615
43612
43401
43372
43339
43328
43325
43321
43275
43223
43213
43044
43003
42949
42937
42871
42801
42798
42763
42719
42678
42668
42666
42580
42515
42509
42501
42479
42288
42245
42132
42109
42088
42077
42069
42038
41957
41866
41831
41767
41752
41722
41626
41585
41580
41504
41336
41333
41332
41224
41198
41176
41152
41108
41087
41040
40995
40959
40905
40840
40785
40773
40714
40694
40692
40676
40675
40597
40583
40567
40488
40419
40402
40363
40308
40307
40254
40138
40129
40118
40108
40080
40074
39908
39843
39754
39735
39714
39677
39597
39564
39537
39532
39527
39471
39430
39413
39374
39285
39234
39226
39127
39086
39036
38962
38944
38896
38888
38848
38814
38804
38783
38690
38542
38505
38498
38476
38458
38430
38407
38391
38327
38312
38312
38286
38264
38253
38198
38177
38106
38087
38052
37979
37892
37863
37854
37762
37757
37737
37722
37587
37507
37504
37489
37435
37389
37327
37320
37318
37302
37255
37204
36929
36775
36758
36757
36641
36550
36541
36407
36346
36259
36236
36169
36108
36106
36068
36045
35989
35952
35890
35884
35813
35796
35614
35607
35524
35478
35471
35467
35394
35342
35282
35281
35118
35009
34960
34930
34895
34890
34859
34835
34787
34782
34764
34757
34735
34689
34660
34562
34558
34363
34159
34131
34053
34013
33862
33795
33792
33783
33729
33728
33575
33520
33511
33502
33422
33379
33197
33171
33109
33078
33067
33014
32976
32863
32826
32672
32669
32583
32536
32525
32471
32460
32403
32390
32383
32361
32350
32291
32242
32194
32097
32093
32003
31879
31861
31798
31710
31668
31653
31602
31543
31516
31498
31489
31457
31395
31379
31366
31335
31312
31269
31245
31183
31170
31145
31128
31084
31057
31045
30971
30963
30915
30611
30546
30530
30444
30438
30361
30342
30339
30320
30276
30240
30235
30225
30154
30107
30071
30066
29993
29945
29861
29849
29791
29715
29665
29659
29612
29505
29484
29475
29441
29421
29403
29381
29369
29334
29310
29253
29244
29231
29107
29067
29050
29049
29037
28980
28943
28887
28696
28670
28598
28587
28572
28562
28512
28453
28410
28403
28320
28222
28033
27999
27982
27765
27757
27749
27658
27650
27628
27628
27627
27581
27537
27510
27381
27345
27320
27284
27275
27249
27208
27153
27145
26873
26855
26840
26770
26734
26669
26669
26588
26577
26504
26458
26451
26247
26179
26130
26109
25883
25871
25817
25783
25772
25697
25571
25558
25491
25320
25283
25276
25143
25084
25006
25002
24890
24884
24864
24782
24769
24767
24713
24683
24576
24568
24565
24558
24535
24430
24370
24341
24328
24296
24265
24197
24150
24048
24040
24021
23941
23938
23929
23899
23871
23833
23742
23707
23572
23562
23516
23475
23435
23411
23390
23351
23271
23271
23260
23196
23117
22990
22977
22827
22775
22752
22752
22725
22722
22719
22656
22645
22617
22585
22577
22459
22422
22293
22193
22182
22182
22169
22097
21979
21915
21890
21884
21767
21740
21714
21675
21633
21608
21599
21565
21541
21451
21447
21444
21443
21404
21322
21300
21262
21210
21205
21204
21168
21160
21116
21052
20944
20942
20889
20856
20740
20726
20593
20518
20503
20473
20434
20330
20322
20286
20250
20175
20092
20086
20044
20027
19979
19945
19941
19872
19869
19860
19817
19652
19385
19383
19376
19354
19340
19331
19304
19260
19248
19189
19172
19134
19099
18895
18862
18774
18702
18653
18578
18524
18503
18314
18235
18228
18181
18158
18073
17989
17912
17757
17526
17460
17439
17330
17310
17291
17273
17261
17258
17228
17134
17127
17116
17098
17098
17089
17032
17011
16902
16858
16775
16704
16692
16653
16439
16394
16391
16219
16145
16128
16089
16061
16057
16038
16036
16005
15964
15944
15899
15755
15740
15731
15717
15644
15638
15629
15583
15555
15477
15440
15437
15350
15349
15348
15298
15260
15191
15168
15168
15108
15104
15078
15053
15020
14994
14939
14926
14909
14859
14805
14798
14695
14651
14590
14582
14577
14456
14446
14413
14367
14342
14342
14340
14209
14098
14026
13996
13992
13953
13748
13732
13629
13596
13584
13576
13530
13488
13390
13157
12970
12967
12909
12908
12904
12843
12818
12797
12753
12737
12733
12678
12601
12558
12436
12382
12174
12077
12021
11922
11806
11785
11701
11613
11557
11530
11523
11450
11430
11324
11301
11294
11240
11167
11147
11125
11103
11090
11070
10994
10849
10820
10820
10671
10482
10469
10360
10351
10350
10289
10070
10034
10018
9974
9961
9710
9691
9650
9621
9615
9611
9591
9550
9533
9526
9522
9517
9503
9377
9367
9363
9341
9304
9293
9220
9144
9140
9060
9028
8945
8907
8840
8763
8730
8714
8592
8494
8413
8356
8347
8342
8074
7951
7926
7901
7780
7772
7667
7659
7619
7552
7509
7447
7384
7360
7346
7325
7235
7165
7158
7036
6965
6880
6833
6798
6783
6766
6665
6562
6559
6559
6535
6508
6458
6295
6246
6175
6156
6144
6126
6108
6099
5967
5949
5931
5920
5855
5769
5697
5679
5614
5572
5503
5391
5315
5294
5285
5218
5198
5180
5113
5043
4864
4801
4793
4733
4688
4670
4577
4504
4497
4433
4420
4414
4360
4353
4351
4268
4155
4149
4118
4114
4093
4078
4060
4050
3987
3957
3933
3898
3887
3863
3820
3771
3528
3406
3358
3300
3286
3269
3257
3229
3207
3150
3077
3054
3012
2968
2929
2881
2842
2816
2791
2691
2688
2616
2475
2463
2379
2348
2114
2114
2016
1976
1838
1725
1650
1650
1627
1600
1546
1520
1418
1343
1296
1293
1243
1212
1205
1178
1178
1138
1072
975
934
849
747
742
708
708
629
597
485
430
413
373
372
316
305
234
145
132
116
106
43
