99929
99874
99808
99787
99742
99625
99567
99547
99543
99543
99527
99513
99392
99270
99118
99010
98991
98984
98931
98883
98777
98729
98702
98646
98595
98536
98504
98486
98374
98328
98241
98225
98151
98132
98117
98092
98059
98025
98018
97998
97986
97951
97931
97911
97829
97804
97775
97639
97526
97412
97328
97309
97304
97258
97250
97210
96912
96878
96844
96836
96782
96764
96759
96746
96700
96660
96638
96567
96541
96523
96428
96382
96352
96348
96306
96287
96287
96278
96248
96182
96149
96125
96114
96037
95978
95928
95887
95721
95685
95643
95642
95625
95616
95551
95501
95421
95377
95335
95317
95302
95299
95199
95106
95022
94766
94719
94650
94631
94592
94571
94504
94329
94258
94243
94207
94205
94202
94072
94069
93981
93928
93922
93911
93861
93830
93816
93763
93721
93679
93651
93505
93463
93329
93253
93187
93177
93158
93150
93073
93021
92947
92831
92800
92799
92719
92712
92645
92560
92553
92480
92478
92456
92405
92367
92282
92253
92239
92229
92221
92207
92173
91947
91943
91745
91682
91663
91627
91506
91459
91380
91364
91243
91239
91203
91175
91136
90971
90917
90917
90870
90726
90687
90682
90599
90512
90490
90482
90470
90418
90411
90312
90195
90185
90180
90152
89997
89904
89848
89831
89807
89779
89733
89729
89611
89577
89548
89539
89441
89436
89336
89309
89248
89096
89068
89017
88844
88737
88723
88710
88699
88689
88684
88667
88635
88622
88582
88541
88465
88460
88451
88402
88393
88271
88259
88238
88233
88142
88021
88016
88012
87996
87971
87733
87730
87723
87657
87654
87608
87538
87499
87370
87359
87335
87300
87259
87238
87188
87145
87119
86929
86924
86907
86875
86836
86813
86712
86669
86659
86640
86613
86579
86576
86575
86527
86484
86480
86341
86328
86320
86286
86253
86216
86141
85925
85877
85785
85757
85629
85566
85508
85496
85437
85371
85360
85222
85219
85218
85171
85140
85098
85096
85064
85002
84770
84738
84721
84693
84656
84644
84598
84575
84569
84480
84448
84419
84410
84279
84261
84256
84252
84187
84160
84098
84073
84067
84061
83976
83974
83968
83860
83807
83794
83745
83744
83692
83581
83574
83561
83538
83394
83389
83286
83260
83190
83140
83106
83104
83035
83031
83021
82994
82969
82888
82843
82824
82781
82712
82637
82634
82624
82617
82594
82513
82366
82281
82277
82178
82150
82108
81851
81838
81770
81669
81648
81568
81556
81517
81388
81242
81187
81120
81023
80941
80823
80820
80796
80731
80723
80692
80613
80498
80417
80390
80387
80371
80329
80317
80310
80303
80225
80207
80204
80178
80132
80127
80088
80007
79979
79942
79927
79898
79882
79865
79833
79817
79665
79625
79604
79584
79545
79499
79402
79368
79356
79141
79129
79104
79041
78988
78892
78820
78739
78702
78654
78619
78604
78580
78514
78502
78456
78428
78358
78235
78215
78136
78118
77856
77793
77757
77665
77565
77519
77482
77403
77315
77310
77259
77251
77165
77146
77105
77088
77041
76976
76814
76773
76772
76711
76607
76509
76507
76496
76463
76367
76328
76323
76267
76266
76125
76089
76039
75815
75647
75566
75447
75414
75389
75328
75326
75285
75276
75157
75141
74952
74834
74697
74697
74686
74671
74619
74609
74538
74422
74323
74250
74089
74023
74023
74016
73977
73916
73900
73764
73729
73699
73619
73614
73596
73572
73555
73515
73505
73473
73395
73385
73257
73142
73125
73112
73110
73015
72999
72992
72913
72830
72759
72707
72705
72635
72626
72523
72503
72393
72369
72354
72304
72162
72156
72056
72019
71969
71905
71857
71838
71803
71785
71732
71710
71710
71682
71606
71557
71556
71410
71407
71350
71326
71301
71285
71269
71184
71174
71134
71093
71080
71073
71070
70969
70917
70907
70899
70854
70795
70664
70480
70480
70241
70201
70186
70083
70062
70020
69974
69949
69938
69893
69852
69851
69737
69717
69679
69657
69644
69532
69385
69249
69205
69067
68901
68869
68821
68761
68757
68599
68585
68521
68486
68432
68358
68297
68171
68168
68141
68103
68096
67997
67846
67797
67767
67683
67677
67654
67589
67547
67504
67444
67419
67400
67360
67327
67301
67240
67228
67218
67189
67118
67113
67034
67025
66994
66982
66974
66954
66952
66872
66805
66650
66612
66603
66487
66456
66447
66370
66324
66296
66271
66191
66076
66046
65956
65751
65741
65655
65654
65538
65472
65382
65303
65284
65215
65161
65100
65094
65048
65007
64981
64956
64917
64821
64661
64559
64543
64509
64497
64412
64360
64264
64167
64079
64050
64019
64017
63952
63911
63885
63865
63849
63751
63743
63683
63593
63531
63530
63503
63484
63440
63398
63316
63294
63208
63192
63181
63156
63150
63101
63089
63083
62867
62761
62735
62688
62624
62614
62582
62563
62504
62433
62428
62427
62379
62350
62291
62230
62209
62167
62133
62105
62076
62070
62041
62030
61967
61959
61818
61755
61655
61627
61531
61460
61451
61324
61132
61033
60968
60871
60843
60797
60666
60661
60646
60608
60502
60501
60480
60459
60428
60362
60256
60215
60212
60140
60074
60056
60031
59940
59940
59910
59887
59803
59724
59678
59607
59595
59579
59574
59514
59425
59421
59360
59247
59239
59207
59201
59161
58998
58994
58927
58859
58827
58748
58727
58714
58703
58696
58690
58683
58618
58605
58581
58400
58375
58233
58227
58224
58221
58207
58142
57998
57985
57933
57909
57868
57773
57743
57711
57589
57529
57440
57432
57416
57408
57390
57303
57276
57143
57141
57101
57088
56961
56911
56883
56864
56856
56797
56773
56733
56549
56518
56487
56459
56408
56360
56353
56339
56213
55910
55910
55879
55823
55808
55801
55794
55783
55767
55746
55712
55704
55642
55518
55460
55405
55356
55341
55178
55158
55057
55040
54915
54902
54782
54780
54752
54726
54708
54678
54600
54599
54573
54570
54465
54453
54413
54412
54395
54356
54354
54341
54218
54133
53943
53933
53875
53763
53661
53610
53543
53543
53443
53428
53426
53422
53199
53014
52974
52952
52925
52836
52811
52805
52658
52638
52555
52478
52445
52444
52330
52319
52317
52182
52125
52096
52022
51913
51877
51760
51730
51592
51581
51566
51561
51559
51559
51536
51420
51342
51339
51259
51109
51105
51051
50960
50955
50937
50909
50899
50899
50885
50825
50720
50657
50601
50443
50443
50380
50317
50176
50063
49973
49921
49914
49862
49755
49636
49611
49507
49441
49321
49299
49295
49236
49205
49151
49148
49112
49032
48965
48953
48906
48893
48893
48878
48866
48815
48791
48736
48703
48649
48477
48462
48430
48208
48194
48176
48108
48072
48060
48027
47985
47955
47937
47853
47784
47783
47767
47701
47696
47653
47484
47439
47387
47323
47279
47188
47060
47059
47004
46987
46876
46867
46827
46805
46594
46549
46505
46494
46413
46364
46359
46266
46238
46224
46171
46160
46068
46053
45978
45914
45876
45829
45768
45759
45632
45599
45556
45548
45461
45400
45280
45276
45273
45263
45194
45178
45126
45115
45015
44988
44944
44922
44858
44853
44845
44811
44805
44641
44617
44579
44513
44437
44434
44416
44413
44380
44315
44302
44295
44251
44236
44212
44008
43996
43966
43960
43948
43935
43887
43769
43734
43729
43718
43652
43576
43534
43420
43386
43349
43305
43258
43222
43176
43128
43121
43115
43097
43069
43054
43025
42998
42949
42948
42916
42899
42892
42858
42725
42584
42573
42573
42555
42546
42485
42416
42362
42355
42290
42269
42244
42146
42146
42060
42013
41945
41817
41801
41703
41639
41628
41579
41572
41558
41545
41504
41372
41336
41307
41270
41254
41246
41235
41149
41133
41116
41097
41087
40974
40958
40929
40903
40886
40880
40860
40772
40730
40678
40550
40544
40534
40502
40458
40427
40398
40382
40380
40343
40341
40328
40299
40257
40210
40131
39932
39908
39806
39781
39765
39749
39667
39543
39213
39163
39154
39107
39074
38973
38972
38965
38876
38814
38637
38595
38547
38427
38420
38381
38336
38138
38137
38093
38072
37939
37886
37804
37740
37717
37556
37510
37509
37438
37388
37365
37354
37294
37280
37247
37244
37208
37122
37058
37057
37055
37039
36991
36987
36727
36721
36650
36610
36457
36440
36377
36326
36267
36152
36077
36062
36041
36035
35984
35960
35900
35875
35845
35780
35750
35748
35746
35729
35672
35661
35643
35572
35566
35509
35499
35298
35242
35113
35082
35061
35057
35036
34978
34965
34944
34920
34842
34838
34797
34770
34705
34690
34503
34472
34417
34329
34308
34233
34139
33998
33965
33943
33873
33862
33851
33823
33808
33757
33740
33672
33599
33553
33531
33365
33364
33310
33267
33169
33147
33110
33109
33090
33030
32929
32858
32817
32702
32682
32634
32574
32560
32556
32435
32395
32383
32330
32246
32218
32213
32213
32212
32131
32129
32099
31998
31979
31937
31857
31850
31819
31774
31753
31726
31719
31679
31660
31526
31369
31306
31262
31255
31148
31148
30936
30926
30778
30778
30772
30746
30701
30694
30686
30602
30530
30515
30473
30401
30323
30293
30283
30223
30069
29965
29914
29869
29844
29813
29785
29698
29675
29659
29578
29574
29539
29490
29426
29406
29384
29284
29264
29184
29148
29073
29070
29038
29023
28958
28895
28885
28820
28775
28628
28564
28548
28506
28495
28459
28338
28317
28226
28190
28182
28101
28093
28082
28055
27990
27854
27839
27789
27757
27700
27624
27577
27505
27483
27470
27398
27332
27288
27287
27283
27212
27118
27071
27020
26926
26846
26836
26835
26807
26804
26798
26750
26647
26512
26452
26445
26437
26344
26317
26292
26209
26209
26193
26149
26103
26059
26034
26034
26013
25966
25960
25928
25907
25790
25782
25766
25748
25688
25604
25588
25577
25539
25513
25509
25482
25450
25419
25397
25372
25338
25219
25191
25158
25146
25090
25078
25040
25004
24986
24868
24860
24832
24796
24736
24726
24672
24558
24537
24404
24401
24388
24381
24331
24029
24012
23937
23888
23804
23747
23731
23729
23728
23691
23666
23568
23538
23533
23507
23459
23430
23345
23294
23230
23194
23183
23100
23063
22964
22921
22867
22857
22838
22817
22705
22699
22679
22678
22570
22539
22525
22494
22478
22433
22419
22392
22326
22216
22055
22024
22012
22009
21983
21971
21969
21953
21911
21824
21743
21712
21668
21642
21632
21615
21592
21578
21500
21441
21422
21416
21394
21280
21204
20992
20964
20894
20842
20810
20793
20771
20717
20469
20414
20379
20370
20343
20337
20326
20322
20248
20200
20180
20089
20065
20005
19940
19922
19871
19846
19827
19810
19768
19684
19684
19661
19622
19545
19445
19414
19372
19324
19313
19272
19201
19185
19050
18972
18962
18868
18812
18773
18716
18682
18650
18328
18300
18185
18181
18135
18109
18060
18007
17933
17860
17805
17745
17734
17683
17612
17552
17543
17522
17512
17483
17356
17311
17265
17186
17155
17149
17127
17119
17117
17100
16949
16874
16862
16841
16790
16778
16742
16731
16660
16549
16503
16433
16415
16331
16327
16238
16237
16203
16140
16121
16021
15939
15897
15704
15678
15652
15460
15459
15390
15332
15163
15068
15065
15056
14902
14894
14818
14637
14591
14443
14270
14223
14119
14072
13956
13924
13865
13853
13851
13769
13659
13619
13475
13383
13305
13290
13247
13224
13195
13062
12958
12891
12868
12845
12758
12671
12666
12627
12611
12587
12587
12578
12570
12477
12455
12442
12438
12277
12216
12169
12127
12060
12023
12014
11960
11912
11845
11807
11791
11574
11565
11559
11453
11400
11373
11323
11298
11094
11091
11083
11070
11059
10985
10970
10960
10866
10859
10818
10807
10796
10732
10706
10702
10570
10556
10532
10349
10218
10136
10124
10106
10105
10073
10034
10021
9983
9971
9945
9877
9733
9665
9652
9616
9612
9530
9353
9347
9316
9235
9232
9161
9074
9062
8957
8951
8920
8906
8736
8677
8661
8581
8511
8484
8431
8412
8382
8299
8287
8267
8114
8079
8012
8009
7955
7748
7691
7678
7492
7486
7479
7474
7420
7394
7376
7365
7299
7285
7245
7158
7154
7088
7064
7062
7043
6972
6733
6627
6580
6567
6427
6354
6348
6348
6324
6318
6171
5982
5886
5883
5794
5763
5753
5708
5700
5617
5572
5569
5518
5450
5412
5406
5405
5403
5304
5271
5227
5205
5202
5052
5047
4899
4830
4723
4714
4704
4702
4681
4678
4542
4515
4464
4432
4364
4285
4279
4265
4218
4133
4036
4018
3996
3980
3974
3870
3857
3787
3783
3671
3653
3580
3575
3561
3552
3506
3482
3481
3477
3426
3379
3351
3328
3320
3244
3209
3155
3141
3094
3086
3012
2857
2855
2749
2704
2607
2552
2418
2394
2368
2330
2185
2163
2126
2094
2059
2024
1997
1929
1905
1826
1822
1752
1702
1649
1647
1610
1523
1496
1461
1341
1306
1227
1143
1132
1054
1024
1018
983
852
828
709
670
557
554
545
527
502
451
441
435
430
212
174
109
63
56
14
