99976
99920
99904
99812
99794
99784
99667
99643
99619
99556
99548
99518
99481
99468
99426
99405
99278
99263
99239
99197
99184
99160
98987
98955
98932
98931
98898
98850
98824
98732
98718
98694
98693
98642
98555
98444
98423
98422
98344
98277
98244
98242
98201
98157
98074
98039
98028
98002
97917
97840
97809
97666
97563
97525
97384
97236
97230
97219
97166
97162
97114
97009
96997
96980
96962
96953
96935
96809
96745
96737
96721
96654
96629
96614
96597
96542
96496
96488
96475
96453
96426
96395
96383
96303
96281
96279
96157
96139
96108
96068
96045
96044
95975
95871
95850
95812
95727
95683
95668
95637
95624
95612
95581
95579
95574
95515
95493
95397
95396
95382
95350
95305
95194
95187
95100
95051
94932
94892
94864
94851
94834
94822
94765
94759
94683
94621
94601
94567
94507
94492
94486
94315
94301
94104
94062
94031
94029
93946
93929
93848
93798
93742
93724
93685
93673
93549
93513
93508
93498
93364
93314
93284
93253
93208
93202
93129
93128
93107
93073
92973
92952
92951
92926
92877
92772
92727
92716
92676
92664
92598
92588
92571
92492
92456
92425
92350
92284
92264
92177
92097
92021
92020
92011
91954
91926
91831
91767
91550
91494
91428
91279
91246
91181
91066
91023
91010
90996
90957
90834
90705
90647
90577
90564
90528
90437
90399
90281
90075
89986
89966
89923
89882
89849
89839
89791
89750
89734
89725
89532
89500
89484
89396
89363
89319
89224
89124
89008
88814
88687
88645
88631
88614
88597
88509
88427
88330
88305
88297
88278
88257
88221
88175
88175
88148
88056
88030
88021
87979
87947
87879
87857
87809
87678
87651
87623
87620
87601
87600
87571
87549
87480
87469
87436
87376
87371
87339
87275
87144
87124
87122
87067
86995
86993
86863
86850
86828
86826
86798
86754
86674
86638
86589
86574
86549
86501
86489
86301
86279
86242
86236
86214
86179
86177
86171
86168
86024
85998
85927
85830
85791
85779
85732
85723
85635
85631
85630
85624
85610
85573
85540
85504
85496
85433
85396
85345
85332
85327
85307
85224
85195
85095
85092
85046
84989
84934
84900
84787
84759
84741
84671
84657
84551
84408
84391
84350
84301
84267
84262
84215
84209
84106
84088
84070
84066
84064
83998
83723
83699
83662
83621
83491
83479
83469
83433
83409
83363
83334
83282
83155
83122
83090
83022
82995
82981
82948
82940
82788
82752
82656
82433
82368
82274
82201
82168
82158
82103
82046
81975
81957
81881
81842
81820
81691
81625
81611
81602
81304
81071
81071
81015
80987
80972
80837
80821
80769
80759
80735
80675
80594
80462
80407
80368
80308
80208
80152
80147
79902
79793
79631
79458
79341
79308
79297
79293
79221
79153
79047
78997
78984
78687
78629
78558
78551
78533
78500
78451
78428
78322
78288
78255
78117
78091
78089
78050
77986
77959
77837
77810
77738
77730
77711
77698
77604
77581
77510
77481
77450
77405
77387
77257
77179
77161
77077
77037
77011
76893
76880
76865
76802
76775
76744
76625
76619
76500
76452
76408
76397
76375
76336
76275
76176
76121
76095
75940
75811
75788
75782
75776
75761
75752
75710
75684
75656
75639
75619
75592
75556
75555
75454
75436
75392
75348
75308
75229
75117
75068
75048
74676
74674
74656
74650
74590
74582
74579
74565
74525
74370
74286
74207
74172
74159
74137
74113
74080
74076
74058
74032
74022
74006
73904
73861
73793
73699
73668
73624
73544
73498
73477
73410
73410
73389
73339
73209
73201
73187
73131
72997
72992
72938
72937
72928
72902
72874
72794
72571
72528
72505
72462
72404
72288
72278
72224
72135
72101
72046
71995
71986
71961
71943
71738
71647
71530
71467
71464
71428
71400
71382
71315
71259
71211
71146
70979
70940
70920
70909
70875
70868
70848
70848
70841
70839
70828
70741
70729
70720
70701
70668
70642
70614
70494
70343
70274
70088
69945
69938
69866
69809
69784
69765
69761
69754
69668
69644
69564
69562
69529
69515
69432
69396
69349
69268
69211
69164
69152
69146
69113
69068
68970
68899
68801
68783
68741
68741
68719
68684
68572
68451
68402
68175
68091
67981
67947
67884
67865
67750
67737
67734
67707
67581
67520
67449
67373
67335
67268
67259
67189
67149
67008
66995
66986
66983
66939
66917
66871
66819
66768
66640
66636
66625
66607
66581
66561
66560
66517
66434
66433
66389
66325
66298
66263
66261
66199
66138
66133
66132
66087
66036
65902
65885
65878
65840
65776
65713
65666
65560
65477
65463
65439
65396
65347
65298
65175
65080
65077
65008
64933
64912
64912
64852
64803
64800
64773
64760
64740
64737
64697
64697
64687
64659
64643
64639
64558
64545
64499
64462
64450
64424
64417
64233
64225
64132
64124
64035
64013
64012
64009
63909
63889
63791
63708
63679
63679
63586
63486
63402
63344
63270
63169
63163
63114
63086
63077
63007
62998
62965
62960
62924
62827
62727
62635
62581
62451
62420
62394
62356
62355
62257
62195
62150
62102
62071
62024
62019
61928
61772
61684
61658
61574
61516
61445
61360
61326
61264
61263
61231
61225
61214
61178
61133
61090
60978
60938
60913
60882
60859
60799
60700
60641
60564
60564
60554
60475
60443
60399
60311
60303
60285
60283
60271
60255
60205
60137
60112
60089
60046
60004
59977
59959
59948
59866
59780
59738
59732
59684
59679
59665
59627
59463
59434
59363
59360
59284
59177
59135
59082
59050
59041
58935
58831
58820
58794
58775
58757
58714
58680
58634
58624
58475
58462
58433
58308
57981
57932
57854
57796
57771
57652
57524
57508
57471
57433
57430
57309
57267
57259
57257
57208
57164
57156
57066
56991
56971
56950
56890
56881
56793
56774
56753
56718
56637
56578
56481
56421
56405
56374
56369
56342
56270
56217
56199
56091
56086
56073
56060
55992
55890
55853
55820
55818
55775
55715
55704
55637
55611
55611
55504
55475
55333
55319
55290
55150
55124
55103
55037
54938
54807
54653
54565
54504
54446
54442
54424
54331
54272
54101
54057
53927
53906
53879
53857
53839
53811
53748
53716
53672
53596
53538
53531
53495
53484
53463
53442
53420
53416
53379
53364
53359
53350
53204
53132
53130
53106
53020
52991
52963
52962
52726
52710
52699
52581
52539
52374
52373
52252
52126
52030
51954
51911
51898
51843
51756
51732
51681
51605
51587
51489
51465
51463
51457
51442
51377
51228
51172
50986
50982
50977
50837
50813
50697
50682
50552
50544
50521
50447
50443
50406
50369
50360
50348
50299
50246
50221
50220
50150
50124
50065
50008
49993
49983
49974
49969
49940
49860
49847
49828
49772
49698
49690
49512
49509
49488
49455
49380
49349
49298
49209
49131
49123
49121
49084
49077
48742
48735
48718
48679
48589
48538
48487
48360
48267
48161
48146
48095
48056
48050
47946
47895
47892
47872
47737
47634
47597
47542
47521
47520
47489
47484
47472
47455
47422
47314
47236
47203
47200
47193
47180
47171
47160
47153
47149
47079
47063
47037
47027
46980
46870
46810
46735
46691
46680
46471
46465
46414
46336
46269
46231
46066
46056
46043
45979
45933
45882
45786
45724
45670
45668
45663
45615
45569
45526
45494
45471
45454
45431
45301
45133
45117
45108
45108
45103
44908
44841
44803
44721
44710
44601
44596
44556
44550
44528
44399
44336
44327
44249
44059
44005
43971
43971
43866
43840
43824
43707
43643
43560
43454
43454
43419
43400
43348
43335
43307
43287
43280
43248
43236
43200
43152
43101
43076
42995
42955
42931
42822
42752
42751
42673
42658
42587
42521
42448
42416
42405
42394
42374
42366
42265
42184
42101
42030
41921
41817
41761
41696
41547
41533
41520
41509
41489
41470
41424
41335
41314
41248
41238
41205
41124
41072
41030
40994
40985
40937
40919
40870
40866
40850
40838
40807
40790
40690
40660
40598
40594
40575
40574
40536
40456
40448
40361
40356
40349
40290
40280
40251
40230
40226
40150
40144
40105
40039
40034
39980
39903
39808
39749
39733
39717
39707
39602
39598
39578
39539
39528
39472
39455
39441
39426
39413
39296
39268
39242
39240
39179
39119
39097
39008
38945
38943
38905
38856
38834
38784
38753
38713
38690
38687
38686
38679
38629
38568
38560
38371
38352
38341
38295
38233
38221
38152
38051
37951
37950
37730
37654
37632
37572
37542
37509
37430
37412
37313
37278
37267
37218
37181
37076
36982
36950
36714
36630
36569
36546
36388
36383
36364
36325
36238
36162
36156
36116
36065
36063
36018
36003
35974
35865
35863
35855
35589
35585
35559
35551
35456
35409
35327
35317
35250
35210
35188
35136
35070
34965
34951
34912
34897
34815
34801
34677
34650
34603
34448
34427
34412
34350
34238
34219
34190
34172
34115
34081
34076
33718
33631
33506
33432
33430
33424
33388
33219
33152
33151
33148
33145
32924
32914
32853
32847
32832
32821
32820
32773
32703
32666
32665
32639
32601
32589
32586
32546
32480
32432
32320
32287
32270
32232
32178
31964
31852
31808
31794
31782
31741
31733
31409
31380
31272
31261
31210
31181
31172
31167
31139
31037
30995
30988
30909
30747
30723
30712
30662
30642
30538
30488
30426
30326
30302
30293
30214
29903
29801
29777
29688
29611
29592
29584
29495
29468
29467
29437
29287
29187
29176
29153
29140
29062
29032
29017
28955
28920
28869
28753
28667
28639
28627
28609
28561
28533
28528
28491
28403
28067
27985
27985
27953
27952
27943
27940
27912
27893
27766
27740
27716
27672
27652
27555
27481
27452
27406
27392
27369
27300
27228
27151
27055
26997
26916
26904
26893
26886
26867
26828
26792
26614
26569
26542
26533
26497
26378
26352
26307
26274
26226
26217
26211
26135
26119
26037
26019
25829
25820
25743
25732
25705
25580
25538
25479
25442
25322
25300
25245
25205
25090
25083
25074
25032
24956
24878
24818
24795
24747
24617
24601
24592
24580
24472
24465
24462
24423
24420
24408
24377
24347
24325
24315
24314
24257
24221
24203
24200
24144
24109
24040
23950
23800
23799
23719
23714
23677
23655
23626
23597
23584
23545
23536
23516
23466
23322
23317
23298
23290
23282
23080
22966
22952
22899
22770
22720
22666
22635
22628
22626
22613
22538
22516
22514
22481
22425
22402
22359
22218
22208
22188
22166
22138
22045
22027
21927
21899
21867
21826
21735
21708
21587
21448
21322
21303
21186
21181
21067
21062
21054
21041
21016
20916
20887
20875
20783
20779
20761
20740
20672
20618
20603
20545
20534
20505
20468
20464
20415
20398
20229
20190
20155
20139
20119
20076
19990
19957
19948
19943
19940
19830
19783
19713
19700
19692
19692
19680
19675
19645
19621
19619
19574
19536
19533
19506
19487
19433
19345
19264
18923
18861
18857
18693
18656
18629
18613
18555
18552
18530
18446
18425
18383
18319
18291
18274
18238
18195
18114
18060
18021
17901
17782
17746
17685
17634
17564
17559
17429
17404
17287
17220
17191
17103
17052
17042
16875
16865
16742
16737
16665
16632
16599
16548
16547
16471
16363
16304
16246
16230
16206
16093
16086
15981
15950
15918
15915
15899
15880
15748
15692
15561
15553
15497
15485
15423
15421
15318
15229
15199
15123
15100
15030
15011
15008
14986
14928
14829
14826
14819
14798
14720
14719
14718
14674
14601
14447
14446
14302
14245
14145
14090
14068
13936
13764
13673
13645
13611
13580
13549
13524
13512
13497
13270
13254
13234
13226
13100
13086
13024
12993
12915
12893
12875
12869
12828
12633
12629
12620
12597
12596
12588
12585
12546
12505
12413
12384
12350
12333
12322
12195
12174
12079
12074
12072
11981
11873
11809
11748
11707
11578
11572
11431
11388
11350
11317
11278
11262
11225
11192
11057
11026
10982
10875
10874
10818
10719
10688
10639
10622
10564
10561
10545
10413
10292
10269
10174
10152
10125
10102
10066
9996
9924
9918
9882
9800
9647
9592
9537
9510
9480
9469
9451
9428
9415
9409
9234
9220
9090
8976
8959
8867
8856
8822
8679
8630
8593
8592
8539
8492
8470
8463
8411
8349
8341
8333
8272
8176
8143
8137
8136
8053
8022
8000
7989
7987
7978
7957
7945
7893
7885
7860
7718
7716
7697
7634
7613
7573
7571
7565
7508
7480
7231
7228
7215
7171
7158
7122
7058
7055
7014
6979
6969
6908
6784
6675
6670
6586
6536
6470
6443
6406
6405
6402
6311
6244
6072
6001
5870
5772
5754
5727
5687
5586
5526
5517
5435
5333
5313
5164
5039
5016
5000
4990
4973
4789
4773
4710
4703
4637
4579
4576
4556
4474
4458
4430
4429
4387
4309
4177
4140
4124
4079
4068
4046
4008
3962
3958
3925
3915
3890
3882
3790
3781
3664
3600
3476
3470
3293
3284
3201
3067
3052
3043
3017
2900
2875
2865
2825
2806
2766
2549
2540
2477
2312
2179
2133
2111
2098
2090
2002
1953
1869
1833
1821
1763
1671
1651
1478
1456
1413
1352
1229
1227
1170
1129
1103
1065
1051
1031
930
913
865
830
775
744
729
498
492
483
424
336
330
323
315
306
304
228
175
164
88
48
