99980
99902
99884
99832
99773
99575
99571
99532
99492
99389
99373
99170
99165
99148
99051
99045
98983
98922
98921
98914
98894
98804
98718
98689
98597
98585
98518
98374
98340
98321
98225
98125
98093
98030
98011
97943
97885
97880
97784
97773
97768
97729
97716
97671
97652
97627
97618
97527
97516
97497
97494
97490
97467
97438
97369
97287
97218
97080
97028
97004
96995
96916
96828
96771
96750
96717
96629
96598
96587
96515
96499
96450
96402
96384
96382
96340
96326
96219
96155
96077
96025
95954
95849
95819
95714
95674
95665
95639
95491
95445
95441
95436
95422
95402
95388
95332
95276
95185
95183
95160
95156
95083
94952
94940
94884
94820
94759
94725
94691
94670
94594
94521
94445
94417
94392
94391
94385
94311
94304
94272
94210
94155
94132
94104
94075
94031
94027
94014
94001
93959
93959
93952
93952
93837
93770
93738
93684
93683
93659
93581
93432
93399
93368
93355
93163
93093
93063
93055
92980
92910
92858
92845
92718
92685
92610
92560
92556
92525
92487
92411
92398
92298
92142
92114
92099
92011
91981
91958
91892
91775
91734
91670
91664
91638
91464
91402
91401
91365
91119
91105
91051
91025
91011
90962
90934
90926
90875
90838
90764
90745
90700
90681
90658
90620
90517
90459
90421
90404
90292
90248
90218
90211
90180
90052
90032
90009
89984
89849
89785
89728
89701
89556
89538
89536
89490
89463
89270
89202
89162
89158
89115
89068
89061
89032
89024
88958
88936
88894
88893
88886
88856
88847
88822
88803
88735
88667
88612
88576
88558
88557
88494
88491
88462
88416
88401
88103
88026
87858
87835
87787
87755
87735
87705
87659
87648
87562
87480
87443
87431
87403
87345
87307
87241
87192
87162
87067
87039
86985
86832
86589
86522
86421
86382
86325
86086
85963
85920
85843
85786
85753
85705
85665
85508
85306
85252
85208
85188
85121
85033
84922
84917
84896
84823
84804
84777
84727
84708
84662
84629
84615
84463
84394
84392
84339
84299
84257
84214
84189
84099
84045
84015
83943
83835
83822
83779
83761
83620
83598
83595
83546
83531
83482
83379
83288
83241
83138
83120
83097
83050
83047
83045
82980
82970
82910
82854
82852
82681
82662
82589
82392
82330
82137
82131
82118
81984
81964
81952
81845
81833
81827
81791
81740
81740
81707
81676
81398
81395
81379
81249
81202
81188
81187
81151
81146
81112
81049
80867
80754
80750
80744
80569
80499
80435
80417
80408
80392
80356
80355
80065
79979
79899
79895
79853
79810
79652
79650
79612
79459
79386
79364
79355
79336
79231
79196
79093
79090
79024
79006
78978
78940
78911
78862
78850
78801
78730
78676
78642
78641
78591
78584
78583
78577
78459
78427
78354
78223
78125
78084
78074
78057
77959
77945
77908
77795
77767
77747
77625
77579
77478
77466
77405
77403
77348
77221
77190
77189
77178
77094
77069
77043
77039
77000
76933
76816
76717
76582
76529
76452
76425
76348
76344
76336
76329
76203
76153
76142
76057
76025
75929
75928
75798
75709
75651
75625
75606
75540
75512
75404
75358
75321
75278
75235
75226
75213
75093
74993
74985
74932
74922
74834
74815
74761
74693
74637
74636
74594
74551
74483
74446
74444
74409
74383
74380
74366
74258
74184
74172
73888
73880
73858
73855
73806
73774
73711
73672
73639
73638
73638
73456
73444
73418
73330
73263
73256
73221
73090
73067
73047
72964
72898
72846
72809
72770
72758
72575
72567
72453
72437
72300
72232
72227
72193
72047
71955
71887
71825
71803
71767
71726
71690
71604
71514
71440
71431
71359
71325
71264
71258
71211
71149
71089
71072
70977
70936
70933
70857
70841
70789
70745
70697
70559
70446
70422
70404
70393
70333
70323
70296
70188
69946
69896
69859
69853
69850
69833
69821
69798
69787
69777
69725
69703
69678
69571
69506
69447
69437
69274
69212
69140
69134
69073
68997
68982
68974
68936
68900
68891
68880
68587
68583
68456
68375
68309
68286
68248
68233
68232
68176
68152
68133
68037
67983
67973
67971
67960
67935
67914
67846
67841
67839
67835
67765
67717
67641
67590
67530
67505
67478
67407
67366
67328
67260
67216
67099
67016
66810
66743
66649
66627
66616
66579
66502
66349
66273
66223
66218
66198
66073
66030
66021
65939
65939
65905
65693
65686
65669
65662
65578
65560
65519
65354
65238
65175
65169
65118
65081
65070
65041
65013
64958
64762
64752
64720
64684
64678
64364
64326
64318
64304
64267
64094
63990
63976
63944
63920
63901
63848
63786
63783
63726
63569
63529
63423
63387
63297
63158
63117
63106
62992
62846
62749
62708
62651
62595
62487
62435
62390
62334
62270
62237
62236
62235
62185
62136
62124
62068
61994
61978
61860
61810
61709
61708
61684
61651
61641
61603
61498
61492
61477
61442
61355
61230
61229
60760
60646
60585
60507
60423
60382
60375
60276
60203
60113
60094
60018
60000
59961
59915
59841
59809
59773
59764
59763
59696
59606
59422
59417
59404
59378
59273
59270
59262
59203
59154
59153
59145
59079
58897
58882
58806
58757
58748
58685
58677
58676
58637
58608
58601
58583
58560
58481
58397
58369
58365
58196
58182
58175
58150
58100
57975
57969
57916
57886
57849
57841
57827
57787
57710
57710
57685
57637
57632
57575
57552
57403
57395
57383
57273
57243
57229
57222
57181
57140
57135
57093
57027
56960
56937
56869
56860
56681
56618
56562
56543
56493
56464
56449
56447
56181
56176
56165
56155
56113
56026
55946
55942
55911
55825
55815
55780
55766
55739
55734
55726
55632
55618
55465
55380
55305
55303
55267
55191
55185
55169
55157
55072
55070
55063
55054
54988
54957
54875
54871
54825
54821
54811
54731
54693
54666
54643
54634
54608
54599
54577
54557
54533
54499
54423
54408
54303
54301
54171
54126
54080
54021
53866
53835
53744
53728
53687
53560
53551
53505
53443
53427
53373
53370
53330
53329
53322
53260
53234
53106
53105
53044
52986
52935
52926
52911
52823
52755
52660
52560
52522
52487
52454
52438
52329
52313
52181
52179
52151
52097
52069
52049
52018
51954
51940
51891
51875
51875
51874
51756
51647
51636
51602
51457
51429
51424
51380
51244
51220
51183
51159
51114
51022
51011
51011
50975
50873
50869
50818
50775
50743
50736
50570
50568
50466
50386
50190
50190
50061
49946
49844
49822
49809
49783
49778
49693
49617
49598
49569
49543
49517
49502
49440
49432
49376
49348
49241
49182
49134
49067
49013
48987
48959
48817
48796
48734
48598
48580
48536
48494
48429
48305
48266
48247
48230
48089
48078
48038
48007
47999
47985
47857
47828
47818
47623
47570
47523
47433
47354
47342
47332
47289
47109
47042
46951
46925
46902
46789
46761
46734
46727
46602
46600
46481
46478
46468
46399
46393
46390
46378
46319
46312
46233
46209
46198
46152
46149
46035
45997
45948
45837
45785
45607
45427
45325
45222
45193
45192
45165
45128
45103
45094
45074
45070
44935
44934
44872
44804
44659
44627
44621
44575
44571
44553
44469
44450
44439
44361
44334
44299
44226
44203
44196
44173
44153
44150
44016
44003
43953
43919
43823
43731
43662
43657
43611
43582
43526
43464
43362
43362
43334
43310
43283
43274
43205
43202
43173
43166
43134
43026
43007
42966
42885
42875
42793
42779
42637
42615
42550
42543
42473
42411
42338
42294
42263
42229
42189
42147
42138
42079
42055
42023
41916
41905
41881
41832
41797
41675
41514
41507
41504
41457
41410
41397
41394
41384
41360
41293
41257
40977
40968
40891
40836
40835
40725
40573
40556
40506
40505
40501
40412
40374
40367
40315
40251
40217
40151
40136
40014
39988
39987
39930
39920
39897
39801
39663
39647
39620
39581
39543
39492
39424
39392
39387
39384
39322
39294
39162
39162
39116
39080
39069
39028
39015
38962
38914
38843
38803
38791
38735
38707
38700
38696
38682
38663
38648
38606
38588
38584
38530
38529
38414
38383
38283
38249
38239
38200
38163
38055
38031
38017
38015
37977
37964
37962
37953
37825
37802
37663
37642
37611
37592
37434
37372
37361
37345
37319
37301
37286
37199
37128
37116
37075
37032
36980
36837
36783
36776
36759
36682
36663
36511
36304
36297
36231
36103
36080
36043
36039
36036
35965
35962
35948
35875
35797
35764
35708
35696
35601
35522
35487
35384
35365
35363
35338
35248
35210
35201
35192
35127
35094
35091
35085
34974
34947
34900
34790
34660
34591
34519
34510
34461
34438
34414
34379
34374
34368
34346
34271
34258
34238
34192
34179
34145
34129
34120
34100
34051
34045
34007
33982
33962
33916
33756
33625
33614
33560
33545
33360
33323
33259
33231
33223
33028
33015
32969
32930
32915
32897
32871
32836
32798
32735
32693
32510
32504
32491
32415
32414
32359
32289
32239
32225
32191
32148
32148
32131
32121
32100
32100
32089
32075
31959
31936
31886
31878
31876
31871
31820
31795
31753
31728
31710
31709
31631
31623
31601
31592
31582
31504
31468
31440
31433
31420
31348
31316
31138
31109
31001
30975
30972
30969
30952
30932
30914
30892
30891
30873
30838
30743
30705
30676
30523
30508
30502
30449
30433
30408
30396
30290
30165
30152
30126
30126
30083
29931
29911
29910
29825
29739
29671
29574
29558
29481
29430
29423
29370
29258
29240
29173
29164
29158
29059
29048
29042
29039
29001
28966
28940
28900
28812
28798
28783
28782
28684
28649
28639
28598
28504
28489
28485
28474
28383
28339
28324
28242
28195
28157
28157
28055
28048
28043
28030
28023
27908
27887
27863
27786
27618
27584
27522
27508
27215
27191
27170
27149
27092
27085
26944
26943
26929
26925
26907
26880
26875
26870
26778
26721
26719
26715
26690
26657
26642
26618
26583
26500
26465
26435
26417
26375
26370
26366
26341
26334
26107
26052
26033
26014
25855
25793
25734
25692
25555
25536
25507
25452
25399
25308
25284
25074
25065
25037
25026
24975
24952
24824
24765
24764
24690
24605
24603
24585
24573
24522
24495
24400
24372
24351
24350
24277
24267
24222
24221
24216
24181
24150
24128
24127
24048
24000
23914
23914
23903
23899
23863
23856
23703
23581
23541
23445
23407
23351
23347
23340
23338
23330
23319
23190
23174
23129
23129
23119
23067
23051
23024
22984
22978
22973
22892
22870
22785
22702
22526
22485
22439
22429
22258
22233
22188
22125
22085
22057
22023
21963
21940
21891
21865
21858
21856
21822
21733
21582
21516
21325
21243
21216
21207
21151
21128
21040
20990
20942
20847
20812
20687
20613
20581
20578
20559
20516
20498
20323
20271
20268
20267
20250
20200
20191
20139
20047
20018
19940
19763
19742
19734
19729
19591
19501
19399
19367
19179
19140
19048
19027
18868
18865
18815
18654
18638
18597
18582
18573
18477
18472
18419
18344
18324
18313
18258
18253
18225
18021
17979
17825
17736
17709
17635
17629
17582
17458
17371
17238
17183
17183
17167
17132
17111
17015
17001
16997
16949
16847
16736
16654
16650
16643
16620
16572
16564
16468
16466
16459
16442
16433
16415
15967
15917
15880
15865
15751
15740
15733
15694
15534
15531
15411
15394
15358
15338
15321
15304
15260
15256
15153
15129
14978
14966
14857
14847
14847
14792
14789
14787
14737
14734
14701
14643
14628
14607
14575
14526
14516
14476
14444
14432
14397
14387
14386
14378
14196
14181
14130
14082
13880
13693
13606
13563
13359
13259
13239
13237
13231
13215
13146
13070
13049
13039
12995
12965
12919
12906
12827
12802
12736
12730
12442
12283
12159
12148
12027
12027
11995
11995
11820
11817
11809
11666
11617
11380
11353
11349
11272
11228
11152
10923
10869
10793
10758
10758
10723
10707
10681
10649
10582
10493
10448
10363
10341
10244
10174
10162
10143
10139
10062
10016
10008
9949
9941
9803
9790
9696
9686
9666
9656
9638
9633
9594
9570
9540
9448
9398
9383
9326
9318
9303
9246
9243
9210
9028
9018
8936
8917
8842
8807
8771
8666
8616
8559
8410
8371
8271
8265
8264
8209
8112
7909
7909
7841
7835
7817
7750
7711
7474
7405
7392
7386
7371
7359
7354
7322
7307
7087
7056
7034
6957
6946
6815
6644
6635
6613
6550
6407
6392
6388
6300
6279
6229
6208
6202
6157
6110
6091
6075
5943
5833
5795
5778
5722
5700
5587
5538
5515
5514
5475
5465
5445
5430
5425
5392
5310
5296
5259
5249
5205
5191
5132
5121
5109
5099
5071
5048
5025
4965
4925
4914
4844
4841
4789
4781
4736
4711
4657
4636
4627
4597
4584
4418
4403
4321
4310
4271
4236
4214
4062
4052
4005
3997
3987
3963
3934
3904
3900
3796
3742
3678
3652
3622
3609
3574
3516
3492
3472
3448
3438
3437
3427
3404
3331
3298
3234
3086
2960
2924
2889
2865
2844
2834
2736
2733
2665
2641
2633
2516
2497
2489
2459
2414
2387
2235
2217
2123
2102
2068
2066
2065
2040
2038
1941
1837
1783
1576
1542
1496
1432
1398
1397
1324
1248
1229
1180
1117
1024
1018
1018
977
976
781
691
660
624
474
403
398
285
235
86
11
