99874
99808
99805
99522
99435
99417
99405
99363
99359
99294
99231
99155
99070
98997
98981
98917
98853
98839
98652
98559
98547
98512
98397
98392
98284
98238
98217
98198
98147
98139
98137
98117
98094
98084
98061
98049
98039
98019
97992
97939
97859
97851
97776
97745
97709
97708
97690
97499
97450
97417
97393
97314
97180
97054
96909
96824
96809
96682
96677
96609
96607
96553
96516
96503
96236
96225
96204
96195
96150
96125
96091
96045
96038
95978
95935
95890
95872
95863
95852
95712
95640
95486
95434
95373
95331
95326
95316
95259
95156
95149
95086
94994
94941
94896
94814
94765
94753
94710
94682
94643
94633
94596
94591
94566
94520
94498
94458
94458
94418
94377
94360
94241
94050
94004
93987
93942
93882
93845
93772
93620
93496
93476
93435
93400
93274
93200
93062
93060
92996
92919
92889
92862
92854
92801
92713
92603
92578
92564
92481
92463
92364
92357
92356
92341
92217
92101
92097
92042
92017
92011
91914
91837
91742
91700
91691
91679
91666
91624
91618
91600
91498
91360
91258
91221
91186
91120
91023
90990
90949
90908
90822
90793
90789
90709
90699
90686
90534
90505
90455
90421
90346
90260
89956
89704
89645
89634
89632
89593
89566
89373
89310
89243
89222
89204
89142
89043
89003
88987
88966
88725
88673
88664
88624
88500
88485
88466
88393
88369
88326
88308
88277
88113
88058
88048
87992
87967
87890
87866
87840
87838
87805
87791
87767
87757
87691
87687
87678
87662
87620
87509
87469
87451
87421
87167
87166
87159
87086
87086
87066
87036
87008
86956
86882
86756
86754
86686
86665
86637
86528
86517
86484
86456
86033
86004
85944
85894
85817
85796
85785
85785
85693
85546
85499
85444
85367
85357
85325
85296
85261
85248
85243
85198
85191
85188
84960
84813
84772
84763
84762
84752
84663
84642
84638
84488
84421
84406
84392
84352
84323
84306
84223
84204
84193
84192
84148
84135
84081
84023
83976
83955
83900
83876
83875
83870
83841
83807
83743
83665
83640
83626
83604
83598
83527
83480
83471
83457
83412
83303
83102
83097
83036
83009
82979
82906
82892
82857
82731
82652
82502
82488
82467
82452
82418
82344
82326
82320
82164
82152
82117
82094
82083
81996
81910
81855
81848
81677
81629
81487
81382
81250
81182
81172
81044
81034
80749
80729
80703
80693
80688
80661
80630
80622
80464
80352
80276
80263
80248
80200
80146
80098
80086
80016
79989
79986
79913
79881
79825
79788
79634
79576
79573
79527
79521
79515
79409
79363
79174
79134
79054
79049
78976
78950
78781
78746
78628
78627
78604
78593
78584
78537
78532
78517
78494
78465
78424
78369
78350
78350
78265
78042
78006
77992
77967
77954
77946
77843
77807
77590
77485
77437
77426
77344
77325
77313
77273
77270
77175
77161
77159
77130
77095
77085
77061
77044
77044
76957
76792
76782
76705
76682
76593
76586
76565
76564
76518
76485
76382
76371
76283
76076
76016
76004
75967
75965
75961
75935
75934
75897
75712
75654
75632
75594
75532
75531
75312
74985
74964
74904
74816
74708
74628
74500
74492
74457
74434
74427
74424
74416
74307
74283
74276
74251
74245
74158
74137
74059
74029
74025
73912
73845
73842
73798
73689
73659
73576
73531
73494
73485
73457
73302
73286
73230
73221
73216
73155
73155
73142
73081
73038
72920
72830
72821
72777
72764
72748
72707
72659
72636
72578
72573
72563
72451
72371
72354
72324
72269
72234
72186
72159
72090
72049
72048
72036
71983
71964
71947
71925
71883
71825
71795
71718
71707
71706
71692
71666
71620
71457
71391
71234
71191
71172
71052
70924
70923
70837
70831
70773
70702
70668
70637
70564
70551
70485
70446
70424
70397
70368
70362
70335
70263
70231
70190
69931
69886
69709
69651
69624
69610
69592
69484
69154
69105
69028
69004
68965
68834
68785
68735
68732
68634
68621
68570
68547
68508
68437
68416
68410
68385
68382
68354
68275
68233
68184
68181
68161
68108
68047
67985
67966
67936
67875
67767
67757
67732
67697
67599
67477
67409
67303
67267
67207
67201
67177
67067
67039
66990
66970
66968
66953
66925
66808
66685
66630
66518
66394
66366
66309
66210
66193
66178
66173
66115
66071
66013
65935
65866
65837
65759
65731
65729
65647
65536
65533
65524
65475
65474
65451
65437
65434
65412
65370
65359
65347
65268
65245
65220
65194
65093
65012
64946
64846
64791
64689
64687
64667
64659
64595
64579
64487
64429
64385
64278
64253
64207
64121
64085
64057
64045
64031
63928
63920
63876
63854
63759
63713
63639
63543
63542
63534
63533
63522
63399
63389
63387
63342
63302
63299
63265
63224
63151
63101
63047
63039
63014
62951
62898
62884
62858
62758
62745
62724
62721
62690
62676
62556
62545
62540
62508
62481
62422
62412
62341
62273
62270
62265
62259
62166
62158
62143
62046
62038
61994
61974
61960
61947
61945
61905
61866
61865
61829
61811
61798
61725
61585
61547
61524
61501
61483
61476
61372
61313
61170
61165
61122
60776
60733
60727
60662
60662
60626
60595
60526
60518
60498
60443
60312
60284
60201
60156
60148
60103
60069
60062
60038
59989
59945
59893
59879
59843
59830
59751
59704
59633
59615
59572
59518
59467
59356
59319
59201
59127
59091
59024
58911
58882
58797
58719
58677
58652
58404
58361
58288
58273
58272
58040
57957
57933
57918
57917
57863
57821
57773
57719
57719
57675
57649
57621
57613
57585
57423
57398
57354
57314
57274
57262
57257
57193
57172
57147
57120
57036
57002
56992
56885
56867
56815
56773
56768
56751
56714
56571
56482
56477
56465
56406
56367
56210
56208
56124
56099
56058
56027
55963
55952
55927
55926
55885
55879
55806
55796
55770
55763
55682
55626
55605
55599
55526
55480
55467
55414
55336
55285
55242
55218
55168
55162
55112
55074
55024
55016
54752
54713
54681
54649
54549
54474
54443
54407
54401
54261
54189
54170
54027
53976
53976
53942
53938
53934
53860
53808
53762
53667
53666
53664
53644
53642
53604
53580
53565
53504
53493
53467
53381
53378
53316
53315
53300
53272
53258
53253
52972
52905
52791
52672
52666
52600
52541
52539
52536
52528
52521
52480
52470
52411
52401
52296
52270
52241
52123
51969
51962
51886
51836
51754
51704
51669
51638
51621
51610
51566
51516
51460
51390
51363
51360
51359
51161
51099
51017
51009
50876
50755
50673
50664
50618
50606
50582
50575
50516
50429
50381
50377
50356
50328
50320
50259
50131
50115
50040
49998
49983
49907
49893
49796
49795
49765
49705
49668
49543
49510
49497
49492
49465
49454
49432
49430
49350
49346
49341
49266
49217
49162
49137
49066
49032
48993
48970
48934
48918
48888
48853
48845
48727
48686
48652
48549
48370
48366
48255
48187
48145
48130
48112
48068
48063
48022
47938
47938
47851
47808
47678
47652
47638
47636
47585
47504
47410
47410
47368
47302
47258
47216
47061
47018
46967
46860
46857
46827
46779
46758
46689
46667
46490
46415
46357
46228
46172
46140
46121
46066
45984
45966
45913
45896
45881
45845
45797
45751
45692
45675
45648
45513
45320
45263
45221
45182
45115
45011
44980
44968
44923
44921
44821
44692
44651
44650
44646
44638
44636
44623
44574
44490
44469
44459
44409
44394
44390
44226
44086
44033
43893
43865
43804
43747
43734
43730
43671
43613
43560
43508
43477
43440
43418
43398
43386
43383
43289
43283
43247
43190
43180
43144
43068
43019
42886
42883
42822
42810
42762
42711
42556
42538
42505
42498
42457
42436
42426
42418
42367
42361
42274
42223
42218
42136
42089
41946
41936
41881
41766
41749
41681
41680
41650
41625
41575
41444
41443
41432
41426
41372
41227
41217
41059
40917
40909
40870
40781
40763
40755
40607
40604
40494
40491
40475
40440
40427
40424
40387
40351
40337
40307
40286
40265
40206
40184
40183
40174
40129
40013
39973
39897
39876
39875
39769
39753
39751
39658
39637
39612
39593
39570
39354
39335
39147
39102
39074
39067
39045
39044
38948
38893
38838
38815
38575
38571
38429
38429
38424
38338
38322
38284
38262
38127
38077
38041
38037
37940
37893
37884
37841
37836
37794
37783
37757
37737
37612
37587
37563
37488
37359
37339
37307
37256
37230
37208
37181
37103
37017
36949
36836
36820
36770
36754
36651
36630
36628
36583
36569
36549
36466
36457
36375
36330
36284
36225
36216
36122
36065
36060
36059
36028
36012
35881
35858
35827
35823
35811
35777
35723
35717
35668
35624
35617
35611
35571
35566
35561
35526
35520
35478
35406
35396
35387
35367
35334
35286
35286
35267
35215
35158
35066
35055
35042
35013
34972
34829
34823
34816
34791
34780
34608
34488
34482
34476
34317
34302
34273
34257
34234
34181
34117
34116
34062
33965
33786
33781
33751
33629
33611
33525
33485
33480
33472
33268
33194
33145
32990
32981
32980
32964
32946
32886
32875
32825
32818
32806
32804
32784
32702
32677
32655
32588
32513
32497
32493
32393
32389
32301
32203
32143
32139
32094
32038
32000
32000
31929
31903
31895
31857
31824
31796
31784
31737
31687
31672
31489
31430
31292
31286
31041
30984
30927
30904
30832
30714
30696
30658
30610
30607
30474
30403
30348
30313
30248
30119
30110
30086
30011
29991
29976
29902
29887
29849
29808
29728
29722
29586
29532
29489
29392
29327
29234
29125
29118
29086
29016
28948
28942
28913
28849
28796
28689
28633
28631
28510
28495
28411
28342
28314
28305
28285
28283
28166
28017
27985
27920
27723
27716
27656
27655
27645
27619
27429
27401
27388
27384
27252
27231
27230
27174
27173
27162
27141
27099
27063
27039
27036
27032
26941
26921
26910
26900
26851
26822
26743
26697
26691
26637
26592
26590
26588
26529
26521
26456
26409
26352
26347
26239
26227
26118
26104
26053
25998
25988
25920
25905
25852
25850
25826
25825
25609
25520
25508
25367
25134
25126
25005
24962
24945
24927
24874
24817
24805
24773
24684
24654
24569
24517
24460
24439
24365
24279
24205
24201
24175
24158
24152
24095
23995
23976
23969
23967
23920
23880
23834
23649
23634
23566
23540
23513
23499
23429
23414
23389
23361
23345
23342
23334
23205
23176
23159
23095
23059
22993
22899
22894
22794
22758
22753
22626
22522
22505
22391
22390
22298
22205
22159
22105
22091
22078
22058
22050
21997
21959
21912
21910
21879
21803
21789
21786
21757
21673
21638
21576
21459
21404
21196
21183
21076
21056
21045
20946
20872
20826
20821
20643
20577
20574
20505
20491
20456
20428
20427
20368
20259
20243
20240
20112
20106
19975
19883
19875
19634
19627
19624
19566
19565
19487
19475
19457
19408
19327
19259
19214
19207
19054
19042
19019
18984
18939
18891
18853
18785
18771
18694
18671
18634
18544
18501
18450
18415
18231
18225
18224
18129
18119
18115
18113
18059
18047
17967
17811
17588
17562
17551
17516
17453
17346
17262
17228
17216
17032
16864
16800
16700
16693
16650
16510
16394
16333
16319
16276
16225
16196
16170
16170
16168
16164
16137
16135
16130
16102
16071
15952
15900
15789
15783
15778
15745
15733
15695
15609
15592
15418
15338
15255
15138
14897
14874
14789
14740
14715
14695
14683
14574
14488
14477
14428
14380
14310
14176
14033
13941
13734
13681
13637
13607
13522
13519
13411
13367
13302
13294
13262
13241
13230
13180
13175
13173
13157
13107
12957
12878
12869
12835
12831
12774
12696
12676
12611
12577
12576
12564
12488
12369
12293
12257
12178
12149
12133
12009
11830
11826
11743
11671
11633
11543
11497
11470
11413
11391
11273
11216
11119
11078
10929
10901
10889
10864
10809
10797
10792
10777
10755
10688
10651
10634
10633
10617
10554
10530
10494
10304
10134
10121
10119
10022
9957
9934
9853
9850
9702
9631
9613
9591
9589
9568
9426
9332
9312
9264
9263
9243
9227
9203
9191
9169
9165
9081
9080
9062
9047
8890
8880
8863
8842
8839
8789
8752
8702
8695
8690
8665
8634
8608
8570
8560
8434
8385
8380
8376
8281
8138
8115
8106
8095
7970
7940
7933
7929
7903
7835
7787
7727
7713
7691
7646
7604
7491
7430
7353
7304
7294
7250
7206
7029
7028
7021
6953
6936
6935
6863
6809
6651
6635
6575
6537
6530
6514
6503
6478
6472
6471
6444
6367
6366
6331
6157
6131
6131
6085
6044
6034
5608
5507
5448
5428
5424
5220
5217
5197
5177
5167
5155
5138
5037
5007
4989
4973
4929
4814
4755
4707
4702
4696
4563
4539
4437
4382
4263
4238
4079
3916
3913
3901
3742
3736
3611
3601
3521
3518
3506
3495
3456
3283
3255
3208
3194
3190
3157
3154
3141
3107
3101
3075
3045
3033
3018
3010
2996
2991
2871
2825
2812
2668
2654
2631
2627
2625
2583
2514
2424
2410
2379
2344
2227
2184
2166
2162
2049
2013
1958
1851
1840
1794
1780
1681
1535
1500
1494
1474
1473
1443
1413
1400
1398
1366
1354
1320
1260
1202
1193
1182
1053
1052
1049
996
991
975
905
823
732
662
514
438
422
314
227
109
54
