99997
99962
99847
99718
99712
99622
99618
99599
99527
99517
99514
99510
99490
99434
99415
99353
99279
99276
99259
99233
99165
99148
99135
99067
99041
99036
98977
98973
98936
98917
98904
98840
98818
98803
98800
98792
98668
98589
98585
98580
98552
98472
98420
98366
98337
98332
98225
98134
98051
98033
97944
97875
97870
97777
97657
97597
97591
97545
97483
97479
97469
97286
97252
97036
96991
96960
96931
96912
96738
96592
96515
96481
96444
96364
96328
96291
96266
96214
96167
96126
96059
96048
96034
95941
95780
95700
95650
95641
95541
95507
95478
95264
95147
95089
95008
94924
94904
94845
94820
94816
94809
94788
94754
94694
94667
94623
94604
94570
94426
94371
94364
94247
94208
94157
94155
94065
94018
93999
93999
93980
93707
93690
93671
93669
93639
93554
93461
93363
93316
93284
93279
93271
93262
93148
93078
93075
92890
92740
92702
92634
92603
92598
92538
92439
92411
92340
92302
92263
92159
92091
91905
91873
91821
91803
91701
91609
91522
91518
91506
91487
91444
91442
91042
91002
90995
90895
90739
90730
90673
90582
90372
90330
90283
90259
90250
90243
90235
90178
90057
89951
89945
89939
89888
89758
89724
89709
89700
89600
89587
89546
89518
89415
89403
89321
89297
89256
89238
89237
89233
89207
89189
89180
89177
89118
89101
89100
89094
89030
88999
88976
88975
88961
88943
88889
88881
88858
88840
88821
88798
88531
88428
88276
88266
88223
88212
88208
88188
88160
88049
88001
87969
87943
87930
87838
87830
87806
87706
87660
87629
87597
87229
87179
87142
87127
87087
87030
86898
86855
86681
86616
86602
86592
86583
86570
86519
86428
86396
86385
86345
86337
86164
86105
86066
86027
85976
85861
85846
85818
85794
85754
85727
85717
85698
85631
85627
85611
85583
85576
85522
85518
85515
85478
85468
85418
85315
85277
85256
85170
85106
85021
84981
84889
84843
84779
84772
84739
84708
84696
84647
84632
84560
84529
84482
84443
84432
84355
84340
84145
84125
84029
83910
83882
83849
83780
83751
83632
83582
83546
83462
83443
83432
83414
83404
83381
83370
83326
83309
83305
83277
83191
83147
83137
83119
83103
83057
83040
82888
82834
82774
82730
82694
82691
82591
82590
82578
82528
82482
82455
82453
82438
82351
82319
82287
82275
82272
82268
82223
82210
82187
82184
82062
82040
81998
81949
81833
81820
81818
81705
81667
81658
81386
81341
81247
81230
81205
81202
81186
81124
81069
80975
80954
80939
80933
80919
80797
80677
80658
80652
80594
80584
80575
80538
80534
80508
80455
80447
80430
80398
80269
80248
80185
80173
80123
80033
80033
79884
79828
79819
79813
79807
79771
79732
79681
79641
79633
79607
79493
79471
79426
79384
79357
79343
79258
79253
79251
79228
79089
79000
78933
78930
78862
78688
78674
78669
78663
78608
78602
78597
78594
78564
78504
78475
78395
78393
78319
78252
78184
78159
78067
78062
78055
78025
78022
78011
77932
77919
77839
77779
77706
77428
77414
77394
77392
77293
77170
76963
76960
76958
76950
76902
76733
76721
76686
76681
76652
76647
76627
76469
76379
76356
76337
76330
76294
76278
76262
76208
76205
76128
76099
75935
75801
75686
75670
75622
75585
75510
75468
75459
75314
75258
75208
75190
75181
75149
75093
74946
74946
74923
74920
74856
74840
74802
74730
74711
74695
74666
74614
74551
74506
74449
74443
74376
74331
74189
73967
73945
73869
73851
73789
73781
73780
73683
73655
73613
73571
73460
73442
73379
73315
73259
73242
73094
73010
72869
72766
72695
72659
72631
72510
72472
72285
72260
72246
72173
72092
72068
72057
72043
72013
72010
71978
71935
71931
71909
71855
71836
71831
71815
71742
71732
71518
71439
71321
71208
71201
71141
71094
70980
70944
70921
70873
70775
70746
70723
70590
70495
70355
70237
70200
70177
70108
70084
69971
69955
69941
69891
69844
69836
69835
69803
69787
69785
69730
69662
69621
69513
69493
69473
69398
69318
69299
69246
69191
69079
69032
69001
68999
68930
68921
68913
68800
68756
68753
68745
68742
68713
68659
68530
68492
68477
68400
68368
68338
68318
68310
68240
68197
68188
68179
68166
68102
68092
68090
68026
67867
67864
67821
67821
67752
67628
67621
67618
67555
67545
67536
67470
67467
67462
67341
67330
67057
67030
67020
66941
66876
66866
66842
66798
66764
66756
66707
66566
66559
66534
66480
66399
66382
66299
66137
66119
66006
65956
65920
65915
65824
65822
65804
65759
65574
65506
65448
65434
65352
65215
65075
65023
64972
64877
64835
64810
64792
64736
64689
64683
64567
64542
64453
64437
64419
64405
64375
64234
64214
64183
64136
64103
64033
63895
63847
63841
63820
63766
63750
63663
63622
63609
63608
63585
63516
63439
63388
63309
63258
63216
63142
63108
63098
63044
63033
63032
63029
62991
62963
62895
62842
62755
62755
62693
62623
62616
62605
62603
62602
62561
62526
62525
62510
62326
62319
62220
62184
62184
62146
61871
61870
61838
61831
61790
61780
61772
61685
61613
61574
61498
61488
61469
61323
61199
61191
61179
61169
60893
60879
60856
60822
60799
60776
60624
60556
60397
60360
60316
60229
60219
60122
60009
59978
59916
59916
59830
59763
59748
59737
59668
59641
59591
59586
59546
59539
59454
59399
59390
59376
59374
59315
59309
59296
59133
59084
59057
59027
58944
58893
58884
58863
58849
58761
58633
58631
58595
58548
58533
58501
58488
58426
58403
58209
58208
58063
57968
57823
57815
57814
57805
57794
57736
57716
57713
57620
57555
57555
57548
57524
57505
57377
57366
57324
57299
57271
57199
57199
57172
57079
57061
57041
57034
56937
56878
56831
56746
56708
56580
56554
56516
56487
56481
56473
56446
56415
56194
56174
56144
56132
56101
56089
56061
55995
55954
55941
55920
55797
55675
55629
55626
55605
55483
55470
55441
55328
55315
55273
55124
55073
55028
55016
54847
54797
54793
54782
54676
54673
54660
54598
54558
54486
54445
54443
54441
54437
54427
54379
54339
54326
54230
54217
54175
54113
54053
53926
53880
53833
53728
53498
53368
53343
53338
53301
53296
53291
53258
53245
53215
53171
53165
53153
53125
53065
52952
52946
52886
52880
52878
52703
52589
52578
52566
52550
52544
52525
52513
52471
52459
52420
52412
52388
52090
51992
51979
51975
51971
51817
51816
51794
51687
51647
51606
51599
51593
51539
51528
51525
51321
51251
51204
51178
51111
51023
51020
50996
50919
50888
50821
50820
50810
50766
50722
50703
50680
50644
50606
50598
50535
50524
50507
50503
50455
50436
50386
50346
50255
50192
50142
50124
50026
50023
50010
50009
49964
49938
49931
49901
49897
49877
49783
49671
49626
49612
49579
49486
49280
49246
49182
49093
49059
49012
48957
48822
48807
48718
48711
48693
48675
48610
48602
48590
48567
48354
48308
48156
48137
48121
48059
47973
47949
47945
47945
47878
47765
47726
47621
47478
47424
47373
47348
47277
47203
47167
47123
46950
46945
46926
46904
46860
46823
46733
46694
46651
46634
46596
46596
46581
46512
46475
46415
46138
46118
46113
46043
46022
45975
45939
45924
45887
45869
45854
45833
45828
45753
45701
45656
45646
45632
45621
45602
45540
45418
45387
45356
45161
45152
45140
45115
45080
45072
44931
44858
44816
44713
44681
44649
44632
44614
44523
44485
44430
44393
44329
44291
44201
44195
44156
44121
43949
43867
43849
43799
43799
43699
43618
43577
43546
43536
43509
43464
43440
43427
43251
43247
43173
43163
43123
43067
43045
42954
42890
42868
42857
42662
42655
42632
42607
42585
42511
42293
42122
42102
42015
41777
41735
41694
41645
41629
41572
41558
41542
41484
41449
41448
41328
41278
41248
41187
41146
41145
41086
40974
40951
40941
40924
40742
40741
40668
40604
40588
40545
40519
40480
40470
40413
40385
40239
40236
40180
40168
40080
39861
39823
39802
39782
39768
39699
39684
39593
39575
39508
39416
39409
39324
39293
39255
39220
39173
39121
39076
39061
39051
39015
38963
38923
38869
38852
38786
38776
38738
38727
38671
38657
38593
38580
38527
38506
38506
38478
38378
38339
38266
38193
38086
38029
37963
37920
37759
37752
37646
37540
37501
37450
37445
37389
37074
37040
37040
37014
36993
36884
36873
36767
36749
36708
36703
36570
36535
36531
36526
36502
36499
36440
36422
36321
36300
36141
36076
36033
35960
35922
35874
35856
35793
35720
35717
35705
35694
35686
35674
35546
35491
35442
35434
35428
35195
35132
35087
35001
34986
34933
34898
34879
34834
34737
34595
34591
34560
34462
34443
34415
34403
34381
34367
34316
34245
34243
34220
34071
34033
33845
33825
33740
33662
33562
33559
33489
33436
33213
33181
33176
33159
33049
32966
32899
32893
32838
32798
32684
32675
32674
32638
32595
32533
32424
32386
32380
32257
32213
32202
32159
32109
31987
31974
31940
31906
31858
31821
31767
31754
31748
31683
31601
31469
31425
31392
31326
31310
31307
31294
31202
31183
31058
30948
30859
30856
30851
30842
30762
30739
30731
30603
30514
30509
30455
30403
30362
30230
30216
30181
30079
30071
30019
29980
29956
29926
29882
29806
29689
29620
29616
29592
29541
29535
29468
29382
29221
29207
29185
29015
28997
28986
28976
28888
28822
28748
28736
28731
28728
28663
28630
28546
28498
28462
28453
28436
28408
28366
28212
28155
28147
28101
28013
27960
27950
27694
27638
27484
27386
27355
27306
27259
27251
27249
27179
27097
26746
26735
26693
26651
26629
26620
26620
26540
26478
26452
26377
26372
26263
26232
26151
26110
26090
26080
26028
26010
25980
25930
25923
25873
25861
25818
25793
25721
25692
25616
25580
25537
25492
25324
25265
25250
25196
25187
25186
25148
25097
24962
24914
24900
24855
24796
24781
24772
24541
24537
24533
24476
24453
24449
24438
24437
24295
24086
24005
23931
23906
23895
23794
23779
23724
23714
23708
23646
23638
23455
23444
23437
23375
23230
23163
23048
23043
23040
22994
22977
22927
22872
22840
22706
22569
22533
22388
22376
22283
22243
22130
22066
22055
22028
22025
21941
21934
21899
21894
21884
21802
21801
21764
21444
21444
21372
21292
21245
21195
21176
21098
21007
21001
20985
20927
20855
20846
20786
20765
20765
20723
20697
20688
20678
20668
20662
20621
20614
20600
20570
20518
20334
20307
20153
20062
20034
19991
19989
19974
19967
19909
19648
19565
19508
19363
19346
19325
19292
19116
19009
18985
18975
18952
18907
18882
18873
18814
18753
18748
18707
18618
18588
18522
18498
18473
18412
18411
18279
18250
18090
18081
17981
17881
17831
17817
17687
17660
17467
17460
17422
17314
17295
17290
17259
17233
17177
17164
17150
17139
17098
17062
17030
17014
16929
16867
16792
16771
16771
16766
16548
16410
16409
16365
16303
16270
16230
16219
16154
16129
16067
16049
16011
16006
15945
15920
15901
15811
15744
15743
15655
15562
15557
15557
15551
15500
15470
15438
15435
15389
15389
15305
15280
15162
15121
15004
14980
14965
14913
14908
14904
14877
14816
14716
14666
14660
14470
14424
14248
14238
14226
14122
14121
14018
13948
13935
13929
13927
13904
13897
13842
13835
13772
13685
13677
13521
13474
13394
13303
13262
13249
13220
13219
13086
13067
12996
12994
12988
12771
12769
12756
12735
12688
12642
12625
12574
12553
12546
12512
12484
12432
12411
12357
12290
12244
12204
12157
12157
12145
12105
12041
11974
11869
11846
11761
11758
11748
11736
11696
11549
11543
11505
11482
11461
11456
11422
11408
11383
11373
11367
11333
11239
11238
11166
11128
11113
11072
11067
11041
11006
10961
10944
10862
10830
10804
10804
10744
10732
10718
10709
10638
10538
10471
10442
10359
10353
10338
10320
10318
10304
10243
10188
10187
10158
10080
9948
9703
9605
9605
9479
9470
9405
9370
9262
9234
9223
9221
9194
9168
9149
9147
9097
9096
9090
8942
8911
8899
8796
8753
8725
8691
8669
8627
8562
8423
8352
8332
8236
8224
8213
8153
8124
8078
8052
7949
7947
7866
7864
7725
7690
7597
7565
7512
7470
7458
7330
7222
7215
7055
6961
6827
6756
6744
6586
6529
6472
6344
6314
6279
6243
6239
6179
6152
6076
6076
6071
6058
5966
5925
5892
5848
5757
5678
5670
5646
5620
5597
5503
5496
5403
5386
5306
5275
5165
5156
5124
5045
5031
5006
5006
4956
4645
4643
4639
4594
4489
4149
4086
4072
3917
3900
3885
3824
3707
3599
3559
3551
3526
3393
3349
3304
3283
3237
3219
3205
3133
3074
3067
3043
2953
2927
2903
2891
2881
2814
2806
2806
2795
2780
2771
2753
2714
2708
2672
2591
2527
2502
2495
2376
2337
2141
2126
2043
1765
1728
1561
1536
1507
1438
1419
1404
1389
1224
1165
1149
1098
1094
983
981
980
883
859
841
785
785
782
750
744
733
718
697
693
655
594
565
501
464
446
411
402
347
342
326
314
313
278
190
137
79
69
1
