99995
99992
99919
99892
99721
99605
99598
99574
99572
99526
99502
99482
99449
99433
99380
99374
99354
99312
99150
99115
99095
99067
99063
99005
98953
98899
98844
98771
98730
98702
98689
98673
98670
98442
98332
98323
98283
98234
98173
98145
98119
98042
98019
97942
97866
97827
97815
97771
97768
97742
97638
97614
97609
97521
97473
97462
97451
97318
97292
97187
97102
97078
96939
96898
96818
96766
96719
96619
96552
96486
96426
96396
96321
96298
96187
96183
96145
96107
96084
95997
95975
95944
95922
95895
95881
95822
95747
95708
95674
95624
95619
95612
95604
95538
95529
95525
95514
95372
95327
95315
95213
95139
95038
94979
94882
94836
94768
94757
94626
94577
94549
94501
94485
94432
94394
94317
94293
94159
93986
93965
93894
93823
93788
93757
93724
93652
93651
93623
93576
93574
93494
93137
93124
93111
93079
92958
92915
92868
92829
92822
92753
92709
92703
92670
92636
92572
92505
92453
92423
92411
92268
92201
92173
92165
92010
91995
91906
91822
91802
91781
91730
91644
91468
91381
91327
91264
91199
91120
91111
91077
91037
91027
90931
90823
90783
90765
90711
90671
90651
90644
90583
90570
90563
90431
90395
90286
90230
90163
90158
90093
90092
90075
90061
90056
90053
89938
89925
89882
89857
89775
89760
89704
89688
89673
89655
89571
89518
89484
89468
89430
89383
89325
89290
89265
89170
89050
88981
88960
88957
88798
88525
88417
88380
88340
88301
88103
88103
88082
87967
87892
87852
87829
87824
87819
87811
87773
87746
87738
87724
87715
87700
87633
87581
87540
87534
87521
87455
87448
87366
87326
87108
87104
87102
87067
87056
86988
86939
86914
86796
86745
86561
86558
86550
86505
86472
86398
86367
86256
86190
86058
85961
85863
85842
85784
85772
85723
85686
85359
85295
85261
85141
85026
84776
84625
84598
84593
84528
84510
84451
84364
84249
84188
84158
84153
84136
84074
84015
84013
83985
83966
83914
83897
83882
83697
83612
83611
83479
83318
83291
83181
83176
83135
83118
83114
83070
83067
83004
82974
82948
82895
82694
82630
82539
82418
82368
82367
82365
82360
82348
82309
82274
82269
82186
82153
82115
82097
82071
82066
82063
81888
81797
81779
81738
81719
81642
81632
81627
81613
81560
81549
81391
81388
81383
81374
81322
81227
81201
81140
81123
81100
81075
81036
80996
80994
80971
80883
80834
80800
80707
80673
80637
80540
80466
80392
80332
80288
80287
80225
80174
80099
80083
80079
80037
79945
79906
79870
79865
79829
79796
79783
79782
79778
79774
79773
79552
79454
79431
79392
79385
79376
79344
79306
79236
79203
79187
79075
79041
78993
78905
78868
78744
78713
78705
78628
78557
78516
78488
78480
78422
78360
78219
78199
78091
78032
78028
78023
77950
77856
77844
77663
77608
77575
77553
77474
77472
77329
77302
77277
77260
77256
77153
77127
77123
77070
77031
76942
76928
76821
76785
76758
76758
76746
76684
76612
76585
76579
76535
76499
76415
76369
76269
76185
76131
76109
76099
76021
75959
75944
75928
75869
75846
75804
75773
75750
75742
75698
75652
75615
75493
75431
75372
75304
75296
75244
75174
75090
75084
74994
74927
74827
74780
74562
74542
74507
74421
74418
74412
74368
74254
74209
74160
74118
74061
74052
73987
73978
73968
73912
73816
73809
73684
73648
73623
73530
73388
73378
73350
73235
73025
72998
72722
72701
72674
72611
72521
72521
72493
72481
72462
72430
72383
72354
72301
72235
72223
72223
72216
72165
72100
71993
71988
71987
71951
71893
71886
71836
71789
71772
71742
71719
71719
71598
71573
71494
71459
71452
71359
71345
71036
70936
70916
70825
70823
70731
70724
70631
70626
70614
70460
70327
70289
70246
70175
70133
70121
70095
70088
70077
69965
69955
69926
69880
69855
69768
69718
69533
69520
69460
69338
69309
69288
69192
69182
69178
69103
69078
69026
69001
68999
68983
68890
68840
68770
68770
68738
68696
68615
68564
68473
68397
68375
68342
68292
68216
68075
68048
68039
68038
68032
67973
67844
67826
67717
67644
67634
67595
67583
67538
67521
67440
67409
67402
67366
67350
67221
67186
67102
67100
67038
66983
66975
66936
66919
66793
66745
66731
66517
66516
66510
66477
66388
66384
66341
66227
66166
66156
66137
66135
66110
66073
66034
66021
66011
65991
65987
65951
65941
65865
65800
65733
65694
65647
65608
65504
65461
65439
65396
65374
65285
65215
65164
65131
65066
65060
64941
64921
64891
64825
64816
64803
64785
64748
64614
64602
64557
64488
64404
64279
64214
64121
64061
64043
63994
63962
63953
63941
63907
63795
63759
63681
63654
63613
63602
63585
63540
63502
63476
63455
63422
63354
63342
63312
63298
63116
63112
63086
63051
63007
62963
62950
62870
62820
62811
62756
62750
62744
62653
62628
62626
62458
62412
62329
62310
62252
62168
62154
62060
62034
61996
61987
61940
61886
61671
61588
61543
61518
61509
61447
61219
61192
61187
61172
61150
61047
61031
60957
60910
60906
60731
60729
60635
60607
60601
60596
60582
60530
60527
60474
60351
60335
60330
60298
60274
60220
60186
60169
60143
60107
60091
59923
59788
59761
59583
59565
59381
59196
59094
58964
58917
58916
58914
58894
58882
58858
58839
58831
58794
58792
58683
58661
58656
58634
58606
58571
58458
58404
58302
58283
58254
58224
58218
58179
58124
58114
58090
58064
58038
58020
57996
57971
57921
57879
57822
57791
57553
57521
57368
57342
57315
57277
57235
57232
57140
57133
57131
57109
57035
56897
56839
56747
56702
56700
56663
56607
56534
56433
56425
56368
56237
56188
56129
56108
56055
55996
55977
55934
55910
55846
55823
55783
55752
55700
55654
55623
55617
55583
55514
55508
55429
55304
55304
55250
55187
55159
55133
55002
54996
54990
54966
54855
54803
54768
54692
54659
54626
54604
54601
54419
54400
54281
54095
54087
53978
53841
53737
53728
53721
53710
53656
53592
53472
53412
53366
53346
53342
53335
53296
53268
53248
53248
53194
53158
53088
53039
52975
52950
52933
52920
52862
52861
52729
52720
52695
52689
52596
52576
52531
52522
52503
52184
52171
52117
52112
52059
52044
52020
51955
51930
51927
51924
51865
51855
51746
51740
51714
51627
51597
51586
51439
51417
51323
51283
51267
51158
51149
51075
50937
50881
50881
50871
50869
50861
50730
50727
50725
50588
50533
50417
50361
50350
50306
50288
50283
50242
50101
50041
49994
49904
49852
49665
49652
49578
49512
49502
49496
49416
49411
49408
49378
49376
49284
49250
49247
49219
49197
49186
49177
49095
49067
49056
49042
49019
48995
48839
48774
48771
48740
48649
48563
48416
48397
48367
48319
48275
48248
48241
48151
48121
48078
47953
47925
47914
47868
47807
47782
47768
47741
47679
47678
47651
47601
47558
47537
47471
47394
47389
47040
47029
47011
46933
46929
46922
46885
46884
46864
46856
46822
46804
46793
46784
46759
46743
46710
46710
46693
46658
46622
46510
46498
46481
46455
46410
46366
46310
46304
46296
46275
46175
45965
45948
45920
45831
45785
45741
45724
45713
45644
45603
45573
45486
45474
45449
45442
45386
45328
45315
45305
45218
45162
45094
45053
45032
44991
44972
44920
44777
44769
44675
44602
44602
44572
44457
44447
44414
44365
44353
44340
44199
44098
44078
44039
44009
43953
43943
43850
43766
43704
43695
43551
43464
43449
43413
43399
43138
42879
42790
42765
42699
42602
42517
42320
42229
42226
42201
42194
42136
42088
42056
41957
41921
41909
41879
41852
41726
41600
41596
41452
41341
41266
41117
41088
41057
41044
40997
40974
40896
40863
40776
40772
40528
40300
40297
40283
40226
40171
40132
40051
39965
39903
39890
39851
39832
39821
39780
39767
39766
39684
39650
39649
39645
39612
39592
39584
39555
39514
39486
39472
39451
39447
39392
39362
39310
39286
39274
39152
39113
39078
39047
38921
38869
38867
38863
38860
38852
38785
38639
38613
38534
38513
38509
38422
38422
38410
38389
38254
38201
38129
38122
38107
38030
38016
37922
37872
37832
37792
37721
37653
37624
37601
37601
37584
37552
37496
37392
37362
37328
37228
37226
37202
37177
37168
37099
37058
36966
36837
36810
36518
36517
36440
36418
36360
36321
36291
36237
36170
36127
36114
36085
36033
36006
35979
35968
35957
35878
35874
35863
35801
35692
35622
35519
35517
35496
35421
35405
35358
35220
35211
35032
35010
34994
34859
34854
34820
34805
34749
34662
34538
34501
34487
34422
34275
34228
34177
34049
33992
33870
33867
33710
33601
33571
33567
33519
33465
33224
33184
33182
33137
33132
33073
33046
33036
32999
32985
32945
32901
32895
32654
32577
32548
32532
32471
32359
32331
32311
32290
32261
32196
32145
31983
31889
31882
31875
31864
31778
31747
31741
31722
31706
31685
31679
31672
31645
31336
31325
31293
31266
31265
31148
31033
30987
30896
30766
30707
30675
30662
30470
30458
30450
30366
30356
30261
30131
29993
29843
29805
29793
29742
29551
29530
29524
29518
29513
29499
29464
29455
29417
29345
29309
29252
29248
29237
29210
29202
29170
29128
29123
29104
28985
28978
28977
28952
28941
28936
28878
28822
28749
28601
28583
28575
28569
28521
28518
28495
28482
28298
28266
28156
28135
28087
28026
27976
27941
27920
27910
27887
27878
27846
27763
27709
27660
27615
27569
27484
27429
27346
27305
27298
27288
27253
27189
27147
27126
26973
26950
26926
26732
26659
26623
26515
26510
26508
26484
26482
26481
26379
26304
26283
26272
26257
26248
26175
26170
26133
26030
25812
25682
25593
25572
25556
25466
25458
25444
25443
25413
25393
25362
25297
25243
25206
25157
25156
25146
25005
24959
24945
24897
24841
24797
24745
24729
24628
24597
24585
24532
24494
24494
24488
24475
24434
24429
24408
24404
24300
24248
24235
24213
24118
24118
23999
23983
23882
23844
23840
23840
23832
23774
23766
23749
23737
23711
23660
23654
23583
23571
23515
23508
23469
23347
23324
23101
23081
22885
22868
22858
22836
22827
22777
22732
22670
22664
22605
22509
22402
22297
22263
22233
22213
22200
22175
22135
22074
22061
22023
21982
21978
21966
21911
21794
21747
21621
21512
21418
21373
21370
21359
21293
21088
21083
21059
21001
20844
20753
20734
20682
20625
20572
20569
20567
20484
20467
20422
20344
20320
20152
20085
20007
19916
19898
19875
19791
19775
19749
19747
19739
19693
19682
19568
19504
19367
19268
19244
19229
19222
19194
19163
19078
19032
18954
18944
18930
18861
18741
18721
18672
18593
18527
18508
18480
18418
18359
18336
18333
18329
18322
18290
18195
18189
18152
18129
18014
18006
17893
17862
17857
17788
17749
17603
17527
17484
17476
17461
17425
17383
17349
17306
17306
17267
17246
17187
17126
17099
17091
16958
16833
16801
16734
16727
16726
16653
16568
16543
16519
16422
16392
16339
16332
16255
16201
16156
16062
16061
16054
16040
15910
15901
15784
15727
15659
15576
15436
15430
15413
15396
15376
15373
15348
15316
15288
15223
15187
15158
14994
14958
14885
14851
14748
14667
14584
14453
14425
14395
14346
14338
14219
14122
14117
14073
14050
14000
13973
13932
13925
13854
13816
13777
13717
13670
13644
13583
13577
13570
13537
13526
13498
13427
13303
13265
13197
13156
13138
13126
13105
12996
12976
12968
12941
12909
12900
12900
12899
12769
12769
12626
12593
12530
12481
12406
12305
12302
12240
12227
12166
12164
12147
12069
11902
11877
11860
11811
11772
11690
11616
11615
11519
11399
11364
11298
11199
11161
11111
11068
10993
10988
10968
10967
10964
10932
10858
10842
10810
10704
10685
10645
10637
10620
10608
10590
10517
10246
10244
10243
10220
10214
10039
10031
10007
9974
9955
9925
9813
9763
9662
9657
9562
9532
9452
9334
9264
9252
9222
9061
9040
9022
9022
9000
8956
8904
8812
8770
8734
8665
8615
8571
8560
8551
8502
8469
8418
8339
8298
8284
8266
8249
8238
8231
8220
8179
8167
8138
8059
8008
7936
7869
7833
7784
7772
7725
7661
7646
7600
7593
7578
7568
7458
7458
7451
7361
7353
7337
7218
7162
7071
7045
6936
6875
6844
6795
6719
6710
6699
6636
6553
6455
6371
6363
6323
6321
6252
6203
6117
6106
5967
5876
5799
5792
5730
5686
5651
5606
5558
5435
5431
5293
5241
5182
5130
5058
5026
4989
4982
4954
4949
4929
4811
4765
4755
4699
4664
4616
4520
4459
4458
4455
4422
4395
4338
4302
4273
4169
4047
4009
3997
3878
3751
3688
3677
3651
3573
3525
3363
3289
3272
3260
3215
3202
3167
3068
3067
3050
2942
2910
2870
2865
2865
2844
2837
2807
2772
2446
2413
2413
2369
2341
2336
2305
2201
2180
2154
2072
2049
2040
2027
1920
1678
1608
1580
1567
1543
1508
1419
1398
1382
1362
1285
1265
1258
1208
1194
1120
1051
1001
1000
945
942
851
802
771
734
730
642
606
555
526
513
506
372
293
211
100
15
