99935
99869
99865
99775
99762
99761
99741
99613
99563
99529
99522
99514
99495
99475
99392
99381
99375
99200
99128
99074
99071
99062
99021
98956
98805
98674
98593
98528
98394
98377
98369
98317
98250
98221
98221
98172
98156
98143
98139
98044
98034
97990
97840
97824
97797
97794
97763
97745
97711
97706
97703
97687
97615
97589
97558
97529
97509
97497
97496
97426
97416
97358
97207
97075
97066
97058
97056
97018
96969
96901
96810
96787
96760
96725
96719
96698
96645
96625
96604
96585
96511
96404
96403
96398
96300
96191
96174
96117
96104
95992
95943
95894
95871
95870
95829
95818
95755
95723
95602
95383
95375
95345
95330
95295
95249
95242
95210
95137
95134
95110
95034
94909
94867
94857
94817
94817
94798
94791
94769
94739
94739
94675
94522
94511
94408
94395
94340
94336
94332
94315
94246
94230
94177
94169
94123
94007
93929
93804
93642
93514
93508
93465
93398
93353
93325
93314
93291
93207
93199
93184
93168
93148
93130
93036
92979
92930
92929
92924
92921
92893
92796
92613
92496
92390
92365
92304
92176
92035
91945
91930
91880
91785
91774
91743
91729
91613
91593
91558
91534
91506
91488
91350
91310
91248
91114
91087
91059
91009
90967
90939
90931
90925
90923
90908
90716
90714
90646
90562
90513
90510
90422
90391
90338
90251
90180
90147
90132
90084
90047
90043
90038
89933
89789
89682
89681
89678
89628
89627
89515
89507
89487
89481
89422
89406
89319
89270
89262
89174
89144
89021
88981
88978
88975
88950
88913
88890
88883
88837
88692
88690
88603
88427
88414
88383
88283
88271
88205
88205
88178
88122
88058
87980
87903
87898
87822
87787
87719
87690
87630
87618
87609
87606
87578
87555
87549
87509
87498
87495
87483
87343
87312
87267
87253
87163
87143
87123
87000
86854
86839
86835
86780
86750
86676
86641
86566
86520
86505
86431
86413
86411
86411
86409
86372
86294
86279
86135
86112
85810
85631
85572
85556
85464
85402
85393
85365
85292
85221
85200
85196
85122
85104
85067
85018
84940
84791
84771
84749
84719
84704
84693
84689
84499
84451
84442
84412
84317
84268
84255
84242
84218
84198
84184
83908
83861
83825
83807
83776
83734
83689
83658
83617
83606
83586
83542
83538
83492
83460
83261
83182
83069
83018
82974
82775
82469
82407
82396
82292
82124
82069
82041
81953
81862
81849
81848
81801
81796
81734
81722
81668
81650
81624
81587
81549
81486
81455
81437
81416
81384
81349
81280
81264
81262
81033
80994
80987
80976
80963
80936
80888
80712
80628
80594
80574
80574
80555
80552
80527
80510
80445
80432
80244
80241
80014
80011
79941
79900
79828
79813
79761
79719
79657
79554
79531
79328
79309
79194
79102
79076
79039
78994
78975
78962
78952
78907
78892
78755
78656
78305
78210
78132
78118
78116
77874
77866
77801
77780
77777
77752
77686
77618
77580
77547
77499
77437
77396
77367
77309
77295
77294
77268
77262
77128
77087
77078
77073
77043
77024
76969
76940
76900
76879
76870
76831
76830
76820
76758
76758
76713
76625
76622
76583
76529
76502
76434
76395
76303
76294
76067
75924
75905
75903
75872
75773
75772
75716
75688
75652
75630
75624
75525
75507
75475
75450
75306
75267
75215
75205
75189
75142
75041
75011
74900
74820
74800
74788
74774
74721
74489
74483
74426
74424
74398
74265
74186
74099
73979
73909
73856
73820
73759
73678
73598
73547
73410
73391
73212
73206
73193
73174
73132
73113
72970
72941
72890
72890
72873
72816
72797
72629
72627
72512
72477
72467
72440
72381
72299
72214
72186
72175
72120
72081
72031
71982
71907
71884
71836
71750
71747
71711
71686
71643
71543
71534
71530
71426
71409
71377
71358
71357
71331
71259
71131
71116
70859
70852
70847
70841
70840
70810
70804
70773
70769
70753
70636
70586
70545
70511
70461
70454
70232
70206
70188
70048
70031
69991
69939
69912
69749
69631
69623
69531
69451
69438
69326
69326
69304
69244
69159
69134
69019
68873
68841
68828
68747
68732
68658
68636
68591
68486
68484
68472
68467
68454
68446
68398
68378
68333
68244
68202
68148
68134
68098
68095
68072
68054
68036
67904
67885
67811
67785
67767
67683
67643
67487
67363
67210
67157
67086
67075
67044
66987
66936
66934
66881
66850
66814
66807
66768
66716
66708
66680
66672
66636
66540
66536
66384
66346
66340
66317
66299
66202
66170
66163
66150
66142
66094
66058
66018
65977
65939
65916
65835
65814
65806
65786
65781
65734
65687
65509
65501
65458
65450
65350
65336
65331
65229
65216
65148
65076
65068
64873
64859
64826
64795
64794
64785
64783
64776
64773
64752
64734
64729
64723
64703
64647
64607
64509
64472
64430
64371
64369
64294
64271
64210
64173
64147
64124
64107
63995
63975
63904
63822
63795
63753
63672
63648
63637
63390
63362
63305
63228
63217
63137
63086
63055
63013
63006
62945
62860
62839
62698
62679
62656
62447
62440
62423
62421
62393
62320
62283
62229
62126
62044
61961
61884
61850
61848
61780
61772
61750
61719
61663
61658
61559
61485
61433
61371
61349
61313
61303
61293
61287
61251
61221
61129
60997
60994
60905
60792
60787
60772
60760
60753
60659
60647
60591
60494
60470
60458
60430
60429
60410
60328
60323
60282
60273
60243
60241
60181
60158
60153
60130
59980
59964
59937
59913
59876
59826
59750
59745
59710
59691
59566
59517
59443
59427
59359
59348
59225
59147
59133
59111
59109
59085
59057
58938
58913
58870
58859
58852
58774
58540
58430
58401
58367
58358
58293
58289
58212
58178
58089
57977
57857
57812
57674
57663
57561
57544
57484
57388
57329
57294
57194
57107
57039
57032
56938
56937
56929
56911
56899
56872
56838
56835
56831
56653
56648
56644
56571
56495
56475
56313
56297
56258
56116
56063
56052
56051
55980
55978
55893
55889
55854
55788
55692
55674
55669
55636
55523
55450
55365
55356
55356
55337
55237
55236
55226
55200
55110
55080
55066
55054
55029
55004
54923
54887
54706
54630
54583
54554
54504
54436
54424
54315
54144
54074
53986
53960
53933
53803
53790
53684
53595
53467
53316
53187
53152
53139
53046
52984
52966
52955
52903
52799
52789
52749
52723
52707
52699
52667
52644
52549
52468
52373
52332
52301
52293
52268
52223
52197
52170
52155
52119
52083
52058
52030
51836
51832
51826
51724
51571
51532
51480
51424
51355
51300
51269
51264
51236
51120
51097
51018
51013
51003
50962
50843
50731
50689
50677
50664
50639
50599
50541
50526
50500
50408
50334
50333
50248
50215
50157
50155
50150
50093
50080
50067
50055
50051
50010
49966
49962
49934
49891
49877
49871
49827
49823
49745
49672
49663
49645
49640
49621
49616
49535
49508
49471
49461
49366
49363
49286
49265
49249
49228
49216
49130
49113
49002
48937
48840
48676
48644
48600
48599
48573
48529
48493
48488
48444
48288
48217
48193
48159
48131
48110
48009
47995
47972
47943
47827
47791
47733
47686
47678
47660
47591
47539
47369
47355
47274
47254
47239
47150
47059
47035
46975
46923
46844
46837
46799
46793
46786
46774
46762
46749
46732
46466
46365
46281
46177
46117
46085
46037
45992
45989
45982
45978
45933
45920
45907
45791
45774
45758
45753
45725
45633
45547
45477
45460
45411
45410
45393
45328
45291
45225
45202
45172
45163
45162
45082
45078
45075
45065
45015
44972
44918
44797
44708
44705
44648
44627
44569
44567
44564
44550
44478
44471
44465
44454
44329
44327
44282
44172
44127
44086
44054
44053
44012
43995
43821
43660
43627
43567
43551
43522
43457
43367
43287
43207
43187
43147
42978
42936
42779
42777
42748
42738
42718
42587
42546
42539
42509
42484
42466
42425
42329
42322
42259
42217
42160
42152
42145
41957
41824
41788
41780
41724
41658
41634
41620
41528
41492
41414
41406
41359
41288
41251
41129
41048
41030
40895
40762
40702
40684
40675
40615
40597
40580
40552
40473
40449
40401
40389
40313
40261
40201
40198
40132
40117
40069
39896
39876
39824
39763
39726
39674
39672
39672
39628
39581
39565
39562
39540
39404
39393
39318
39256
39242
39209
39169
39108
39106
39055
39031
38989
38954
38930
38884
38860
38823
38791
38666
38662
38660
38653
38532
38521
38260
38131
37926
37912
37899
37763
37741
37691
37627
37554
37510
37490
37479
37471
37464
37443
37438
37392
37380
37366
37311
37296
37273
37199
37186
37071
37054
37052
37044
37035
36854
36737
36690
36663
36623
36558
36495
36403
36366
36362
36354
36332
36300
36193
36117
36100
36056
36047
36012
35994
35980
35892
35887
35874
35828
35812
35759
35727
35618
35591
35554
35543
35422
35414
35370
35295
35265
35256
35240
35208
35147
35100
34676
34666
34661
34539
34521
34501
34490
34486
34422
34417
34396
34355
34249
34233
34155
34137
34082
34081
34059
34050
33988
33957
33912
33853
33747
33718
33692
33673
33633
33621
33595
33587
33565
33516
33446
33436
33290
33265
33263
33230
33220
33148
33031
33015
32992
32796
32785
32733
32671
32549
32445
32417
32215
32178
32176
31941
31898
31846
31813
31790
31753
31716
31659
31649
31577
31552
31505
31417
31191
31090
31062
30851
30805
30735
30667
30641
30571
30556
30489
30425
30417
30369
30332
30252
30229
30091
30027
29990
29985
29839
29731
29718
29661
29623
29599
29457
29383
29289
29231
29230
29227
29214
29008
28977
28892
28760
28723
28723
28712
28701
28608
28568
28557
28536
28470
28275
28245
28222
28176
28130
28122
28077
27861
27830
27512
27341
27324
27302
27153
27126
27124
27112
27073
27043
27025
27007
26995
26937
26911
26896
26872
26818
26796
26756
26756
26579
26537
26472
26445
26409
26394
26384
26302
26291
26217
26041
25970
25926
25816
25814
25800
25777
25712
25617
25587
25550
25547
25426
25406
25403
25392
25366
25219
25203
25144
25123
25049
25002
24899
24878
24852
24833
24824
24813
24720
24505
24370
24297
24261
24228
24219
24128
24079
24059
24044
24029
23999
23990
23969
23847
23844
23791
23762
23741
23728
23727
23672
23565
23517
23502
23435
23412
23358
23348
23336
23290
23211
23156
23080
23017
22911
22786
22740
22739
22597
22569
22520
22471
22424
22379
22330
22232
22064
22007
21947
21943
21939
21885
21850
21847
21829
21816
21786
21776
21485
21388
21343
21301
21285
21251
21235
21224
21044
21022
21013
20980
20961
20889
20701
20672
20620
20546
20522
20463
20445
20418
20417
20366
20305
20283
20267
20264
20136
20071
20029
20002
19967
19963
19958
19918
19882
19872
19795
19790
19776
19704
19683
19648
19630
19629
19628
19603
19483
19425
19401
19365
19344
19301
19255
19221
19189
19177
19176
19140
19048
18978
18941
18940
18913
18883
18882
18855
18821
18620
18607
18470
18420
18416
18390
18360
18338
18286
18227
18214
18164
18058
18010
17973
17953
17933
17876
17814
17754
17659
17658
17591
17583
17540
17533
17513
17380
17344
17328
17247
17015
17006
16990
16857
16759
16639
16566
16457
16420
16326
16251
16224
16208
16128
16034
15971
15931
15931
15906
15835
15731
15694
15616
15479
15326
15282
15270
15250
15219
15197
15157
15156
15154
15123
15058
14905
14884
14880
14854
14837
14825
14669
14669
14533
14530
14488
14469
14417
14410
14399
14364
14351
14340
14314
14297
14296
14243
14193
14148
14145
14116
13984
13960
13858
13826
13822
13794
13757
13715
13706
13686
13672
13635
13626
13605
13592
13575
13549
13499
13497
13491
13463
13271
13171
13121
13064
13056
12995
12962
12880
12748
12722
12664
12575
12572
12451
12451
12430
12417
12388
12321
12286
12221
12201
12018
12011
11935
11925
11923
11882
11818
11813
11806
11748
11731
11699
11619
11565
11497
11449
11401
11388
11383
11370
11358
11331
11314
11279
11233
11140
11070
11059
10961
10950
10950
10938
10883
10826
10583
10399
10381
10373
10244
10234
10200
10154
10083
10032
9988
9913
9820
9805
9733
9710
9684
9646
9593
9591
9479
9388
9352
9342
9285
9257
9223
9094
9081
9022
9012
8835
8789
8703
8600
8578
8462
8406
8372
8307
8305
8291
8170
8146
8142
8136
8108
8070
7974
7972
7960
7935
7912
7909
7885
7839
7658
7645
7627
7607
7433
7417
7298
7259
7181
7099
7064
7002
6985
6873
6816
6721
6702
6558
6506
6494
6463
6347
6277
6254
6133
5997
5865
5773
5763
5762
5524
5512
5474
5290
5278
5138
5126
5057
4988
4875
4859
4744
4710
4705
4629
4609
4592
4586
4577
4452
4434
4375
4367
4359
4353
4286
4284
4162
4024
3999
3950
3904
3829
3795
3723
3697
3584
3497
3422
3408
3363
3275
3212
3116
2959
2927
2923
2841
2708
2704
2664
2581
2536
2322
2263
2171
2135
2118
2042
1971
1958
1886
1874
1820
1808
1790
1765
1688
1618
1616
1601
1536
1436
1400
1303
1244
1243
1221
1158
1084
1073
1062
1022
956
899
897
857
766
643
639
636
597
595
498
469
312
293
213
181
175
155
81
54
