99936
99898
99863
99840
99721
99709
99674
99661
99540
99384
99360
99326
99268
99237
99234
99173
99132
99050
99006
98928
98900
98881
98714
98676
98593
98435
98400
98390
98355
98257
98137
98117
98072
98058
98035
98004
97989
97899
97801
97755
97685
97661
97657
97526
97524
97488
97446
97372
97340
97321
97290
97225
97114
97111
97059
97055
97044
96988
96964
96909
96908
96863
96792
96790
96734
96687
96584
96529
96447
96421
96408
96366
96364
96280
96183
96175
96129
96040
96002
95956
95943
95894
95892
95834
95700
95536
95509
95477
95477
95425
95380
94999
94995
94991
94982
94954
94897
94867
94855
94719
94654
94587
94544
94461
94356
94181
94079
94077
94025
93913
93852
93795
93784
93732
93699
93677
93662
93645
93562
93455
93394
93365
93076
92945
92922
92895
92895
92882
92835
92831
92826
92788
92777
92715
92691
92668
92624
92604
92566
92565
92319
92297
92291
92213
92169
92165
92142
92026
91978
91971
91922
91891
91880
91785
91720
91676
91603
91585
91581
91542
91516
91469
91449
91416
91408
91358
91277
91275
91167
91103
90958
90895
90832
90804
90612
90514
90195
90016
90000
89805
89786
89774
89759
89749
89705
89499
89483
89410
89402
89324
89269
89218
89170
89147
88904
88829
88805
88759
88752
88664
88532
88408
88310
88293
88277
88201
88198
88183
88174
88173
88097
88085
88065
88063
88050
88036
87957
87934
87895
87824
87741
87728
87702
87677
87663
87534
87496
87462
87457
87454
87325
87307
87273
87249
87201
87102
87093
87021
86980
86973
86968
86938
86936
86583
86579
86527
86513
86393
86340
86287
86255
86251
86104
86085
86046
86041
86031
86014
86002
85942
85920
85607
85606
85603
85531
85519
85427
85396
85379
85373
85333
85266
85090
85089
84891
84840
84811
84737
84679
84664
84605
84571
84568
84496
84492
84483
84466
84444
84390
84382
84312
84179
84159
84108
84080
84044
83845
83845
83840
83826
83736
83719
83718
83652
83652
83612
83581
83574
83418
83356
83356
83331
83325
83322
83291
83245
83201
83106
83062
83000
82997
82958
82953
82902
82880
82855
82829
82815
82745
82714
82706
82657
82581
82579
82500
82427
82424
82420
82379
82339
82158
82099
82051
81961
81901
81869
81846
81769
81750
81577
81563
81560
81547
81419
81348
81330
81314
81295
81277
81166
81142
81096
81084
81076
81033
80994
80879
80871
80845
80804
80755
80741
80739
80723
80673
80614
80587
80556
80522
80466
80353
80342
80332
80325
80296
80287
80271
80264
80230
80197
80105
80104
80013
80003
79992
79959
79955
79893
79856
79846
79782
79757
79748
79741
79586
79520
79506
79497
79495
79448
79407
79321
79315
79254
79242
79218
79129
79111
79073
79020
79004
78723
78610
78412
78368
78359
78324
78318
78219
78211
78185
78140
78086
78083
77934
77925
77851
77795
77656
77553
77537
77501
77412
77386
77377
77365
77278
77206
77170
77150
77006
76956
76954
76822
76768
76756
76708
76655
76653
76612
76529
76516
76427
76386
76331
76308
76295
76258
76207
76144
76127
76082
76043
75959
75929
75822
75816
75796
75794
75767
75758
75743
75738
75695
75691
75691
75657
75623
75623
75612
75513
75454
75447
75384
75375
75340
75321
75218
75218
75205
75197
75184
75172
75160
75152
75099
75087
74938
74929
74915
74885
74878
74864
74839
74803
74771
74727
74650
74636
74613
74593
74566
74552
74525
74511
74484
74408
74388
74316
74260
74225
74216
74182
74070
74053
74042
73985
73968
73943
73922
73834
73784
73750
73718
73698
73580
73458
73454
73399
73381
73335
73307
73292
73280
73206
73103
73044
73032
73004
72947
72920
72695
72653
72489
72380
72354
72325
72316
72258
72249
72242
72197
72195
72187
72153
71939
71786
71777
71777
71759
71645
71644
71641
71615
71564
71500
71469
71319
71285
71217
71210
70998
70992
70910
70908
70827
70678
70628
70604
70439
70404
70384
70314
70000
69966
69956
69888
69879
69857
69825
69806
69780
69727
69693
69622
69595
69528
69495
69484
69454
69434
69298
69252
69224
69205
69169
69060
68961
68948
68903
68877
68876
68584
68571
68387
68348
68293
68250
68222
68114
68057
68036
68020
68018
68008
67990
67963
67864
67864
67847
67812
67808
67792
67766
67688
67666
67663
67585
67548
67547
67526
67447
67414
67302
67254
67245
67222
67209
67169
67168
67115
66987
66929
66924
66914
66903
66798
66733
66693
66584
66528
66499
66479
66345
66321
66321
66244
66156
66054
65986
65858
65841
65743
65701
65661
65609
65592
65570
65558
65527
65494
65475
65436
65358
65291
65243
65145
65143
65044
65038
64939
64886
64861
64822
64738
64734
64696
64677
64633
64629
64565
64565
64459
64454
64270
64193
64156
64138
64110
64074
64042
63977
63966
63938
63912
63887
63790
63780
63770
63758
63714
63662
63587
63402
63365
63341
63289
63276
63100
63087
63049
63030
63023
62964
62917
62852
62823
62783
62721
62707
62590
62574
62524
62503
62486
62452
62442
62407
62341
62330
62329
62262
62245
62203
62203
62201
62184
62171
62166
62162
62071
62021
62009
61976
61946
61927
61884
61821
61785
61759
61522
61514
61508
61420
61406
61379
61370
61322
61318
61236
61188
61145
61125
61124
61075
61061
61025
60945
60885
60780
60728
60708
60700
60599
60593
60546
60539
60450
60446
60415
60390
60369
60366
60355
60343
60326
60315
60271
60242
60228
60166
60161
60123
60047
60038
59976
59970
59965
59945
59934
59842
59786
59736
59595
59587
59584
59557
59497
59483
59478
59459
59448
59438
59417
59382
59348
59263
59257
59231
59225
59211
59150
59091
59047
58957
58910
58884
58865
58851
58832
58807
58789
58748
58696
58562
58537
58531
58458
58419
58352
58205
58176
58051
58030
57853
57848
57845
57809
57806
57795
57699
57687
57626
57513
57509
57509
57491
57465
57367
57291
57288
57244
57201
57173
57135
57110
57026
57025
56953
56882
56867
56758
56752
56721
56679
56672
56651
56649
56649
56615
56598
56587
56566
56565
56523
56500
56444
56441
56253
56203
56131
56114
56026
56010
55890
55863
55821
55733
55705
55655
55643
55582
55535
55501
55491
55490
55344
55306
55228
55045
54980
54948
54906
54885
54766
54614
54577
54575
54451
54321
54287
54229
54197
54056
54030
54015
53965
53960
53868
53718
53647
53642
53609
53609
53413
53405
53398
53260
53228
53200
53178
53146
53122
53082
53051
53033
52925
52868
52785
52671
52627
52543
52453
52431
52407
52383
52349
52344
52313
52220
52022
51994
51986
51961
51951
51930
51853
51847
51816
51775
51729
51663
51633
51545
51441
51401
51323
51311
51294
51263
51208
51199
51164
51082
51060
51036
50984
50982
50911
50805
50752
50720
50695
50687
50679
50638
50560
50454
50335
50310
50175
50056
50037
50027
49986
49973
49968
49826
49775
49699
49656
49615
49423
49396
49364
49304
49291
49220
49181
49068
48904
48787
48738
48712
48597
48561
48538
48264
48218
48173
48143
48100
48099
48098
48078
48075
48060
48047
47993
47974
47906
47880
47869
47733
47634
47622
47614
47571
47555
47470
47200
47151
46941
46929
46891
46829
46809
46726
46723
46672
46570
46461
46445
46413
46407
46322
46318
46240
46083
46082
46036
46032
45980
45926
45921
45867
45852
45763
45724
45688
45682
45638
45528
45527
45512
45499
45463
45407
45360
45345
45332
45198
45149
45105
45015
44957
44932
44902
44833
44714
44664
44550
44538
44515
44507
44371
44297
44248
44189
44155
44152
44133
44119
44111
44104
44103
44033
44027
43955
43922
43826
43820
43704
43694
43685
43625
43521
43496
43433
43431
43312
43249
43208
43120
43040
42993
42764
42758
42703
42646
42600
42483
42462
42431
42419
42394
42358
42336
42335
42245
42244
42239
42213
42193
42171
42156
42145
42121
42120
42116
42105
42080
42077
41923
41851
41738
41709
41631
41625
41468
41466
41463
41417
41396
41362
41256
41234
41233
41231
41172
41139
40866
40826
40798
40701
40674
40520
40170
40133
40079
40042
39994
39908
39889
39807
39773
39632
39620
39616
39576
39553
39526
39504
39478
39382
39272
39245
39208
39140
39093
39074
39021
38992
38967
38454
38442
38422
38382
38350
38216
38212
38165
38143
37962
37902
37824
37765
37700
37664
37646
37420
37372
37315
37274
37271
37261
37257
37255
37062
37036
36952
36941
36935
36848
36839
36694
36687
36578
36544
36488
36479
36469
36453
36443
36356
36339
36314
36164
36137
36074
35993
35980
35942
35868
35749
35736
35722
35566
35541
35536
35510
35509
35463
35428
35409
35397
35342
35322
35248
35232
35205
35149
35132
35119
34997
34911
34816
34768
34690
34683
34671
34567
34494
34368
34359
34297
34288
34287
34284
34236
34207
34184
34135
33986
33972
33930
33867
33846
33802
33784
33684
33555
33530
33490
33412
33342
33311
33286
33126
33014
33002
32993
32968
32968
32867
32778
32664
32626
32527
32404
32336
32167
32125
32084
32061
32000
31960
31957
31888
31867
31752
31743
31737
31730
31679
31645
31639
31549
31464
31417
31346
31336
31137
31107
31065
31003
30963
30881
30754
30712
30672
30630
30601
30501
30460
30415
30371
30301
30292
30239
30156
30073
30039
29923
29777
29696
29576
29539
29402
29399
29394
29335
29310
29294
29204
29163
29147
29097
29060
29054
29034
29009
28909
28906
28899
28837
28802
28770
28740
28698
28688
28612
28610
28581
28381
28346
28226
28183
28174
28118
28042
28040
28014
27994
27965
27961
27924
27915
27901
27895
27869
27863
27853
27809
27773
27771
27655
27652
27650
27579
27439
27431
27408
27165
27133
27103
27006
26911
26821
26817
26802
26791
26788
26520
26509
26491
26468
26386
26345
26333
26293
26292
26232
26225
26161
26147
26135
26111
26096
25884
25860
25810
25788
25692
25680
25655
25493
25338
25293
25281
25245
25241
24973
24941
24805
24782
24750
24744
24719
24717
24703
24674
24667
24567
24521
24462
24410
24389
24296
24273
24265
24255
24243
24228
24175
24168
24149
24142
24033
23955
23953
23951
23947
23906
23839
23817
23678
23674
23645
23619
23449
23441
23432
23418
23410
23343
23307
23277
23259
23184
23008
22995
22938
22910
22846
22760
22747
22715
22593
22586
22491
22480
22471
22444
22399
22369
22357
22350
22327
22220
22213
22162
22075
21930
21812
21798
21687
21660
21500
21468
21448
21369
21320
21282
21278
21267
21176
21145
21068
21064
21026
20992
20981
20831
20807
20762
20753
20636
20450
20371
20354
20261
20159
20072
20027
20004
19946
19838
19751
19611
19549
19548
19519
19478
19380
19246
19139
19072
19029
18977
18867
18866
18761
18642
18634
18540
18534
18458
18413
18323
18158
18155
18129
18112
18079
18048
18043
18041
18030
18022
18020
17984
17979
17933
17889
17843
17689
17661
17590
17585
17545
17522
17460
17456
17419
17404
17358
17251
17186
17105
17098
17026
16965
16956
16823
16723
16679
16678
16602
16548
16501
16456
16424
16409
16400
16387
16354
16218
16200
16173
16105
16084
15982
15979
15979
15874
15850
15792
15743
15742
15621
15608
15555
15554
15528
15322
15278
15264
15246
15190
14953
14854
14834
14713
14628
14593
14565
14543
14285
14232
14204
14174
14141
14107
14096
13965
13964
13933
13928
13843
13782
13775
13519
13453
13361
13205
13198
13107
13082
13032
13023
12981
12972
12914
12813
12807
12769
12707
12695
12694
12631
12610
12472
12403
12387
12367
12353
12267
12154
12107
12090
11968
11960
11896
11844
11697
11696
11687
11682
11680
11611
11601
11590
11553
11545
11525
11466
11380
11368
11352
11327
11209
11195
11191
11061
11044
11016
10935
10931
10860
10832
10803
10758
10730
10698
10608
10555
10547
10536
10466
10449
10405
10390
10376
10336
10322
10279
10276
10271
10232
10230
10206
10132
10080
10073
10017
9996
9969
9967
9913
9856
9788
9753
9587
9450
9363
9355
9333
9326
9312
9302
9297
9284
9227
9179
9174
9088
9004
8987
8986
8880
8873
8863
8855
8701
8544
8537
8440
8402
8367
8299
8285
8265
8265
8245
8212
8188
8162
8153
7870
7804
7767
7751
7678
7656
7615
7552
7474
7468
7448
7444
7442
7289
7278
7232
7194
7120
7043
7009
6969
6939
6909
6903
6899
6891
6889
6841
6809
6734
6686
6682
6671
6656
6617
6605
6575
6507
6286
6216
6179
6101
6014
6003
5905
5872
5731
5725
5700
5675
5642
5641
5548
5504
5424
5413
5339
5338
5278
5235
5184
5154
5065
5001
4916
4880
4872
4815
4784
4713
4567
4545
4432
4364
4255
4174
4087
4043
3998
3979
3952
3944
3902
3867
3742
3659
3631
3612
3547
3529
3511
3473
3397
3302
3269
3204
3118
2917
2865
2859
2805
2696
2442
2249
2135
2081
2064
1945
1938
1812
1750
1659
1625
1533
1522
1487
1452
1249
1243
1014
970
944
913
901
892
878
755
727
714
692
614
507
486
468
362
167
144
144
108
62
61
