99942
99926
99825
99798
99787
99627
99606
99537
99477
99471
99436
99348
99347
99337
99294
99230
99216
99203
99186
99176
99119
98979
98894
98840
98778
98774
98559
98432
98414
98413
98381
98264
98241
98216
98129
98103
98040
97991
97982
97981
97920
97918
97902
97829
97568
97384
97382
97380
97323
97317
97307
97232
97197
97192
97187
97149
97141
97119
97115
97080
97062
97033
96974
96941
96921
96845
96839
96801
96608
96581
96570
96551
96496
96433
96374
96326
96298
96206
96195
96187
96141
95902
95833
95808
95720
95591
95586
95572
95518
95434
95346
95331
95281
95263
95261
95235
95214
95170
95155
95018
94972
94961
94959
94926
94904
94895
94842
94811
94717
94702
94696
94652
94610
94551
94483
94449
94447
94401
94297
94283
94047
94044
93975
93969
93961
93956
93945
93906
93823
93808
93767
93748
93699
93634
93613
93519
93468
93376
93368
93316
93291
93264
93223
93144
93138
93117
93107
93045
92996
92897
92866
92857
92835
92804
92704
92651
92639
92442
92435
92328
92256
92251
92215
92194
92172
92101
92053
91954
91920
91705
91585
91578
91523
91470
91449
91388
91245
91219
91189
91187
91141
91102
91062
91049
90929
90878
90875
90798
90795
90729
90655
90628
90580
90559
90538
90475
90457
90432
90368
90358
90351
90343
90302
90220
90160
90067
89731
89662
89572
89365
89320
89272
89260
89022
88711
88587
88454
88366
88300
88256
88204
88142
88119
88118
88118
88108
88087
87935
87910
87905
87904
87790
87602
87599
87591
87491
87476
87472
87467
87323
87289
87214
87187
87128
87049
87000
86956
86911
86895
86878
86841
86837
86835
86822
86810
86796
86791
86756
86669
86615
86591
86585
86583
86549
86368
86349
86341
86301
86243
86194
86194
86164
86108
86084
85932
85705
85548
85533
85500
85487
85421
85352
85310
85299
85244
85212
85198
85093
85079
85027
85018
85017
85011
85005
84977
84887
84854
84819
84778
84772
84660
84650
84645
84645
84589
84564
84484
84484
84387
84352
84266
84247
84239
84193
84069
83986
83966
83913
83804
83732
83729
83642
83598
83585
83520
83497
83475
83457
83422
83321
83313
83179
83179
83096
82941
82811
82722
82717
82642
82618
82541
82487
82444
82364
82253
82236
82198
82178
82002
81935
81860
81849
81821
81788
81785
81768
81697
81676
81602
81581
81548
81503
81397
81389
81389
81092
81090
81017
81004
80962
80902
80828
80825
80607
80532
80489
80472
80412
80381
80345
80303
80249
80201
80191
80030
79993
79990
79937
79915
79886
79811
79792
79770
79760
79692
79676
79674
79672
79669
79608
79606
79593
79570
79513
79504
79499
79432
79390
79378
79364
79347
79310
79279
79223
79043
78983
78982
78933
78919
78809
78795
78660
78536
78404
78385
78320
78139
78127
78065
78043
78003
77844
77842
77842
77679
77653
77561
77540
77352
77271
77200
77183
77164
77152
77127
77100
77092
77022
77000
76956
76949
76943
76813
76810
76803
76777
76751
76745
76687
76676
76513
76388
76247
76205
76159
76085
76059
75974
75926
75921
75903
75738
75701
75648
75636
75567
75484
75392
75374
75362
75357
75337
75311
75297
75286
75246
75235
75149
75103
75094
75031
75025
75008
74968
74921
74895
74751
74745
74743
74711
74694
74678
74653
74634
74599
74592
74543
74518
74511
74445
74433
74432
74426
74402
74290
74268
74255
74226
74222
74216
74213
74196
74145
74125
74039
73983
73970
73919
73812
73806
73691
73636
73613
73601
73543
73514
73492
73476
73400
73318
73313
73302
73279
73230
73217
73145
73104
73032
72995
72993
72805
72784
72702
72695
72689
72627
72595
72575
72532
72515
72372
72266
72184
72144
72129
72047
72022
71966
71938
71881
71842
71805
71791
71716
71690
71669
71538
71538
71498
71398
71319
71266
71126
71063
71034
71000
70901
70861
70794
70732
70729
70607
70469
70451
70427
70422
70368
70366
70306
70273
70269
70250
70239
70036
69993
69951
69868
69831
69814
69812
69796
69788
69763
69739
69651
69622
69479
69365
69356
69345
69163
69141
69078
69063
69059
69050
69038
69030
69029
68959
68947
68849
68785
68763
68710
68691
68670
68518
68512
68495
68493
68483
68470
68455
68333
68236
68106
68083
68074
68046
68016
68006
67992
67985
67983
67969
67853
67751
67692
67645
67594
67536
67512
67425
67391
67344
67303
67262
67079
67052
66976
66949
66838
66804
66612
66600
66540
66518
66500
66459
66331
66323
66176
66130
66105
66084
66083
66071
66016
66014
65865
65817
65784
65767
65692
65691
65681
65549
65544
65537
65496
65470
65390
65356
65146
65107
65072
65050
65043
64984
64978
64964
64926
64887
64866
64858
64800
64765
64730
64697
64672
64671
64664
64636
64540
64538
64479
64363
64331
64170
64129
64074
63930
63826
63825
63823
63809
63781
63731
63664
63616
63375
63291
63235
63203
63039
63039
62990
62963
62907
62889
62779
62774
62698
62619
62598
62581
62562
62544
62436
62406
62403
62368
62350
62298
62260
62185
62096
62089
62062
62058
62045
61999
61922
61873
61848
61844
61831
61830
61760
61715
61672
61608
61536
61477
61448
61438
61390
61376
61359
61231
61214
61192
61133
61056
60987
60959
60943
60934
60926
60888
60818
60670
60631
60623
60531
60504
60493
60436
60421
60354
60319
60093
60026
60005
59988
59985
59969
59963
59791
59715
59672
59613
59575
59573
59534
59511
59511
59412
59401
59379
59274
59269
59269
59260
59171
59168
59167
59150
59024
58992
58878
58739
58548
58539
58471
58438
58403
58375
58362
58308
58238
58114
57954
57913
57846
57835
57686
57665
57497
57494
57377
57249
57246
57242
57214
57211
57170
57170
57132
57001
56988
56973
56905
56901
56896
56862
56860
56853
56849
56787
56772
56771
56748
56657
56597
56594
56593
56471
56407
56384
56222
56210
56159
56126
56079
56075
55953
55887
55845
55839
55520
55399
55308
55290
55225
55198
55194
55172
55069
55054
54915
54867
54859
54838
54741
54734
54636
54603
54482
54432
54394
54364
54317
54294
54243
54232
54142
54114
54114
54079
53960
53828
53782
53772
53696
53689
53676
53646
53642
53587
53576
53516
53459
53447
53361
53323
53296
53236
53222
53147
53086
53074
53052
53006
53005
52966
52941
52913
52700
52691
52683
52673
52621
52608
52595
52558
52522
52516
52298
52219
52218
52133
52080
51986
51977
51975
51919
51876
51780
51771
51763
51712
51671
51656
51586
51561
51495
51493
51386
51375
51337
51282
51281
51239
51235
51127
51015
50983
50830
50788
50480
50386
50277
50067
49995
49861
49848
49817
49760
49725
49716
49697
49696
49669
49657
49616
49611
49479
49417
49359
49342
49315
49079
49067
49047
48959
48910
48896
48878
48809
48789
48710
48605
48595
48561
48536
48533
48425
48418
48362
48338
48227
48153
47985
47983
47954
47952
47924
47842
47833
47757
47686
47676
47655
47638
47637
47539
47448
47447
47444
47363
47317
47293
47289
47217
47168
47160
47144
47045
47013
46979
46943
46932
46833
46648
46602
46602
46587
46510
46443
46304
46294
46261
46212
46191
46120
46060
46021
46015
46013
45965
45918
45892
45868
45761
45739
45717
45641
45567
45518
45509
45469
45444
45386
45384
45373
45370
45366
45259
45060
45016
45003
44974
44941
44913
44779
44724
44676
44605
44592
44551
44504
44357
44348
44335
44318
44300
44245
44211
44207
44115
44094
44088
44046
44020
43978
43977
43894
43848
43846
43842
43820
43750
43629
43590
43566
43501
43481
43447
43413
43302
43269
43211
42995
42925
42895
42874
42836
42805
42803
42800
42768
42659
42642
42609
42580
42512
42505
42475
42461
42399
42388
42369
42290
42213
42174
42134
41802
41684
41637
41564
41563
41500
41497
41495
41462
41408
41292
41255
41186
40929
40911
40758
40712
40711
40682
40639
40605
40494
40355
40353
40325
40201
40153
40066
40064
40025
39913
39907
39811
39719
39715
39712
39645
39245
39239
39235
39210
39159
39061
39050
39048
39047
38931
38816
38811
38783
38651
38650
38624
38529
38523
38523
38520
38422
38411
38369
38331
38206
38198
37966
37964
37961
37933
37898
37828
37767
37737
37628
37573
37531
37498
37453
37439
37435
37404
37379
37373
37363
37289
37274
37195
37194
37185
37179
37148
37145
37138
37129
37099
37026
36958
36941
36939
36934
36914
36863
36842
36802
36771
36742
36615
36602
36506
36481
36466
36236
36150
35934
35898
35890
35769
35754
35661
35567
35556
35541
35506
35504
35477
35474
35453
35393
35341
35335
35316
35275
35269
35057
35054
34936
34913
34778
34759
34754
34748
34722
34716
34688
34570
34556
34409
34393
34375
34358
34287
34234
34152
34120
34116
34079
34047
33919
33864
33857
33846
33567
33520
33474
33463
33459
33331
33200
33196
33184
33150
33086
32872
32855
32773
32737
32691
32673
32558
32524
32364
32343
32332
32293
32267
32110
32041
32039
32021
32019
32006
31991
31916
31860
31763
31761
31730
31640
31604
31521
31505
31502
31487
31454
31269
31195
31173
31091
31082
31076
30965
30870
30802
30681
30513
30463
30458
30439
30356
30337
30307
30269
30169
30142
30104
30067
29970
29881
29850
29835
29800
29694
29686
29634
29598
29393
29340
29279
29240
29113
29045
28903
28870
28820
28766
28628
28530
28416
28395
28384
28313
28223
28219
28073
28045
27833
27550
27533
27498
27460
27443
27441
27300
27268
27213
27053
27033
27024
26969
26940
26933
26864
26806
26776
26755
26733
26717
26675
26642
26611
26525
26488
26417
26361
26322
26296
26259
26242
26169
25965
25957
25888
25776
25721
25624
25546
25523
25501
25486
25462
25313
25237
25225
25222
25153
25127
25025
24875
24672
24631
24627
24620
24589
24518
24448
24394
24393
24353
24293
24177
24174
24110
24075
24069
24015
23995
23977
23886
23867
23815
23759
23659
23603
23598
23471
23400
23370
23319
23213
23077
22994
22992
22966
22964
22943
22921
22908
22846
22822
22794
22743
22728
22712
22678
22632
22604
22600
22596
22562
22534
22522
22393
22389
22382
22327
22323
22185
22164
22097
22049
22044
22009
21962
21852
21779
21768
21675
21650
21566
21504
21406
21390
21387
21368
21329
21283
21223
21208
21204
21198
21198
21190
21185
21131
21118
21096
21096
21069
21043
21003
20957
20882
20841
20809
20703
20640
20626
20614
20576
20574
20564
20531
20357
20321
20243
20168
20023
19965
19955
19910
19874
19872
19868
19834
19805
19754
19582
19537
19513
19506
19428
19385
19372
19327
19171
19093
19069
19050
18961
18954
18942
18886
18856
18852
18847
18808
18747
18725
18664
18632
18596
18582
18520
18497
18486
18482
18476
18448
18442
18442
18352
18236
18205
18148
18090
17973
17910
17871
17809
17794
17756
17730
17729
17650
17594
17572
17564
17505
17475
17418
17416
17403
17355
17191
17094
17090
17081
17074
17045
16964
16963
16959
16929
16909
16886
16813
16682
16672
16657
16644
16608
16592
16590
16590
16542
16524
16513
16401
16367
16329
16320
16311
16298
16171
16108
16092
16019
15979
15945
15887
15776
15718
15609
15567
15551
15542
15533
15360
15348
15328
15327
15253
15117
15074
15032
15018
15010
14988
14842
14767
14601
14595
14555
14554
14544
14426
14417
14362
14361
14353
14344
14309
14189
14172
14017
13832
13830
13636
13605
13598
13553
13540
13502
13460
13317
13292
13220
13207
13178
13172
13165
13163
13143
13124
13099
13078
13053
13051
12957
12828
12726
12666
12611
12565
12534
12485
12348
12310
12270
12242
12239
12206
12189
12074
12060
11998
11981
11943
11929
11915
11877
11863
11781
11745
11630
11583
11566
11565
11531
11494
11489
11435
11315
11280
11257
11197
11159
11123
11080
11036
10902
10828
10761
10747
10741
10702
10680
10677
10475
10386
10364
10262
10227
10203
10189
10119
10080
9980
9929
9928
9847
9787
9718
9624
9595
9500
9499
9476
9451
9331
9309
9183
9178
9051
8962
8856
8825
8820
8548
8318
8282
8258
8236
8208
8117
7981
7970
7936
7744
7644
7554
7550
7542
7393
7371
7288
7210
7129
7088
7047
6981
6979
6972
6892
6830
6817
6801
6798
6795
6698
6626
6626
6626
6616
6562
6510
6459
6435
6406
6283
6277
6205
6096
6093
6091
6080
5976
5940
5864
5864
5860
5842
5699
5671
5626
5612
5603
5531
5504
5485
5471
5448
5441
5429
5426
5365
5362
5247
5206
5114
5037
4999
4979
4961
4933
4900
4839
4816
4813
4641
4613
4571
4510
4491
4433
4375
4292
4289
4253
4178
4103
4100
4063
4062
4046
4029
4011
3995
3994
3935
3780
3773
3579
3560
3541
3500
3439
3315
3300
3284
3272
3229
3164
3128
3108
3101
3087
2999
2988
2904
2884
2838
2829
2828
2785
2694
2692
2644
2617
2613
2482
2385
2376
2219
2179
2159
2140
2134
2127
2090
2083
2008
1979
1969
1782
1738
1716
1602
1286
1192
1133
1069
948
737
671
631
566
526
495
492
204
131
129
43
