99966
99955
99953
99907
99876
99775
99760
99721
99702
99648
99635
99620
99612
99575
99500
99408
99390
99342
99304
99283
99273
99271
99167
98983
98974
98969
98890
98850
98849
98821
98753
98509
98485
98483
98436
98265
98250
98046
98027
98010
97976
97946
97929
97902
97871
97565
97519
97447
97419
97389
97297
97230
97217
97199
97126
96989
96859
96844
96721
96691
96682
96660
96623
96503
96462
96368
96349
96327
96217
96212
96142
96006
95845
95839
95811
95773
95716
95641
95638
95636
95612
95594
95505
95484
95438
95312
95249
95241
95239
95174
95167
95165
95150
95102
95047
94934
94844
94808
94781
94725
94690
94685
94633
94630
94627
94566
94539
94428
94420
94270
94266
94200
94182
94162
94158
94073
93943
93920
93918
93910
93905
93875
93649
93629
93626
93591
93587
93578
93455
93401
93321
93266
93218
93184
93072
92953
92838
92792
92786
92733
92697
92624
92623
92527
92507
92461
92405
92210
92210
92192
92175
92069
91960
91947
91932
91915
91914
91888
91848
91842
91798
91745
91525
91452
91431
91338
91290
91117
91100
91033
90987
90941
90643
90635
90551
90471
90464
90161
90127
90022
90016
89897
89852
89789
89784
89742
89718
89647
89608
89603
89489
89468
89466
89402
89365
89353
89348
89341
89278
89239
89235
89225
89210
89208
89186
89106
89082
89048
88973
88953
88839
88829
88811
88714
88668
88610
88509
88393
88370
88355
88351
88325
88305
88288
88287
88280
88250
88132
88124
88081
88057
88025
87977
87900
87899
87841
87787
87782
87769
87585
87552
87541
87403
87387
87284
87267
87228
87042
87011
86982
86980
86928
86927
86883
86869
86862
86809
86802
86727
86686
86670
86666
86649
86638
86602
86528
86499
86498
86431
86391
86360
86335
86241
86225
86221
86213
86204
86167
86144
86137
86094
86029
85954
85953
85941
85880
85877
85578
85499
85452
85445
85442
85439
85408
85407
85394
85374
85183
85039
85006
85001
84912
84910
84910
84800
84757
84737
84619
84415
84401
84268
84258
84113
84066
84037
83996
83895
83763
83745
83656
83521
83471
83383
83286
83273
83270
83246
83211
83127
83082
83054
83053
83052
82984
82865
82788
82723
82711
82663
82650
82540
82471
82424
82328
82226
82206
82203
82180
82175
82153
82081
82060
82056
82046
82020
81994
81988
81987
81896
81818
81804
81755
81664
81658
81634
81627
81617
81597
81580
81560
81485
81471
81458
81385
81316
81234
81155
81148
81116
81107
81094
81081
81034
80953
80947
80909
80905
80904
80829
80774
80713
80704
80663
80612
80564
80497
80416
80406
80338
80220
80171
80147
80128
80021
79975
79892
79875
79834
79631
79591
79479
79472
79368
79310
79256
79248
79185
79094
79091
78906
78892
78812
78808
78798
78761
78743
78594
78574
78570
78569
78540
78471
78360
78336
78325
78289
78282
78118
78103
78061
77999
77990
77955
77952
77876
77637
77628
77542
77476
77400
77387
77318
77310
77254
77192
77174
77154
77045
77035
76961
76896
76826
76721
76714
76709
76703
76613
76607
76501
76495
76477
76454
76451
76344
76306
76261
76253
76145
76127
76009
75980
75977
75943
75799
75793
75748
75727
75670
75643
75484
75484
75472
75458
75446
75422
75290
75228
75180
75138
75133
75116
75075
75064
75059
74980
74975
74701
74674
74663
74582
74568
74524
74518
74474
74423
74374
74359
74295
74238
74223
74178
74168
74110
74027
73972
73879
73745
73726
73693
73601
73514
73411
73394
73358
73349
73347
73345
73328
73308
73277
73250
73246
73151
73124
73095
73080
73076
73072
73062
73057
73037
73014
72913
72881
72866
72822
72713
72711
72708
72592
72546
72510
72508
72428
72411
72381
72342
72201
72132
72116
72100
72086
72076
71984
71953
71828
71809
71774
71752
71679
71645
71531
71520
71456
71444
71430
71321
71316
71304
71208
71181
71141
71139
71113
71095
70996
70971
70951
70948
70938
70855
70778
70722
70657
70536
70513
70221
70114
69975
69951
69917
69726
69706
69612
69469
69400
69399
69324
69300
69277
69130
69098
69036
69019
68900
68839
68820
68729
68726
68714
68699
68590
68429
68413
68400
68305
68287
68275
68039
67954
67917
67913
67812
67810
67804
67769
67692
67634
67550
67548
67328
67220
67200
67128
67030
67030
67003
66982
66970
66923
66909
66908
66872
66735
66661
66652
66651
66630
66546
66531
66500
66496
66383
66260
66237
66197
66156
66105
66001
65972
65961
65959
65864
65852
65805
65802
65708
65702
65637
65604
65434
65393
65367
65353
65350
65334
65285
65210
65181
65085
64931
64923
64892
64831
64774
64773
64766
64657
64633
64550
64509
64459
64455
64443
64417
64376
64355
64341
64334
64320
64299
64297
64278
64257
64254
64221
64206
64182
64146
64128
64117
64102
64023
63960
63788
63748
63726
63703
63696
63684
63648
63604
63569
63563
63553
63431
63355
63351
63210
63184
63158
63149
63098
63065
62931
62845
62823
62814
62786
62765
62661
62661
62599
62584
62579
62578
62531
62448
62373
62284
62234
62202
62168
62146
62115
62114
62093
62025
61968
61961
61894
61749
61685
61595
61593
61542
61463
61437
61376
61324
61273
61074
61022
60998
60912
60893
60861
60855
60833
60802
60782
60774
60773
60752
60748
60736
60672
60657
60656
60631
60628
60627
60504
60321
60271
60173
60168
60131
60124
60041
60041
59890
59792
59755
59707
59674
59649
59583
59562
59551
59403
59390
59365
59334
59313
59275
59214
59175
59049
59033
59015
58973
58788
58476
58452
58259
58255
58130
57992
57948
57735
57663
57526
57421
57399
57321
57274
57244
57227
57225
57173
57170
57113
57083
57069
57029
56992
56954
56865
56848
56842
56758
56749
56724
56716
56601
56598
56580
56566
56557
56441
56423
56423
56204
56193
56176
56153
56148
56113
55997
55975
55964
55954
55884
55819
55810
55749
55608
55580
55494
55244
55198
55183
55171
55129
55014
54983
54962
54898
54836
54800
54789
54749
54710
54706
54693
54693
54657
54652
54648
54598
54521
54511
54468
54465
54414
54355
54349
54330
54298
54296
54280
54145
54117
54111
54038
54034
54009
53993
53945
53850
53769
53763
53756
53724
53671
53493
53443
53441
53363
53345
53264
53246
53228
53200
53162
53076
53048
53039
52965
52899
52895
52841
52820
52751
52669
52637
52488
52276
52205
52178
52126
52119
51998
51971
51954
51869
51803
51749
51701
51635
51633
51550
51517
51490
51486
51484
51480
51385
51359
51265
51260
51256
51253
51220
51212
51209
51096
50993
50954
50927
50789
50724
50684
50611
50574
50553
50475
50363
50329
50309
50282
50277
50270
50219
50205
50174
50055
50052
50037
50023
49966
49897
49811
49675
49652
49599
49471
49441
49439
49213
49193
49130
49094
49068
48995
48951
48826
48800
48762
48678
48614
48497
48477
48391
48350
48343
48308
48295
48246
48132
48120
48116
48059
48052
48047
48033
47940
47921
47778
47686
47671
47636
47606
47585
47564
47551
47538
47373
47332
47308
47250
47213
47189
47188
47184
47057
46946
46944
46901
46829
46811
46723
46579
46472
46443
46436
46406
46401
46338
46319
46288
46274
46261
46251
46238
46226
46221
46163
46163
46085
46055
45945
45925
45888
45802
45620
45618
45578
45568
45557
45522
45447
45431
45395
45282
45249
45213
45212
45191
44991
44925
44924
44923
44905
44818
44815
44647
44633
44618
44295
44262
44254
44225
44094
44082
44048
43929
43895
43875
43860
43860
43851
43817
43776
43690
43689
43685
43665
43654
43653
43635
43591
43535
43470
43341
43296
43241
43112
43022
43012
42992
42926
42915
42847
42731
42689
42685
42640
42624
42597
42577
42553
42413
42377
42218
42209
42027
41960
41952
41938
41887
41827
41818
41798
41775
41702
41695
41655
41637
41572
41484
41471
41468
41444
41444
41442
41405
41403
41390
41383
41313
41257
41211
41195
41108
41007
40879
40870
40750
40743
40716
40710
40706
40638
40622
40540
40530
40140
40108
40018
39927
39901
39847
39845
39840
39658
39560
39552
39341
39283
39170
39136
39112
39012
38993
38978
38973
38937
38920
38821
38757
38576
38440
38361
38357
38221
38192
38111
38016
37976
37926
37916
37712
37676
37575
37538
37504
37483
37398
37375
37333
37244
37232
37222
37186
37171
37033
37031
36942
36917
36803
36777
36771
36748
36733
36730
36719
36701
36647
36632
36626
36608
36593
36568
36528
36465
36439
36433
36431
36429
36402
36396
36375
36258
36238
36229
36210
36172
36144
36139
36093
36085
36025
35898
35805
35760
35759
35600
35561
35491
35308
35293
35223
35146
35043
34919
34903
34856
34767
34720
34588
34476
34419
34411
34397
34332
34301
34292
34166
33991
33857
33856
33724
33710
33678
33674
33475
33441
33391
33380
33358
33285
33276
33234
33124
33095
33067
33011
32962
32828
32794
32665
32653
32635
32620
32573
32562
32504
32458
32403
32343
32317
32307
32220
32110
32031
31881
31846
31822
31760
31677
31624
31593
31562
31545
31536
31526
31525
31525
31510
31488
31472
31411
31364
31315
31301
31261
31211
31086
31073
31062
31052
31032
31012
31010
30947
30862
30724
30684
30675
30642
30539
30478
30459
30415
30406
30397
30391
30390
30379
30347
30307
30281
30257
30240
30214
30164
30149
30081
30074
30052
30034
30005
29870
29864
29790
29699
29631
29626
29601
29600
29589
29516
29494
29466
29402
29327
29230
29200
28987
28966
28960
28934
28815
28801
28659
28613
28612
28564
28562
28404
28380
28350
28258
28174
28163
28163
28114
28092
28066
27941
27924
27924
27874
27770
27752
27632
27603
27597
27536
27507
27459
27411
27362
27287
27142
27122
27107
26978
26905
26778
26765
26754
26733
26650
26639
26543
26461
26458
26359
26353
26338
26316
26315
26264
26236
26194
26144
26127
26103
26092
26088
25964
25700
25657
25643
25642
25571
25550
25390
25365
25227
25223
25214
25204
25177
25008
24937
24928
24837
24765
24673
24666
24606
24603
24599
24531
24478
24375
24364
24291
24203
24135
24107
24106
24006
23903
23856
23847
23843
23805
23752
23628
23622
23577
23563
23542
23445
23393
23372
23332
23327
23108
23049
23042
22993
22972
22914
22914
22656
22639
22614
22435
22419
22367
22339
22337
22312
22293
22268
22243
22219
22187
22120
22017
21990
21947
21892
21886
21875
21845
21842
21728
21675
21580
21514
21509
21493
21394
21392
21392
21223
21200
21182
21178
21171
21081
21044
21039
21012
20971
20958
20949
20892
20865
20863
20854
20833
20820
20771
20749
20651
20551
20470
20418
20252
20233
20141
20080
19995
19969
19907
19899
19716
19684
19614
19536
19506
19478
19429
19360
19249
19192
19161
19145
19133
19074
19034
19026
18917
18790
18767
18751
18727
18586
18447
18403
18400
18398
18343
18305
18218
18176
18028
17872
17867
17840
17801
17776
17634
17626
17597
17592
17586
17359
17343
17245
17238
17220
17044
17004
16527
16416
16373
16350
16332
16302
16285
16182
16181
16114
16062
15912
15826
15803
15718
15629
15451
15420
15306
15279
15263
15230
15083
15070
15060
15031
15031
14953
14917
14911
14811
14754
14719
14669
14621
14605
14555
14473
14364
14281
14231
14206
14193
14128
14050
13799
13783
13735
13686
13641
13637
13628
13624
13600
13544
13461
13424
13400
13363
13291
13289
13287
13236
13210
13147
13146
13094
13063
13048
12955
12901
12860
12842
12812
12690
12625
12564
12401
12329
12174
12134
12071
11989
11975
11908
11878
11865
11862
11851
11790
11762
11757
11741
11675
11664
11649
11566
11500
11485
11468
11466
11410
11291
11270
11262
11224
11209
11206
11167
11102
11055
11046
11038
10747
10663
10643
10567
10481
10451
10446
10443
10416
10378
10277
10267
10244
10171
10129
10127
10049
9957
9870
9855
9613
9482
9435
9432
9425
9410
9408
9358
9357
9312
9307
9286
9247
9029
9013
8986
8941
8932
8927
8799
8748
8650
8625
8585
8517
8473
8400
8283
8262
8206
8198
8179
8063
8055
7947
7939
7888
7864
7796
7737
7657
7597
7589
7443
7361
7227
7222
7215
7181
7155
7132
7129
7082
6982
6959
6822
6774
6727
6672
6607
6605
6556
6511
6504
6496
6468
6418
6376
6373
6342
6225
6224
6157
6122
6064
6036
6033
5953
5903
5730
5718
5622
5594
5532
5510
5507
5498
5497
5495
5461
5444
5435
5414
5412
5342
5341
5341
5319
5303
5278
5277
5154
5128
5125
5107
5073
5047
4929
4904
4861
4774
4772
4680
4661
4656
4585
4156
4127
4105
4099
4041
4025
3950
3893
3811
3793
3782
3718
3690
3675
3462
3357
3336
3291
3243
3106
3099
3084
2970
2953
2942
2929
2868
2867
2813
2746
2741
2704
2639
2635
2621
2606
2578
2547
2521
2468
2464
2444
2415
2367
2341
2319
2316
2244
2197
2149
2081
2060
1912
1895
1811
1789
1721
1658
1528
1473
1427
1399
1220
1149
1139
1084
1069
771
770
692
608
431
417
334
288
237
236
227
7
