99989
99904
99892
99848
99780
99770
99759
99752
99751
99697
99686
99674
99643
99608
99605
99581
99447
99420
99393
99371
99344
99284
99236
99167
99088
99086
99077
98833
98667
98380
98361
98320
98312
98192
98137
98054
98029
98011
97991
97977
97963
97899
97849
97810
97806
97765
97711
97702
97673
97619
97502
97480
97413
97364
97330
97249
97168
97142
97097
97056
97051
97046
97023
96992
96952
96945
96932
96918
96904
96894
96778
96756
96708
96637
96364
96350
96301
96260
96218
96198
96112
96086
96048
95939
95919
95774
95675
95673
95608
95545
95500
95477
95424
95334
95322
95255
95254
95146
95142
95119
95075
95075
95010
95006
94989
94964
94936
94876
94815
94762
94668
94644
94638
94614
94604
94556
94485
94298
94230
94203
94109
94077
94071
94039
93978
93962
93953
93941
93828
93722
93602
93573
93496
93373
93360
93356
93336
93131
93060
93022
92956
92846
92616
92553
92515
92466
92401
92338
92293
92277
92266
92248
92203
92070
92021
91897
91860
91846
91840
91811
91745
91732
91703
91698
91522
91429
91409
91406
91395
91347
91306
91248
91081
91055
90944
90881
90851
90829
90828
90750
90749
90699
90673
90616
90580
90471
90407
90237
90197
90089
90086
89975
89962
89861
89814
89809
89799
89744
89642
89558
89468
89448
89434
89412
89382
89308
89166
89164
89101
89093
89046
88935
88931
88916
88898
88890
88866
88860
88816
88815
88741
88695
88693
88687
88636
88628
88550
88528
88517
88415
88413
88411
88341
88241
88234
88198
88191
88165
88054
88012
87960
87956
87922
87741
87708
87706
87668
87661
87397
87377
87352
87310
87297
87263
87241
87099
87089
87038
86983
86960
86929
86916
86878
86558
86467
86257
86237
86235
86232
86222
86198
86087
86005
85962
85887
85880
85874
85846
85697
85629
85581
85570
85465
85452
85442
85406
85245
85176
85085
85025
84950
84949
84793
84774
84744
84725
84656
84644
84618
84517
84454
84424
84420
84389
84348
84345
84322
84311
84187
84069
84030
83930
83926
83917
83870
83832
83758
83749
83746
83725
83706
83705
83668
83636
83451
83422
83380
83326
83258
83217
83171
83131
83128
83063
83062
83050
83015
83009
83001
82977
82818
82777
82752
82679
82674
82672
82652
82586
82522
82470
82255
82178
82139
81982
81971
81906
81896
81889
81883
81827
81808
81790
81735
81597
81573
81547
81502
81382
81326
81241
81225
81208
81163
81092
81086
81083
81071
81063
80934
80844
80844
80761
80610
80563
80518
80507
80481
80428
80392
80348
80261
80172
79915
79780
79724
79619
79609
79566
79562
79547
79453
79387
79298
79235
79182
79144
79089
79051
79021
79016
79004
78940
78924
78899
78898
78853
78816
78814
78741
78701
78670
78585
78569
78524
78448
78291
78242
78092
77996
77972
77970
77965
77934
77917
77890
77888
77875
77862
77787
77785
77691
77666
77622
77550
77517
77420
77409
77354
77323
77322
77265
77245
77206
77203
77144
77079
77010
76999
76965
76884
76856
76835
76792
76754
76730
76720
76691
76688
76687
76640
76597
76537
76529
76439
76394
76344
76318
76250
76222
76179
76112
76052
75977
75921
75900
75832
75799
75792
75780
75764
75582
75580
75575
75569
75552
75526
75501
75469
75350
75303
75286
75263
75201
75149
75111
75071
75046
75004
74925
74744
74685
74676
74675
74645
74622
74611
74551
74426
74372
74283
74232
74209
74201
74122
73985
73931
73737
73667
73538
73533
73431
73353
73236
73095
72899
72867
72819
72755
72708
72479
72358
72251
72244
72237
72112
72075
71961
71882
71869
71665
71505
71463
71341
71245
71213
71148
71096
71065
71042
71026
71019
70979
70911
70889
70888
70879
70856
70840
70834
70742
70640
70637
70504
70496
70473
70458
70378
70336
70250
70219
70159
70151
70123
70119
70052
70043
70034
70024
70017
70017
69977
69965
69936
69906
69890
69864
69816
69734
69665
69648
69602
69567
69436
69339
69202
69201
69046
69044
68923
68900
68847
68793
68730
68697
68675
68646
68563
68481
68473
68454
68451
68418
68332
68324
68233
68157
68155
68034
67998
67769
67746
67738
67696
67490
67472
67400
67366
67292
67279
67220
67212
67165
67129
67115
67067
67043
67028
67010
66957
66950
66868
66736
66580
66524
66518
66466
66438
66354
66335
66315
66298
66255
66128
66096
66079
66078
66056
66043
66041
65970
65937
65924
65874
65859
65796
65787
65777
65746
65717
65676
65563
65506
65461
65350
65332
65166
65150
65131
65122
65122
65088
65081
64967
64920
64884
64879
64806
64785
64688
64578
64464
64287
64259
64084
64083
64028
64023
63942
63884
63882
63878
63852
63845
63786
63661
63653
63606
63511
63487
63467
63392
63338
63280
63276
63174
63139
63096
63056
63028
63013
63002
62991
62867
62792
62734
62682
62583
62553
62499
62454
62352
62297
62289
62227
62162
62157
62056
62048
62035
62014
61992
61934
61827
61756
61710
61661
61635
61634
61435
61425
61403
61196
61140
61138
61112
61087
61063
60919
60869
60858
60803
60716
60687
60660
60658
60636
60617
60581
60546
60493
60416
60346
60308
60306
60248
60197
60181
60167
60117
60041
60034
59883
59747
59677
59664
59488
59476
59415
59361
59289
59105
59093
59006
58780
58771
58759
58736
58593
58570
58525
58474
58433
58399
58344
58284
58262
58224
58194
58127
58073
58059
58055
57930
57926
57840
57840
57793
57752
57640
57630
57617
57593
57573
57568
57553
57197
57155
57150
57145
57129
57124
57102
57008
56994
56908
56872
56866
56837
56740
56696
56678
56573
56565
56522
56477
56371
56361
56294
56292
56194
56181
56173
56127
56087
55976
55975
55954
55909
55907
55883
55740
55738
55719
55693
55550
55539
55517
55472
55472
55419
55410
55383
55314
55303
55251
55198
55124
55120
55060
55051
54969
54959
54932
54869
54698
54676
54571
54544
54488
54457
54424
54334
54320
54310
54236
54221
54215
54130
54083
53988
53926
53911
53860
53847
53729
53672
53624
53556
53519
53469
53407
53385
53315
53209
53146
53080
53014
52990
52938
52934
52883
52876
52841
52814
52778
52772
52639
52499
52400
52212
52094
52019
51988
51943
51937
51903
51866
51816
51799
51789
51735
51684
51646
51619
51615
51525
51487
51483
51446
51430
51370
51322
51277
51247
51137
51127
51125
51122
51092
51055
50970
50882
50865
50857
50785
50747
50726
50717
50714
50616
50611
50565
50501
50475
50369
50356
50350
50288
50256
50195
50089
50073
49937
49935
49916
49899
49826
49784
49742
49724
49680
49646
49448
49352
49324
49281
49273
49270
49259
49120
49094
49075
48870
48846
48787
48783
48730
48656
48607
48590
48544
48475
48463
48460
48337
48269
48230
48124
48112
48046
47976
47920
47842
47773
47758
47701
47597
47507
47487
47434
47383
47293
47231
47033
47030
46984
46978
46953
46940
46920
46861
46825
46815
46808
46760
46756
46630
46617
46591
46562
46528
46494
46372
46343
46338
46326
46270
46225
46140
46132
46118
46100
46071
46070
45943
45913
45719
45646
45625
45532
45502
45472
45456
45351
45240
45228
45170
45145
45116
45113
45051
45046
45012
45012
44993
44968
44943
44939
44890
44872
44844
44826
44823
44786
44780
44704
44687
44630
44629
44599
44599
44577
44530
44511
44466
44382
44349
44237
44207
44190
44053
44013
44001
43899
43816
43709
43597
43540
43522
43514
43476
43450
43427
43348
43348
43336
43332
43257
43249
43240
43234
43212
43194
43058
42996
42959
42887
42835
42783
42670
42537
42537
42481
42466
42430
42422
42421
42218
42205
42155
42150
41972
41943
41882
41847
41836
41835
41784
41755
41719
41708
41706
41705
41690
41683
41682
41564
41548
41530
41481
41392
41363
41339
41311
41275
41236
41209
41165
41074
41060
41039
40921
40918
40892
40870
40706
40694
40690
40663
40607
40582
40543
40460
40398
40311
40197
40185
40116
40106
40041
39933
39907
39818
39805
39758
39749
39746
39743
39691
39627
39509
39478
39428
39418
39302
39246
39222
39184
39176
39172
39158
39151
39151
39141
39109
39095
39051
38991
38978
38892
38796
38794
38757
38697
38660
38468
38461
38391
38284
38272
38243
38126
38015
38008
37974
37837
37831
37804
37793
37665
37631
37583
37559
37547
37529
37466
37456
37402
37359
37268
37240
37211
37148
37076
37067
37048
37048
37045
37031
37016
36888
36754
36654
36348
36307
36280
36236
36146
36081
35993
35979
35963
35954
35787
35569
35548
35462
35438
35417
35345
35318
35283
35229
35210
35182
35153
35033
34910
34897
34876
34861
34846
34846
34827
34802
34634
34628
34626
34613
34580
34528
34462
34430
34409
34401
34380
34370
34286
34219
34218
34127
34055
33983
33805
33791
33749
33677
33665
33632
33628
33599
33524
33443
33404
33346
33331
33330
33190
33152
33099
33094
32984
32964
32962
32863
32829
32755
32728
32703
32549
32449
32409
32345
32283
32275
32267
32244
32110
32059
31984
31797
31745
31641
31544
31536
31472
31442
31422
31405
31382
31288
31235
31218
31217
31203
31195
31118
31113
31048
31048
31013
30996
30961
30951
30833
30826
30818
30744
30667
30610
30550
30405
30390
30332
30249
30157
30155
30147
30146
30134
30103
29786
29718
29469
29442
29438
29397
29298
29280
29015
28972
28945
28920
28797
28758
28661
28609
28600
28524
28484
28461
28448
28411
28395
28395
28244
28199
28132
28043
27946
27898
27848
27816
27811
27603
27552
27383
27320
27308
27232
27209
27155
27132
27117
26951
26871
26807
26777
26762
26583
26573
26568
26488
26461
26438
26366
26356
26317
26228
26198
26195
26185
26180
26154
26114
26068
26063
26042
26038
25922
25847
25827
25777
25758
25719
25694
25574
25560
25535
25531
25488
25483
25447
25417
25367
25363
25334
25326
25323
25293
25282
25257
25230
25194
25192
25166
25163
25158
25155
25096
25050
24972
24837
24831
24831
24825
24791
24743
24730
24598
24570
24541
24522
24479
24369
24359
24357
24317
24307
24279
24231
24159
24097
24047
24040
24036
24006
23957
23904
23710
23710
23710
23685
23665
23662
23627
23578
23575
23529
23261
23251
23188
23143
23125
23110
23101
23016
22959
22819
22802
22799
22794
22753
22694
22637
22500
22388
22349
22290
22275
22065
22003
21992
21886
21758
21721
21612
21598
21577
21575
21473
21464
21331
21156
21117
21075
21035
20998
20909
20876
20756
20710
20681
20677
20651
20649
20477
20450
20382
20345
20297
20297
20156
20153
20133
20057
20035
19911
19901
19806
19779
19774
19738
19714
19693
19660
19639
19614
19596
19558
19542
19520
19473
19456
19448
19347
19338
19214
19198
19149
19138
19125
19123
19108
19101
19068
19012
18976
18883
18876
18743
18719
18621
18547
18525
18307
18261
18251
18136
18114
18101
18020
17962
17956
17790
17777
17510
17500
17436
17380
17356
17280
17261
17208
17132
17112
16902
16881
16846
16837
16803
16716
16715
16677
16498
16469
16447
16409
16335
16248
16155
16142
16061
16054
15956
15874
15822
15817
15813
15744
15674
15653
15637
15635
15623
15370
15362
15303
15136
15107
14905
14760
14750
14718
14689
14689
14557
14557
14546
14526
14471
14457
14408
14298
14218
14201
13926
13914
13913
13804
13718
13689
13342
13324
13287
13256
13250
13248
13246
13094
13030
12907
12892
12879
12878
12792
12786
12783
12755
12579
12505
12445
12392
12355
12306
12302
12257
12179
12163
12148
12143
12137
12127
12111
12091
12029
11957
11916
11912
11903
11793
11792
11697
11660
11605
11489
11346
11289
11239
11178
11127
11119
10988
10895
10728
10695
10680
10605
10592
10588
10572
10529
10507
10415
10360
10282
10266
10122
10107
10107
10102
10087
10073
10073
10070
9986
9972
9964
9931
9913
9886
9879
9802
9655
9653
9619
9568
9560
9522
9465
9459
9347
9287
9272
9232
9195
9186
9104
9071
9037
8979
8971
8936
8914
8910
8866
8820
8812
8728
8668
8573
8572
8571
8558
8519
8512
8419
8284
8215
8173
8171
8079
8057
7996
7967
7956
7937
7903
7902
7830
7656
7649
7556
7522
7434
7413
7388
7354
7212
7207
7079
7068
7043
6865
6839
6780
6732
6731
6722
6708
6679
6641
6590
6588
6572
6418
6357
6346
6326
6232
6218
6201
6195
6177
6149
6103
6082
6064
5956
5949
5935
5932
5876
5819
5780
5750
5693
5687
5686
5625
5622
5576
5554
5514
5402
5269
5201
5172
5097
5089
4994
4824
4737
4712
4709
4699
4656
4622
4598
4587
4504
4412
4339
4235
4216
4203
4191
4143
4127
4123
4037
3839
3693
3674
3605
3568
3548
3522
3473
3432
3410
3365
3302
3242
3226
3215
3208
3186
3171
3160
3131
3130
3102
3075
3071
3006
2881
2859
2858
2820
2814
2806
2769
2759
2756
2660
2622
2587
2577
2486
2403
2230
2116
2062
2028
1967
1964
1901
1865
1706
1676
1512
1507
1484
1247
1213
1207
1133
1103
1080
998
954
813
786
669
514
484
357
230
135
