99969
99944
99834
99805
99709
99704
99669
99574
99524
99482
99440
99419
99388
99364
99364
99331
99311
99268
99153
99141
99081
99073
99048
99038
99011
98982
98947
98925
98911
98877
98866
98844
98772
98725
98627
98595
98580
98484
98431
98423
98415
98395
98371
98158
98084
98062
98051
98003
97963
97929
97901
97894
97848
97826
97786
97615
97515
97486
97474
97455
97433
97320
97312
97296
97251
97202
97029
96894
96885
96744
96716
96700
96645
96592
96555
96396
96157
96152
96118
96106
96064
96011
95961
95960
95802
95777
95727
95676
95566
95538
95270
95266
95244
95243
95193
95139
95114
95099
95023
95020
94922
94902
94798
94722
94708
94672
94667
94608
94583
94538
94530
94298
94285
94276
94272
94211
94196
94021
94011
93962
93926
93910
93729
93654
93554
93528
93153
93081
93025
92982
92968
92954
92924
92729
92713
92528
92503
92426
92412
92400
92346
92313
92167
92164
92084
91957
91923
91782
91764
91700
91666
91535
91485
91441
91389
91353
91320
91294
91254
91248
91119
91051
90935
90926
90902
90882
90864
90778
90630
90588
90579
90560
90548
90467
90427
90422
90415
90381
90336
90242
90234
90174
90119
90073
90005
89893
89879
89873
89844
89798
89681
89677
89659
89635
89628
89531
89515
89510
89445
89415
89377
89308
89277
89223
89194
89118
89100
89081
89065
89034
88982
88859
88512
88510
88461
88442
88439
88437
88427
88397
88340
88281
88106
88095
88062
88058
88044
88028
88010
87944
87875
87864
87847
87762
87752
87750
87738
87735
87708
87624
87549
87466
87464
87437
87389
87357
87264
87244
87230
87203
87178
87162
87146
87064
87019
87005
86962
86958
86956
86906
86810
86749
86727
86706
86637
86625
86621
86608
86599
86471
86436
86433
86425
86410
86329
86260
86233
86223
86148
86130
86086
86082
86077
86040
86033
85923
85864
85783
85746
85687
85669
85650
85595
85530
85509
85430
85405
85341
85052
85035
85012
84917
84840
84829
84714
84671
84668
84658
84654
84549
84456
84439
84433
84421
84414
84350
84270
84054
84053
83886
83879
83823
83697
83652
83516
83510
83225
83215
83158
83111
83042
82976
82905
82899
82896
82891
82759
82736
82612
82575
82509
82427
82397
82359
82332
82242
82102
82045
81904
81895
81815
81803
81759
81675
81659
81628
81501
81477
81341
81332
81316
81280
81252
81238
81151
81118
80991
80973
80914
80871
80711
80604
80588
80505
80423
80405
80383
80367
80362
80335
80315
80238
80194
80121
80120
80113
80072
80064
80011
79962
79869
79810
79696
79631
79497
79480
79469
79466
79422
79393
79391
79295
79264
79204
79143
79099
78996
78954
78896
78795
78761
78752
78749
78718
78696
78370
78362
78241
78236
78210
78180
78101
78079
78019
77933
77880
77875
77857
77700
77552
77500
77500
77494
77405
77360
77277
77241
77195
77002
76998
76963
76918
76867
76844
76797
76793
76780
76694
76683
76544
76480
76471
76429
76318
76287
76220
76205
76194
76180
76158
76120
76101
76086
76082
76076
76006
75926
75865
75855
75763
75688
75666
75659
75657
75607
75576
75566
75532
75515
75513
75487
75349
75223
75101
75068
74962
74956
74917
74865
74821
74790
74788
74776
74710
74524
74483
74418
74308
74307
74303
74265
74250
74137
73986
73975
73967
73935
73930
73923
73779
73688
73661
73596
73589
73567
73546
73476
73438
73403
73378
73362
73184
73112
72950
72884
72800
72787
72762
72757
72756
72698
72666
72641
72628
72617
72603
72565
72492
72388
72365
72306
72277
72250
72205
72182
72068
72048
72032
71983
71950
71806
71797
71717
71715
71698
71658
71644
71640
71622
71573
71539
71438
71412
71337
71260
71250
71237
71228
71191
71175
71132
70952
70918
70905
70890
70808
70800
70765
70712
70663
70600
70599
70474
70456
70381
70376
70373
70365
70262
70096
70027
70001
69981
69936
69782
69765
69639
69582
69557
69518
69499
69412
69362
69345
69316
69279
69257
69206
69090
69037
68992
68913
68871
68836
68805
68790
68783
68771
68704
68657
68591
68573
68511
68444
68434
68289
68266
68179
68151
68039
68035
68007
67999
67910
67850
67736
67680
67646
67615
67539
67492
67455
67425
67375
67312
67300
67185
67148
67146
67116
67091
67044
67033
67023
67001
66939
66906
66793
66762
66702
66574
66548
66525
66499
66371
66278
66227
66203
66110
65917
65879
65867
65858
65825
65821
65808
65752
65730
65705
65647
65562
65503
65420
65359
65134
65092
65029
64974
64958
64944
64890
64803
64799
64703
64672
64565
64454
64313
64268
64252
64145
64045
63936
63934
63933
63844
63787
63742
63665
63660
63655
63635
63559
63446
63373
63328
63228
63222
63183
63160
63040
63008
62902
62886
62872
62759
62740
62730
62719
62692
62588
62549
62531
62499
62491
62485
62365
62362
62339
62311
62279
62262
62198
62152
62104
62020
61977
61928
61864
61860
61832
61831
61777
61677
61629
61560
61487
61437
61417
61311
61056
61005
60989
60968
60952
60892
60839
60806
60740
60696
60682
60644
60553
60546
60436
60405
60365
60348
60323
60313
60311
60293
60257
60242
59957
59955
59925
59862
59850
59749
59673
59619
59568
59561
59512
59504
59441
59437
59365
59311
59172
59095
59064
58978
58932
58906
58552
58421
58268
58246
58190
58174
58116
58057
58038
57980
57955
57937
57903
57809
57784
57760
57747
57725
57701
57586
57584
57556
57533
57467
57399
57350
57302
57285
57242
57118
57098
57094
57083
57043
57005
56995
56903
56864
56821
56744
56691
56590
56438
56274
56178
56135
56043
55913
55810
55636
55601
55540
55466
55437
55415
55408
55339
55337
55230
55048
55005
54940
54702
54627
54626
54611
54558
54553
54520
54441
54402
54320
54048
54021
53969
53808
53752
53656
53649
53630
53629
53610
53577
53556
53506
53470
53418
53142
53089
53047
53006
52960
52836
52820
52775
52658
52634
52623
52587
52546
52531
52518
52435
52397
52235
52231
52230
52193
52166
52086
52037
51950
51926
51844
51833
51775
51752
51670
51666
51571
51404
51373
51285
51226
51178
51164
51103
51078
51060
51005
50991
50989
50935
50905
50901
50775
50755
50669
50664
50564
50560
50558
50536
50488
50431
50424
50366
50301
50294
50283
50270
50135
50068
49890
49797
49695
49575
49457
49456
49410
49395
49351
49330
49276
49171
49162
49058
48904
48855
48735
48722
48609
48607
48546
48441
48433
48374
48240
48194
48158
48071
47913
47851
47791
47786
47762
47741
47734
47729
47720
47719
47698
47665
47660
47627
47624
47620
47593
47581
47558
47479
47314
47300
47260
47225
47188
47165
47070
47054
46971
46849
46843
46784
46774
46715
46532
46459
46331
46279
46220
46128
46122
46117
46060
46011
45903
45859
45724
45684
45569
45545
45342
45170
45157
45132
45104
45103
45038
45000
44982
44871
44810
44760
44709
44678
44585
44548
44546
44524
44420
44341
44332
44261
44212
44183
44181
44165
44124
44106
44075
44033
43982
43932
43889
43847
43831
43818
43795
43783
43752
43638
43626
43612
43610
43572
43523
43453
43380
43346
43315
43254
43215
43015
42998
42983
42919
42888
42882
42742
42741
42681
42660
42604
42579
42542
42529
42489
42488
42479
42477
42396
42391
42336
42250
42201
42123
42112
42069
42064
42053
42045
41861
41852
41822
41796
41793
41757
41757
41670
41639
41616
41603
41577
41471
41360
41355
41301
41197
41193
41193
41172
41142
41106
41096
41094
41073
41028
41025
41011
41005
41005
40994
40971
40967
40915
40873
40859
40849
40837
40807
40762
40741
40680
40617
40590
40538
40475
40471
40455
40311
40277
40273
40269
40255
40224
40186
40171
40158
40000
39910
39906
39878
39835
39801
39777
39749
39685
39684
39669
39585
39574
39499
39378
39337
39164
39150
39015
38947
38930
38920
38900
38896
38676
38655
38608
38556
38541
38436
38377
38285
38193
38169
38141
38099
38084
38081
38042
38038
38036
37991
37907
37835
37773
37677
37581
37551
37271
37212
37116
37091
36985
36889
36880
36739
36735
36668
36641
36600
36591
36529
36485
36435
36432
36316
36295
36288
36283
36247
36238
36192
36189
36175
36096
36077
35944
35859
35825
35759
35754
35719
35659
35652
35624
35593
35445
35424
35371
35260
35259
35223
35184
35181
35100
35081
35034
34902
34838
34809
34781
34672
34654
34561
34540
34529
34504
34484
34458
34452
34447
34401
34392
34381
34371
34284
34265
34265
34219
34197
34190
34145
34077
34062
34059
33793
33580
33562
33530
33493
33458
33403
33374
33364
33302
33286
33263
33253
33106
33069
33059
33055
32990
32947
32871
32863
32696
32686
32672
32620
32594
32581
32578
32547
32534
32495
32449
32400
32384
32272
32052
32040
31957
31939
31884
31829
31803
31759
31743
31736
31707
31690
31688
31623
31594
31530
31514
31496
31494
31381
31357
31267
31212
31118
31082
31071
31012
30901
30875
30837
30791
30782
30764
30689
30675
30649
30583
30555
30536
30532
30413
30406
30390
30318
30308
30203
30158
30129
30121
30115
30111
30099
30074
30033
29969
29891
29845
29680
29660
29628
29620
29608
29589
29565
29472
29460
29413
29225
29154
29141
29122
29062
28989
28970
28778
28753
28752
28707
28702
28697
28501
28428
28343
28251
28158
28152
28037
28029
27979
27859
27845
27795
27786
27752
27700
27631
27618
27549
27511
27505
27460
27419
27303
27270
27160
27114
26999
26960
26960
26889
26853
26836
26806
26757
26734
26714
26585
26583
26581
26514
26445
26437
26294
26285
26177
26100
25892
25872
25863
25858
25779
25775
25752
25710
25650
25624
25609
25584
25584
25492
25382
25322
25319
25314
25291
25266
25193
25183
25143
25129
24947
24898
24834
24812
24746
24627
24618
24517
24442
24421
24365
24293
24244
24170
24161
24115
23988
23681
23640
23517
23356
23328
23317
23314
23273
23053
22959
22930
22881
22880
22841
22830
22822
22780
22776
22751
22726
22676
22616
22604
22570
22515
22482
22433
22405
22405
22401
22394
22343
22290
22268
22261
22247
22238
22137
22103
22076
22033
21979
21978
21828
21811
21785
21726
21641
21566
21499
21438
21434
21389
21355
21346
21328
21227
21182
21064
21063
20960
20951
20939
20880
20784
20763
20750
20665
20650
20585
20563
20489
20467
20401
20366
20233
20203
20108
19998
19944
19929
19881
19865
19814
19787
19673
19430
19342
19320
19256
19250
19249
19243
19047
18971
18969
18876
18865
18844
18807
18803
18802
18650
18624
18574
18543
18531
18466
18407
18405
18360
18351
18222
18154
18145
18037
17910
17873
17851
17823
17803
17721
17641
17641
17609
17584
17539
17525
17520
17490
17468
17362
17353
17301
17251
17239
17063
17058
17037
17002
16995
16991
16989
16934
16933
16861
16743
16737
16698
16686
16670
16612
16505
16449
16428
16403
16366
16331
16234
16190
16085
15999
15931
15925
15895
15836
15808
15752
15734
15660
15577
15492
15475
15397
15388
15344
15304
15300
15235
15160
15138
15101
15088
14910
14884
14883
14881
14863
14787
14670
14664
14630
14614
14606
14579
14501
14437
14350
14314
14307
14302
14279
14250
14202
14183
14172
14130
14092
14090
14072
14013
13888
13846
13775
13726
13725
13658
13619
13613
13563
13500
13499
13495
13458
13424
13394
13389
13358
13321
13308
13178
13174
13126
13062
12981
12958
12950
12936
12904
12858
12849
12779
12723
12693
12686
12640
12616
12449
12414
12375
12367
12297
12225
12197
12196
12134
12134
12064
12059
12058
12029
12003
11988
11955
11906
11893
11797
11760
11711
11665
11614
11602
11533
11521
11508
11352
11342
11308
11285
11261
11202
11182
11123
10914
10779
10713
10590
10579
10522
10511
10504
10501
10490
10394
10301
10299
10225
10213
10196
10167
10165
10149
10039
10038
9956
9941
9795
9782
9763
9732
9643
9619
9566
9433
9419
9346
9221
9214
9196
9183
9125
9098
9080
8860
8815
8764
8719
8562
8516
8494
8469
8392
8374
8362
8259
8220
8129
8080
8006
7880
7801
7798
7699
7689
7550
7528
7457
7439
7411
7408
7361
7282
7183
7154
7129
7082
6993
6959
6924
6841
6791
6790
6761
6730
6724
6664
6592
6551
6536
6467
6454
6433
6396
6304
6294
6265
6248
6205
6180
6180
6031
5985
5979
5929
5797
5730
5644
5563
5506
5488
5393
5373
5364
5342
5279
5254
5240
5226
5222
5210
5167
5155
5144
5132
5042
4954
4930
4915
4900
4817
4732
4528
4503
4467
4464
4377
4350
4327
4318
4290
4262
4253
4152
4150
4121
4116
4082
4015
4008
3983
3951
3919
3914
3830
3798
3659
3641
3575
3471
3431
3419
3411
3402
3399
3258
3241
3217
3215
3173
3171
3162
3155
3037
2994
2947
2920
2892
2844
2822
2652
2603
2551
2512
2476
2407
2370
2343
2285
2135
2078
2054
2010
1990
1977
1939
1860
1834
1815
1802
1795
1590
1498
1490
1326
1258
1178
1106
1029
881
843
788
783
782
631
596
589
448
258
83
