99987
99908
99872
99870
99868
99866
99827
99794
99769
99766
99746
99708
99678
99667
99647
99643
99640
99629
99455
99445
99338
99202
99185
99184
99163
99145
99057
98958
98936
98929
98906
98819
98752
98656
98626
98532
98491
98463
98390
98285
98276
98245
98153
98130
98109
98101
98005
97950
97928
97916
97861
97651
97641
97640
97640
97623
97569
97536
97499
97468
97431
97398
97331
97327
97304
97292
97245
97189
97161
97155
97095
97016
96923
96918
96856
96775
96676
96663
96635
96499
96497
96319
96297
96265
96253
96243
96231
96224
96196
96155
96145
96018
96011
95980
95887
95848
95826
95791
95748
95618
95545
95528
95457
95456
95423
95398
95363
95316
95240
95223
95220
95068
95043
94930
94924
94868
94834
94815
94766
94758
94706
94695
94682
94676
94656
94611
94515
94457
94278
94214
94182
94090
94062
94030
93986
93890
93864
93849
93796
93746
93734
93687
93614
93448
93359
93335
93282
93188
93101
93095
93072
93039
92993
92837
92743
92733
92677
92593
92526
92526
92519
92469
92353
92224
92175
92171
92156
92155
92148
92130
92096
92091
92086
91957
91913
91907
91853
91767
91747
91687
91563
91470
91438
91429
91336
91201
91197
91197
91023
91004
90976
90971
90883
90816
90816
90674
90646
90597
90591
90563
90563
90545
90535
90513
90492
90379
90376
90373
90310
90301
90172
90169
90163
90070
89944
89912
89892
89891
89886
89641
89633
89530
89504
89456
89441
89373
89299
89127
89101
89078
89054
88977
88971
88854
88845
88647
88596
88572
88474
88439
88396
88395
88232
88207
88154
88143
88133
88051
88015
88008
87981
87974
87954
87738
87661
87593
87571
87336
87260
87179
87136
87117
87112
87103
87005
86980
86961
86904
86778
86756
86679
86679
86645
86618
86539
86536
86522
86509
86282
86278
86187
86104
86015
85994
85900
85846
85845
85830
85764
85757
85722
85667
85658
85656
85602
85590
85468
85460
85387
85314
85270
85207
85171
85027
84995
84958
84929
84902
84869
84791
84766
84751
84728
84725
84675
84407
84385
84314
84285
84274
84262
84256
84213
84185
84125
84030
84021
83987
83983
83854
83833
83748
83704
83683
83605
83526
83517
83491
83468
83414
83393
83198
83189
83157
83137
83122
83101
83058
82942
82898
82870
82786
82732
82685
82665
82571
82569
82557
82453
82398
82332
82284
82143
82038
81994
81952
81928
81836
81832
81822
81795
81707
81647
81576
81481
81442
81302
81299
81270
81243
81224
81207
81104
81061
81048
81033
81027
80988
80929
80926
80916
80878
80867
80805
80775
80706
80682
80596
80526
80199
80170
80142
80117
80101
80101
80005
79869
79849
79731
79460
79456
79421
79410
79354
79339
79337
79336
79333
79293
79148
79095
79010
78991
78974
78943
78940
78930
78739
78682
78544
78500
78456
78448
78443
78413
78286
78190
78132
78092
78058
78028
77976
77930
77921
77837
77771
77705
77656
77543
77535
77502
77410
77398
77321
77142
77095
77090
77071
77053
77032
76973
76944
76838
76831
76811
76791
76609
76589
76516
76512
76490
76472
76465
76422
76336
76235
76211
76168
76002
75994
75965
75829
75804
75620
75608
75507
75409
75351
75296
75281
75167
75033
74928
74869
74847
74816
74773
74718
74704
74703
74574
74504
74371
74354
74323
74305
74304
74287
74208
74177
74175
74145
74131
74087
73877
73781
73712
73688
73672
73635
73606
73543
73325
73308
73256
73175
73084
73024
73023
73014
73007
72927
72826
72820
72767
72767
72759
72743
72709
72707
72688
72666
72601
72543
72418
72360
72343
72237
72208
72144
72114
72074
71980
71815
71812
71808
71795
71729
71691
71627
71477
71453
71418
71282
71269
71254
71238
71188
71185
71179
71169
71168
70939
70914
70900
70848
70769
70763
70752
70626
70613
70589
70579
70505
70323
70309
70275
70244
70170
70145
70099
70096
69966
69951
69926
69769
69737
69688
69648
69638
69605
69599
69538
69488
69447
69422
69413
69397
69360
69275
69240
69190
69180
69153
69133
69132
69093
69056
68866
68852
68845
68719
68692
68618
68602
68563
68512
68496
68433
68421
68415
68289
68258
68211
68197
68188
68169
68060
68055
68042
68027
67984
67927
67842
67812
67791
67731
67730
67642
67616
67476
67433
67433
67409
67276
67262
67174
67120
67116
67108
67034
67024
67023
66999
66973
66883
66822
66800
66786
66784
66778
66744
66692
66646
66557
66494
66251
66246
66232
66169
66147
66147
66139
66129
65916
65855
65805
65787
65773
65665
65560
65447
65432
65415
65324
65299
65224
65180
65134
64992
64980
64924
64904
64892
64880
64864
64795
64770
64745
64696
64627
64599
64524
64504
64474
64471
64468
64354
64337
64327
64261
64076
63980
63975
63881
63795
63785
63771
63709
63689
63565
63524
63485
63453
63448
63419
63404
63366
63362
63345
63317
63282
63104
63068
63050
62962
62961
62896
62848
62733
62690
62649
62633
62603
62602
62597
62594
62541
62538
62407
62404
62375
62374
62366
62337
62186
62015
62004
61995
61948
61857
61717
61693
61689
61641
61492
61448
61368
61337
61302
61264
61241
61236
61165
61002
60954
60884
60821
60704
60695
60635
60558
60518
60503
60411
60381
60302
60284
60068
59876
59758
59712
59711
59688
59686
59656
59641
59629
59487
59426
59304
59226
59166
59154
59131
59129
59045
59019
58818
58800
58792
58730
58575
58565
58538
58500
58443
58432
58311
58212
58209
58137
58131
58126
58093
58084
58044
57870
57858
57845
57546
57511
57431
57424
57373
57369
57361
57296
57288
57180
57073
57059
56931
56927
56882
56879
56800
56799
56778
56542
56508
56421
56379
56286
56256
56170
56148
56127
56102
56099
56095
56045
55970
55921
55911
55862
55855
55817
55750
55710
55578
55556
55507
55489
55387
55382
55366
55359
55336
55045
54895
54863
54736
54670
54615
54613
54606
54602
54504
54487
54434
54382
54371
54322
54263
54224
54196
54195
54192
54149
54146
54099
53971
53941
53933
53794
53774
53737
53695
53691
53688
53677
53660
53619
53538
53449
53448
53419
53316
53304
53289
53262
53255
53240
53140
53041
52983
52965
52918
52786
52768
52741
52642
52638
52628
52605
52500
52498
52434
52401
52379
52379
52330
52294
52289
52224
52179
52174
52152
52152
52145
52049
52045
52004
51917
51851
51816
51809
51743
51718
51524
51510
51488
51473
51409
51337
51314
51256
51207
51206
51103
51075
51069
50860
50832
50756
50672
50656
50636
50613
50589
50546
50496
50492
50412
50403
50319
50311
50298
50293
50097
50083
50071
50055
50049
50044
49978
49738
49723
49675
49635
49539
49415
49408
49362
49354
49098
48819
48816
48652
48631
48574
48529
48526
48525
48442
48438
48410
48385
48365
48359
48340
48334
48279
48275
48269
48245
48092
48024
47840
47801
47778
47763
47723
47701
47611
47599
47541
47524
47470
47338
47325
47294
47242
47212
47116
47097
47028
47026
47016
47010
46987
46975
46756
46703
46607
46592
46580
46537
46515
46504
46469
46385
46173
46111
46021
46019
46008
45957
45913
45852
45838
45723
45671
45642
45600
45565
45561
45550
45529
45493
45425
45337
45285
45163
45159
45118
45066
45000
44956
44949
44896
44877
44846
44835
44831
44726
44675
44652
44506
44490
44472
44444
44438
44424
44419
44392
44219
44140
44110
44086
44030
44007
43972
43935
43903
43867
43837
43818
43792
43747
43741
43715
43667
43450
43433
43421
43298
43230
43205
43102
43093
43065
43001
42929
42910
42889
42861
42552
42543
42531
42379
42301
42121
41895
41818
41747
41736
41677
41639
41625
41563
41511
41502
41368
41363
41294
41225
41205
41152
41126
41052
41047
40976
40872
40859
40791
40769
40760
40677
40658
40657
40616
40604
40572
40416
40260
40256
40256
40222
40173
40104
40073
40024
39967
39945
39937
39935
39931
39893
39838
39783
39751
39659
39651
39635
39585
39557
39517
39278
39269
39263
39262
39210
39199
39184
39168
39132
39094
39024
38994
38967
38926
38880
38820
38753
38674
38669
38633
38617
38556
38484
38470
38321
38317
38241
38220
38081
38048
38039
38015
38014
37788
37779
37727
37672
37594
37260
37253
37184
37176
37096
37060
37009
36963
36755
36691
36686
36646
36619
36577
36541
36437
36351
36304
36271
36239
36185
36159
36139
36028
36023
35969
35922
35838
35835
35809
35783
35768
35747
35746
35677
35675
35582
35458
35444
35358
35355
35307
35254
35249
35096
35087
35062
35013
34961
34954
34927
34916
34912
34897
34826
34805
34781
34749
34732
34717
34713
34673
34618
34609
34604
34429
34333
34319
34308
34279
34159
34129
34100
34048
34007
33891
33890
33875
33817
33709
33708
33599
33508
33490
33486
33433
33391
33385
33245
33212
33129
33111
32989
32974
32929
32835
32834
32781
32612
32583
32577
32559
32531
32431
32425
32393
32350
32300
32231
32202
32201
32159
32155
32099
31984
31976
31968
31922
31829
31811
31769
31744
31610
31571
31544
31532
31483
31404
31380
31369
31237
31163
31106
31079
31078
31058
31045
30950
30947
30943
30753
30614
30606
30605
30445
30406
30395
30380
30342
30335
30272
30229
30186
30118
30104
30045
30034
29968
29924
29852
29851
29802
29715
29692
29689
29688
29641
29600
29533
29501
29487
29441
29433
29291
29274
29215
29121
28907
28865
28768
28694
28658
28608
28576
28575
28573
28544
28512
28488
28476
28426
28336
28283
28270
28255
28211
28183
28175
28160
28078
27991
27963
27934
27873
27737
27655
27474
27470
27416
27413
27379
27364
27318
27265
27211
27203
27166
26934
26876
26711
26681
26662
26625
26563
26446
26421
26378
26285
26276
26184
26105
26096
26087
25974
25906
25810
25786
25622
25617
25468
25422
25374
25328
25269
25203
25158
25090
25070
25065
25060
25046
25004
24977
24953
24893
24877
24839
24606
24594
24547
24465
24377
24370
24355
24298
24284
24273
24223
24175
24168
24120
24094
23997
23980
23929
23839
23800
23799
23777
23760
23747
23744
23680
23661
23639
23636
23601
23576
23538
23527
23415
23364
23341
23323
23259
23063
23036
22960
22955
22946
22912
22757
22730
22647
22553
22550
22520
22429
22386
22346
22221
22195
22143
22139
22118
21993
21954
21922
21832
21781
21715
21622
21554
21487
21352
21303
21299
21280
21275
21243
21169
21043
21007
20992
20989
20731
20687
20649
20644
20630
20624
20486
20468
20346
20283
20243
20199
20188
20160
20078
19996
19961
19949
19938
19927
19890
19764
19721
19697
19694
19568
19536
19534
19533
19455
19433
19316
19276
19199
19178
19166
19103
19054
19041
18996
18935
18887
18828
18797
18744
18742
18717
18680
18617
18594
18525
18519
18482
18479
18450
18408
18367
18268
18254
18207
18195
18110
18085
18076
18072
17949
17752
17750
17633
17580
17571
17340
17334
17220
16981
16968
16968
16967
16946
16943
16913
16840
16748
16742
16703
16670
16597
16588
16575
16535
16440
16354
16336
16314
16168
16107
16102
16074
16035
16032
16018
16009
15970
15700
15699
15610
15447
15441
15438
15430
15404
15244
15101
15093
15072
15071
15055
14940
14661
14579
14573
14557
14524
14515
14473
14468
14434
14349
14311
14311
14303
14223
14182
14165
14080
14048
14019
13956
13927
13878
13842
13813
13806
13794
13738
13697
13618
13474
13467
13459
13450
13379
13327
13323
13256
13198
13194
13194
13187
13135
13127
13108
13045
13006
12998
12976
12951
12685
12607
12593
12356
12329
12303
12273
12230
12135
12121
12101
12079
12055
11943
11892
11891
11889
11884
11814
11792
11643
11559
11487
11483
11420
11342
11329
11301
11286
11242
11240
11149
11016
10957
10956
10937
10927
10744
10682
10606
10591
10405
10401
10364
10342
10325
10294
10284
10274
10151
10123
10102
10076
9994
9972
9941
9838
9776
9736
9711
9688
9597
9590
9588
9487
9445
9423
9422
9218
9178
9061
9058
9044
8970
8965
8887
8807
8687
8615
8590
8590
8549
8484
8396
8323
8316
8312
8022
8012
7951
7849
7818
7702
7526
7509
7422
7409
7289
7280
7094
7068
7066
6996
6958
6827
6803
6771
6767
6690
6687
6652
6547
6546
6542
6532
6522
6455
6361
6317
6311
6309
6270
6238
6186
6173
6051
5971
5916
5888
5878
5763
5729
5721
5641
5608
5583
5566
5565
5371
5362
5331
5243
5239
5207
5172
5162
5161
5079
4941
4909
4871
4868
4797
4788
4758
4696
4692
4619
4568
4540
4477
4434
4388
4313
4281
4253
4249
4231
4213
4181
4178
4168
4144
4106
4106
3928
3922
3836
3835
3827
3821
3610
3572
3548
3524
3523
3522
3515
3480
3307
3208
3202
3174
3129
3052
3034
2896
2888
2865
2840
2814
2778
2760
2746
2738
2727
2694
2656
2448
2384
2366
2331
2277
2270
2218
2188
2124
1904
1839
1784
1727
1628
1545
1412
1397
1394
1246
1231
1218
1181
1166
857
828
822
781
736
718
713
703
637
629
591
564
534
365
295
141
140
56
47
22
