99927
99881
99814
99758
99754
99738
99653
99652
99579
99490
99439
99376
99313
99303
99300
99210
99161
99132
99058
99001
98910
98864
98702
98520
98519
98511
98407
98351
98322
98301
98209
98156
98114
98049
98038
97962
97889
97827
97784
97730
97685
97605
97475
97430
97412
97385
97338
97278
97272
97253
97139
97123
97085
96984
96966
96953
96931
96858
96819
96818
96815
96789
96778
96610
96560
96546
96539
96514
96511
96469
96427
96356
96244
96202
96198
96167
96115
96112
95989
95987
95984
95926
95901
95750
95652
95515
95293
95276
95270
95236
95169
95145
95145
95106
95061
95057
95045
94971
94907
94862
94837
94826
94823
94799
94754
94686
94672
94527
94493
94459
94436
94387
94347
94224
94162
94099
93944
93898
93897
93859
93815
93750
93727
93708
93500
93456
93452
93451
93448
93444
93444
93390
93380
93374
93306
93273
93181
93159
93145
92949
92942
92910
92872
92869
92812
92811
92700
92681
92634
92623
92402
92376
92362
92340
92324
92240
92037
92008
92003
91970
91902
91883
91795
91768
91763
91683
91680
91669
91488
91460
91374
91313
91252
91138
91047
91006
90998
90974
90817
90810
90738
90728
90603
90557
90549
90370
90284
90275
90245
90233
90219
90198
90117
90053
89995
89988
89953
89933
89847
89833
89807
89780
89767
89744
89636
89614
89540
89432
89304
89216
89143
89133
89128
89125
89086
89031
88924
88906
88810
88706
88675
88641
88563
88378
88268
88266
88242
88232
88179
88173
88144
88109
88108
88108
88092
88027
87992
87978
87945
87911
87880
87799
87707
87695
87681
87677
87657
87634
87601
87505
87490
87421
87356
87339
87338
87321
87302
87266
87241
87235
87225
87198
87194
87173
87034
86934
86923
86914
86912
86749
86674
86604
86540
86397
86389
86383
86348
86325
86149
86138
86104
86086
86026
85903
85891
85875
85833
85802
85674
85606
85585
85551
85538
85465
85432
85423
85421
85401
84982
84962
84948
84769
84712
84683
84597
84593
84566
84373
84305
84303
84213
84198
84198
84165
83985
83871
83860
83840
83828
83756
83750
83707
83696
83660
83608
83564
83495
83459
83318
83287
83258
83250
83178
83141
83101
83064
83034
83005
82893
82887
82886
82746
82734
82707
82672
82488
82447
82409
82387
82360
82351
82293
82241
82216
82209
82159
82111
82037
81985
81975
81801
81766
81674
81617
81584
81576
81557
81337
81167
81152
81121
81074
81056
80976
80936
80814
80813
80796
80779
80754
80735
80723
80656
80648
80623
80611
80579
80531
80394
80392
80342
80299
80181
80174
79980
79968
79858
79810
79806
79805
79751
79746
79735
79732
79714
79664
79532
79497
79426
79417
79302
79290
79264
79168
79014
79012
78995
78951
78688
78649
78586
78565
78563
78562
78526
78407
78366
78332
78325
78241
78230
78198
78172
78111
77973
77960
77921
77916
77868
77821
77786
77769
77740
77665
77466
77430
77424
77414
77348
77311
77203
77183
77103
77072
76865
76834
76775
76734
76730
76727
76715
76698
76682
76517
76377
76260
76245
76236
76109
76094
76054
75877
75868
75803
75716
75696
75596
75594
75508
75405
75326
75310
75279
75169
75167
75121
75058
75058
74983
74903
74873
74850
74831
74715
74323
74311
74278
74272
74266
74244
74162
74154
74102
74097
74087
74032
73991
73833
73749
73733
73697
73681
73574
73471
73412
73410
73327
73322
73234
73179
73165
73158
73087
73043
73024
72831
72776
72773
72743
72726
72587
72517
72451
72441
72351
72242
72220
72213
72195
72156
72148
72097
72075
72040
72009
71860
71774
71582
71580
71558
71553
71542
71537
71471
71434
71429
71420
71351
71318
71305
71297
71248
71218
71213
71196
71121
71038
70952
70944
70866
70839
70788
70757
70654
70635
70537
70537
70524
70451
70422
70366
70331
70298
70242
70140
70108
70062
70039
70011
69974
69898
69813
69786
69692
69648
69618
69529
69495
69483
69477
69388
69334
69295
69196
69149
69103
69052
69047
69004
68997
68681
68651
68648
68587
68565
68543
68540
68494
68487
68418
68309
68258
68217
68212
68197
68035
68003
67994
67953
67893
67853
67818
67768
67655
67625
67621
67617
67575
67474
67467
67270
67266
67239
67186
67145
67095
67057
67051
66998
66896
66872
66742
66692
66686
66680
66670
66549
66405
66352
66331
66318
66297
66194
66076
65952
65938
65929
65905
65880
65814
65787
65706
65635
65612
65539
65536
65413
65370
65225
65187
64893
64873
64588
64465
64427
64419
64294
64282
64249
64222
64181
64159
64127
63879
63850
63784
63725
63689
63618
63586
63534
63465
63431
63423
63365
63250
63210
63203
63201
63166
63120
63120
63106
63055
63024
62968
62942
62928
62899
62891
62864
62853
62717
62679
62652
62548
62526
62517
62478
62435
62288
62285
62281
62270
62216
62152
62007
61991
61974
61964
61942
61938
61906
61881
61784
61735
61678
61601
61573
61420
61397
61285
61283
61252
61222
61184
61168
61157
61150
61074
61057
61038
61025
61023
60998
60987
60980
60976
60913
60898
60880
60837
60836
60833
60709
60581
60544
60432
60407
60392
60390
60383
60363
60352
60289
60266
60250
60212
60195
60157
60111
60026
59866
59626
59563
59552
59550
59459
59457
59409
59312
59291
59238
59176
59096
59036
59022
59007
58956
58864
58814
58782
58771
58744
58701
58592
58507
58499
58470
58383
58377
58337
58335
58242
58238
58238
58105
58059
57759
57735
57713
57688
57671
57598
57521
57520
57446
57427
57419
57395
57250
57179
57119
56961
56906
56869
56785
56725
56723
56718
56718
56492
56486
56348
56343
56263
56158
56039
56004
55990
55963
55955
55807
55788
55766
55653
55643
55542
55514
55405
55386
55307
55290
55255
55243
55221
55200
55170
55142
55118
55035
55029
55009
54908
54903
54889
54884
54866
54848
54738
54720
54698
54690
54648
54533
54519
54491
54485
54378
54228
54101
54074
54047
54002
53967
53962
53936
53928
53873
53834
53721
53714
53706
53701
53689
53684
53555
53548
53510
53418
53391
53259
53206
53132
53062
53059
53049
52909
52872
52655
52602
52586
52570
52550
52503
52465
52434
52386
52378
52327
52281
52276
52199
52192
52171
52165
52144
52124
52074
52054
52033
52025
52023
51996
51969
51949
51945
51937
51811
51759
51576
51567
51550
51537
51530
51450
51423
51401
51332
51307
51223
51128
51123
51102
51100
51069
51024
50990
50982
50982
50926
50914
50872
50868
50853
50847
50834
50817
50803
50803
50802
50618
50616
50589
50370
50319
50183
50183
50070
50008
50001
50000
49957
49946
49936
49804
49710
49640
49576
49420
49366
49359
49347
49236
49203
49166
49047
49035
48989
48921
48817
48732
48710
48708
48683
48627
48626
48592
48585
48583
48541
48491
48408
48286
48188
48154
48009
47990
47986
47889
47888
47861
47824
47761
47729
47687
47612
47597
47569
47448
47443
47443
47429
47415
47414
47401
47379
47350
47268
46994
46974
46962
46944
46920
46840
46812
46769
46723
46658
46658
46645
46610
46543
46528
46467
46299
46241
46230
46156
46149
45944
45939
45860
45801
45795
45780
45747
45478
45423
45391
45373
45365
45344
45310
45245
45229
45149
45113
45096
45092
45053
45036
44798
44753
44685
44681
44676
44651
44542
44502
44370
44300
44288
44263
44238
44218
44208
44180
44168
44098
44058
43982
43879
43858
43788
43785
43747
43702
43658
43556
43550
43526
43483
43465
43437
43400
43393
43379
43328
43167
43096
43078
43030
42979
42921
42891
42872
42808
42771
42768
42736
42684
42643
42629
42579
42576
42556
42540
42513
42455
42420
42415
42396
42392
42351
42312
42223
42179
42123
42097
42026
41947
41944
41927
41857
41837
41729
41665
41610
41598
41520
41461
41417
41395
41394
41307
41254
41232
41204
41175
41163
41159
41146
41055
41026
40971
40924
40814
40793
40754
40746
40708
40677
40660
40647
40556
40502
40490
40423
40387
40379
40325
40259
40068
40055
39928
39836
39826
39727
39719
39599
39541
39472
39399
39314
39267
39015
38934
38793
38790
38735
38691
38629
38615
38588
38485
38467
38461
38460
38451
38370
38290
38098
38019
38002
37982
37893
37850
37794
37791
37747
37640
37601
37577
37516
37498
37422
37400
37374
37109
37103
37073
37069
37058
36962
36919
36851
36816
36753
36712
36562
36494
36468
36465
36459
36394
36325
36253
36226
36210
36184
36094
36078
36065
36061
36030
35983
35931
35926
35922
35890
35854
35834
35726
35693
35679
35596
35584
35554
35482
35409
35397
35235
35215
35159
35019
34976
34889
34882
34801
34725
34707
34691
34679
34675
34643
34584
34468
34416
34413
34317
34275
34254
34205
34112
34097
33991
33914
33849
33811
33663
33652
33646
33645
33640
33567
33548
33417
33411
33387
33315
33241
33240
33181
33180
33126
33119
33109
33044
32992
32851
32840
32795
32771
32643
32610
32581
32569
32532
32440
32320
32317
32247
32061
31847
31844
31801
31761
31699
31662
31561
31548
31483
31408
31374
31368
31304
31030
31029
30999
30959
30924
30852
30792
30741
30693
30635
30619
30564
30530
30503
30342
30308
30141
30105
30072
30002
29988
29958
29843
29814
29812
29766
29691
29668
29629
29607
29587
29554
29493
29454
29436
29375
29369
29293
29234
29218
29207
29114
29042
29035
29001
28979
28950
28933
28907
28864
28745
28725
28619
28447
28438
28205
28134
28121
28063
27988
27939
27924
27907
27882
27805
27799
27795
27768
27764
27654
27652
27538
27517
27482
27317
27297
27256
27196
27174
27167
27129
27106
27091
27045
27010
26983
26964
26868
26860
26843
26800
26749
26609
26457
26275
26255
26178
26130
26084
26051
26026
26017
25990
25976
25951
25931
25822
25705
25659
25639
25628
25442
25426
25385
25330
25235
25190
25144
25095
25077
25030
24991
24989
24981
24959
24944
24919
24857
24701
24691
24679
24665
24579
24532
24421
24419
24413
24315
24272
24187
24185
24117
24112
24102
24100
24021
23889
23880
23878
23869
23832
23612
23602
23601
23600
23466
23432
23415
23368
23341
23258
23233
23136
23118
23014
22994
22988
22984
22926
22839
22764
22708
22656
22592
22551
22467
22334
22240
22174
22106
22052
21951
21877
21814
21712
21617
21602
21462
21279
21131
21103
21099
21055
21048
21041
20993
20946
20879
20733
20718
20559
20547
20527
20385
20366
20351
20350
20349
20346
20274
20264
20232
20046
20018
19898
19780
19773
19745
19743
19711
19673
19568
19545
19518
19518
19498
19464
19395
19339
19302
19301
19252
19115
19088
19072
18990
18987
18984
18903
18831
18791
18789
18773
18766
18672
18509
18484
18473
18446
18443
18356
18347
18346
18283
18273
18268
18240
18239
18207
18164
18075
17977
17925
17900
17894
17841
17802
17797
17758
17634
17616
17488
17455
17382
17290
17265
17147
17129
17121
17098
16925
16896
16885
16883
16823
16811
16637
16552
16500
16414
16412
16403
16302
16136
16041
16007
15970
15965
15923
15914
15902
15895
15800
15779
15747
15725
15708
15565
15517
15434
15419
15409
15395
15376
15365
15213
15101
15024
15021
14853
14698
14655
14577
14563
14547
14468
14437
14419
14381
14347
14181
14173
14165
14107
13990
13838
13824
13815
13787
13771
13764
13719
13652
13630
13623
13573
13572
13390
13319
13303
13296
13294
13232
13187
13139
13033
13031
13031
13025
12999
12938
12936
12844
12796
12782
12762
12664
12653
12634
12550
12519
12489
12478
12474
12422
12422
12332
12264
12217
12185
12172
12171
12096
12053
12048
12038
11964
11961
11953
11943
11918
11898
11876
11678
11665
11634
11580
11539
11501
11484
11450
11388
11369
11351
11298
11291
11208
11187
11159
11101
11091
11039
11017
10980
10925
10902
10898
10896
10803
10696
10654
10640
10639
10608
10512
10451
10419
10396
10350
10241
10211
10122
10095
10081
10035
9894
9837
9797
9750
9676
9617
9485
9378
9374
9326
9188
9167
9158
9126
9056
9009
8981
8958
8881
8870
8808
8716
8710
8705
8703
8681
8652
8600
8593
8381
8339
8243
8224
8172
8148
8091
8083
8069
8051
8051
8028
8002
8002
7988
7975
7947
7791
7679
7565
7539
7530
7526
7405
7389
7326
7282
7269
7225
7218
7081
6980
6892
6636
6597
6587
6583
6502
6448
6414
6408
6387
6328
6283
6210
6118
6058
6039
5971
5963
5878
5696
5606
5526
5461
5455
5382
5349
5330
5295
5266
5189
5184
5138
5083
5079
5057
5005
4973
4920
4890
4752
4690
4629
4619
4509
4468
4427
4282
4259
4256
4233
4104
4103
3958
3914
3705
3680
3572
3493
3481
3476
3472
3450
3350
3253
3244
3198
3197
3190
3118
3032
3006
3002
2974
2958
2949
2937
2893
2888
2579
2514
2481
2455
2444
2300
2300
2291
2242
2134
2132
2085
2029
1959
1893
1825
1824
1819
1804
1800
1412
1409
1399
1376
1343
1214
1208
1021
953
909
796
793
693
685
658
658
620
590
573
491
446
437
296
204
156
154
38
26
24
