99967
99967
99951
99946
99934
99914
99848
99813
99805
99766
99758
99733
99728
99681
99680
99648
99647
99628
99608
99602
99545
99486
99376
99343
99288
99230
99228
99227
99222
99163
99150
99121
99102
99001
98980
98954
98953
98724
98692
98688
98670
98662
98633
98630
98623
98615
98601
98597
98574
98539
98511
98451
98434
98396
98337
98298
98294
98285
98152
98144
98111
98054
98044
98044
98009
97993
97963
97940
97940
97930
97930
97910
97828
97778
97744
97739
97727
97724
97712
97673
97613
97610
97559
97354
97344
97325
97274
97252
97238
97233
97155
97136
97124
97004
96924
96874
96851
96772
96695
96635
96609
96589
96549
96548
96500
96469
96443
96424
96343
96336
96222
96121
96114
96087
96080
96065
95978
95964
95956
95951
95891
95841
95779
95757
95755
95660
95642
95593
95460
95459
95455
95434
95207
95177
95034
95001
94901
94877
94868
94863
94837
94769
94749
94709
94685
94636
94613
94502
94426
94404
94368
94321
94269
94250
94123
94103
94055
93997
93898
93875
93852
93796
93639
93625
93580
93568
93375
93328
93321
93304
93273
93221
93205
93138
93118
92918
92878
92857
92632
92604
92521
92484
92484
92263
92215
92182
92066
92010
91993
91871
91854
91803
91740
91702
91672
91669
91622
91591
91575
91516
91515
91404
91266
91263
91223
91187
91166
91097
91058
91054
91033
91030
90986
90929
90900
90693
90693
90688
90571
90560
90542
90496
90421
90312
90258
90231
90202
90150
90122
90096
90023
89992
89893
89840
89824
89813
89749
89723
89717
89714
89670
89639
89629
89608
89578
89438
89382
89376
89368
89296
89270
89266
89233
89223
89207
89125
89084
89008
88898
88864
88800
88757
88751
88589
88504
88503
88464
88422
88408
88365
88348
88248
88244
88219
88138
88041
88030
87943
87863
87633
87571
87548
87495
87413
87383
87281
87204
87117
86978
86903
86900
86878
86861
86849
86814
86719
86690
86623
86590
86516
86470
86419
86397
86376
86359
86355
86271
86256
86203
85992
85965
85823
85756
85746
85739
85715
85661
85617
85572
85566
85519
85468
85402
85312
85292
85048
85007
84968
84905
84901
84897
84869
84867
84802
84724
84720
84652
84643
84618
84552
84510
84465
84465
84401
84397
84366
84331
84318
84266
84194
84168
84158
84106
84056
84027
83967
83946
83738
83728
83727
83699
83603
83547
83544
83474
83443
83386
83275
83225
83170
83133
83062
83014
82977
82940
82914
82912
82837
82811
82759
82638
82531
82513
82413
82383
82320
82302
82287
82231
82224
82206
82175
82170
82131
82104
82067
82014
82012
81881
81873
81858
81589
81541
81533
81399
81374
81339
81329
81304
81303
81186
81184
81149
81095
81053
80993
80883
80855
80783
80772
80768
80692
80680
80673
80570
80553
80505
80467
80450
80430
80269
80235
80198
80085
80054
79954
79947
79934
79923
79889
79802
79782
79707
79665
79581
79565
79555
79542
79340
79267
79192
79173
79137
79111
79095
79038
79031
79016
78898
78866
78862
78834
78722
78669
78617
78570
78567
78469
78455
78454
78419
78264
78145
78096
78069
78060
78019
78001
77999
77960
77908
77810
77805
77792
77639
77630
77620
77535
77522
77507
77461
77436
77357
77348
77310
77303
77288
77279
77198
76992
76930
76918
76893
76868
76768
76704
76614
76609
76578
76575
76556
76464
76381
76344
76198
76183
76112
76087
76063
76029
75969
75918
75898
75891
75886
75839
75836
75781
75763
75668
75666
75659
75641
75596
75590
75484
75366
75286
75251
75234
75229
75174
75135
75103
75094
75058
74965
74957
74943
74903
74746
74729
74657
74627
74515
74509
74462
74393
74332
74277
74240
74037
74026
73992
73981
73976
73916
73874
73865
73766
73738
73726
73682
73591
73550
73457
73417
73281
73178
73095
73032
72931
72817
72805
72784
72603
72457
72372
72223
72171
72139
72133
72123
72118
72100
72016
71913
71884
71884
71879
71855
71706
71690
71572
71522
71351
71346
71315
71315
71275
71274
71156
71112
71069
71032
70987
70966
70901
70895
70844
70728
70717
70521
70417
70410
70369
70360
70342
70308
70272
70172
70155
70137
69987
69983
69953
69907
69837
69766
69739
69729
69574
69346
69211
69150
68998
68984
68859
68857
68819
68762
68511
68425
68255
68210
68200
68155
68071
68018
67994
67974
67830
67829
67765
67759
67734
67653
67644
67643
67588
67553
67537
67431
67422
67397
67385
67337
67227
67201
67082
67025
66941
66836
66832
66815
66800
66783
66744
66709
66683
66674
66626
66598
66571
66494
66466
66440
66348
66341
66338
66204
66154
66151
66151
66122
66017
66016
65922
65817
65732
65716
65619
65593
65552
65539
65493
65485
65446
65443
65369
65324
65323
65298
65271
65262
65129
65121
65094
65017
64951
64825
64774
64757
64756
64594
64519
64492
64415
64409
64336
64269
64252
64245
64179
64159
64137
64121
64063
64006
63988
63965
63951
63937
63825
63799
63799
63793
63763
63759
63609
63554
63531
63529
63457
63433
63422
63408
63395
63382
63301
63294
63288
63176
63031
62960
62929
62911
62902
62812
62809
62743
62719
62695
62664
62617
62600
62588
62538
62414
62410
62066
61839
61831
61813
61787
61666
61648
61588
61541
61535
61458
61445
61393
61333
61328
61317
61233
61171
61155
61135
61034
60999
60894
60868
60856
60829
60787
60759
60719
60635
60629
60609
60606
60525
60492
60480
60460
60417
60399
60318
60210
60157
60113
60100
60045
59958
59881
59789
59753
59739
59730
59724
59691
59671
59634
59620
59599
59539
59519
59499
59491
59340
59324
59255
59178
59146
58954
58884
58855
58813
58773
58769
58607
58526
58403
58268
58234
58212
58051
57929
57922
57829
57720
57621
57469
57455
57447
57398
57288
57251
57245
57200
57174
57169
57118
57118
57050
57048
57010
56978
56943
56923
56905
56878
56828
56812
56801
56795
56777
56742
56658
56640
56614
56610
56490
56480
56450
56443
56360
56350
56268
56240
55989
55975
55944
55924
55872
55768
55767
55766
55712
55704
55693
55682
55605
55422
55422
55383
55358
55227
55225
55199
55179
55132
55103
55091
55066
54786
54774
54739
54603
54570
54563
54477
54457
54336
54294
54234
54122
54089
54073
54021
53979
53910
53905
53883
53842
53820
53816
53763
53715
53601
53445
53433
53405
53393
53377
53196
53132
53093
53013
53006
52969
52946
52917
52913
52899
52889
52878
52829
52727
52649
52638
52614
52534
52455
52372
52340
52251
52231
52147
52111
52058
52012
52002
51948
51928
51844
51772
51770
51766
51762
51738
51578
51576
51562
51508
51469
51378
51355
51294
51254
51248
51243
51204
51165
51086
51054
50908
50793
50771
50744
50723
50697
50629
50588
50571
50487
50432
50431
50224
50163
50159
50116
50115
49966
49886
49865
49796
49737
49586
49580
49567
49553
49445
49437
49425
49379
49327
49326
49257
49215
49206
49204
49173
49172
49122
49097
49055
48989
48889
48867
48740
48701
48683
48683
48640
48594
48485
48460
48421
48395
48372
48368
48344
48335
48334
48321
48213
48119
48085
48084
48072
48059
48046
47975
47960
47890
47865
47784
47780
47680
47679
47645
47607
47538
47505
47457
47379
47363
47338
47310
47308
47283
47236
47107
47004
46984
46965
46777
46724
46717
46681
46601
46598
46532
46468
46287
46170
45972
45944
45934
45890
45787
45729
45680
45628
45598
45566
45494
45475
45366
45204
45157
45151
45090
45064
45057
45037
45031
44982
44908
44848
44824
44709
44560
44457
44396
44389
44321
44241
44135
44073
44029
43919
43865
43773
43724
43714
43636
43628
43596
43516
43473
43465
43437
43419
43386
43273
43210
43184
43184
43131
43124
43113
43079
43070
43034
43028
42922
42842
42814
42793
42772
42612
42608
42582
42569
42555
42551
42500
42495
42485
42484
42468
42438
42392
42125
42103
42003
41941
41856
41843
41841
41830
41794
41790
41746
41667
41562
41500
41491
41451
41389
41369
41355
41342
41317
41271
41237
41235
41045
41026
40785
40685
40654
40605
40597
40557
40498
40423
40417
40313
40294
40291
40130
40029
39925
39922
39844
39821
39725
39724
39713
39706
39686
39676
39631
39624
39619
39594
39571
39548
39515
39454
39393
39373
39342
39249
39223
39128
39109
39097
39055
38996
38922
38884
38781
38740
38689
38678
38675
38673
38661
38637
38621
38542
38460
38454
38381
38257
38203
38190
38161
38159
38104
37987
37926
37852
37821
37768
37704
37652
37640
37510
37436
37424
37396
37334
37324
37309
37275
37188
37165
37120
37102
37094
37091
37077
36995
36940
36907
36845
36819
36782
36677
36615
36467
36434
36407
36315
36267
36205
36192
36151
36093
35929
35808
35790
35754
35700
35657
35578
35536
35500
35480
35407
35348
35328
35253
35148
35148
35130
35017
34959
34940
34895
34837
34836
34821
34746
34673
34598
34568
34566
34543
34537
34483
34320
34313
34292
34189
34162
34131
34067
34057
34007
34001
33985
33909
33907
33888
33854
33812
33729
33711
33618
33557
33524
33388
33384
33371
33368
33328
33182
33175
33170
33092
33034
33032
32772
32772
32578
32515
32476
32328
32268
32214
32121
32120
32068
31976
31964
31949
31915
31910
31891
31758
31727
31605
31500
31496
31465
31432
31411
31362
31338
31324
31288
31262
31187
31073
31059
31036
30998
30991
30982
30948
30920
30876
30780
30731
30659
30514
30401
30341
30240
30220
30159
30150
29969
29928
29921
29915
29857
29756
29698
29693
29634
29604
29601
29544
29476
29471
29422
29402
29238
29203
28951
28951
28901
28898
28768
28734
28706
28693
28654
28609
28559
28552
28547
28497
28461
28400
28368
28350
28167
28159
28106
28099
28086
28080
28054
28006
27968
27887
27844
27821
27784
27769
27628
27595
27540
27529
27475
27419
27370
27336
27233
27184
27161
27041
26992
26932
26779
26730
26594
26523
26441
26342
26324
26279
26201
26190
26156
26046
26030
25986
25894
25882
25865
25774
25658
25647
25624
25616
25589
25577
25500
25458
25440
25399
25236
25224
25184
25153
25136
25103
24784
24781
24634
24596
24537
24487
24418
24282
24272
24264
24228
24216
24126
24097
24069
23859
23828
23790
23769
23764
23651
23645
23642
23582
23547
23494
23466
23456
23453
23194
23174
23092
23037
23037
23026
22989
22968
22944
22877
22762
22751
22605
22445
22427
22405
22242
22239
22228
22201
22104
22091
22066
21997
21893
21886
21876
21809
21777
21746
21695
21648
21644
21625
21505
21447
21316
21242
21213
21170
21107
21089
20987
20967
20933
20890
20819
20755
20754
20740
20611
20519
20450
20401
20368
20310
20302
20131
20060
20033
19927
19894
19826
19609
19599
19567
19449
19324
19280
19251
19221
19219
19199
19162
19096
19092
19088
19031
19017
18882
18866
18852
18694
18677
18639
18615
18554
18435
18415
18359
18330
18234
18187
18176
18168
18075
18016
17985
17973
17857
17849
17830
17725
17716
17697
17416
17303
17279
17045
17040
16989
16957
16953
16895
16894
16881
16874
16851
16817
16810
16803
16770
16690
16658
16598
16591
16578
16573
16556
16389
16366
16358
16353
16315
16252
16251
16236
16066
15931
15766
15658
15651
15573
15477
15448
15398
15280
15272
15225
15200
15153
15120
15119
15048
14981
14907
14875
14841
14814
14801
14758
14700
14699
14660
14605
14591
14558
14254
14243
14242
14127
14017
13966
13947
13865
13799
13695
13679
13665
13640
13616
13560
13560
13511
13492
13470
13294
13213
13040
13021
12972
12839
12803
12788
12758
12690
12625
12507
12454
12402
12389
12310
12284
12222
12188
12140
12123
12118
12081
12038
12006
11995
11991
11987
11949
11945
11926
11922
11863
11857
11826
11761
11757
11755
11688
11657
11591
11576
11549
11486
11391
11388
11379
11347
11345
11251
11250
11248
11239
10858
10838
10831
10743
10649
10649
10547
10489
10452
10385
10274
10262
10192
10160
10150
10138
10135
10038
10035
9840
9768
9719
9670
9658
9604
9549
9536
9480
9473
9458
9391
9308
9283
9233
9200
9155
9084
8901
8854
8752
8695
8644
8607
8492
8437
8390
8354
8309
8259
8208
8159
8144
8113
8113
8006
7991
7849
7755
7680
7596
7587
7570
7424
7390
7242
7192
7096
7094
7088
7027
6974
6914
6795
6664
6638
6634
6502
6447
6328
6321
6128
6107
6070
6054
5887
5870
5843
5764
5617
5597
5565
5505
5482
5267
5255
5090
5088
5017
4990
4989
4982
4958
4903
4815
4794
4606
4545
4479
4463
4414
4391
4360
4318
4297
4285
4265
4202
4057
4036
4017
4003
3991
3966
3888
3757
3741
3613
3605
3593
3574
3557
3520
3507
3479
3458
3431
3336
3294
3255
3217
3184
3136
3027
3014
2983
2939
2935
2906
2866
2820
2704
2574
2531
2457
2401
2391
2380
2361
2262
2238
2232
2228
2196
2182
2118
2071
2014
1780
1779
1727
1711
1658
1508
1465
1442
1331
1163
1130
1066
931
906
873
828
791
788
721
676
566
357
309
266
71
69
4
