99995
99994
99965
99934
99856
99810
99776
99769
99766
99753
99717
99703
99649
99637
99498
99497
99438
99437
99374
99353
99347
99346
99322
99194
99097
99092
99046
98998
98983
98924
98844
98806
98708
98676
98595
98565
98522
98501
98452
98450
98380
98181
98156
98150
98150
98136
98112
98062
98019
97970
97836
97814
97803
97762
97749
97435
97432
97406
97402
97333
97300
97273
97233
97184
97171
97166
97140
97107
97098
97076
97037
96850
96767
96703
96698
96652
96638
96597
96584
96498
96457
96440
96417
96286
96236
96234
96203
96157
96152
96101
96044
96024
95917
95893
95848
95827
95748
95689
95672
95664
95595
95525
95466
95447
95439
95428
95417
95280
95222
95202
95198
95183
95178
95082
95070
95055
94920
94891
94883
94872
94802
94758
94752
94685
94664
94646
94602
94581
94533
94488
94478
94459
94387
94376
94329
94283
94254
94151
94148
94126
93958
93946
93942
93942
93914
93904
93894
93839
93833
93799
93742
93611
93585
93516
93438
93438
93296
93278
93241
93231
93160
93084
93082
93025
92903
92875
92867
92842
92787
92785
92758
92666
92653
92642
92540
92507
92323
92287
92250
92229
92211
92190
92150
92110
92098
92095
91899
91660
91444
91443
91351
91299
91248
91208
91182
91179
91079
91077
91036
91017
90923
90915
90879
90839
90837
90835
90801
90745
90708
90525
90469
90441
90423
90325
90238
90229
90211
90117
90080
90012
90011
89935
89913
89908
89905
89816
89736
89690
89667
89659
89649
89577
89547
89520
89513
89494
89378
89302
89297
89286
89225
89221
89221
89093
89087
89048
88984
88900
88867
88851
88840
88802
88780
88446
88439
88423
88373
88016
87984
87969
87958
87919
87791
87776
87766
87698
87655
87627
87576
87534
87521
87506
87456
87455
87262
87250
86970
86969
86904
86883
86880
86874
86858
86837
86817
86725
86673
86663
86619
86606
86553
86461
86442
86401
86380
86356
86350
86310
86173
86119
86048
86033
85945
85912
85869
85850
85791
85762
85752
85663
85535
85484
85451
85445
85441
85398
85386
85363
85321
85308
85305
85122
85080
85036
85019
84946
84921
84829
84821
84676
84580
84527
84495
84485
84437
84346
84345
84318
84307
84302
84262
84240
84227
84182
84086
84063
84045
84018
83987
83985
83970
83828
83805
83731
83691
83663
83552
83484
83419
83384
83372
83292
83268
83251
83187
83160
83159
83133
83125
83106
83096
83073
83052
82994
82965
82954
82936
82864
82854
82849
82836
82712
82679
82650
82633
82614
82537
82527
82381
82340
82303
82165
82153
82099
82083
82023
81997
81962
81933
81864
81827
81802
81751
81609
81567
81528
81225
81220
81178
81137
81032
80972
80965
80819
80776
80765
80697
80647
80625
80616
80610
80609
80574
80570
80555
80553
80547
80518
80517
80175
80155
80148
80132
80077
79986
79969
79839
79784
79654
79617
79530
79420
79407
79307
79272
79246
79193
79093
79073
79073
78992
78864
78837
78780
78729
78687
78650
78616
78603
78602
78573
78565
78556
78494
78285
78236
78178
78035
77962
77952
77888
77861
77844
77768
77742
77688
77669
77666
77574
77541
77518
77515
77486
77466
77454
77425
77311
77285
77278
77180
77062
77057
77027
76866
76740
76695
76688
76626
76522
76477
76366
76347
76315
76287
76178
76047
75897
75890
75842
75835
75788
75779
75751
75715
75636
75621
75615
75610
75607
75544
75533
75501
75469
75423
75414
75253
75245
75177
75077
74983
74982
74901
74889
74864
74816
74764
74756
74690
74665
74618
74583
74528
74518
74460
74289
74143
74141
74122
73965
73917
73800
73723
73705
73677
73609
73466
73466
73457
73402
73330
73271
73258
73190
73188
73184
73179
73039
73022
73014
73006
72982
72954
72927
72864
72857
72775
72766
72760
72754
72724
72709
72634
72530
72437
72428
72411
72371
72211
72149
72074
72070
72065
72040
71913
71816
71801
71786
71716
71513
71425
71370
71294
71284
71261
71247
71213
71105
71033
70956
70946
70926
70910
70876
70870
70857
70840
70736
70722
70492
70446
70446
70393
70339
70318
70240
70199
70189
70158
70041
70012
69967
69926
69924
69898
69873
69842
69669
69629
69619
69592
69548
69432
69421
69377
69313
69262
69212
68996
68977
68955
68918
68875
68854
68735
68722
68689
68545
68468
68468
68453
68436
68424
68346
68238
68180
68101
68037
68009
67986
67953
67890
67821
67687
67678
67660
67521
67508
67337
67262
67259
67245
67231
67123
67099
67082
67013
66867
66666
66644
66627
66622
66474
66371
66343
66292
66287
66237
66177
66140
66138
66124
66054
66053
66045
65992
65983
65970
65799
65734
65732
65718
65703
65688
65620
65218
65189
65049
65046
65041
64979
64958
64883
64823
64793
64781
64753
64411
64387
64260
64243
64179
64156
63985
63969
63919
63852
63787
63695
63623
63568
63403
63282
63277
63247
63234
63096
62959
62729
62696
62664
62628
62477
62388
62290
62224
62187
62184
62075
61965
61903
61853
61824
61813
61780
61757
61675
61614
61596
61511
61464
61442
61419
61180
61140
61132
61131
61047
60930
60911
60895
60828
60794
60711
60618
60599
60496
60488
60416
60328
60315
60296
60195
60191
60186
60168
60155
60042
59984
59969
59946
59937
59895
59800
59764
59640
59633
59614
59608
59497
59472
59426
59400
59347
59320
59303
59246
59198
59192
59167
59157
59082
59070
59000
58895
58806
58782
58720
58678
58677
58641
58601
58513
58437
58340
58114
58099
58058
58008
57979
57815
57794
57706
57645
57398
57389
57387
57371
57341
57233
56971
56919
56910
56791
56704
56581
56536
56532
56517
56495
56448
56325
56161
56127
56112
56104
56066
55987
55983
55907
55903
55898
55865
55822
55807
55656
55634
55622
55484
55452
55444
55391
55373
55347
55336
55141
55116
55104
55075
55051
55048
54964
54926
54919
54860
54859
54726
54713
54690
54676
54637
54597
54593
54584
54542
54420
54405
54381
54363
54357
54355
54354
54350
54171
54091
53943
53725
53537
53465
53457
53456
53362
53354
53291
53281
53247
53225
53186
53080
53068
52983
52963
52953
52943
52910
52903
52837
52700
52602
52568
52503
52472
52444
52314
52206
52076
52039
51879
51875
51859
51850
51608
51602
51594
51504
51413
51348
51345
51335
51335
51249
51237
51213
51157
51127
51095
51032
50929
50927
50882
50838
50765
50757
50718
50565
50528
50505
50404
50402
50338
50294
50292
50166
50150
50106
50087
50065
49967
49958
49893
49865
49860
49753
49745
49716
49713
49684
49682
49664
49626
49617
49602
49536
49496
49487
49399
49377
49222
49079
49047
49040
48920
48914
48751
48711
48579
48557
48467
48450
48362
48189
48159
48149
48136
48109
48062
47981
47970
47899
47886
47873
47802
47757
47503
47489
47461
47383
47310
47266
47254
47220
47219
47199
47128
47054
46862
46834
46833
46829
46753
46740
46704
46693
46612
46611
46595
46267
46233
46118
46009
45982
45956
45950
45883
45872
45818
45818
45818
45752
45638
45543
45498
45356
45256
45219
45218
45134
45110
45098
45089
45086
45085
45052
44920
44814
44803
44793
44774
44762
44721
44706
44659
44635
44581
44554
44521
44427
44422
44407
44383
44313
44003
43933
43866
43832
43807
43478
43461
43455
43450
43422
43420
43418
43362
43299
43286
43236
43204
43157
43132
43118
43094
43081
43073
43046
42972
42970
42884
42831
42775
42662
42645
42636
42554
42524
42274
42224
42186
42148
42124
42056
42004
41973
41910
41892
41843
41790
41775
41655
41625
41598
41557
41526
41498
41377
41320
41232
41229
41226
41107
41106
40862
40840
40826
40787
40664
40532
40513
40420
40362
40291
40279
40253
40216
40135
40127
40114
40106
40104
40022
39990
39969
39965
39945
39893
39834
39774
39769
39710
39707
39614
39552
39516
39491
39465
39404
39326
39202
39060
39019
38948
38883
38783
38738
38729
38562
38517
38489
38451
38437
38393
38387
38358
38351
38303
38287
38234
38217
38193
38125
38075
38045
38017
37968
37907
37841
37840
37836
37835
37804
37708
37680
37648
37639
37613
37511
37497
37455
37323
37238
37202
37189
37163
37156
37143
37049
37042
37022
37016
37011
36989
36979
36963
36951
36869
36864
36757
36686
36683
36675
36514
36412
36358
36313
36285
36236
36198
36140
36106
36106
36061
36037
35905
35699
35511
35500
35249
35223
35136
35134
35104
35084
35064
35014
35005
34944
34917
34898
34826
34821
34808
34806
34791
34759
34734
34724
34630
34627
34554
34542
34467
34435
34411
34366
34355
34327
34240
34122
34078
34057
33989
33878
33806
33774
33658
33617
33592
33510
33387
33353
33312
33279
33179
32975
32938
32840
32808
32783
32779
32646
32613
32569
32489
32485
32467
32450
32364
32347
32294
32275
32275
32231
32157
32130
31946
31932
31925
31749
31745
31743
31730
31672
31608
31587
31539
31528
31492
31413
31374
31365
31330
31316
31259
31177
31123
30966
30841
30794
30518
30493
30479
30437
30358
30302
30234
30199
30084
30019
29862
29825
29778
29708
29692
29594
29566
29472
29309
29224
29191
29046
29006
29003
28944
28925
28893
28839
28742
28708
28670
28633
28591
28587
28448
28404
28397
28388
28288
28281
28272
28246
28240
28104
28086
28074
28069
28031
28030
27975
27857
27739
27739
27728
27708
27677
27668
27610
27600
27501
27451
27438
27432
27341
27280
27278
27269
27249
27180
27134
27122
27058
27021
26985
26953
26876
26802
26741
26737
26729
26707
26678
26676
26501
26478
26434
26356
26347
26293
26235
26191
25984
25868
25810
25804
25793
25778
25751
25582
25579
25562
25558
25553
25525
25492
25474
25439
25352
25313
25275
25272
25267
25242
25229
25227
25219
25208
24905
24821
24514
24455
24382
24360
24180
24161
24109
24098
24036
23967
23949
23938
23921
23848
23831
23746
23708
23619
23611
23583
23554
23514
23496
23424
23354
23322
23307
23303
23294
23220
23177
23129
23073
23053
23029
23024
22957
22846
22845
22842
22830
22759
22748
22732
22703
22651
22610
22603
22532
22520
22517
22491
22242
22239
22198
22197
22190
21940
21927
21927
21829
21787
21780
21759
21687
21627
21612
21602
21602
21597
21540
21478
21313
21302
21278
21217
21196
20995
20974
20907
20902
20824
20818
20764
20687
20618
20561
20558
20553
20548
20475
20449
20385
20382
20357
20314
20302
20297
20265
20198
20134
20056
20024
20006
19998
19994
19912
19716
19687
19582
19386
19385
19326
19281
19187
19177
19108
18985
18969
18952
18831
18734
18571
18569
18533
18495
18469
18429
18281
18280
18252
18201
18145
18091
18082
18073
18044
18004
17957
17956
17904
17865
17777
17748
17747
17739
17712
17689
17649
17648
17605
17599
17598
17440
17427
17259
17165
17124
17116
17053
17046
16966
16897
16852
16842
16820
16746
16713
16539
16530
16511
16445
16415
16403
16378
16326
16259
16238
16025
16009
16002
15950
15932
15871
15850
15793
15752
15712
15638
15615
15569
15520
15499
15401
15342
15197
15180
15167
15165
15119
15088
15073
14960
14886
14857
14844
14765
14758
14729
14704
14633
14622
14529
14428
14358
14355
14353
14283
14241
14226
14154
14039
13858
13757
13754
13714
13699
13684
13659
13614
13578
13570
13535
13433
13409
13394
13170
13146
13134
13108
13092
13018
13015
12999
12928
12861
12809
12775
12743
12735
12718
12715
12708
12662
12644
12542
12487
12392
12367
12236
12204
12199
12138
12129
12072
11991
11980
11978
11912
11760
11699
11679
11656
11637
11580
11574
11481
11395
11384
11381
11374
11365
11190
11141
11128
11121
11105
11063
11027
10943
10772
10752
10741
10705
10670
10653
10568
10518
10490
10490
10470
10424
10391
10338
10253
10231
10176
10153
10143
10122
10022
9794
9763
9738
9713
9627
9624
9616
9461
9449
9385
9346
9303
9287
9287
9256
9218
9193
9175
9108
8989
8929
8860
8788
8750
8748
8670
8658
8536
8430
8418
8336
8238
8170
8080
8044
8034
7998
7929
7900
7886
7872
7870
7777
7754
7748
7738
7683
7649
7565
7510
7446
7199
7192
7156
7011
7004
6888
6852
6806
6760
6715
6691
6684
6642
6623
6605
6457
6409
6361
6227
6203
6137
6129
6079
6065
6005
5985
5919
5916
5888
5879
5861
5792
5732
5726
5608
5607
5575
5562
5506
5471
5382
5378
5344
5280
5269
5220
5220
5204
5135
5112
5103
5048
4975
4881
4866
4843
4775
4727
4577
4468
4367
4316
4306
4219
4205
4202
4177
4166
4110
4100
4055
4046
4009
3901
3728
3715
3685
3567
3564
3474
3421
3377
3329
3289
3236
3231
3220
3151
3148
3013
3005
2912
2900
2846
2828
2814
2768
2763
2725
2673
2648
2644
2595
2555
2465
2390
2368
2346
2332
2300
2202
2184
2171
2028
1998
1976
1931
1921
1910
1670
1646
1546
1452
1336
1249
1242
1163
1130
1117
1075
1053
962
956
945
880
818
790
784
726
678
570
566
559
363
224
211
100
84
56
43
32
11
