99984
99922
99859
99765
99643
99633
99621
99578
99569
99477
99392
99389
99376
99289
99260
99255
99231
99224
99187
99109
99107
99045
98912
98906
98874
98873
98824
98773
98763
98724
98724
98641
98606
98593
98579
98571
98570
98309
98211
98183
98173
98172
98101
98083
97956
97825
97701
97606
97542
97475
97436
97387
97356
97334
97294
97211
97171
97010
97004
96916
96823
96785
96708
96602
96372
96342
96318
96168
96161
95907
95881
95874
95828
95795
95780
95772
95707
95695
95556
95511
95490
95411
95400
95379
95371
95361
95290
95289
95239
95232
95229
95227
95202
95196
95176
95170
95162
95152
95143
95082
95076
94914
94904
94867
94864
94769
94763
94637
94614
94538
94504
94481
94466
94406
94364
94276
94254
94222
94096
93980
93945
93936
93932
93918
93832
93807
93802
93802
93795
93778
93772
93757
93721
93657
93627
93621
93605
93518
93286
93272
93219
93194
93179
93171
93146
93048
92924
92914
92906
92811
92793
92756
92712
92636
92606
92602
92507
92485
92398
92322
92255
92251
92063
91988
91881
91759
91706
91602
91591
91589
91557
91482
91460
91426
91376
91323
91315
91303
91179
91109
91093
91059
91016
90985
90858
90824
90781
90765
90733
90656
90642
90618
90565
90543
90494
90387
90336
90296
90292
90273
90228
90187
90169
90149
90148
90078
90013
89942
89933
89854
89774
89443
89378
89320
89312
89283
89252
89216
88995
88949
88937
88876
88849
88769
88755
88724
88712
88674
88530
88530
88520
88390
88376
88331
88316
88178
88048
88046
88025
88021
87982
87941
87915
87905
87860
87858
87839
87785
87770
87768
87757
87739
87651
87596
87561
87506
87332
87229
87148
87137
87115
87032
87016
86925
86892
86843
86802
86799
86792
86663
86595
86587
86552
86533
86486
86486
86462
86347
86340
86282
86282
86268
86221
86217
86209
86151
86145
86087
86074
85993
85959
85857
85853
85830
85789
85776
85576
85545
85530
85524
85521
85461
85254
85240
85146
85103
85085
85025
85024
85009
84990
84941
84915
84881
84858
84814
84791
84789
84771
84768
84711
84651
84455
84439
84433
84419
84383
84362
84307
84278
84254
84245
84210
84131
84104
83952
83913
83911
83846
83841
83798
83684
83670
83588
83543
83512
83474
83461
83434
83381
83365
83326
83304
83292
83265
83173
83135
83134
83056
82992
82991
82960
82943
82932
82821
82793
82760
82709
82695
82691
82666
82569
82554
82467
82414
82337
82244
82189
82115
81943
81900
81886
81844
81744
81738
81684
81682
81553
81538
81484
81448
81344
81302
81239
81204
81183
81088
81080
80862
80860
80835
80789
80756
80733
80609
80594
80578
80476
80398
80391
80371
80369
80344
80304
80211
80157
80130
80112
79939
79866
79789
79716
79663
79593
79523
79522
79495
79459
79396
79318
79259
79190
79169
79154
79109
79012
79011
78946
78928
78894
78846
78657
78606
78597
78451
78433
78393
78377
78348
78339
78336
78219
78116
78096
78089
78067
78019
77919
77891
77887
77824
77750
77671
77527
77400
77387
77386
77347
77326
77301
77290
77229
77180
77148
77148
77099
76969
76948
76938
76867
76851
76831
76775
76765
76714
76680
76654
76547
76539
76441
76432
76401
76330
76272
76203
76182
76142
76103
76056
76043
76042
75989
75975
75950
75859
75828
75812
75619
75599
75589
75565
75544
75462
75452
75428
75367
75225
75161
75074
74965
74927
74925
74868
74848
74834
74739
74550
74535
74501
74455
74386
74299
74133
74121
74101
73998
73940
73875
73861
73827
73738
73617
73570
73566
73549
73473
73282
73268
73167
73138
73074
73055
72997
72974
72845
72834
72815
72713
72710
72663
72164
72146
72061
71949
71948
71944
71839
71826
71817
71748
71629
71570
71559
71518
71398
71310
71298
71290
71252
71216
71103
71049
71012
71006
70911
70863
70859
70846
70841
70803
70800
70556
70462
70434
70425
70410
70348
70336
70329
70282
70250
70142
70129
70119
70104
70099
70023
69863
69835
69794
69786
69729
69718
69698
69648
69637
69624
69592
69578
69472
69422
69404
69403
69367
69330
69277
69216
69140
69107
69015
68923
68827
68777
68713
68696
68628
68566
68490
68432
68387
68313
68266
68127
68121
68118
68107
68069
68008
67897
67833
67810
67803
67798
67777
67730
67705
67666
67665
67582
67439
67422
67295
67290
67233
67177
67064
67028
66819
66774
66762
66708
66648
66588
66585
66564
66510
66505
66453
66402
66352
66347
66280
66224
66219
66196
66179
66153
66125
66101
66101
66004
65960
65853
65818
65758
65756
65750
65707
65701
65696
65599
65543
65490
65446
65391
65308
65264
65256
65226
65196
65185
65076
65033
65020
64997
64948
64879
64698
64673
64643
64628
64563
64547
64547
64547
64454
64426
64406
64310
64241
64094
64005
63855
63794
63759
63704
63662
63583
63511
63454
63307
63304
63244
63227
63170
63123
63105
62996
62973
62942
62914
62893
62885
62772
62751
62732
62714
62680
62619
62607
62588
62504
62407
62358
62288
62207
62045
62035
61932
61753
61666
61619
61562
61538
61510
61509
61467
61412
61218
61196
61161
61157
61099
61091
61057
61014
60985
60824
60799
60695
60692
60677
60646
60643
60596
60397
60338
60249
60230
60164
60039
59955
59866
59796
59729
59697
59684
59637
59622
59616
59531
59474
59408
59389
59379
59335
59274
59272
59194
59177
59161
59148
59138
59068
59053
59023
58914
58796
58794
58792
58786
58783
58480
58437
58422
58325
58265
58257
58203
58189
58133
58047
58045
58039
57939
57902
57866
57854
57799
57795
57792
57783
57717
57710
57698
57619
57514
57486
57447
57436
57410
57399
57381
57369
57349
57323
57159
57141
57125
57124
57101
57079
57068
56972
56957
56876
56850
56718
56682
56637
56538
56467
56412
56409
56363
56297
56291
56156
56147
56049
56031
55971
55963
55939
55860
55835
55661
55611
55445
55442
55385
55362
55274
55215
55030
55020
54950
54948
54906
54900
54888
54851
54820
54807
54762
54726
54710
54633
54504
54480
54468
54386
54289
54260
54210
54154
54054
54031
54011
53943
53920
53882
53870
53835
53799
53794
53762
53699
53695
53671
53670
53517
53438
53432
53293
53223
53200
53199
53082
53038
52975
52838
52705
52601
52598
52575
52435
52228
52035
52027
51960
51936
51770
51751
51742
51739
51700
51682
51671
51602
51596
51522
51515
51462
51447
51323
51319
51229
51222
51214
51179
51170
51103
51081
50950
50900
50886
50840
50808
50722
50681
50677
50673
50397
50313
50223
50158
50033
49951
49704
49683
49658
49632
49599
49524
49509
49496
49495
49490
49457
49422
49301
49286
49242
49229
49220
49054
49023
49000
48963
48935
48908
48885
48705
48671
48592
48575
48554
48506
48466
48389
48386
48384
48326
48310
48277
48195
48190
48120
48118
48110
47980
47898
47764
47730
47684
47600
47571
47569
47565
47463
47411
47311
47235
47190
47175
47133
47125
46867
46616
46610
46590
46557
46532
46440
46429
46325
46228
46210
46155
46067
46051
46048
46032
45954
45767
45745
45733
45729
45726
45647
45615
45614
45610
45531
45471
45464
45453
45446
45160
45154
45063
45054
44975
44972
44893
44881
44843
44819
44816
44761
44744
44743
44742
44720
44713
44686
44450
44440
44439
44336
44261
44246
44219
44114
44093
44012
43988
43955
43938
43800
43719
43515
43330
43283
43253
43175
42985
42889
42862
42840
42805
42790
42772
42680
42604
42541
42442
42348
42265
42255
42139
42067
41982
41976
41913
41863
41825
41730
41725
41569
41468
41369
41324
41152
41043
40969
40932
40901
40863
40859
40814
40731
40710
40564
40557
40527
40411
40344
40314
40312
40297
40293
40272
40262
40123
39984
39970
39959
39948
39800
39687
39589
39582
39571
39513
39479
39444
39393
39391
39314
39094
39049
39047
38973
38802
38792
38761
38747
38737
38635
38613
38603
38596
38531
38519
38516
38329
38237
38226
38216
38151
38108
38010
38006
37970
37935
37931
37846
37706
37648
37641
37502
37381
37348
37341
37227
37185
37168
37160
37108
37009
36905
36883
36836
36802
36789
36786
36779
36691
36691
36659
36652
36555
36448
36417
36404
36383
36367
36339
36335
36288
36286
36240
36189
36053
36034
36011
35818
35817
35771
35719
35707
35699
35682
35681
35616
35518
35401
35357
35338
35312
35292
35239
35202
35184
35177
35069
35001
34963
34781
34705
34628
34625
34493
34408
34407
34396
34381
34352
34318
34315
34286
34284
34221
34189
34178
34176
34138
34069
33987
33968
33942
33936
33853
33845
33832
33822
33793
33728
33709
33518
33400
33368
33348
33315
33286
33268
33264
33179
33089
33022
32945
32944
32915
32892
32770
32582
32578
32387
32384
32269
32236
32192
32168
32148
32086
32073
32008
31992
31964
31947
31947
31901
31889
31877
31864
31846
31805
31778
31773
31715
31713
31660
31652
31574
31522
31442
31400
31347
31342
31166
31097
30923
30905
30885
30869
30836
30824
30800
30728
30725
30686
30617
30600
30548
30534
30497
30481
30447
30424
30333
30293
30215
30196
30194
30177
30147
30117
30077
30022
29967
29892
29781
29780
29696
29190
29162
29159
29140
29133
29107
29033
29029
28934
28858
28855
28787
28736
28712
28704
28480
28364
28364
28331
28315
28287
28279
28260
28174
28134
28108
28052
28031
28015
28011
27994
27949
27948
27804
27764
27755
27691
27682
27566
27451
27330
27321
27268
27265
27201
27089
27066
27009
26912
26847
26834
26811
26752
26723
26642
26550
26535
26531
26490
26446
26438
26402
26344
26308
26244
26238
26177
26167
26116
26017
26005
25865
25709
25351
25349
25234
25173
25150
25112
25078
25068
25063
25056
25008
24969
24962
24891
24889
24790
24611
24609
24492
24416
24395
24357
24355
24271
24238
24153
24119
24032
23997
23995
23970
23935
23901
23872
23806
23683
23570
23498
23457
23361
23359
23354
23346
23287
23265
23260
23236
23153
22936
22829
22813
22757
22702
22651
22606
22603
22597
22562
22542
22518
22514
22502
22474
22443
22424
22422
22382
22304
22232
22231
22212
22190
22116
22109
22054
22034
21978
21951
21923
21913
21896
21794
21722
21695
21695
21675
21626
21560
21522
21493
21429
21406
21243
21179
21161
21160
21116
21068
21019
21000
20981
20921
20912
20804
20773
20767
20740
20661
20560
20457
20303
20237
20209
20205
20184
20159
20136
20131
20096
19972
19948
19897
19858
19857
19850
19691
19673
19673
19642
19613
19507
19474
19235
19105
19100
19047
18963
18958
18951
18920
18885
18831
18824
18821
18813
18778
18679
18654
18581
18557
18427
18368
18330
18325
18278
18095
18080
18051
18028
18007
17982
17977
17933
17888
17846
17804
17788
17768
17760
17706
17661
17647
17612
17605
17555
17552
17537
17494
17480
17474
17439
17238
17142
17094
17057
17048
16993
16887
16852
16810
16800
16703
16700
16597
16512
16512
16497
16475
16436
16399
16322
16321
16293
16280
16267
16184
16178
16115
16113
16048
15998
15955
15932
15911
15892
15892
15839
15741
15632
15585
15572
15547
15538
15529
15487
15476
15330
14705
14694
14693
14689
14666
14598
14569
14538
14516
14368
14317
14310
14310
14243
14229
14226
14219
14214
14198
14195
14176
14175
14151
14079
14073
14018
13963
13918
13836
13683
13670
13661
13521
13519
13460
13407
13365
13360
13325
13241
13171
13074
13055
12936
12896
12869
12868
12762
12724
12706
12700
12643
12499
12431
12417
12380
12321
12291
12252
12185
12069
12016
11949
11946
11943
11929
11853
11769
11768
11722
11719
11658
11657
11608
11607
11599
11595
11531
11493
11485
11479
11478
11441
11378
11333
11320
11290
11233
11190
11155
11040
10990
10977
10971
10891
10857
10845
10702
10569
10567
10527
10515
10492
10437
10426
10351
10336
10296
10236
10102
9922
9877
9810
9754
9744
9710
9560
9510
9388
9369
9355
9306
9284
9228
9220
9190
9036
8993
8781
8762
8652
8607
8593
8566
8527
8398
8316
8292
8247
8240
8224
8039
8018
7997
7896
7883
7762
7743
7642
7579
7522
7494
7491
7388
7379
7339
7237
7221
7094
7093
7044
6992
6954
6932
6883
6879
6854
6766
6708
6692
6662
6653
6451
6350
6330
6267
6254
6247
6238
6232
6175
6137
6067
6041
5849
5661
5643
5640
5631
5440
5408
5404
5376
5310
5292
5197
5144
5001
4976
4852
4763
4747
4744
4681
4659
4652
4650
4623
4620
4431
4405
4388
4362
4344
4335
4265
4262
4192
4133
4087
4082
4078
3988
3768
3714
3508
3503
3388
3261
3142
3092
3008
2936
2855
2835
2833
2796
2784
2765
2756
2732
2701
2683
2616
2604
2555
2496
2491
2490
2415
2407
2320
2150
2096
2019
2010
1991
1981
1919
1897
1893
1770
1767
1748
1721
1710
1701
1683
1677
1661
1657
1652
1629
1563
1511
1491
1484
1382
1237
1235
1164
1074
1007
899
862
839
829
713
694
658
597
574
562
490
317
317
313
226
172
163
100
64
60
6
