99966
99889
99887
99877
99836
99717
99716
99709
99700
99694
99627
99603
99584
99562
99559
99557
99548
99440
99361
99345
99313
99304
99170
99121
99079
98989
98890
98800
98793
98782
98681
98654
98651
98617
98601
98590
98569
98554
98486
98460
98202
98164
98046
98039
97976
97895
97831
97709
97534
97498
97468
97454
97445
97321
97309
97263
97245
97210
97104
97038
96922
96904
96848
96796
96780
96692
96680
96541
96230
96228
96226
96154
96124
95922
95917
95854
95784
95774
95756
95740
95721
95674
95652
95615
95578
95479
95346
95323
95270
95173
95167
95151
95125
95090
95087
94953
94878
94806
94760
94727
94670
94607
94526
94463
94438
94433
94420
94297
94172
94119
94043
94013
93839
93810
93793
93748
93737
93636
93628
93618
93611
93528
93524
93475
93420
93394
93286
93215
93101
93006
92993
92936
92766
92718
92713
92566
92535
92470
92467
92424
92380
92220
92198
92106
92095
92064
92027
92024
92017
91884
91854
91836
91831
91794
91791
91768
91668
91636
91612
91609
91552
91524
91498
91311
91240
91129
91090
91061
91056
91046
91042
91035
91016
90992
90854
90765
90752
90638
90476
90262
90249
90142
90135
90105
90003
89901
89886
89862
89819
89808
89760
89712
89618
89573
89479
89457
89430
89308
89261
89238
89235
89214
89187
89185
89138
89054
88997
88922
88921
88747
88411
88391
88362
88316
88311
88294
88265
88243
88241
88207
88147
88147
88104
87916
87887
87835
87811
87780
87745
87709
87647
87634
87526
87482
87440
87387
87370
87330
87303
87287
87167
87054
87032
86918
86897
86820
86718
86659
86627
86527
86521
86445
86444
86421
86376
86373
86373
86321
86214
86186
86165
86153
86083
86060
86013
85948
85935
85879
85877
85797
85794
85725
85714
85584
85558
85519
85453
85447
85409
85325
85311
85256
85238
85196
85172
85121
85045
84936
84891
84871
84862
84860
84781
84757
84752
84747
84745
84594
84523
84435
84398
84384
84256
84241
84194
84190
84168
84102
84096
84067
83990
83820
83801
83779
83517
83504
83500
83470
83459
83429
83374
83290
83247
83243
83168
83122
83107
83089
83089
83036
83009
82974
82965
82949
82947
82927
82868
82857
82732
82728
82649
82629
82585
82553
82387
82381
82325
82288
82257
82224
82176
82167
82098
82073
82048
81992
81975
81964
81954
81927
81848
81846
81757
81749
81708
81687
81667
81579
81578
81549
81544
81532
81511
81487
81449
81447
81422
81337
81329
81287
81269
81201
81173
81120
81092
80995
80990
80953
80948
80871
80857
80853
80830
80777
80623
80541
80452
80450
80449
80415
80308
80190
80184
80109
80016
80007
79974
79912
79831
79800
79641
79589
79538
79502
79486
79195
79193
79175
79143
79053
78946
78881
78859
78835
78805
78698
78688
78549
78537
78510
78477
78401
78329
78255
78242
78219
78211
78074
78066
78058
78049
78041
77881
77800
77788
77763
77703
77652
77621
77618
77583
77537
77473
77307
77258
77234
77226
77191
77185
77178
77174
77089
77038
76991
76895
76892
76881
76861
76858
76766
76554
76412
76358
76293
76113
76105
76023
75957
75799
75749
75737
75730
75618
75608
75606
75600
75563
75486
75322
75178
75145
75094
75082
75070
75021
74919
74827
74731
74702
74696
74665
74643
74598
74592
74544
74537
74492
74470
74459
74453
74446
74403
74389
74372
74346
74277
74274
74265
74251
74199
74198
74168
73983
73939
73898
73839
73831
73825
73817
73771
73719
73653
73614
73591
73516
73504
73503
73479
73474
73433
73355
73345
73311
73273
73237
73231
73204
73183
73150
73147
73024
72918
72916
72864
72688
72671
72648
72644
72615
72592
72589
72574
72462
72446
72409
72315
72283
72270
72232
72214
72128
72091
72061
72005
71972
71957
71814
71755
71556
71520
71520
71490
71481
71479
71402
71299
71122
70975
70955
70934
70891
70757
70673
70662
70647
70500
70457
70424
70408
70371
70341
70292
70269
70157
70142
70121
70096
69957
69954
69930
69913
69879
69862
69853
69853
69802
69714
69638
69538
69538
69455
69435
69423
69344
69216
69170
69137
69067
69017
68926
68824
68815
68765
68743
68690
68634
68615
68605
68601
68578
68553
68546
68385
68384
68332
68310
68266
68217
68207
68162
68118
68082
68074
68066
68008
67955
67911
67908
67790
67731
67724
67611
67531
67364
67100
67094
67067
67054
67001
66893
66891
66885
66789
66788
66733
66661
66645
66642
66605
66601
66597
66515
66502
66446
66432
66405
66339
66320
66304
66268
66201
66193
66167
66086
66068
65968
65900
65869
65812
65798
65791
65745
65681
65646
65633
65616
65604
65445
65409
65369
65327
65235
65182
65170
65162
65090
65086
65054
64970
64956
64944
64843
64780
64762
64741
64698
64688
64652
64618
64364
64301
64281
64279
64275
64228
64201
64174
64147
64128
64103
63848
63841
63834
63802
63692
63659
63545
63435
63384
63327
63304
63273
63242
63129
63106
63100
63023
63005
62900
62884
62784
62779
62751
62747
62697
62661
62626
62603
62496
62485
62481
62396
62361
62284
62221
62186
62135
62062
61949
61945
61920
61915
61872
61807
61764
61742
61700
61598
61588
61453
61449
61345
61230
61198
61191
61123
61094
61059
60999
60992
60965
60934
60890
60842
60812
60810
60776
60771
60732
60691
60630
60601
60592
60529
60374
60319
60255
60150
60094
60064
59963
59861
59703
59690
59687
59679
59661
59596
59593
59522
59515
59472
59469
59463
59431
59342
59248
59147
59006
59000
58977
58927
58708
58677
58655
58647
58512
58511
58428
58363
58346
58331
58306
58293
58285
58102
58083
58079
57963
57952
57946
57899
57724
57706
57643
57637
57602
57595
57588
57553
57454
57451
57443
57345
57300
57278
57262
57243
57191
57184
57141
57138
57084
57080
57076
57056
57052
57045
57043
57016
56897
56825
56811
56641
56550
56519
56377
56351
56328
56309
56303
56267
56250
56236
56193
56173
56076
56013
55892
55891
55807
55734
55696
55696
55688
55657
55654
55595
55576
55521
55468
55424
55372
55331
55257
55243
55198
55062
54952
54820
54765
54697
54684
54678
54542
54482
54472
54407
54315
54272
54251
54226
54204
54058
54017
53841
53789
53783
53778
53628
53531
53508
53493
53474
53467
53423
53381
53374
53367
53362
53289
53262
53068
53035
52997
52908
52815
52805
52756
52718
52683
52537
52371
52263
52224
52220
52145
51982
51917
51904
51904
51849
51708
51631
51576
51572
51566
51486
51481
51445
51411
51404
51329
51243
51114
51065
51016
50956
50947
50878
50745
50720
50648
50642
50583
50516
50486
50378
50336
50319
50309
50185
50179
50171
50129
50108
50059
50053
50023
50003
49993
49950
49947
49936
49908
49890
49890
49799
49780
49691
49658
49577
49492
49485
49471
49412
49274
49250
49209
49169
49134
49113
49032
49011
48853
48843
48831
48820
48742
48577
48558
48549
48538
48480
48476
48470
48448
48337
48240
48169
48143
48135
48129
47983
47880
47858
47820
47788
47733
47704
47644
47532
47423
47415
47388
47278
47255
47241
47105
47023
47019
46916
46893
46872
46781
46720
46703
46701
46691
46470
46446
46439
46371
46360
46355
46351
46320
46281
46266
46130
46034
46018
45977
45968
45842
45814
45813
45805
45763
45686
45681
45665
45645
45630
45512
45464
45324
45284
45171
45119
45083
45000
44998
44962
44897
44889
44870
44864
44808
44777
44773
44763
44762
44695
44680
44623
44480
44454
44397
44392
44389
44362
44352
44306
44145
44067
44015
43976
43964
43908
43867
43766
43674
43610
43584
43548
43525
43512
43477
43294
43282
43192
43166
43156
43148
43127
43013
43000
42966
42818
42795
42786
42699
42458
42321
42306
42248
42245
42239
42207
42163
42027
42001
41944
41906
41857
41839
41813
41711
41643
41638
41633
41556
41551
41528
41526
41522
41380
41308
41278
41268
41260
41252
41212
41116
41110
41105
41087
41082
41010
41010
40972
40832
40818
40753
40737
40725
40710
40676
40467
40450
40437
40359
40355
40331
40318
40304
40275
40254
40211
40161
40137
40131
40096
40089
40035
40019
39988
39979
39751
39732
39541
39421
39342
39213
39191
39079
39074
39019
38946
38734
38540
38536
38503
38437
38360
38290
38266
38186
38182
38094
38068
38040
37973
37939
37897
37866
37858
37842
37810
37790
37774
37701
37663
37643
37579
37469
37434
37430
37368
37184
37175
37121
37119
37114
36939
36906
36887
36836
36835
36709
36660
36516
36445
36434
36419
36418
36389
36329
36308
36267
36222
36167
36053
36023
36008
35973
35944
35813
35766
35690
35638
35624
35596
35542
35450
35391
35234
35226
35192
35150
35089
35043
34971
34945
34939
34903
34893
34853
34850
34843
34801
34741
34688
34548
34544
34513
34493
34490
34466
34451
34374
34306
34292
34245
34204
34128
34074
34036
34004
34001
33987
33986
33946
33878
33816
33816
33750
33730
33636
33614
33599
33591
33549
33496
33484
33354
33236
33194
33105
33035
32973
32962
32904
32897
32888
32833
32769
32749
32683
32653
32635
32625
32621
32602
32458
32456
32379
32374
32334
32263
32102
32102
32065
32035
31981
31981
31936
31911
31832
31747
31745
31707
31689
31626
31594
31592
31543
31481
31326
31229
31213
31197
31158
31136
31093
31088
31073
30916
30872
30858
30816
30803
30722
30697
30645
30639
30619
30613
30591
30523
30478
30226
30121
30101
30047
30042
30027
30017
30015
29989
29964
29959
29878
29835
29790
29580
29516
29377
29373
29317
29311
29240
29221
29207
29182
29179
29171
29073
29059
29037
29010
28905
28802
28799
28709
28698
28689
28610
28590
28508
28453
28374
28083
28068
28046
27713
27594
27590
27590
27410
27277
27187
27088
27024
26952
26923
26879
26773
26713
26697
26660
26616
26503
26462
26460
26384
26334
26315
26253
26226
26157
26154
26011
25919
25917
25806
25772
25744
25688
25470
25468
25385
25383
25344
25342
25264
25258
25250
25225
25182
25079
25030
24923
24909
24867
24778
24722
24678
24676
24556
24479
24368
24289
24277
24212
24091
24026
24002
23962
23927
23796
23697
23657
23610
23595
23593
23534
23454
23425
23406
23393
23373
23368
23186
23156
23028
23026
22896
22865
22661
22653
22598
22522
22475
22461
22390
22327
22313
22295
22166
22097
22026
22009
21988
21986
21944
21896
21798
21695
21645
21632
21583
21382
21178
21152
21150
20984
20915
20893
20820
20782
20610
20588
20587
20578
20459
20416
20412
20381
20361
20342
20335
20242
20188
20137
20063
20009
19973
19733
19690
19516
19482
19420
19416
19415
19379
19283
19246
19191
19172
19093
19015
18914
18834
18727
18677
18668
18616
18612
18610
18596
18553
18550
18526
18508
18481
18403
18260
18185
18139
18133
18079
18044
17943
17921
17903
17844
17802
17728
17724
17723
17712
17695
17681
17602
17554
17543
17498
17497
17406
17204
17138
17135
17077
16852
16683
16677
16674
16650
16645
16620
16614
16595
16582
16549
16502
16495
16475
16411
16340
16297
16255
16218
16214
16170
16117
16060
16057
16054
15980
15933
15896
15868
15863
15857
15849
15804
15757
15755
15741
15712
15667
15575
15543
15526
15465
15464
15434
15346
15295
15158
15099
15078
15038
15027
15025
14962
14962
14909
14907
14793
14777
14744
14582
14532
14465
14458
14393
14329
14304
14291
14159
14131
14105
14059
13998
13964
13809
13735
13707
13638
13558
13339
13125
13075
13031
12973
12912
12897
12875
12847
12795
12792
12689
12639
12628
12475
12466
12445
12393
12382
12336
12294
12120
12113
12085
12065
12025
11984
11911
11853
11843
11835
11677
11579
11531
11507
11317
11300
11250
11234
11214
11187
11177
11110
11103
11101
11057
11002
10982
10965
10939
10932
10905
10886
10787
10730
10689
10682
10546
10543
10529
10518
10490
10485
10468
10252
10161
10145
9915
9910
9873
9829
9784
9741
9727
9716
9641
9583
9529
9488
9471
9435
9372
9266
9160
9015
9014
8949
8909
8897
8872
8866
8825
8804
8740
8585
8575
8390
8380
8366
8340
8229
8200
8078
8053
8002
7950
7848
7720
7620
7576
7502
7491
7425
7370
7295
7247
7207
7142
7137
7087
7065
6979
6951
6943
6938
6937
6863
6846
6829
6812
6774
6742
6645
6551
6513
6511
6468
6421
6381
6335
6333
6235
6224
6216
6118
6065
6059
6049
5947
5945
5917
5748
5745
5726
5711
5693
5607
5588
5553
5503
5458
5440
5273
5076
5050
5035
5017
4944
4870
4808
4724
4619
4599
4501
4495
4471
4313
4266
4242
4230
4205
4204
4127
4107
4031
3997
3869
3853
3784
3745
3609
3604
3602
3550
3470
3442
3356
3331
3284
3281
3226
3225
3211
3211
3181
3091
3033
2987
2911
2840
2715
2713
2700
2649
2646
2645
2460
2341
2311
2305
2277
2133
2068
2037
2028
1990
1980
1966
1827
1716
1678
1670
1652
1613
1566
1549
1534
1393
1370
1239
1154
1044
1036
985
970
727
590
539
424
388
336
323
200
84
83
16
15
