99918
99906
99902
99898
99855
99843
99815
99800
99798
99549
99538
99496
99490
99478
99406
99399
99390
99318
99288
99149
99062
99012
98881
98864
98804
98803
98776
98730
98662
98629
98607
98539
98514
98492
98478
98471
98299
98254
98190
98182
98100
98064
98020
98006
98006
97979
97957
97924
97817
97763
97740
97682
97654
97645
97611
97570
97553
97546
97542
97539
97329
97271
97210
97176
97165
97090
97010
96950
96870
96749
96713
96601
96576
96566
96562
96534
96522
96506
96484
96459
96362
96346
96262
96253
96249
96153
96129
96010
95976
95973
95942
95921
95912
95884
95868
95857
95792
95750
95703
95590
95587
95577
95557
95507
95457
95398
95388
95199
95159
95104
95083
95074
95073
95019
94990
94967
94896
94889
94808
94791
94737
94729
94718
94578
94566
94470
94412
94352
94350
94322
94306
94298
94272
94251
94216
94101
94094
94025
94013
93950
93914
93793
93714
93709
93583
93575
93420
93419
93381
93301
93278
93214
93182
93017
92904
92893
92833
92760
92716
92697
92629
92572
92504
92468
92449
92378
92184
92159
92103
92062
92006
91961
91907
91896
91861
91822
91792
91789
91768
91735
91692
91672
91642
91514
91506
91493
91369
91333
91302
91269
91216
91105
91102
91084
91012
91008
91006
90951
90878
90876
90847
90839
90833
90823
90659
90596
90589
90463
90459
90427
90424
90378
90313
90267
90220
90099
90097
90093
90080
90059
90042
90040
89999
89947
89936
89933
89851
89846
89836
89698
89535
89473
89427
89425
89297
89295
89243
89133
89120
89109
88997
88961
88939
88874
88802
88781
88779
88759
88714
88666
88626
88468
88415
88392
88283
88280
88250
88181
88068
88064
88013
87863
87828
87817
87774
87708
87698
87678
87671
87659
87611
87557
87553
87523
87522
87437
87272
87244
87199
87193
87182
87174
87122
87078
87058
87036
87016
87009
87007
86962
86960
86923
86814
86772
86722
86679
86556
86498
86474
86466
86465
86385
86384
86380
86309
86167
86157
86074
86073
85862
85757
85606
85516
85504
85469
85303
85225
85216
85052
85023
84959
84896
84871
84763
84676
84671
84660
84658
84639
84633
84628
84583
84486
84438
84215
84120
84091
84019
83983
83931
83874
83852
83537
83457
83322
83227
83211
83031
83016
82937
82872
82846
82772
82729
82698
82697
82578
82520
82494
82474
82454
82415
82407
82403
82351
82334
82331
82230
82185
82151
82140
82069
82042
81988
81920
81842
81799
81729
81707
81643
81636
81524
81462
81407
81368
81343
81255
81200
81170
81123
81113
80911
80836
80812
80768
80698
80672
80643
80552
80526
80524
80482
80447
80435
80374
80326
80275
80243
80236
80168
80148
80136
79948
79904
79747
79633
79505
79489
79425
79384
79381
79282
79253
79055
79018
78808
78788
78700
78699
78655
78647
78573
78567
78564
78558
78535
78508
78453
78453
78364
78341
78320
78280
78228
78214
78132
78095
78065
78001
77804
77692
77617
77523
77501
77483
77406
77362
77319
77296
77260
77173
77160
77123
76977
76972
76962
76943
76876
76810
76726
76721
76686
76661
76641
76640
76579
76512
76480
76454
76404
76398
76336
76302
76299
76291
76282
76237
76217
76164
76142
76116
76108
76010
75978
75965
75961
75939
75931
75927
75923
75893
75849
75766
75740
75650
75638
75530
75458
75414
75408
75381
75380
75314
75278
75207
75138
75107
75077
75031
75010
74957
74943
74913
74877
74871
74757
74743
74696
74684
74671
74604
74572
74518
74457
74404
74392
74345
74343
74316
74265
74194
74182
74179
74151
74075
73901
73651
73597
73590
73557
73491
73449
73423
73200
73045
73045
73028
72995
72978
72963
72890
72864
72804
72783
72769
72766
72732
72622
72526
72523
72476
72424
72350
72316
72265
72224
72208
72107
72041
72029
72005
71986
71949
71934
71851
71814
71778
71768
71597
71580
71575
71568
71564
71545
71533
71399
71182
71171
71153
71002
70964
70946
70911
70897
70896
70823
70813
70719
70708
70689
70624
70548
70424
70365
70311
70297
70214
70190
70159
70067
70056
70038
69999
69964
69867
69806
69771
69734
69656
69616
69560
69527
69476
69467
69429
69373
69331
69274
69207
69174
69129
69004
68921
68855
68704
68671
68665
68624
68594
68351
68298
68254
68232
68220
68211
68208
68198
68185
68139
68076
68059
68058
68028
67855
67802
67770
67746
67723
67606
67530
67525
67419
67292
67290
67220
67144
67124
67089
66978
66935
66839
66805
66786
66760
66695
66685
66679
66659
66651
66497
66376
66287
66262
66253
66237
66170
66136
66134
66003
65982
65981
65915
65907
65838
65815
65700
65647
65473
65470
65441
65349
65258
65130
65115
65103
64991
64944
64934
64888
64870
64807
64788
64786
64745
64726
64712
64667
64648
64642
64404
64301
64224
64155
64144
64059
63992
63968
63928
63901
63779
63619
63618
63505
63449
63449
63445
63202
63113
63078
63034
62975
62965
62846
62818
62780
62621
62343
62221
62215
62155
62119
62106
61917
61797
61728
61724
61656
61617
61616
61605
61577
61573
61563
61538
61494
61467
61384
61263
61248
61229
61123
61014
60995
60979
60933
60911
60878
60839
60731
60634
60532
60407
60380
60367
60333
60296
60230
60183
60079
60061
60051
59951
59930
59896
59883
59857
59837
59816
59807
59805
59778
59672
59588
59539
59518
59407
59394
59390
59323
59277
59233
59215
59180
59086
59017
58841
58832
58805
58795
58778
58772
58759
58632
58627
58568
58533
58490
58449
58389
58382
58315
58298
58266
58248
57943
57940
57837
57790
57738
57625
57566
57559
57521
57512
57482
57464
57388
57262
57235
57202
57179
57084
57036
57019
56848
56686
56655
56570
56550
56492
56418
56336
56161
56153
56144
56142
56126
56105
56002
55995
55977
55972
55908
55907
55890
55837
55819
55772
55688
55574
55546
55530
55445
55398
55376
55254
55220
55175
55151
55111
55076
55006
54904
54903
54869
54830
54829
54734
54718
54691
54688
54635
54633
54577
54494
54473
54417
54368
54340
54318
54303
54212
54192
54151
54033
53967
53958
53845
53812
53789
53737
53589
53534
53502
53473
53448
53399
53342
53323
53313
53142
53055
52824
52760
52758
52750
52732
52566
52551
52533
52410
52367
52327
52267
52205
52184
52180
51939
51884
51876
51827
51806
51788
51785
51779
51775
51692
51662
51637
51629
51544
51493
51446
51424
51313
51241
51232
51145
51131
51106
51093
51077
51066
51048
51038
50989
50925
50898
50758
50730
50714
50687
50661
50521
50464
50435
50423
50279
50274
50266
50213
50198
50070
49991
49907
49852
49814
49768
49742
49715
49715
49642
49634
49630
49613
49606
49396
49306
49305
49191
49151
48980
48979
48885
48768
48756
48710
48684
48662
48627
48536
48535
48446
48429
48390
48387
48368
48356
48340
48317
48189
48144
48107
48056
47973
47916
47806
47785
47783
47673
47661
47612
47580
47529
47497
47344
47297
47021
47011
46913
46905
46747
46684
46626
46561
46487
46432
46411
46382
46303
46204
46059
45967
45965
45917
45906
45833
45760
45754
45736
45735
45688
45672
45650
45644
45552
45504
45477
45473
45461
45428
45324
45267
45106
45088
45011
44983
44842
44838
44751
44682
44670
44632
44578
44527
44381
44345
44299
44240
44225
44208
44172
44116
44024
43964
43946
43896
43873
43858
43842
43789
43758
43758
43736
43637
43616
43538
43497
43432
43178
43158
43117
43076
42984
42964
42932
42869
42813
42718
42633
42610
42529
42512
42460
42346
42317
42314
42258
42206
42189
42152
42057
42039
41956
41899
41881
41809
41714
41651
41651
41603
41484
41456
41326
41289
41250
41198
41098
41071
41066
41050
40935
40868
40826
40780
40739
40712
40665
40635
40626
40470
40464
40450
40431
40396
40362
40336
40322
40252
40236
40112
40103
40033
39972
39934
39914
39907
39896
39858
39843
39835
39779
39678
39639
39473
39390
39287
39262
39150
39142
39135
39037
38964
38940
38844
38817
38755
38730
38685
38681
38662
38495
38420
38336
38333
38226
38187
38126
38121
38092
38050
38030
37955
37946
37831
37758
37751
37692
37677
37585
37574
37558
37470
37418
37411
37370
37316
37310
37285
37265
37216
37096
37064
37005
36950
36899
36881
36823
36815
36735
36727
36725
36712
36702
36659
36647
36630
36629
36571
36546
36529
36496
36473
36462
36415
36406
36365
36361
36345
36299
36121
36091
36059
36039
36016
35922
35791
35749
35727
35712
35657
35571
35508
35473
35457
35380
35317
35314
35295
35230
35217
35209
35208
35186
35136
35086
34861
34841
34813
34801
34775
34650
34521
34471
34419
34402
34257
34239
34236
34232
34125
34119
34088
33961
33959
33881
33830
33769
33690
33689
33648
33573
33510
33441
33419
33084
33021
32983
32950
32833
32784
32574
32559
32512
32508
32491
32467
32417
32315
32211
32134
32074
32016
31832
31804
31770
31750
31721
31698
31624
31603
31592
31583
31582
31575
31551
31529
31512
31509
31462
31434
31387
31368
31348
31295
31282
31237
31213
31189
31176
31156
31010
30979
30953
30924
30878
30826
30799
30792
30689
30676
30637
30588
30546
30505
30496
30407
30346
30322
30269
30187
30087
30040
29974
29954
29927
29870
29854
29783
29751
29690
29687
29645
29639
29620
29599
29587
29569
29447
29422
29407
29358
29300
29208
29203
29168
29140
29110
29014
28920
28911
28874
28851
28820
28783
28736
28679
28660
28599
28533
28524
28498
28434
28300
28299
28259
28210
28113
27952
27945
27918
27902
27892
27816
27806
27654
27641
27518
27518
27480
27418
27391
27210
27207
27137
27115
26902
26863
26793
26777
26746
26690
26662
26638
26603
26532
26374
26368
26356
26329
26318
26266
26264
26246
26170
26128
26021
25853
25814
25782
25754
25669
25658
25587
25573
25558
25543
25502
25408
25396
25387
25383
25310
25291
25281
25235
25176
25167
25161
25143
25011
24954
24939
24908
24889
24884
24816
24809
24780
24725
24542
24368
24364
24293
24262
24106
24090
24035
24000
23955
23947
23927
23912
23763
23675
23638
23560
23507
23507
23434
23395
23374
23334
23216
23106
23078
23074
22911
22866
22828
22764
22746
22732
22716
22690
22688
22683
22515
22512
22488
22451
22354
22302
22292
22265
22086
22054
22035
22029
21883
21805
21729
21707
21579
21532
21493
21490
21488
21440
21334
21270
21209
21116
21085
21073
21011
21000
20955
20922
20916
20871
20860
20825
20750
20659
20578
20569
20356
20220
20152
20137
20095
20078
20035
19983
19850
19846
19822
19766
19733
19683
19677
19672
19665
19644
19632
19573
19530
19520
19477
19454
19397
19379
19363
19090
19079
19033
18926
18903
18852
18770
18670
18611
18611
18583
18571
18520
18465
18454
18375
18337
18321
18208
18170
18147
17977
17971
17922
17914
17907
17780
17752
17719
17677
17607
17599
17529
17492
17488
17428
17376
17364
17364
17351
17307
17297
17284
17213
17206
17155
17148
17121
17117
16997
16939
16932
16891
16882
16871
16843
16801
16761
16728
16629
16618
16537
16430
16359
16309
16286
16145
16133
16121
16113
16107
16102
15928
15917
15887
15883
15833
15770
15702
15680
15672
15652
15599
15596
15596
15587
15582
15458
15393
15382
15367
15350
15269
15248
15201
15191
15087
15075
15033
15018
15003
14987
14979
14950
14934
14915
14904
14813
14641
14626
14411
14394
14304
14135
14134
13985
13950
13905
13817
13692
13655
13587
13526
13370
13365
13314
13178
13170
13122
12952
12933
12763
12677
12648
12633
12431
12376
12354
12267
12207
12207
12138
12109
12080
12007
12004
11979
11929
11906
11777
11731
11518
11505
11500
11430
11364
11238
11182
11146
11090
11088
11075
11068
10926
10911
10849
10843
10709
10669
10624
10563
10543
10535
10523
10329
10312
10246
10243
10165
10101
9962
9942
9934
9814
9693
9533
9513
9482
9434
9415
9330
9196
9172
9151
9135
9130
9120
9046
8942
8922
8872
8865
8667
8633
8586
8428
8218
8186
8179
8136
8098
8084
8037
8002
7836
7821
7780
7745
7724
7658
7623
7619
7616
7554
7530
7501
7489
7487
7465
7364
7289
7267
7088
7031
7016
6999
6853
6772
6710
6668
6589
6551
6507
6441
6374
6312
6307
6230
6194
6178
6136
6048
6048
6011
5977
5825
5662
5554
5448
5252
5224
5196
5182
5141
5044
4979
4950
4940
4836
4778
4765
4757
4751
4730
4714
4708
4670
4660
4576
4545
4518
4497
4468
4434
4278
4253
4227
4106
4077
4071
4047
3922
3848
3826
3823
3749
3738
3644
3622
3594
3475
3348
3338
3122
3038
3012
2991
2889
2887
2872
2869
2813
2783
2768
2748
2733
2713
2685
2644
2558
2513
2495
2450
2445
2374
2320
2191
2123
2055
2012
2010
1969
1954
1907
1854
1848
1836
1832
1703
1668
1625
1616
1575
1572
1553
1510
1468
1436
1346
1214
1202
1182
1154
1054
1042
1031
953
906
894
852
838
836
778
763
742
722
710
706
630
529
291
213
139
109
75
20
