99991
99981
99962
99753
99628
99585
99558
99554
99510
99470
99438
99414
99343
99266
99229
99083
99069
99064
99006
98849
98821
98688
98510
98509
98490
98459
98418
98273
98242
98229
98223
98099
98086
98063
97945
97914
97878
97804
97798
97794
97718
97693
97690
97662
97623
97511
97480
97269
97226
97202
97167
97156
97124
97114
97088
97079
97065
96980
96900
96821
96743
96586
96548
96495
96434
96378
96358
96354
96347
96213
96202
96197
96187
96175
96170
96152
96117
96107
96008
95992
95990
95919
95914
95900
95890
95869
95796
95777
95726
95699
95682
95637
95579
95528
95481
95421
95421
95407
95393
95326
95293
95281
95257
95256
95252
95251
95200
95113
95030
95025
95002
94835
94787
94779
94735
94720
94650
94618
94586
94542
94527
94524
94422
94413
94398
94296
94194
94128
94073
93980
93957
93939
93904
93901
93793
93743
93730
93728
93722
93703
93702
93657
93640
93617
93613
93572
93542
93505
93423
93393
93365
93306
93269
93199
93171
93094
93069
93050
93048
92964
92905
92888
92873
92793
92788
92763
92755
92721
92688
92591
92562
92532
92484
92478
92423
92416
92382
92360
92353
92338
92221
92210
92149
92075
92007
91981
91815
91651
91469
91274
91216
91187
91186
91175
91087
91036
90928
90864
90825
90788
90709
90695
90675
90630
90433
90430
90360
90334
90325
90287
90279
90137
90086
90083
90055
90050
90001
89980
89954
89916
89889
89876
89875
89869
89860
89838
89815
89776
89770
89770
89737
89710
89582
89575
89562
89469
89444
89422
89420
89402
89336
89291
89291
89289
89113
89084
89046
89039
88893
88778
88744
88617
88465
88450
88426
88346
88339
88286
88275
88271
88215
88119
88099
88047
88007
87978
87887
87855
87836
87824
87696
87668
87662
87629
87622
87528
87515
87490
87455
87309
87309
87186
87114
87078
87042
86996
86961
86953
86924
86884
86855
86825
86802
86772
86771
86761
86693
86678
86663
86403
86383
86344
86243
86227
86179
86165
86125
86036
86008
85938
85927
85926
85909
85874
85829
85786
85716
85646
85609
85557
85517
85500
85316
85308
85297
85257
85176
85152
85112
85060
85026
84993
84936
84934
84883
84877
84873
84850
84775
84751
84640
84570
84382
84287
84270
84226
84120
84100
84017
83964
83934
83776
83614
83560
83555
83532
83495
83483
83403
83390
83290
83285
83227
83153
83112
82970
82720
82679
82661
82588
82528
82485
82444
82421
82403
82332
82234
82161
82130
82079
82018
82002
81965
81765
81726
81655
81556
81472
81448
81409
81332
81255
81214
81118
81050
80979
80975
80971
80879
80755
80721
80697
80685
80676
80582
80577
80570
80483
80476
80410
80385
80385
80304
80282
80268
80233
80222
80216
80201
80150
80122
80096
80092
80046
80040
80012
79991
79972
79861
79762
79736
79699
79673
79634
79611
79601
79556
79492
79454
79442
79427
79377
79362
79345
79322
79284
79166
79159
79147
79147
79111
79051
79021
78980
78969
78963
78824
78782
78772
78743
78685
78682
78656
78467
78445
78412
78406
78331
78120
78087
78079
78054
78035
77997
77871
77857
77783
77783
77760
77729
77701
77689
77651
77585
77543
77531
77493
77285
77279
77264
77185
77046
77027
77004
76874
76813
76645
76625
76450
76391
76358
76350
76320
76270
76260
76255
76230
76179
76152
76128
76031
76000
75990
75966
75960
75950
75924
75778
75753
75691
75678
75554
75381
75379
75168
75165
75148
75110
75108
75046
75029
75015
74944
74929
74884
74850
74842
74770
74741
74658
74595
74592
74551
74530
74467
74466
74449
74400
74389
74197
74180
74175
74137
74124
74098
74038
73993
73987
73966
73955
73929
73928
73853
73642
73629
73625
73583
73480
73474
73454
73397
73371
73359
73307
73296
73159
73128
73086
72986
72935
72917
72904
72878
72838
72832
72828
72804
72738
72635
72595
72390
72274
72266
72265
72202
72172
72108
72103
72100
72062
72025
71789
71747
71687
71534
71446
71348
71255
71202
71107
70935
70875
70802
70772
70771
70732
70731
70617
70414
70413
70352
70199
70150
70043
70041
69918
69911
69843
69756
69667
69630
69608
69495
69486
69412
69360
69250
69229
69139
69092
69077
68994
68880
68814
68793
68768
68712
68706
68672
68658
68533
68425
68266
68258
68217
68215
68157
67983
67960
67949
67898
67856
67837
67821
67754
67672
67534
67507
67482
67479
67343
67340
67332
67320
67315
67277
67173
67167
67104
67061
66962
66862
66860
66710
66691
66587
66457
66345
66335
66228
66222
66153
66122
66015
66002
65985
65958
65952
65943
65895
65849
65791
65664
65633
65609
65584
65576
65571
65550
65545
65493
65483
65450
65447
65409
65315
65281
65166
65154
65116
65083
65058
65011
64935
64934
64758
64746
64736
64725
64706
64603
64554
64530
64476
64426
64395
64384
64343
64308
64303
64093
64077
63950
63881
63831
63802
63783
63770
63754
63707
63670
63657
63602
63587
63553
63481
63445
63419
63264
63236
63191
63140
63135
63083
63077
63059
63030
62957
62878
62875
62722
62715
62666
62633
62581
62543
62536
62511
62502
62382
62304
62295
62115
62088
62050
61738
61700
61699
61631
61400
61375
61327
61185
61090
60904
60882
60860
60817
60800
60695
60668
60646
60623
60498
60491
60428
60338
60315
60217
60214
60208
60203
60190
60150
60032
59949
59893
59893
59889
59804
59717
59688
59684
59668
59623
59557
59460
59451
59441
59394
59340
59335
59240
59232
59202
59186
59157
59102
59084
59006
58926
58844
58796
58789
58781
58728
58693
58645
58474
58434
58313
58274
58169
58131
58083
57949
57914
57755
57711
57707
57702
57649
57491
57437
57377
57337
57314
57267
57258
57164
57127
57111
57101
57097
57052
57044
57040
56863
56848
56836
56794
56785
56763
56694
56660
56629
56604
56566
56542
56531
56358
56343
56183
56167
56093
56057
56052
56014
55853
55846
55843
55829
55724
55699
55668
55653
55574
55536
55501
55484
55412
55409
55403
55386
55385
55382
55380
55365
55351
55331
55220
55187
55143
55098
55072
55071
55033
54906
54903
54872
54813
54798
54791
54782
54734
54715
54694
54610
54460
54445
54418
54323
54308
54289
54217
54209
53932
53652
53619
53593
53578
53572
53436
53342
53275
53235
53199
53172
53164
53135
53131
53125
53069
53057
53032
53018
52971
52950
52916
52915
52808
52777
52770
52759
52660
52596
52586
52555
52518
52504
52442
52355
52286
52250
52142
52123
52081
52065
51999
51997
51954
51880
51862
51829
51706
51681
51670
51656
51639
51559
51500
51498
51487
51479
51442
51440
51434
51309
51276
51215
51125
51111
51030
51025
51002
50874
50803
50741
50689
50679
50485
50453
50451
50426
50373
50305
50197
50118
50090
50031
49946
49885
49824
49819
49788
49765
49758
49743
49741
49738
49694
49636
49505
49465
49451
49438
49362
49274
49250
49206
48981
48956
48936
48927
48904
48881
48879
48804
48790
48695
48671
48612
48557
48270
48256
48090
48014
47983
47963
47958
47942
47941
47862
47841
47811
47620
47618
47602
47588
47484
47442
47440
47356
47320
47314
47306
47296
47246
47205
47151
47136
47036
47019
46988
46979
46955
46952
46950
46939
46938
46903
46850
46793
46595
46582
46423
46220
46197
46134
46104
46080
46056
46009
45805
45788
45746
45650
45649
45631
45578
45498
45487
45430
45396
45375
45361
45346
45332
45247
45193
45010
44989
44977
44877
44850
44837
44812
44729
44699
44691
44670
44645
44632
44583
44559
44434
44380
44327
44320
44204
44200
44196
44165
43843
43787
43728
43689
43617
43605
43586
43557
43551
43530
43513
43507
43506
43466
43458
43424
43407
43370
43352
43328
43299
43266
43155
43032
43018
42918
42900
42853
42814
42778
42737
42569
42504
42417
42373
42345
42292
42291
42258
42256
42215
42187
42185
42125
42053
42008
41992
41942
41895
41887
41861
41847
41828
41789
41711
41693
41667
41559
41493
41438
41394
41338
41329
41303
41274
41173
41138
41124
41078
41068
40845
40728
40669
40657
40618
40428
40303
40274
40257
40167
40124
40117
40101
40069
39849
39843
39766
39608
39428
39351
39340
39331
39292
39292
39212
39204
38918
38898
38883
38873
38854
38841
38830
38622
38615
38598
38584
38537
38529
38461
38451
38381
38353
38340
38296
38281
38153
38137
38072
37954
37927
37916
37914
37905
37880
37849
37845
37798
37758
37747
37729
37691
37622
37590
37580
37516
37509
37355
37297
37269
37228
37199
37181
37155
37123
36977
36964
36940
36892
36882
36790
36727
36722
36677
36660
36594
36586
36579
36534
36426
36327
36222
36001
35984
35786
35780
35680
35613
35598
35538
35454
35435
35435
35369
35343
35340
35264
35129
34992
34858
34809
34745
34728
34718
34713
34704
34639
34626
34613
34539
34497
34489
34470
34420
34418
34382
34335
34241
34221
34154
34129
34025
34001
33972
33924
33788
33775
33656
33645
33599
33530
33387
33381
33295
33074
33064
33014
32972
32938
32934
32819
32796
32722
32713
32602
32511
32426
32403
32401
32333
32230
32163
32149
32063
32051
32002
31963
31932
31813
31792
31613
31529
31463
31462
31353
31237
31175
31174
31155
31131
31064
30913
30887
30866
30842
30838
30758
30706
30681
30645
30568
30453
30357
30316
30246
30019
29969
29966
29965
29916
29895
29891
29869
29858
29781
29767
29764
29697
29598
29513
29454
29452
29444
29428
29383
29377
29337
29193
29146
29124
29026
29018
29014
28871
28764
28691
28582
28453
28387
28371
28281
28107
28019
27989
27958
27901
27814
27664
27475
27427
27323
27322
27277
27258
27236
27186
27057
27051
27033
26975
26941
26927
26911
26908
26789
26701
26700
26681
26577
26552
26551
26531
26490
26485
26484
26469
26365
26363
26357
26326
26310
26295
26294
26246
26186
26164
26125
26106
26031
25960
25881
25793
25720
25665
25597
25592
25530
25393
25370
25354
25245
25233
25191
25190
25134
25116
25064
24991
24939
24896
24894
24788
24728
24580
24519
24425
24369
24316
24213
24203
24198
24114
24089
24061
24029
24003
23959
23950
23932
23924
23900
23890
23888
23813
23770
23749
23699
23690
23616
23595
23537
23499
23488
23482
23459
23455
23389
23387
23364
23351
23329
23290
23275
23269
23160
23027
23013
23010
22992
22973
22855
22854
22793
22772
22614
22566
22564
22540
22505
22490
22435
22433
22418
22361
22215
22215
22130
22040
21952
21946
21927
21898
21874
21786
21776
21764
21748
21731
21654
21555
21376
21315
21268
21243
21234
21171
21071
21057
20970
20941
20917
20879
20878
20848
20847
20825
20799
20702
20687
20634
20555
20532
20500
20489
20462
20371
20256
20220
20163
20108
20033
20003
19931
19910
19822
19760
19759
19747
19713
19561
19537
19514
19443
19398
19340
19340
19339
19281
19235
19203
19189
19184
19067
18989
18967
18964
18658
18647
18600
18580
18504
18466
18461
18432
18432
18390
18355
18326
18294
18283
18264
18154
17946
17876
17828
17794
17707
17696
17660
17520
17474
17328
17194
17155
17137
17127
16983
16906
16758
16723
16720
16710
16601
16593
16546
16485
16478
16476
16476
16465
16371
16302
16247
16112
16090
15997
15905
15875
15841
15819
15802
15715
15673
15656
15642
15525
15462
15388
15383
15280
15268
15092
15078
15033
15031
15006
14950
14928
14857
14677
14663
14643
14509
14355
14274
14220
14218
14208
14200
14153
14134
14045
13844
13724
13601
13525
13414
13405
13387
13361
13326
13256
13241
13198
13079
13066
13026
13016
12966
12914
12833
12798
12752
12728
12655
12651
12615
12485
12481
12473
12440
12437
12329
12310
12183
12161
12135
12130
12105
12089
11917
11823
11774
11679
11679
11652
11572
11370
11353
11306
11229
11192
11179
11104
11068
10976
10973
10942
10787
10774
10720
10611
10610
10385
10369
10306
10276
10210
10208
10062
9918
9896
9894
9794
9767
9726
9649
9586
9559
9555
9551
9331
9310
9301
9226
9208
9120
8909
8768
8611
8591
8530
8503
8472
8472
8468
8444
8400
8373
8343
8328
8299
8288
8269
8209
8164
8132
8122
8075
8008
7967
7822
7816
7779
7696
7577
7488
7347
7326
7206
7194
7163
7144
7142
7116
7060
7040
7032
6874
6796
6720
6659
6586
6540
6479
6433
6423
6310
6223
6140
6119
6016
5984
5954
5943
5892
5826
5793
5789
5753
5745
5673
5626
5613
5458
5417
5255
5241
5208
5181
5139
5052
4933
4924
4850
4838
4814
4768
4693
4635
4632
4577
4550
4535
4403
4401
4351
4325
4311
4207
3992
3968
3948
3936
3887
3868
3866
3823
3660
3643
3470
3442
3391
3381
3332
3330
3324
3205
3123
3117
3086
3061
3038
3016
2927
2925
2861
2719
2679
2608
2367
2357
2356
2329
2280
2213
2193
1918
1833
1803
1778
1693
1600
1596
1538
1530
1515
1449
1388
1261
1245
1204
1188
1169
827
804
777
769
745
739
647
620
618
608
583
553
428
410
374
288
223
163
153
135
130
118
79
