99995
99982
99977
99876
99795
99768
99683
99617
99614
99556
99556
99469
99420
99367
99347
99302
99067
99042
99021
98997
98945
98918
98881
98864
98738
98728
98687
98649
98615
98480
98473
98401
98368
98349
98309
98301
98079
98033
98011
97987
97977
97968
97929
97838
97808
97792
97715
97677
97566
97544
97540
97408
97357
97325
97283
97238
97222
97196
97190
97099
97061
97011
96951
96923
96860
96857
96838
96812
96755
96611
96605
96596
96578
96563
96543
96541
96522
96494
96481
96427
96342
96300
96297
96277
96236
96156
96135
96097
96089
96079
95978
95967
95950
95821
95759
95693
95674
95597
95574
95561
95560
95550
95458
95392
95331
95284
95155
95144
95056
95040
95018
95012
95004
94960
94938
94893
94828
94822
94803
94717
94699
94698
94673
94559
94529
94474
94433
94421
94349
94314
94236
94100
94048
94020
93893
93884
93875
93813
93780
93757
93731
93729
93681
93652
93576
93544
93525
93485
93482
93427
93390
93383
93306
93285
93219
93124
93080
93058
93016
93015
92997
92954
92940
92907
92826
92814
92814
92803
92583
92522
92516
92514
92510
92485
92458
92414
92373
92323
92271
92224
92187
92183
92048
91854
91842
91733
91685
91598
91581
91544
91530
91400
91361
91329
91327
91283
91277
91249
91114
91094
91080
90965
90947
90873
90825
90783
90766
90744
90721
90684
90624
90530
90516
90473
90457
90456
90430
90349
90345
90332
90302
90290
90132
90114
90096
89981
89900
89763
89760
89675
89636
89597
89578
89515
89508
89507
89407
89355
89259
89241
89148
89125
89101
89096
89007
88993
88934
88849
88807
88673
88669
88555
88452
88396
88382
88379
88363
88333
88326
88227
88157
88134
88121
88062
88058
87984
87917
87825
87810
87800
87731
87660
87592
87548
87489
87446
87423
87422
87116
87100
87017
86904
86893
86869
86829
86612
86404
86315
86298
86228
86156
86095
86092
86077
86056
86042
86040
86008
85972
85920
85837
85819
85745
85679
85579
85509
85466
85359
85351
85305
85179
85123
84884
84876
84840
84786
84697
84659
84621
84573
84572
84484
84415
84387
84335
84323
84308
84302
84264
84121
84060
84021
83921
83898
83876
83833
83770
83692
83630
83619
83548
83517
83495
83407
83388
83376
83308
83274
83021
82990
82835
82830
82813
82809
82792
82703
82675
82658
82561
82483
82482
82460
82419
82361
82340
82323
82304
82301
82289
82224
82050
81962
81949
81899
81740
81689
81599
81576
81547
81480
81460
81292
81227
81212
81130
81121
81112
81081
81009
80992
80869
80835
80825
80796
80787
80760
80663
80580
80535
80521
80506
80504
80432
80357
80327
80321
80280
80257
80210
80119
80073
80073
80021
79969
79931
79721
79581
79448
79355
79342
79340
79340
79207
79199
79197
79144
79126
79090
79070
79016
79010
78973
78960
78902
78900
78878
78759
78752
78740
78726
78721
78700
78689
78626
78616
78580
78514
78481
78464
78409
78329
78272
78222
78020
78010
77923
77911
77910
77906
77773
77760
77738
77723
77602
77584
77573
77456
77430
77384
77379
77371
77359
77347
77344
77328
77202
77067
77010
76997
76900
76781
76772
76674
76588
76569
76508
76501
76441
76392
76260
76203
76165
76071
76055
75993
75913
75889
75738
75729
75608
75420
75391
75364
75358
75324
75294
75285
75271
75246
75208
75175
75127
75057
75043
74918
74838
74776
74730
74710
74692
74676
74648
74643
74524
74523
74489
74481
74457
74405
74306
74302
74283
74282
74216
74179
74164
74077
74047
73947
73923
73874
73841
73832
73675
73669
73626
73523
73450
73449
73443
73394
73363
73335
73279
73202
73029
73019
72979
72769
72768
72643
72573
72437
72396
72317
72300
72292
72146
72121
72101
72083
72079
72061
71955
71940
71921
71912
71865
71857
71797
71770
71729
71674
71613
71578
71551
71467
71436
71348
71219
71005
70924
70747
70671
70619
70581
70555
70504
70386
70341
70338
70315
70287
70145
70073
70042
70013
70003
69902
69875
69837
69825
69812
69808
69758
69744
69731
69669
69664
69645
69600
69584
69540
69420
69348
69276
69207
69145
69088
69054
68875
68830
68745
68723
68658
68638
68611
68451
68380
68336
68313
68313
68078
67950
67923
67880
67791
67719
67649
67612
67556
67492
67365
67317
67268
67254
67239
67191
67123
67109
66842
66811
66799
66760
66757
66753
66715
66673
66456
66365
66334
66303
66175
66063
65856
65847
65821
65779
65753
65731
65716
65663
65620
65539
65535
65463
65346
65290
65260
65243
65226
65118
65045
65027
65025
65018
65006
64965
64930
64880
64864
64834
64758
64696
64642
64609
64598
64579
64551
64497
64412
64369
64316
64272
64266
64239
64221
64208
64039
63950
63948
63944
63922
63914
63858
63822
63736
63701
63575
63474
63472
63452
63294
63233
63192
63153
63122
63078
63076
63069
63052
62861
62858
62804
62791
62772
62749
62735
62711
62705
62601
62479
62312
62285
62242
62226
62189
62136
62110
62099
62045
62000
61969
61957
61940
61823
61821
61638
61625
61621
61513
61474
61460
61231
61207
61137
61062
61035
61015
60964
60908
60895
60878
60873
60829
60756
60699
60684
60665
60626
60457
60438
60406
60322
60273
60226
60204
60080
60055
59980
59861
59835
59834
59506
59478
59465
59437
59420
59396
59367
59347
59316
59152
59150
59122
59092
59055
59036
59033
58991
58990
58986
58959
58954
58859
58854
58830
58802
58792
58785
58696
58674
58490
58484
58448
58375
58295
58256
58223
58138
58059
58041
58039
58009
57949
57914
57792
57740
57636
57613
57572
57556
57543
57530
57470
57264
57256
57083
57065
57051
56967
56953
56915
56904
56867
56862
56831
56793
56783
56732
56620
56617
56567
56516
56359
56329
56293
56163
56086
56066
56059
56051
56016
55891
55848
55776
55709
55585
55556
55551
55515
55447
55306
55212
55135
55099
55017
54946
54943
54668
54554
54486
54322
54315
54230
54120
54051
53998
53818
53816
53727
53704
53650
53555
53527
53515
53469
53451
53438
53260
53195
53177
53174
53151
53149
53126
53125
53086
53083
53078
53056
53018
52973
52936
52913
52909
52907
52888
52870
52862
52857
52810
52753
52738
52680
52644
52609
52595
52569
52472
52467
52393
52365
52306
52295
52234
52232
52217
52080
52064
52053
52002
51970
51932
51929
51806
51783
51781
51780
51746
51731
51724
51522
51372
51148
51143
51104
51027
51013
50936
50933
50922
50887
50854
50749
50708
50678
50574
50504
50504
50465
50423
50303
50302
50298
50278
50277
50237
50181
50105
50024
49954
49877
49846
49845
49835
49773
49762
49749
49696
49654
49586
49484
49411
49394
49285
49222
49156
49047
48946
48831
48813
48486
48476
48443
48434
48431
48316
48052
48045
48034
48003
47979
47896
47869
47859
47854
47839
47802
47773
47771
47763
47733
47720
47698
47688
47663
47643
47517
47485
47458
47432
47409
47406
47399
47309
47278
47261
47259
47206
47173
47162
47052
46964
46952
46929
46904
46855
46746
46552
46548
46530
46493
46472
46442
46430
46326
46168
46082
46061
45970
45896
45865
45846
45840
45827
45765
45697
45695
45611
45608
45605
45565
45556
45463
45443
45305
45294
45187
45130
45114
45048
44972
44934
44911
44850
44749
44748
44733
44560
44552
44545
44533
44529
44527
44503
44448
44376
44305
44149
44129
44120
44078
43893
43883
43806
43768
43757
43598
43580
43545
43543
43424
43415
43397
43359
43346
43321
43303
43281
43275
43159
43100
42898
42870
42868
42820
42819
42814
42800
42797
42788
42784
42724
42694
42693
42689
42618
42605
42527
42475
42467
42453
42261
42189
42171
42139
42117
42109
42099
42054
41973
41924
41900
41897
41704
41673
41669
41617
41581
41552
41521
41490
41476
41453
41427
41368
41351
41269
41146
41135
41006
40916
40855
40853
40706
40697
40668
40577
40504
40487
40485
40463
40453
40451
40326
40258
40258
40167
40038
39942
39934
39890
39860
39848
39769
39692
39649
39583
39522
39469
39466
39416
39410
39354
39182
39164
39145
39142
39038
39016
39002
38998
38985
38946
38806
38796
38795
38782
38771
38691
38688
38661
38641
38626
38623
38622
38605
38571
38529
38375
38309
38296
38253
38218
38208
38204
38161
38154
38121
38051
38046
38045
38013
37946
37946
37861
37805
37805
37781
37675
37647
37630
37465
37440
37365
37311
37147
37127
37063
37062
36931
36887
36853
36768
36759
36738
36645
36611
36604
36541
36467
36434
36363
36329
36322
36215
36189
36036
35944
35936
35779
35746
35520
35488
35436
35415
35356
35296
35265
35217
35209
35135
35118
35109
35081
34950
34949
34892
34877
34763
34695
34590
34502
34498
34468
34403
34398
34368
34309
34245
34181
34177
34171
34147
34066
34008
33911
33910
33812
33798
33673
33656
33632
33620
33572
33539
33535
33498
33478
33477
33474
33474
33409
33310
33268
33264
33259
33212
33158
33153
33126
33080
32988
32866
32857
32827
32786
32767
32754
32696
32603
32581
32536
32462
32250
32232
32220
32156
32102
32091
32086
32081
32074
32002
31891
31883
31839
31793
31696
31687
31631
31578
31569
31554
31505
31430
31399
31367
31351
31314
31290
31047
30991
30917
30906
30877
30792
30763
30763
30752
30748
30742
30658
30605
30558
30536
30531
30458
30431
30333
30239
30193
30168
30141
30123
30105
30054
30038
30023
29838
29802
29789
29701
29670
29655
29608
29561
29561
29521
29383
29317
29306
29283
29178
29141
29098
28941
28902
28865
28819
28730
28727
28720
28660
28650
28616
28553
28549
28544
28521
28473
28472
28115
28068
28048
27941
27898
27866
27862
27845
27833
27736
27668
27643
27620
27615
27524
27419
27405
27351
27305
27281
27275
27262
27188
26859
26802
26765
26492
26475
26466
26370
26340
26281
26271
26241
26215
26213
26185
26185
26136
26036
26033
26030
25873
25844
25834
25810
25794
25746
25734
25681
25676
25663
25652
25492
25478
25456
25447
25402
25401
25400
25273
25263
25226
25120
25069
24963
24942
24936
24840
24836
24812
24794
24773
24684
24656
24648
24579
24575
24570
24510
24319
24238
24236
24218
24162
24146
24093
24056
24029
23879
23835
23790
23746
23744
23611
23587
23474
23470
23334
23239
23235
23201
23159
23137
23119
23022
23020
22922
22871
22845
22777
22741
22662
22624
22586
22544
22535
22519
22433
22415
22375
22203
22172
22165
21955
21932
21879
21799
21692
21633
21630
21629
21613
21595
21559
21540
21475
21467
21451
21433
21418
21391
21377
21348
21337
21315
21303
21295
21266
21122
21122
20855
20728
20671
20653
20635
20571
20455
20423
20411
20358
20233
20226
20168
20127
20061
19966
19901
19686
19590
19507
19487
19466
19453
19416
19341
19326
19273
19103
19070
19035
19010
19003
18970
18916
18876
18823
18734
18608
18574
18426
18322
18120
18101
18080
17891
17714
17689
17657
17525
17462
17258
17251
17155
17146
17051
16779
16765
16737
16708
16630
16490
16419
16338
16325
16207
16143
16081
15961
15854
15784
15770
15730
15680
15679
15534
15527
15526
15488
15289
15209
15205
15165
15136
15076
15070
15061
14936
14935
14932
14897
14823
14786
14670
14639
14543
14509
14480
14470
14454
14441
14345
14108
14021
13942
13899
13862
13848
13835
13803
13701
13692
13681
13580
13570
13555
13555
13490
13461
13390
13348
13292
13183
13111
13100
13048
13033
13009
12994
12989
12928
12906
12867
12863
12853
12775
12756
12750
12746
12707
12703
12674
12650
12605
12601
12598
12524
12506
12401
12367
12302
12277
12267
12183
12177
12157
12119
12053
12038
11943
11930
11778
11768
11460
11395
11393
11386
11301
11260
11170
11143
11123
11104
11073
11040
11016
11012
10945
10895
10846
10708
10701
10683
10664
10656
10645
10616
10572
10563
10545
10518
10464
10415
10414
10409
10346
10209
10121
10086
10080
10049
10045
10017
9996
9920
9881
9859
9834
9816
9725
9717
9705
9688
9626
9585
9394
9348
9328
9259
9107
9096
9050
8922
8907
8880
8815
8664
8651
8581
8521
8367
8273
8247
8218
8160
8078
8027
7990
7961
7841
7703
7652
7631
7626
7609
7556
7545
7534
7520
7340
7339
7321
7320
7169
7152
7055
7030
6995
6949
6824
6584
6492
6480
6430
6423
6320
6303
6237
6195
6190
6084
6051
5869
5842
5741
5725
5701
5647
5577
5553
5519
5443
5404
5353
5351
5209
5143
5132
5129
5114
5103
5099
4998
4937
4923
4887
4646
4467
4271
4240
4212
4206
4127
4105
3997
3902
3865
3823
3777
3718
3544
3524
3507
3448
3414
3286
3275
3270
3253
3226
3213
3165
3119
3053
3037
2963
2937
2894
2789
2645
2631
2629
2593
2584
2334
2185
2180
2127
2102
2047
1934
1905
1772
1764
1732
1708
1683
1653
1645
1620
1585
1526
1449
1448
1395
1315
1299
1265
1190
1158
967
957
927
908
802
724
708
678
614
605
597
525
478
456
455
449
435
433
403
396
360
331
322
309
263
181
152
