99945
99872
99831
99830
99776
99771
99690
99631
99605
99603
99542
99525
99501
99443
99424
99414
99396
99335
99329
99307
99300
99298
99250
99222
99213
99183
99183
99152
99131
99129
99100
99061
99005
98862
98831
98713
98661
98618
98601
98467
98464
98435
98414
98242
98240
98179
98065
98036
98018
98000
97883
97724
97702
97698
97697
97663
97588
97580
97577
97558
97550
97436
97413
97294
97255
97247
97204
97177
97140
97054
97026
96954
96928
96894
96782
96781
96738
96735
96697
96644
96643
96597
96576
96569
96496
96458
96378
96169
96134
96027
95967
95912
95899
95867
95815
95792
95782
95778
95694
95672
95580
95528
95489
95327
95300
95184
95146
95116
95092
94975
94968
94967
94909
94875
94832
94747
94636
94500
94497
94489
94359
94350
94301
94252
94250
94223
94144
94137
94103
93942
93921
93914
93892
93775
93697
93586
93551
93424
93303
93278
93199
93138
93130
93084
92958
92942
92935
92925
92922
92922
92809
92728
92721
92697
92579
92534
92523
92468
92334
92332
92331
92161
92017
91921
91897
91829
91824
91756
91729
91689
91670
91646
91620
91582
91544
91477
91308
91243
91149
91143
91134
91062
91056
91024
90820
90776
90664
90641
90595
90468
90321
90260
90174
90156
90002
89952
89881
89829
89760
89739
89659
89586
89545
89477
89464
89294
89269
89222
89222
89212
89186
89150
89140
88973
88969
88960
88905
88873
88846
88645
88628
88574
88549
88502
88481
88411
88393
88218
88214
88171
88055
87908
87805
87772
87713
87652
87652
87648
87640
87581
87575
87551
87501
87371
87345
87166
87080
87049
87011
86964
86923
86879
86860
86759
86634
86623
86538
86476
86442
86378
86346
86307
86282
86229
86194
86153
86147
86063
86013
85954
85952
85940
85909
85846
85802
85788
85720
85702
85621
85440
85433
85433
85409
85372
85348
85294
85275
85032
84993
84961
84883
84880
84744
84738
84720
84645
84576
84516
84500
84494
84475
84468
84468
84419
84342
84289
84191
84183
84144
84127
84062
83977
83972
83948
83736
83723
83716
83660
83655
83653
83582
83515
83506
83504
83490
83388
83303
83286
83223
83154
83078
83039
83012
82936
82840
82789
82778
82730
82639
82514
82478
82372
82358
82305
82232
82193
82092
82084
82050
82042
81981
81944
81918
81871
81870
81784
81765
81693
81660
81527
81445
81398
81374
81368
81347
81339
81320
81313
81282
81222
81198
81189
80968
80846
80821
80737
80564
80546
80535
80375
80342
80332
80300
80265
80230
80190
80186
80070
79994
79984
79972
79909
79889
79870
79860
79797
79772
79755
79708
79650
79594
79590
79577
79572
79554
79527
79521
79381
79344
79117
79096
78997
78954
78941
78908
78859
78842
78776
78774
78748
78591
78509
78388
78338
78338
78320
78291
78271
78139
78094
78091
78091
78086
78057
77958
77895
77828
77823
77765
77752
77724
77685
77679
77618
77609
77592
77520
77504
77355
77342
77338
77268
77257
77161
77156
77126
76923
76836
76775
76756
76756
76650
76633
76604
76582
76557
76452
76339
76214
76212
76138
76115
75973
75944
75919
75870
75827
75813
75750
75684
75654
75607
75562
75489
75429
75415
75407
75320
75288
75215
75153
75151
75147
75112
75044
75044
75017
74970
74968
74955
74932
74729
74631
74617
74605
74463
74453
74384
74377
74291
74251
74249
74193
74178
74149
74083
73999
73980
73936
73932
73918
73915
73836
73723
73614
73612
73483
73411
73386
73333
73283
73281
73270
73185
73164
73145
73130
73038
73019
72992
72955
72932
72777
72764
72759
72571
72512
72450
72373
72361
72225
72181
72172
72150
72028
72008
71926
71702
71653
71601
71587
71519
71507
71503
71423
71378
71376
71361
71210
71159
71153
71123
71092
70979
70937
70900
70807
70775
70768
70762
70741
70720
70695
70527
70527
70511
70449
70449
70415
70358
70317
70293
70262
70057
69959
69954
69931
69921
69885
69732
69702
69694
69691
69678
69647
69646
69614
69534
69480
69459
69429
69411
69381
69367
69350
69303
69301
69202
69193
69192
69185
69169
69151
69049
69027
68987
68923
68914
68847
68840
68836
68704
68696
68574
68546
68534
68522
68460
68434
68419
68393
68272
68117
68075
67877
67866
67796
67788
67780
67773
67723
67721
67635
67632
67628
67628
67584
67434
67432
67168
67134
67029
66987
66976
66937
66764
66753
66717
66709
66694
66639
66619
66567
66515
66411
66286
66220
66217
66201
66128
66109
66100
65903
65879
65855
65767
65760
65621
65586
65555
65505
65446
65406
65316
65306
65286
65188
65178
65102
65077
64932
64806
64767
64645
64584
64569
64550
64523
64485
64462
64453
64439
64327
64306
64251
64215
64157
64086
63987
63985
63963
63945
63924
63893
63855
63825
63798
63722
63640
63637
63609
63608
63521
63507
63506
63466
63457
63448
63297
63282
63216
63124
63044
62977
62858
62804
62728
62694
62686
62581
62497
62479
62446
62380
62330
62322
62293
62232
62219
62178
62173
62172
62169
62155
62122
62042
62042
62025
62015
62005
62002
61981
61935
61907
61874
61812
61787
61735
61734
61722
61618
61597
61525
61516
61471
61335
61334
61319
61197
61162
61152
61130
61069
60899
60869
60862
60729
60701
60622
60565
60524
60510
60393
60259
60200
60053
60036
59987
59946
59945
59853
59784
59769
59753
59743
59566
59500
59471
59470
59453
59452
59378
59360
59184
59180
59143
59110
59104
58922
58891
58883
58675
58647
58642
58625
58574
58498
58494
58421
58395
58256
58246
58218
58182
58082
57880
57778
57762
57732
57713
57654
57643
57607
57551
57477
57436
57418
57402
57354
57273
57200
57141
57055
57046
56941
56914
56806
56658
56618
56559
56531
56526
56519
56500
56478
56459
56439
56351
56257
56113
56088
56055
55994
55991
55976
55889
55850
55778
55759
55755
55702
55695
55682
55569
55566
55560
55550
55539
55399
55395
55364
55363
55349
55331
55280
55242
55219
55203
55170
55129
55090
55067
55008
54939
54910
54819
54812
54761
54754
54710
54665
54478
54444
54407
54334
54291
54236
54230
54214
54191
54174
54097
54088
53969
53963
53942
53934
53864
53775
53761
53757
53717
53695
53673
53666
53625
53491
53458
53393
53381
53311
53310
53272
53255
53142
53142
53109
53104
53077
53052
53044
53040
53034
53013
52938
52929
52915
52873
52869
52831
52795
52703
52696
52678
52627
52555
52537
52520
52346
52307
52223
52174
52132
52098
52063
51947
51910
51900
51878
51709
51694
51622
51517
51495
51428
51373
51319
51250
51245
51233
51223
50972
50878
50828
50724
50670
50605
50495
50477
50458
50441
50418
50385
50346
50160
50150
50139
50121
50068
50059
49997
49949
49938
49921
49895
49849
49802
49795
49766
49748
49684
49655
49535
49526
49473
49381
49319
49214
49161
49153
48960
48942
48851
48798
48721
48674
48638
48627
48556
48387
48376
48355
48342
48237
48220
48204
48128
48104
48102
48102
48084
48065
48062
48055
48031
47990
47894
47886
47873
47856
47829
47666
47604
47590
47573
47543
47515
47460
47437
47427
47404
47340
47317
47315
47265
47259
47095
47089
47080
47063
47055
47027
46940
46880
46879
46820
46803
46644
46611
46598
46514
46507
46427
46414
46405
46401
46367
46345
46283
46249
46243
46230
46039
46012
45995
45972
45856
45829
45827
45792
45725
45680
45679
45668
45666
45652
45626
45566
45518
45461
45434
45428
45381
45345
45335
45323
45228
45222
45146
45131
45116
45097
45048
44828
44746
44739
44723
44721
44665
44653
44562
44512
44465
44457
44361
44248
44167
44117
44045
43969
43943
43935
43898
43889
43842
43810
43796
43743
43724
43695
43681
43681
43566
43514
43277
43274
43244
43231
43213
43108
43099
43085
42994
42970
42918
42876
42802
42792
42775
42669
42642
42577
42497
42434
42422
42355
42331
42306
42245
42188
42181
42176
42154
42109
42051
41967
41959
41907
41804
41759
41638
41612
41418
41389
41380
41336
41290
41111
41110
40931
40928
40869
40815
40786
40771
40722
40683
40670
40598
40550
40431
40418
40398
40287
40270
40269
40268
40266
40191
40125
40073
40057
40017
39973
39894
39821
39781
39758
39742
39742
39732
39724
39690
39649
39608
39587
39538
39481
39464
39464
39440
39399
39309
39283
39253
39199
39161
39140
39132
39121
39115
39058
39025
38771
38756
38708
38687
38577
38562
38493
38470
38459
38440
38392
38372
38306
38166
38132
37959
37910
37908
37890
37867
37829
37822
37816
37790
37770
37730
37656
37565
37507
37497
37493
37486
37441
37432
37429
37427
37369
37307
37197
37155
37105
37082
37072
37063
37031
36855
36812
36752
36591
36548
36526
36456
36455
36416
36378
36359
36344
36310
36220
36136
36117
36102
36096
35972
35843
35814
35792
35749
35748
35554
35540
35493
35487
35382
35243
35227
35187
35132
35118
35082
35077
34930
34850
34827
34787
34785
34650
34436
34371
34362
34352
34300
34224
34208
34205
34080
34075
34073
34062
34054
34015
33930
33904
33888
33768
33714
33704
33695
33643
33642
33609
33571
33476
33473
33337
33222
33188
33117
33073
32999
32797
32627
32516
32496
32377
32361
32280
32254
32202
32175
32149
32072
32071
32059
32048
32013
31947
31839
31737
31639
31615
31560
31416
31397
31377
31313
31267
31214
31142
31072
31066
31051
30904
30823
30785
30671
30665
30601
30515
30468
30450
30363
30363
30332
30248
30222
30216
30202
30183
30112
30109
30093
30084
30043
29995
29993
29959
29892
29874
29802
29767
29743
29726
29700
29646
29643
29637
29614
29600
29573
29572
29566
29533
29488
29449
29422
29308
29280
29190
29186
29046
28980
28944
28914
28767
28747
28697
28686
28660
28605
28589
28584
28550
28481
28473
28223
28168
28150
28114
28033
27944
27775
27742
27555
27524
27524
27458
27447
27368
27340
27321
27292
27253
27246
27157
27145
27069
27062
26978
26967
26919
26833
26791
26767
26704
26691
26682
26490
26403
26307
26296
26295
26244
26196
26192
26018
25948
25893
25775
25766
25755
25719
25667
25607
25577
25574
25572
25548
25383
25342
25327
25319
25286
25275
25201
25174
25088
25087
24951
24897
24755
24692
24683
24646
24640
24627
24605
24531
24485
24477
24318
24304
24225
24165
24125
24075
23904
23811
23776
23747
23738
23651
23543
23512
23487
23485
23479
23346
23325
23318
23264
23238
23186
23152
23088
22993
22989
22875
22792
22785
22619
22609
22569
22497
22459
22404
22393
22367
22216
22092
21972
21952
21947
21944
21871
21870
21846
21713
21713
21608
21604
21531
21495
21321
20994
20974
20929
20922
20861
20791
20784
20777
20730
20722
20697
20627
20609
20569
20508
20506
20355
20297
20239
20231
20215
20151
20068
20065
20062
19938
19888
19782
19781
19747
19670
19615
19421
19420
19375
19233
19137
19129
19083
19073
18915
18915
18723
18618
18452
18438
18385
18333
18300
18280
18179
18173
18027
18023
18001
17896
17864
17850
17789
17783
17776
17770
17717
17688
17682
17658
17655
17638
17578
17556
17545
17431
17418
17409
17394
17329
17271
17225
17159
17127
17104
17060
16755
16688
16652
16607
16557
16500
16489
16484
16448
16438
16251
16193
16137
16125
16118
16054
16002
15986
15963
15918
15772
15711
15656
15633
15613
15599
15462
15304
15282
15273
15271
15238
15228
15199
15181
15125
15122
15115
15022
14902
14809
14761
14690
14686
14681
14588
14587
14569
14515
14466
14460
14415
14317
14197
14180
14178
13996
13965
13946
13859
13848
13833
13751
13682
13666
13578
13535
13497
13490
13374
13330
13258
13184
13125
13082
12954
12821
12773
12726
12714
12689
12636
12565
12542
12347
12208
12188
12146
12145
12053
12021
11884
11869
11843
11826
11820
11778
11766
11689
11657
11606
11506
11432
11419
11396
11368
11351
11271
11265
11250
11185
11133
11127
11056
10974
10891
10854
10796
10740
10737
10670
10577
10498
10496
10411
10409
10403
10183
10106
9912
9838
9820
9808
9763
9376
9272
9232
9185
9093
9081
9049
9034
8995
8991
8953
8867
8851
8847
8765
8739
8706
8692
8534
8511
8482
8455
8446
8324
8240
8092
8014
7993
7918
7907
7885
7881
7844
7834
7736
7736
7675
7572
7546
7540
7421
7329
7319
7280
7059
6967
6767
6719
6597
6571
6561
6474
6443
6405
6367
6353
6326
6280
6260
6254
6172
6083
5977
5802
5747
5703
5675
5611
5578
5494
5485
5437
5412
5336
5276
5235
5200
5157
5138
5038
4999
4988
4947
4844
4824
4796
4769
4757
4743
4725
4661
4524
4510
4497
4437
4350
4297
4276
4248
4232
4184
4109
4008
4005
3889
3864
3851
3687
3605
3488
3481
3477
3454
3421
3393
3386
3333
3233
3180
3080
2919
2877
2805
2767
2524
2404
2385
2257
2256
2129
2110
2090
2090
2057
1976
1974
1935
1932
1758
1756
1574
1535
1531
1425
1392
1386
1325
1314
1149
1080
1076
1061
865
832
817
769
558
516
461
410
389
376
358
256
222
204
84
