99996
99995
99979
99978
99796
99750
99734
99706
99691
99665
99623
99554
99508
99488
99477
99470
99452
99429
99395
99385
99363
99352
99347
99301
99281
99131
99064
98877
98874
98872
98826
98770
98748
98718
98634
98620
98602
98386
98282
98237
98236
98205
98167
98165
98156
98126
98072
98070
98042
97918
97907
97906
97737
97735
97610
97521
97491
97373
97307
97286
97086
97067
96996
96944
96867
96861
96784
96637
96594
96491
96472
96396
96364
96363
96335
96324
96296
96279
96261
96255
96236
96090
96064
96054
96023
95948
95859
95789
95747
95729
95728
95685
95508
95420
95360
95268
95190
95119
95116
94965
94744
94740
94625
94596
94501
94491
94460
94389
94317
94317
94310
94306
94291
94180
94168
94145
94130
94037
93928
93920
93894
93880
93858
93843
93822
93782
93780
93729
93653
93624
93428
93395
93385
93360
93342
93284
93235
93206
93183
93121
93107
93094
93069
93008
92984
92911
92900
92892
92675
92663
92635
92627
92573
92551
92504
92402
92392
92293
92266
92222
92155
92121
92067
91876
91850
91814
91802
91796
91685
91684
91675
91633
91474
91450
91433
91307
91269
91266
91239
91239
91229
91164
91031
90936
90819
90793
90779
90770
90710
90706
90671
90659
90619
90598
90597
90570
90552
90551
90517
90510
90429
90318
90312
90177
90143
90107
90062
90023
90010
89941
89903
89880
89790
89741
89691
89657
89645
89618
89529
89439
89429
89402
89218
89209
89152
89005
88954
88926
88823
88785
88699
88697
88696
88622
88544
88436
88412
88330
88307
88253
88203
88147
87976
87973
87935
87920
87897
87852
87837
87832
87816
87780
87774
87773
87758
87672
87601
87561
87528
87427
87423
87405
87401
87308
87263
87237
87213
87194
87136
87118
87100
87020
87003
86801
86791
86776
86665
86651
86612
86496
86450
86449
86311
86267
86232
86146
86068
86057
85925
85814
85787
85745
85704
85640
85573
85530
85516
85513
85470
85405
85342
85263
85208
85205
85190
85140
85058
84956
84893
84837
84819
84781
84584
84519
84450
84449
84447
84423
84419
84394
84390
84304
84290
84188
84174
84138
84072
84071
84047
84039
84013
84012
83907
83881
83816
83766
83718
83675
83618
83608
83603
83596
83544
83541
83518
83477
83428
83395
83382
83280
83237
83221
83169
83052
82874
82722
82687
82643
82611
82521
82493
82397
82265
82243
82216
82212
82189
82175
82171
82123
82079
82022
81987
81986
81955
81895
81846
81834
81834
81820
81808
81774
81729
81707
81702
81599
81498
81365
81315
81315
81296
81250
81206
81135
81133
81066
80905
80892
80883
80686
80641
80621
80614
80594
80567
80434
80382
80352
80342
80287
80276
80191
80180
80148
80101
80098
80083
80052
80005
79824
79778
79766
79751
79725
79644
79624
79605
79481
79467
79444
79440
79289
79170
79134
79082
79026
78977
78960
78901
78812
78802
78776
78676
78627
78562
78557
78554
78492
78457
78447
78443
78294
78292
78187
78184
78162
78132
78077
78045
77949
77920
77915
77880
77865
77670
77606
77569
77530
77527
77495
77405
77287
77235
77203
77146
77143
77072
77058
77056
77034
76956
76941
76903
76899
76786
76659
76658
76646
76627
76601
76471
76457
76382
76369
76362
76356
76345
76328
76252
76173
76153
76144
76043
75890
75784
75708
75643
75514
75506
75485
75472
75457
75347
75223
75211
75087
75076
75070
75013
74931
74896
74886
74872
74864
74825
74794
74780
74760
74742
74740
74669
74650
74593
74461
74447
74403
74347
74262
74231
74200
74190
74186
74158
74142
74121
74096
74091
74077
74077
74060
73844
73810
73805
73768
73723
73712
73683
73604
73586
73562
73419
73408
73368
73366
73360
73248
73212
73159
73086
73084
73082
73063
73053
72974
72953
72819
72816
72753
72733
72695
72674
72532
72404
72376
72289
72226
72212
72156
72143
72078
72071
71961
71841
71807
71786
71748
71742
71534
71503
71410
71385
71349
71281
71277
71147
71061
70955
70894
70884
70846
70826
70792
70779
70776
70760
70739
70736
70678
70594
70586
70577
70553
70472
70407
70387
70321
70307
70281
70255
70250
70157
70047
69950
69915
69863
69690
69512
69439
69419
69302
69248
69162
69138
69122
69070
69042
68984
68898
68852
68847
68779
68696
68682
68642
68631
68623
68558
68535
68074
68067
68055
68002
67911
67837
67518
67420
67376
67375
67269
67255
67243
67115
67037
66960
66953
66892
66823
66769
66459
66449
66440
66409
66394
66300
66299
66232
66228
66214
66214
66187
66175
66160
66139
66061
65866
65804
65801
65771
65746
65710
65693
65683
65657
65537
65513
65453
65320
65311
65304
65160
65124
64776
64626
64534
64427
64419
64409
64347
64301
64284
64254
64199
64175
64125
64112
63827
63811
63785
63756
63709
63560
63504
63491
63485
63293
63201
63170
63119
63039
62989
62929
62886
62770
62626
62564
62542
62519
62502
62480
62428
62392
62310
62302
62294
62287
62243
62242
62240
62235
62220
62152
62127
62070
62063
62058
62010
61991
61869
61826
61806
61726
61700
61481
61443
61432
61333
61293
61152
61055
61009
60990
60982
60914
60904
60887
60878
60876
60801
60770
60742
60730
60705
60600
60553
60498
60351
60330
60219
60153
60109
59954
59947
59932
59833
59813
59804
59751
59700
59651
59618
59570
59508
59449
59415
59405
59328
59328
59324
59212
59119
59114
59027
59010
59002
58973
58949
58820
58819
58705
58570
58559
58514
58408
58339
58325
58297
58256
58244
58191
58092
58041
57987
57876
57872
57859
57775
57731
57611
57570
57548
57510
57466
57454
57451
57345
57344
57284
57227
57109
57090
57074
56987
56902
56880
56733
56682
56607
56588
56535
56461
56398
56390
56378
56353
56319
56302
56291
56176
56131
56011
55780
55729
55645
55633
55474
55413
55408
55394
55381
55364
55346
55333
55331
55287
55256
55248
55242
55222
55119
55108
54833
54816
54813
54771
54753
54724
54698
54577
54560
54536
54516
54414
54393
54304
54268
54191
54169
54162
54143
54127
54122
54021
53981
53902
53874
53847
53841
53704
53693
53561
53560
53382
53374
53370
53256
53242
53222
53193
53179
53149
53074
53072
53026
52995
52960
52954
52778
52739
52665
52331
52281
52279
52240
52208
52134
52056
51995
51910
51863
51859
51809
51674
51655
51609
51542
51516
51484
51426
51416
51360
51181
51134
51085
51083
50996
50900
50837
50833
50791
50767
50735
50658
50525
50429
50405
50385
50357
50288
50262
50256
50230
50208
50197
50181
50093
50038
49973
49935
49920
49906
49830
49814
49697
49639
49616
49585
49520
49496
49481
49394
49270
49257
49233
49187
49083
48969
48907
48900
48900
48856
48837
48834
48829
48822
48744
48698
48407
48289
48261
48260
48220
48133
48132
48040
47957
47916
47912
47855
47741
47644
47609
47426
47414
47350
47339
47296
47187
47182
47178
47084
47057
47043
47012
46946
46898
46895
46893
46880
46863
46841
46784
46772
46465
46458
46439
46411
46362
46351
46308
46307
46295
46223
46223
46168
46158
46140
46130
46125
46072
46042
45914
45912
45912
45900
45842
45800
45773
45738
45732
45712
45665
45525
45515
45478
45462
45372
45369
45333
45234
45218
45203
45115
45059
44931
44891
44791
44740
44716
44661
44479
44473
44455
44371
44366
44324
44284
44264
44171
44143
43954
43816
43797
43764
43729
43674
43647
43594
43523
43512
43467
43448
43432
43419
43247
43245
43172
43066
43042
43041
42972
42968
42871
42832
42756
42717
42688
42555
42457
42452
42439
42424
42331
42156
42141
42127
42112
42080
42077
42066
42001
41823
41760
41755
41638
41599
41567
41562
41461
41442
41392
41318
41315
41299
41264
41234
41191
41139
41102
41090
41080
40954
40945
40851
40846
40825
40802
40705
40681
40634
40620
40588
40562
40437
40426
40405
40342
40258
40248
40225
40117
40104
40039
40033
40028
40028
40027
40006
39995
39969
39824
39809
39808
39804
39669
39653
39638
39631
39609
39593
39586
39576
39552
39543
39519
39415
39390
39343
39342
39330
39254
39201
39188
39185
39051
39013
38935
38927
38865
38779
38574
38568
38543
38535
38414
38408
38334
38248
38237
38229
38220
38173
38136
38126
37995
37991
37903
37902
37890
37873
37859
37820
37783
37777
37773
37771
37750
37650
37623
37615
37599
37563
37557
37399
37375
37321
37223
37213
36994
36969
36774
36658
36637
36590
36580
36573
36571
36543
36509
36457
36376
36361
36339
36286
36265
36265
36242
35888
35769
35616
35590
35558
35473
35465
35406
35343
35326
35314
35229
35182
35031
35007
34855
34845
34824
34696
34645
34608
34602
34535
34507
34421
34395
34304
34271
34257
34250
34247
34225
34212
34191
34030
33763
33629
33604
33598
33583
33439
33438
33425
33371
33309
33118
33116
33107
33088
33085
33074
33038
32990
32965
32951
32778
32766
32759
32657
32633
32538
32429
32366
32339
32282
32134
32108
31971
31942
31824
31765
31737
31669
31625
31593
31593
31584
31562
31451
31397
31386
31299
31286
31257
31194
31094
31033
30937
30897
30883
30795
30764
30752
30726
30680
30653
30651
30571
30531
30441
30433
30323
30241
30203
30120
30110
30101
30062
30060
30057
30045
30042
30001
29954
29886
29833
29830
29828
29816
29816
29683
29465
29397
29390
29380
29266
29252
29046
29021
29010
28996
28956
28917
28879
28752
28712
28608
28593
28567
28523
28428
28425
28381
28363
28344
28327
28319
28155
28144
28011
27988
27879
27871
27857
27837
27829
27816
27732
27677
27649
27624
27606
27590
27524
27425
27401
27290
27262
27252
27142
27138
27100
27029
27014
26984
26956
26952
26920
26905
26673
26629
26474
26470
26449
26388
26367
26353
26335
26302
26270
26253
26240
26215
26083
25973
25967
25957
25945
25911
25795
25793
25784
25781
25747
25663
25574
25501
25499
25458
25412
25400
25389
25380
25325
25286
25248
25225
25163
25152
25113
24980
24902
24872
24865
24858
24805
24723
24722
24651
24617
24552
24453
24356
24230
24175
23990
23937
23853
23825
23783
23720
23648
23646
23641
23590
23572
23563
23546
23532
23373
23316
23199
23148
23127
23052
23013
23006
22945
22940
22906
22900
22896
22794
22762
22742
22587
22517
22503
22416
22392
22365
22196
22135
22118
22061
21915
21895
21849
21800
21786
21777
21620
21489
21462
21371
21337
21311
21300
21265
21170
21149
21087
20978
20970
20962
20924
20863
20828
20665
20653
20636
20465
20443
20423
20240
20236
20231
20159
20133
20119
20110
20005
19872
19851
19829
19776
19722
19703
19479
19469
19408
19392
19385
19334
19280
19270
19233
19132
19056
19036
18962
18956
18919
18875
18870
18860
18858
18808
18774
18758
18748
18716
18708
18699
18693
18630
18627
18572
18511
18496
18425
18415
18372
18257
18202
18197
18101
18090
18088
18079
18049
18041
17996
17831
17830
17782
17769
17633
17553
17454
17450
17371
17354
17304
17267
17242
17135
17095
17053
17047
16957
16929
16897
16892
16874
16864
16862
16801
16785
16767
16673
16630
16608
16539
16514
16341
16332
16242
16210
16081
16009
15993
15948
15928
15917
15824
15771
15767
15709
15678
15664
15587
15577
15505
15499
15495
15440
15406
15282
15111
15093
15082
14959
14923
14870
14852
14851
14766
14737
14708
14696
14539
14514
14465
14387
14371
14180
14053
14004
13958
13905
13898
13767
13765
13714
13617
13465
13262
13200
13111
13043
13041
12590
12567
12507
12435
12394
12378
12330
12312
12311
12304
12253
12203
12189
12162
12148
12137
12058
11970
11880
11872
11718
11713
11617
11596
11585
11545
11519
11452
11355
11334
11310
11287
11283
11160
11061
11008
11003
10927
10892
10835
10806
10781
10753
10740
10732
10632
10629
10582
10548
10499
10420
10334
10292
10280
10233
10199
10160
10081
10023
10003
9992
9964
9951
9939
9927
9923
9903
9756
9725
9708
9677
9644
9574
9544
9523
9448
9414
9371
9343
9341
9304
9293
9279
9262
9245
9233
9193
9184
9180
9168
9101
9075
9024
8985
8891
8883
8882
8819
8754
8735
8721
8720
8621
8582
8386
8253
8239
8200
8015
7886
7806
7792
7785
7774
7755
7678
7659
7631
7614
7561
7510
7376
7363
7336
7300
7277
7161
7015
7010
6908
6900
6898
6896
6873
6860
6827
6823
6764
6761
6643
6563
6514
6429
6421
6403
6376
6368
6296
6255
6242
6023
5972
5932
5862
5841
5797
5791
5745
5713
5674
5448
5438
5424
5355
5334
5316
5290
5266
5192
5100
5053
4961
4940
4901
4890
4871
4789
4567
4559
4508
4401
4378
4370
4298
4208
4182
3986
3982
3906
3846
3838
3796
3780
3728
3661
3368
3310
3107
2936
2902
2841
2720
2628
2599
2516
2501
2488
2481
2424
2281
2201
2181
2050
1942
1933
1812
1747
1735
1665
1604
1588
1485
1479
1458
1424
1345
1271
1246
1237
1190
1156
1140
1109
1089
1088
1025
846
810
759
721
721
667
615
549
487
481
465
438
434
382
301
17
