99949
99878
99815
99809
99766
99709
99690
99583
99543
99507
99466
99454
99429
99398
99272
99229
99211
99189
99020
99016
99007
98973
98964
98927
98913
98794
98791
98726
98600
98594
98547
98428
98422
98314
98231
98128
98039
98027
97991
97959
97940
97829
97768
97731
97690
97673
97534
97485
97470
97464
97439
97327
97307
97299
97225
97167
97101
97075
97069
97040
96937
96928
96854
96805
96749
96509
96478
96454
96423
96409
96389
96375
96344
96314
96272
96234
96223
96213
96054
96035
95916
95864
95711
95684
95621
95551
95493
95418
95376
95351
95335
95296
95168
95112
95079
95069
95010
95008
94915
94627
94436
94367
94353
94254
94243
94192
94105
94002
93831
93819
93804
93775
93771
93761
93740
93662
93591
93540
93497
93493
93467
93435
93406
93296
93276
93269
93217
93204
93187
93175
93129
93101
92999
92978
92960
92922
92835
92822
92700
92695
92683
92669
92643
92620
92597
92540
92266
92239
92176
92139
92099
92052
92051
92046
92046
92036
91996
91975
91940
91901
91886
91850
91766
91765
91763
91707
91654
91646
91574
91509
91461
91355
91325
91302
91295
91268
91203
91177
91095
91081
91078
91067
91065
91034
90930
90920
90875
90852
90788
90609
90541
90497
90315
90289
90161
90089
90074
90070
90022
90009
89920
89905
89883
89870
89859
89857
89841
89743
89717
89697
89693
89640
89638
89637
89522
89481
89421
89404
89343
89317
89149
89086
89081
89042
88909
88903
88842
88829
88799
88732
88551
88408
88364
88269
88123
88101
88061
88045
88000
87964
87931
87840
87736
87686
87599
87553
87551
87515
87352
87265
87242
87240
87114
87079
87055
87039
86984
86980
86974
86941
86926
86820
86789
86766
86631
86620
86527
86416
86368
86330
86303
86288
86262
86186
86185
86130
86119
86073
86064
86050
86022
85882
85876
85862
85860
85796
85675
85622
85574
85573
85569
85538
85378
85345
85262
85233
85225
85217
85209
85108
85084
85065
85005
84982
84936
84842
84754
84709
84612
84607
84487
84466
84392
84308
84116
84090
83891
83889
83875
83836
83813
83773
83768
83656
83624
83589
83568
83400
83356
83343
83331
83297
83127
83073
83061
83027
82950
82926
82874
82667
82579
82566
82522
82514
82452
82296
82197
82150
82133
82125
82088
82061
82056
81963
81928
81887
81850
81642
81546
81518
81423
81334
81309
81279
81256
81200
81095
81071
81069
81053
80979
80966
80792
80776
80767
80721
80660
80633
80626
80592
80574
80569
80430
80333
80322
80181
80157
80148
80146
80110
80052
79985
79960
79943
79898
79868
79846
79837
79831
79763
79749
79706
79661
79645
79600
79537
79397
79385
79284
79215
79106
79097
79068
79049
78939
78932
78910
78883
78878
78847
78819
78813
78804
78770
78764
78606
78553
78420
78393
78378
78340
78339
78303
78265
78247
78166
78162
78145
78127
78124
77978
77965
77948
77836
77803
77793
77634
77472
77463
77382
77374
77359
77272
77206
77174
77149
77093
77087
77067
77046
77001
76943
76914
76900
76881
76860
76857
76675
76671
76616
76611
76405
76402
76367
76329
76229
76227
76181
76163
76139
76052
76010
75883
75793
75587
75570
75551
75485
75411
75378
75195
75142
75091
75090
75077
74912
74911
74776
74740
74642
74517
74442
74411
74403
74373
74332
74232
74167
74082
74069
73950
73938
73755
73674
73633
73547
73511
73398
73211
73155
73129
73050
72998
72986
72926
72924
72869
72862
72808
72693
72674
72520
72504
72480
72381
72286
72172
72164
72089
72038
72000
71977
71941
71935
71819
71777
71698
71694
71667
71595
71579
71545
71489
71417
71392
71383
71352
71317
71265
71246
71236
71232
71056
70991
70936
70859
70814
70809
70768
70755
70691
70666
70616
70616
70540
70372
70369
70327
70325
70265
70210
70155
70135
69941
69923
69921
69919
69859
69764
69723
69698
69654
69635
69624
69615
69564
69540
69538
69531
69504
69472
69403
69288
69285
69040
69030
68962
68818
68813
68808
68801
68797
68754
68722
68680
68671
68659
68623
68603
68555
68504
68415
68409
68349
68335
68309
68282
68259
68233
68195
68159
68072
67941
67892
67752
67744
67649
67647
67561
67521
67519
67506
67459
67441
67396
67346
67312
67294
67280
67246
67245
67222
67216
67205
67178
67169
67142
66949
66932
66917
66868
66842
66818
66746
66699
66667
66610
66590
66355
66297
66283
66200
66100
65991
65970
65916
65892
65870
65725
65714
65683
65655
65645
65571
65515
65366
65353
65265
65214
65131
65128
65081
65029
64998
64873
64866
64803
64606
64514
64478
64446
64419
64382
64367
64281
64263
64240
64201
64195
64194
63999
63999
63977
63927
63914
63743
63726
63689
63516
63514
63362
63342
63323
63259
63136
63074
63063
63047
62996
62914
62909
62800
62720
62632
62614
62581
62579
62413
62376
62357
62356
62323
62299
62254
62120
62095
61964
61940
61924
61891
61798
61779
61772
61744
61573
61476
61399
61352
61346
61315
61282
60925
60902
60845
60823
60788
60787
60770
60743
60717
60698
60634
60611
60609
60453
60396
60358
60347
60262
60242
60175
60135
60033
60006
59987
59832
59689
59636
59611
59611
59610
59522
59516
59477
59464
59426
59401
59308
59286
59240
59161
59086
59047
59042
59015
59009
58974
58945
58942
58871
58842
58825
58819
58800
58734
58728
58707
58638
58600
58529
58433
58394
58301
58169
58129
58085
58076
58064
58055
58005
57911
57843
57839
57809
57785
57764
57615
57505
57389
57389
57343
57258
57188
56928
56887
56870
56864
56795
56776
56716
56634
56625
56608
56589
56557
56544
56529
56465
56455
56422
56409
56335
56302
56242
56083
56057
55812
55801
55765
55661
55642
55631
55592
55579
55575
55568
55546
55539
55518
55499
55395
55352
55265
55247
55239
55235
55210
55136
55129
55118
55115
54890
54881
54863
54855
54725
54635
54470
54363
54360
54349
54226
54209
54188
54119
54117
54063
54042
54018
53906
53583
53563
53562
53508
53469
53458
53442
53439
53303
53268
53260
53194
53167
53147
53142
53136
53121
53115
53096
53039
53002
52999
52961
52838
52778
52677
52640
52618
52582
52527
52520
52415
52404
52395
52393
52329
52235
52214
52029
51937
51920
51900
51773
51756
51730
51729
51664
51662
51607
51473
51319
51276
51270
51179
51178
51170
51160
51159
51079
51059
51056
51022
51001
50995
50979
50931
50913
50898
50755
50744
50654
50650
50626
50602
50587
50568
50521
50506
50373
50357
50339
50274
50236
50230
50230
50218
50192
50046
50035
49994
49972
49875
49484
49479
49411
49360
49302
49276
49258
49174
48953
48937
48904
48857
48747
48737
48735
48730
48699
48642
48633
48632
48623
48532
48495
48462
48414
48331
48187
47977
47936
47849
47642
47634
47602
47413
47363
47288
47175
47162
47113
47007
46942
46933
46877
46863
46815
46805
46757
46695
46693
46672
46651
46543
46468
46461
46423
46387
46341
46312
46310
46037
46031
46026
45946
45898
45894
45857
45736
45703
45701
45586
45580
45549
45451
45369
45321
45319
45314
45239
45199
45105
45067
45017
44966
44952
44915
44833
44634
44623
44611
44574
44493
44473
44454
44427
44367
44270
44232
44218
44212
44161
44128
44084
44042
44023
44015
44012
43951
43884
43868
43808
43776
43765
43667
43635
43629
43497
43464
43445
43441
43417
43310
43280
43233
43166
43140
43139
43120
43088
43065
42983
42924
42876
42818
42809
42714
42695
42614
42460
42391
42366
42303
42283
42201
42176
42167
42107
41967
41966
41956
41950
41898
41792
41711
41682
41567
41469
41419
41329
41297
41276
41247
41195
41171
41140
41103
41066
41031
41012
40977
40961
40916
40887
40851
40843
40797
40793
40722
40621
40579
40471
40399
40258
40151
40128
40126
40114
40059
40022
39749
39739
39603
39504
39272
39260
39223
39177
39090
38995
38970
38909
38833
38798
38747
38696
38654
38634
38609
38532
38449
38424
38414
38364
38254
38184
38117
38105
38097
38080
38002
37964
37884
37846
37845
37777
37710
37665
37662
37627
37584
37545
37544
37541
37539
37496
37276
37254
37240
37239
37126
37078
37029
36944
36850
36676
36586
36516
36509
36410
36403
36391
36268
36260
36221
36143
36133
35991
35914
35901
35867
35824
35823
35801
35746
35720
35605
35577
35510
35483
35281
35136
35110
35104
35091
34974
34850
34846
34756
34748
34704
34684
34613
34597
34581
34568
34528
34526
34509
34469
34426
34324
34266
34212
34177
33961
33894
33889
33691
33689
33656
33621
33612
33581
33574
33536
33482
33480
33418
33383
33375
33315
33292
33265
33211
33198
33140
32996
32936
32893
32889
32860
32835
32835
32820
32811
32797
32782
32781
32677
32646
32570
32544
32519
32393
32163
32126
32057
32015
31986
31971
31962
31950
31914
31900
31893
31813
31715
31652
31640
31625
31535
31518
31436
31424
31418
31366
31363
31361
31299
31263
31250
31213
31166
31131
31065
31008
31002
30975
30766
30764
30694
30616
30615
30589
30585
30489
30485
30479
30465
30441
30441
30312
30302
30289
30275
30155
30109
30023
30009
29989
29947
29782
29743
29697
29651
29625
29596
29460
29453
29398
29367
29318
29262
29261
29210
29158
29125
29120
29057
28980
28942
28911
28882
28856
28809
28757
28721
28575
28540
28416
28308
28268
28264
28192
28177
28176
28137
28115
28056
28039
27910
27868
27822
27785
27771
27766
27597
27573
27542
27425
27416
27401
27343
27288
27283
27193
27111
27051
27017
26924
26892
26889
26818
26812
26703
26607
26566
26543
26527
26521
26479
26333
26257
26219
26198
26163
26142
26113
26063
26043
26003
25933
25914
25851
25848
25776
25675
25456
25369
25308
25288
25194
25173
25041
25019
24918
24895
24699
24696
24675
24613
24612
24606
24577
24522
24437
24427
24301
24244
24217
24186
24134
24132
24090
24024
24010
23984
23978
23893
23857
23855
23758
23693
23674
23605
23559
23546
23465
23177
23106
23055
23033
22956
22942
22902
22700
22688
22659
22556
22512
22485
22473
22334
22268
22255
22238
22206
22185
22168
22117
22113
22102
21976
21915
21852
21807
21797
21776
21712
21493
21401
21316
21308
21295
21175
21138
21002
20975
20830
20824
20823
20772
20747
20735
20645
20627
20579
20546
20526
20515
20488
20480
20436
20409
20393
20388
20342
20288
20276
20245
20148
19937
19897
19836
19827
19747
19703
19700
19685
19607
19566
19469
19446
19278
19255
19217
19214
19168
19165
19149
19103
19100
19077
19071
18941
18925
18801
18790
18708
18689
18668
18636
18626
18464
18442
18388
18352
18302
18263
18205
18205
18177
18138
18091
18079
18078
18057
18026
18018
18002
17981
17977
17976
17955
17795
17764
17710
17704
17689
17604
17546
17531
17529
17524
17520
17489
17391
17376
17346
17345
17334
17302
17277
17243
17208
17179
16960
16910
16882
16875
16841
16805
16798
16673
16640
16612
16527
16380
16380
16374
16296
16200
16187
16166
16118
16056
15965
15948
15901
15867
15819
15803
15721
15720
15702
15702
15699
15591
15555
15551
15374
15304
15235
15138
15056
15008
14996
14876
14851
14779
14771
14673
14599
14597
14522
14482
14373
14365
14325
14307
14292
14251
14113
13966
13911
13901
13856
13855
13850
13780
13748
13703
13637
13625
13610
13606
13528
13426
13423
13411
13411
13403
13365
13328
13263
13191
13155
13073
13053
13034
13018
12916
12817
12750
12692
12617
12590
12469
12434
12423
12414
12356
12331
12329
12325
12242
12224
12152
12105
11818
11730
11576
11554
11549
11417
11367
11353
11264
11217
11159
11158
11076
11028
10788
10716
10688
10669
10636
10625
10544
10540
10526
10426
10395
10372
10362
10341
10287
10247
10211
10146
10112
10038
9963
9927
9864
9861
9799
9762
9753
9663
9591
9577
9552
9462
9397
9359
9296
9293
9247
9115
9000
8879
8873
8753
8700
8696
8634
8628
8627
8508
8489
8469
8469
8448
8414
8375
8349
8307
8268
8191
8183
8055
8031
8015
7921
7914
7870
7866
7813
7743
7742
7675
7586
7425
7371
7300
7153
7152
7143
7123
7094
7054
7017
6999
6983
6899
6787
6699
6697
6686
6664
6638
6615
6581
6565
6507
6457
6440
6438
6344
6341
6302
6286
6253
6248
6042
5938
5922
5919
5918
5850
5794
5777
5758
5679
5614
5587
5506
5458
5456
5452
5425
5356
5200
5117
5088
5077
4986
4968
4936
4928
4916
4866
4850
4812
4806
4788
4744
4736
4733
4686
4539
4467
4348
4235
4099
4052
3968
3947
3947
3937
3904
3896
3853
3836
3829
3811
3758
3654
3551
3534
3498
3360
3254
3213
3186
3173
3086
2986
2969
2931
2910
2902
2705
2664
2656
2643
2602
2485
2451
2418
2394
2316
2210
2207
2138
2134
2105
2095
2004
1948
1900
1869
1725
1721
1677
1608
1602
1592
1590
1585
1441
1440
1407
1329
1306
1298
1183
1024
1012
935
895
871
858
747
698
646
594
580
547
482
392
248
160
124
114
103
36
