99979
99952
99946
99816
99774
99766
99730
99722
99713
99697
99576
99547
99282
99134
99033
98981
98964
98745
98716
98709
98691
98685
98599
98539
98382
98369
98257
98206
98090
98038
98002
98000
97981
97972
97954
97937
97913
97854
97836
97820
97793
97793
97749
97675
97635
97580
97522
97499
97432
97407
97393
97391
97387
97353
97339
97147
97141
97111
97072
97036
97018
97002
96989
96967
96960
96936
96892
96816
96793
96680
96668
96597
96586
96574
96562
96558
96471
96467
96410
96333
96294
96226
96219
96189
96171
96092
96086
95994
95963
95896
95792
95790
95718
95646
95639
95471
95460
95460
95431
95375
95346
95343
95317
95314
95297
95257
95218
95167
95074
95036
95018
94977
94931
94847
94846
94822
94751
94698
94677
94581
94569
94500
94492
94369
94321
94191
94079
94068
94053
94042
94020
93922
93829
93743
93693
93684
93667
93595
93456
93439
93433
93432
93417
93404
93356
92955
92860
92695
92669
92656
92591
92521
92493
92484
92481
92312
92271
92210
92153
92140
92131
92116
92055
92048
91987
91977
91933
91804
91790
91768
91765
91755
91751
91734
91713
91673
91654
91594
91593
91527
91314
91302
91279
91268
91236
91223
91221
91212
91208
91137
91117
90988
90985
90948
90850
90790
90756
90740
90731
90675
90627
90531
90453
90361
90351
90331
90218
90203
90146
90144
90027
89993
89972
89967
89963
89957
89932
89902
89791
89750
89723
89710
89685
89620
89606
89526
89497
89493
89482
89467
89465
89451
89440
89362
89349
89322
89230
89208
89118
89118
88959
88930
88781
88663
88596
88564
88553
88522
88490
88484
88385
88368
88297
88287
88262
88254
88237
88157
88010
87967
87907
87899
87848
87846
87842
87837
87678
87658
87648
87635
87614
87609
87578
87540
87522
87519
87481
87370
87369
87356
87315
87309
87291
87140
86940
86939
86876
86871
86824
86745
86742
86694
86675
86668
86615
86461
86434
86412
86310
86262
86113
86064
86042
86029
85920
85880
85873
85861
85848
85736
85651
85597
85594
85536
85432
85393
85338
85333
85297
85246
85089
84996
84947
84937
84930
84884
84840
84821
84648
84639
84610
84539
84466
84404
84394
84307
84306
84279
84263
84183
84108
84108
84016
83925
83840
83806
83801
83781
83763
83721
83692
83651
83628
83627
83535
83522
83474
83466
83351
83317
83303
83285
83279
83272
83258
83242
83235
83229
83199
83196
83135
83090
83087
83056
82963
82944
82943
82935
82857
82825
82805
82768
82569
82567
82547
82472
82463
82334
82249
82233
82188
82160
82141
81954
81930
81911
81885
81817
81752
81748
81738
81671
81646
81572
81535
81516
81512
81498
81340
81176
81167
81167
81133
81088
80844
80793
80657
80493
80449
80370
80330
80324
80119
79926
79911
79908
79800
79780
79645
79628
79552
79551
79540
79537
79530
79413
79405
79373
79347
79327
79258
79255
79228
79161
79148
78993
78865
78835
78783
78772
78620
78613
78607
78528
78381
78346
78263
78262
78139
78071
78065
78029
77923
77911
77813
77787
77770
77525
77430
77395
77391
77139
77023
76977
76940
76869
76711
76681
76678
76671
76582
76506
76397
76371
76316
76298
76236
76182
75885
75854
75730
75600
75514
75484
75459
75442
75305
75281
75273
75189
75110
75075
74954
74871
74816
74805
74764
74733
74726
74685
74663
74588
74537
74451
74266
74227
74036
73943
73855
73781
73654
73448
73413
73403
73384
73357
73156
73114
73072
73026
73003
72951
72869
72816
72802
72766
72740
72689
72646
72544
72540
72540
72483
72476
72436
72412
72385
72355
72286
72203
72183
72179
72167
72164
72126
72009
71990
71960
71940
71885
71866
71860
71732
71704
71678
71655
71606
71528
71524
71522
71519
71454
71445
71384
71358
71329
71291
71140
71115
70940
70868
70845
70806
70804
70690
70672
70646
70538
70472
70470
70455
70447
70445
70433
70398
70328
70321
70261
70228
70214
70168
70168
70165
70047
69989
69975
69968
69876
69838
69792
69781
69679
69501
69470
69443
69339
69166
69103
69021
68962
68905
68853
68840
68648
68640
68612
68587
68559
68499
68481
68444
68434
68158
68156
68016
67998
67964
67932
67850
67651
67646
67635
67474
67437
67316
67293
67262
67212
67079
66865
66852
66697
66660
66650
66642
66582
66545
66400
66313
66235
66231
65917
65905
65839
65837
65804
65704
65690
65602
65522
65430
65427
65363
65344
65323
65279
65225
65115
65064
64949
64892
64786
64731
64509
64432
64410
64386
64338
64295
64213
64210
64174
64127
64107
64027
64015
63971
63957
63957
63924
63919
63901
63788
63657
63643
63602
63541
63527
63514
63511
63501
63463
63425
63371
63294
63177
63152
63127
62997
62840
62808
62803
62789
62712
62698
62674
62627
62562
62541
62474
62439
62373
62281
62228
62159
62126
62097
62046
61857
61838
61771
61768
61759
61727
61692
61588
61522
61494
61353
61292
61239
61229
61176
61089
61035
61032
61028
60969
60954
60934
60901
60788
60743
60713
60626
60593
60562
60549
60488
60436
60416
60344
60317
60304
60256
60249
60191
60159
60136
60116
60086
60034
60027
60013
60010
59900
59882
59860
59838
59789
59714
59657
59495
59426
59369
59364
59360
59331
59194
59136
59084
58998
58995
58986
58860
58685
58466
58456
58400
58374
58348
58299
58272
58170
58142
58070
58030
57893
57852
57756
57706
57701
57567
57544
57474
57460
57435
57349
57332
57265
57232
57145
57138
57137
56989
56930
56903
56796
56763
56749
56747
56724
56612
56595
56551
56542
56536
56516
56490
56419
56399
56385
56373
56299
56220
56207
56036
55863
55684
55652
55645
55623
55606
55582
55554
55553
55534
55448
55433
55395
55388
55367
55363
55287
55194
55146
55090
55068
55045
54926
54874
54853
54774
54767
54750
54661
54644
54622
54601
54539
54528
54490
54485
54463
54413
54396
54328
54281
54266
54242
54218
54209
54166
54156
54153
54136
54076
54000
53975
53963
53863
53719
53518
53516
53516
53514
53493
53492
53467
53434
53362
53361
53317
53290
53249
53087
52945
52938
52931
52911
52871
52758
52748
52747
52641
52597
52595
52586
52586
52457
52435
52417
52358
52335
52311
52181
52143
52131
52131
52030
52013
52004
51962
51864
51765
51763
51706
51684
51653
51622
51592
51534
51475
51426
51344
51298
51286
51170
51145
50992
50982
50946
50945
50943
50881
50845
50818
50778
50751
50651
50592
50581
50557
50553
50444
50353
50310
50239
50233
50162
50161
50154
50091
50027
49987
49936
49880
49538
49520
49392
49382
49350
49318
49316
49255
49226
49157
49126
49040
49021
48990
48975
48928
48905
48851
48835
48779
48728
48630
48530
48521
48478
48458
48417
48406
48367
48351
48333
48291
48246
48237
48228
48141
48138
48080
47985
47952
47939
47833
47796
47775
47629
47628
47527
47446
47438
47435
47410
47397
47376
47303
47296
47282
47251
47209
47181
47171
47134
47121
47118
47117
47043
46911
46838
46814
46719
46699
46686
46613
46610
46607
46597
46562
46496
46488
46402
46386
46282
46276
46203
46163
46142
46109
45947
45885
45776
45763
45755
45728
45709
45688
45683
45591
45589
45545
45544
45531
45490
45440
45416
45311
45239
45170
45164
45160
45148
45143
45078
44978
44946
44936
44810
44777
44773
44763
44762
44660
44593
44589
44513
44459
44328
44247
44193
44118
44021
43982
43961
43959
43593
43585
43581
43546
43514
43476
43326
43308
43306
43283
43268
43185
43070
43033
42993
42973
42895
42813
42758
42730
42729
42681
42642
42618
42592
42443
42426
42338
42326
42315
42279
42224
42204
42163
42144
42132
41880
41879
41821
41798
41757
41752
41697
41672
41641
41575
41420
41377
41356
41262
41258
41248
41181
41179
41074
41040
41031
41013
40935
40749
40660
40658
40634
40606
40605
40547
40482
40435
40335
40309
40296
40283
40139
40101
40010
39982
39973
39951
39932
39927
39845
39833
39818
39786
39775
39735
39541
39473
39406
39343
39307
39187
39173
39140
39136
39069
39043
38979
38888
38844
38827
38820
38815
38748
38630
38603
38516
38433
38415
38404
38343
38248
38211
38139
38088
38073
38015
37990
37894
37874
37803
37792
37761
37675
37623
37613
37544
37458
37421
37396
37317
37313
37307
37232
37147
37135
37109
37090
37050
37050
36993
36900
36810
36804
36786
36735
36722
36684
36674
36466
36407
36394
36387
36291
36270
36264
36249
36235
36219
36106
36047
36015
35997
35988
35972
35968
35965
35931
35896
35818
35770
35756
35722
35681
35649
35606
35593
35588
35576
35531
35498
35459
35420
35406
35364
35246
35221
35207
35167
35144
35120
35111
35064
35016
35012
34899
34883
34835
34821
34792
34790
34673
34576
34527
34430
34340
34320
34280
34100
34063
34046
34038
33946
33945
33912
33896
33877
33741
33702
33651
33634
33589
33518
33473
33373
33330
33302
33223
33103
33088
33066
32932
32899
32799
32756
32708
32706
32617
32490
32404
32337
32181
32166
32023
31977
31942
31854
31801
31723
31524
31524
31493
31461
31449
31439
31320
31272
31251
31191
31190
31190
31090
31087
30918
30894
30876
30740
30699
30680
30639
30602
30581
30552
30546
30496
30327
30176
30136
30084
30025
29868
29838
29810
29774
29699
29687
29665
29665
29620
29577
29544
29514
29509
29376
29285
29191
29180
29024
28894
28871
28785
28738
28620
28613
28611
28601
28577
28550
28497
28487
28478
28449
28367
28359
28295
28219
28154
28147
28073
28072
28066
28020
27959
27898
27880
27847
27691
27639
27612
27586
27546
27530
27508
27454
27422
27387
27361
27332
27307
27157
27050
26981
26940
26923
26841
26798
26678
26645
26622
26550
26284
26176
26139
26138
26104
26100
26013
26002
25980
25961
25910
25889
25885
25860
25849
25837
25773
25721
25683
25617
25591
25465
25263
25256
25207
25106
25105
25000
24977
24909
24899
24892
24860
24824
24810
24778
24737
24726
24658
24632
24596
24583
24479
24470
24464
24455
24387
24360
24321
24257
24160
24159
24145
24020
23985
23880
23831
23640
23429
23385
23363
23336
23319
23220
23195
23109
22952
22859
22758
22719
22709
22700
22452
22440
22378
22349
22264
22230
22226
22163
22156
22154
22149
22120
22116
22110
22060
21962
21957
21926
21898
21893
21878
21869
21825
21814
21785
21785
21717
21657
21608
21498
21330
21240
21175
21122
20944
20923
20867
20846
20834
20789
20777
20766
20740
20724
20724
20718
20673
20629
20600
20481
20414
20244
20193
20139
20074
20027
20007
19918
19906
19824
19717
19639
19637
19587
19579
19572
19560
19528
19508
19333
19234
19217
19123
19116
19053
18954
18947
18927
18919
18743
18679
18541
18505
18497
18397
18326
18284
18275
18232
18185
18181
18138
18129
18123
18072
18069
17990
17985
17963
17949
17876
17785
17703
17672
17643
17534
17369
17348
17213
16996
16981
16970
16896
16894
16880
16860
16785
16777
16537
16481
16432
16399
16349
16326
16164
16118
16116
16077
15935
15837
15822
15808
15805
15796
15750
15734
15603
15576
15573
15509
15439
15386
15360
15351
15299
15278
15197
15127
15118
15114
15066
15017
14940
14878
14815
14774
14740
14723
14694
14680
14540
14515
14498
14473
14370
14303
14236
14228
14222
14219
14055
14054
14042
14034
13955
13802
13786
13685
13677
13662
13623
13565
13538
13508
13447
13398
13379
13374
13364
13339
13296
13263
13233
13233
13144
13138
13100
13082
13066
13010
12996
12965
12838
12822
12809
12796
12764
12719
12560
12544
12440
12366
12325
12300
12235
12127
11953
11945
11908
11833
11656
11580
11409
11341
11270
11255
11223
11180
11164
11100
11091
11035
11033
11025
10958
10888
10880
10839
10836
10758
10674
10670
10660
10600
10527
10469
10467
10456
10366
10358
10291
10183
10158
10073
10015
10003
9886
9788
9779
9777
9735
9732
9660
9587
9445
9430
9391
9382
9270
9214
9196
9139
9116
9116
9099
8886
8785
8755
8742
8664
8613
8565
8519
8514
8502
8499
8492
8389
8388
8297
8289
8252
8250
8235
8229
8202
8154
7981
7929
7909
7888
7851
7801
7799
7786
7759
7624
7551
7550
7538
7518
7501
7485
7468
7439
7434
7345
7328
7280
7170
7164
7104
7032
6995
6988
6986
6981
6820
6790
6708
6695
6652
6651
6646
6544
6524
6484
6429
6428
6377
6370
6346
6325
6110
6021
5938
5929
5896
5855
5777
5727
5720
5664
5651
5610
5506
5486
5442
5384
5380
5368
5340
5221
5207
5015
4974
4958
4781
4764
4700
4685
4651
4648
4579
4454
4424
4374
4314
4302
4302
4136
4082
4081
4019
3971
3889
3871
3851
3848
3827
3513
3501
3499
3347
3328
3301
3242
3028
2973
2945
2913
2881
2715
2693
2662
2559
2480
2413
2373
2372
2239
2186
2152
2113
2063
1970
1951
1929
1880
1826
1565
1539
1528
1518
1389
1376
1317
1254
1116
1072
982
976
965
962
904
892
848
682
621
588
514
462
457
401
244
242
234
119
51
