99996
99996
99979
99923
99832
99807
99804
99775
99740
99712
99701
99645
99627
99594
99543
99541
99540
99521
99516
99446
99408
99353
99323
99322
98936
98907
98789
98787
98700
98682
98631
98532
98455
98424
98411
98352
98322
98223
98194
98189
98161
98149
98109
98086
98036
97994
97914
97902
97897
97883
97879
97868
97839
97764
97748
97731
97706
97698
97523
97396
97290
97263
97226
97111
97108
97088
97038
96977
96880
96878
96862
96755
96639
96637
96589
96548
96440
96409
96409
96405
96359
96329
96258
96219
96053
96048
95977
95938
95881
95850
95735
95638
95611
95590
95561
95549
95523
95429
95371
95312
95297
95262
95177
95172
95061
94996
94961
94918
94901
94844
94803
94766
94725
94720
94715
94676
94655
94608
94587
94540
94452
94429
94404
94403
94373
94168
94053
93849
93845
93777
93740
93717
93603
93581
93560
93555
93548
93378
93348
93345
93343
93253
93201
93088
93084
93042
92900
92849
92821
92719
92638
92604
92515
92502
92492
92453
92359
92346
92298
92213
92201
92125
92105
92069
92036
91923
91918
91638
91584
91552
91356
91346
91327
91316
91260
91239
91226
91183
91183
91116
91105
91102
91056
91034
91030
91026
91004
90932
90923
90906
90902
90874
90746
90694
90575
90564
90557
90514
90489
90453
90376
90327
90319
90298
90206
90163
90146
90046
89986
89979
89954
89867
89794
89771
89653
89606
89586
89581
89409
89299
89285
89218
89216
89149
89104
89087
89050
89046
89006
88998
88903
88759
88723
88683
88680
88672
88635
88596
88593
88562
88545
88524
88507
88430
88408
88386
88361
88312
88162
88157
88073
88009
87916
87900
87880
87804
87757
87711
87686
87646
87630
87580
87478
87463
87368
87358
87351
87245
87235
87154
87013
87008
86957
86893
86764
86750
86722
86578
86499
86445
86441
86268
86246
86163
86138
86006
85995
85956
85738
85732
85701
85686
85644
85599
85586
85531
85498
85410
85381
85329
85314
85157
85125
85039
85003
84934
84901
84837
84677
84615
84542
84426
84348
84295
84162
84161
84157
84144
83869
83763
83731
83727
83698
83515
83472
83465
83419
83414
83413
83329
83317
83265
83162
83151
82877
82823
82750
82712
82675
82567
82478
82395
82390
82378
82362
82272
82254
82233
82231
82209
82183
82181
82180
82127
82084
82026
82009
81913
81849
81652
81632
81630
81605
81573
81557
81548
81547
81322
81291
81285
81250
81248
81174
81077
81054
81004
80964
80876
80870
80747
80683
80644
80632
80625
80516
80508
80451
80401
80378
80366
80254
80172
80162
80155
80133
80128
80125
79970
79915
79775
79714
79619
79603
79586
79584
79514
79453
79433
79275
79230
79228
79204
79141
79128
79009
78979
78968
78949
78904
78699
78683
78595
78531
78463
78436
78394
78391
78311
78195
78174
78109
78042
78024
77986
77945
77931
77811
77798
77771
77664
77661
77588
77566
77549
77520
77459
77443
77428
77387
77345
77331
77315
77235
77224
77185
76936
76852
76830
76706
76670
76668
76660
76654
76541
76518
76513
76432
76405
76386
76385
76340
76299
76236
76223
76065
76048
76048
76024
76017
75995
75974
75909
75842
75838
75728
75721
75650
75574
75468
75406
75397
75325
75233
75094
75027
74944
74921
74862
74860
74787
74755
74676
74668
74627
74625
74620
74544
74418
74407
74372
74364
74328
74327
74290
74206
74186
74098
74011
73900
73889
73738
73713
73636
73588
73562
73529
73428
73403
73252
73251
73080
73055
72993
72975
72973
72854
72780
72680
72608
72452
72446
72426
72388
72357
72291
72270
72236
72194
72172
72142
72133
72101
72091
72076
72065
72025
71960
71925
71907
71901
71842
71841
71826
71781
71740
71668
71657
71638
71628
71584
71578
71321
71318
71313
71134
71094
71094
71053
71017
71016
70994
70974
70952
70918
70874
70732
70729
70721
70615
70478
70412
70381
70341
70238
70237
70163
70157
70132
70070
69974
69954
69940
69840
69826
69812
69796
69650
69596
69453
69442
69415
69300
69197
69171
69111
69062
68966
68936
68931
68918
68911
68862
68857
68765
68736
68686
68603
68599
68582
68574
68574
68430
68376
68371
68367
68346
68330
68261
68214
68181
68145
68141
68120
68105
68027
67991
67990
67820
67813
67777
67766
67750
67728
67682
67675
67633
67631
67597
67491
67416
67289
67284
67215
67126
67121
66962
66902
66895
66737
66702
66605
66564
66467
66364
66337
66337
66306
66294
66260
66180
66171
66144
66075
66020
65983
65974
65945
65919
65852
65844
65822
65781
65754
65749
65695
65651
65596
65595
65571
65568
65485
65418
65329
65269
65215
65168
65158
65090
65077
65073
65057
65008
64959
64924
64869
64852
64757
64718
64670
64621
64611
64561
64529
64462
64411
64153
64053
64043
64027
64014
63996
63849
63823
63767
63710
63623
63561
63500
63491
63439
63380
63326
63306
63251
63171
63097
62753
62738
62669
62550
62547
62469
62445
62376
62350
62339
62327
62301
62290
62220
62194
62083
62051
62027
61945
61934
61896
61803
61771
61766
61633
61548
61486
61469
61445
61437
61398
61376
61342
61333
61311
61305
61261
61182
61059
60982
60848
60844
60826
60752
60752
60674
60667
60612
60578
60536
60492
60390
60333
60280
60273
60260
60210
60197
60160
60126
59947
59941
59831
59763
59758
59744
59633
59618
59567
59434
59433
59339
59333
59322
59187
59176
59108
59096
59085
59037
58988
58954
58927
58813
58783
58772
58754
58741
58686
58590
58472
58471
58470
58467
58453
58433
58421
58405
58376
58368
58366
58344
58260
58238
58226
58223
58171
58110
58108
58102
58001
57985
57975
57956
57857
57789
57753
57751
57699
57683
57514
57423
57298
57209
57195
57190
57095
56952
56952
56833
56792
56639
56612
56580
56557
56551
56239
56228
56191
56183
56176
56094
56083
55908
55894
55885
55838
55768
55635
55606
55400
55348
55346
55342
55297
55277
55273
55260
55111
55059
55000
54950
54919
54918
54882
54690
54653
54615
54544
54490
54455
54397
54255
54242
54200
54191
54086
54080
54037
54002
53981
53929
53918
53917
53868
53867
53863
53800
53700
53626
53541
53433
53423
53417
53327
53325
53296
53263
53206
53164
53126
53083
53083
53074
53072
53063
53034
53025
52948
52942
52768
52718
52703
52697
52666
52534
52471
52328
52302
52237
52231
52176
52166
52142
52049
51919
51863
51822
51755
51719
51718
51699
51645
51481
51461
51458
51438
51427
51407
51367
51150
51131
51089
51083
51011
50994
50987
50973
50954
50849
50848
50806
50782
50769
50734
50694
50643
50633
50627
50624
50582
50513
50466
50438
50438
50374
50357
50227
50076
50035
50030
49943
49942
49925
49894
49869
49764
49643
49570
49544
49363
49344
49319
49275
49270
49111
49046
49031
49014
48963
48872
48846
48678
48572
48560
48468
48276
48187
48119
48083
48065
48057
48055
47896
47690
47606
47522
47474
47428
47423
47392
47335
47284
47196
47189
47093
47087
47055
47044
46966
46965
46955
46930
46910
46898
46857
46777
46633
46578
46433
46396
46350
46334
46193
46158
46088
45968
45955
45932
45871
45853
45851
45839
45771
45690
45631
45630
45616
45588
45556
45405
45373
45336
45316
45308
45262
45153
45152
45150
45136
45097
45090
45069
44819
44816
44813
44812
44707
44687
44666
44647
44590
44475
44419
44330
44109
43858
43814
43810
43771
43768
43747
43737
43707
43703
43600
43600
43486
43334
43154
43109
43103
42999
42970
42927
42827
42796
42733
42693
42657
42657
42646
42646
42610
42584
42571
42480
42408
42376
42368
42356
42325
42310
42266
42239
42185
42169
42121
42009
41990
41924
41918
41918
41838
41836
41814
41767
41736
41707
41669
41627
41618
41547
41500
41469
41445
41432
41417
41410
41406
41399
41360
41082
41069
40997
40866
40838
40795
40732
40583
40550
40542
40519
40479
40476
40442
40377
40186
40176
40166
40107
40085
40057
39967
39796
39791
39768
39737
39722
39671
39613
39607
39502
39491
39485
39477
39459
39456
39401
39348
39337
39300
39276
39151
39137
39133
39128
39117
38988
38986
38951
38889
38885
38801
38784
38748
38719
38706
38687
38616
38604
38515
38439
38369
38253
38216
38154
38144
38113
38019
37960
37956
37907
37865
37773
37638
37549
37476
37419
37358
37349
37298
37279
37152
37075
37037
37029
37020
36998
36976
36955
36929
36818
36706
36675
36565
36551
36505
36504
36329
36301
36293
36096
36096
36081
36073
36046
36014
35976
35968
35938
35934
35866
35863
35818
35659
35502
35479
35421
35402
35377
35364
35360
35334
35267
35207
35199
35180
35143
35120
35104
35098
35057
35032
35021
34988
34820
34791
34788
34777
34673
34662
34615
34551
34498
34431
34385
34323
34261
34191
33976
33940
33842
33796
33785
33766
33764
33739
33674
33668
33585
33503
33405
33367
33365
33358
33289
33266
33111
33104
33101
33079
33003
32994
32965
32866
32866
32837
32784
32771
32760
32586
32444
32409
32342
32232
32156
32114
32111
32054
32026
31953
31804
31776
31697
31504
31479
31431
31373
31338
31319
31252
31218
31177
31166
31128
31114
31107
31083
30989
30949
30939
30900
30848
30847
30737
30608
30596
30567
30557
30545
30494
30464
30386
30252
30224
30115
30088
30035
29988
29918
29769
29651
29589
29520
29421
29415
29384
29337
29329
29289
29267
29241
29231
29230
29205
29124
29027
29023
28922
28803
28778
28759
28742
28712
28608
28535
28522
28375
28360
28241
28137
28063
28054
28043
28013
27922
27854
27641
27595
27570
27500
27440
27430
27410
27394
27366
27191
27145
27121
27087
27067
26845
26791
26754
26607
26507
26424
26416
26347
26237
26225
26216
26197
26117
26019
25976
25966
25946
25923
25914
25904
25777
25601
25563
25562
25501
25463
25391
25351
25298
25295
25242
25179
25148
25016
25006
24971
24941
24771
24706
24631
24627
24608
24596
24508
24498
24488
24469
24469
24466
24434
24318
24302
24281
24210
24164
24152
24083
23956
23942
23916
23907
23880
23764
23760
23693
23677
23655
23640
23516
23401
23377
23327
23205
23146
23090
23073
23070
22853
22709
22681
22646
22633
22583
22577
22570
22529
22474
22396
22356
22298
22240
22205
22171
22113
22024
22022
21946
21928
21890
21818
21814
21752
21701
21687
21598
21588
21588
21580
21548
21514
21493
21395
21336
21320
21229
21121
21120
21077
21025
21012
20997
20982
20958
20939
20873
20733
20717
20694
20677
20263
20213
20109
19982
19980
19970
19952
19904
19898
19874
19860
19854
19730
19716
19678
19634
19445
19418
19320
19303
19294
19274
19248
19210
19166
19121
18990
18985
18930
18914
18872
18790
18734
18657
18509
18501
18408
18396
18333
18254
18192
18188
18131
18124
18025
18024
18004
17980
17918
17900
17856
17839
17833
17600
17391
17335
17321
17214
17156
17049
16969
16909
16890
16870
16838
16834
16824
16821
16763
16742
16724
16718
16697
16640
16611
16593
16586
16472
16468
16434
16405
16377
16248
16222
16210
16135
16105
16070
15978
15938
15868
15835
15832
15705
15446
15442
15348
15337
15321
15265
15261
15248
15172
15159
15137
15106
15058
15033
15023
14932
14856
14845
14833
14801
14770
14741
14727
14651
14584
14404
14338
14337
14299
14265
14237
14196
14097
14022
13997
13880
13786
13749
13684
13596
13514
13420
13362
13321
13273
13240
13214
13207
13139
13139
13003
12770
12705
12644
12443
12439
12362
12356
12351
12306
12280
12144
12132
11999
11995
11962
11898
11883
11830
11794
11792
11714
11700
11629
11541
11525
11501
11448
11354
11308
11250
11221
11165
11143
11094
10955
10953
10873
10805
10785
10745
10732
10708
10684
10633
10580
10493
10452
10434
10377
10363
10282
10270
10245
10200
10156
10133
10002
9985
9985
9955
9897
9892
9854
9766
9747
9716
9713
9679
9566
9531
9347
9291
9285
9243
9197
9191
9183
9132
9117
9112
8956
8898
8890
8869
8836
8789
8687
8542
8405
8335
8271
8263
8240
8198
8152
8063
8015
7943
7922
7838
7767
7666
7661
7660
7610
7588
7477
7385
7372
7294
7284
7265
7210
7144
7019
6975
6942
6806
6701
6674
6533
6479
6437
6394
6342
6339
6314
6212
6111
6073
6020
6006
6001
5963
5916
5900
5823
5753
5602
5447
5366
5318
5306
5275
5246
5187
5149
5137
5046
5039
5017
5003
4954
4933
4872
4781
4772
4768
4743
4671
4601
4600
4552
4547
4526
4471
4464
4372
4364
4354
4338
4318
4268
4239
4119
4115
4109
3924
3897
3879
3868
3847
3827
3732
3722
3709
3627
3618
3477
3447
3292
3289
3210
3159
3133
3031
2998
2969
2879
2868
2831
2762
2751
2704
2702
2688
2663
2616
2599
2568
2428
2317
2316
2303
2181
2176
2162
2084
2048
1910
1886
1852
1852
1834
1826
1822
1795
1702
1596
1557
1550
1506
1323
1287
1282
1271
1159
1009
972
968
847
824
805
737
717
681
634
305
297
289
275
262
241
182
162
93
68
35
