99972
99954
99906
99870
99853
99822
99762
99604
99513
99412
99327
99308
99165
99157
99063
99027
99025
98993
98978
98976
98932
98864
98858
98852
98802
98789
98647
98632
98573
98556
98541
98515
98486
98432
98397
98056
98046
98020
97987
97854
97842
97767
97718
97715
97641
97629
97626
97609
97582
97571
97535
97424
97390
97365
97211
97149
97139
97128
97088
97078
97043
96962
96814
96780
96764
96668
96648
96626
96580
96564
96486
96283
96268
96220
96184
96160
96118
96089
96023
95986
95972
95954
95875
95843
95772
95766
95710
95608
95604
95538
95504
95499
95469
95409
95365
95343
95318
95259
95141
95120
95092
95076
95033
95028
95026
94985
94976
94941
94848
94837
94836
94810
94803
94728
94713
94623
94613
94463
94436
94407
94311
94283
94262
94247
93921
93810
93776
93775
93668
93527
93491
93465
93425
93422
93376
93095
93048
93032
92984
92963
92879
92757
92679
92625
92605
92556
92528
92432
92362
92348
92344
92314
92270
92267
92239
92142
92093
92044
92039
91989
91972
91914
91892
91708
91706
91671
91585
91515
91460
91407
91365
91355
91310
91283
91276
91257
91249
91226
91155
91150
91127
91054
91022
90988
90983
90967
90963
90852
90840
90785
90778
90775
90732
90712
90674
90657
90595
90570
90478
90457
90370
90339
90332
90331
90286
90093
90062
89992
89991
89816
89762
89733
89634
89628
89454
89429
89398
89338
89296
89296
89268
89233
89156
89135
88929
88918
88906
88885
88869
88858
88823
88771
88755
88702
88539
88512
88406
88383
88377
88270
88262
88236
88212
88120
88025
87992
87898
87827
87827
87794
87791
87713
87570
87549
87540
87401
87400
87381
87361
87342
87281
87222
87198
87127
87061
87027
86862
86849
86847
86798
86727
86674
86649
86617
86523
86521
86516
86399
86397
86355
86344
86321
86308
86225
86175
86149
86102
86076
86014
85908
85897
85892
85850
85821
85773
85697
85583
85467
85345
85325
85107
85087
84995
84983
84900
84899
84885
84794
84652
84624
84475
84450
84393
84362
84347
84247
84204
84192
84160
84113
84055
84011
83930
83923
83872
83839
83833
83825
83813
83806
83790
83776
83739
83719
83704
83703
83571
83414
83413
83398
83311
83289
83279
83200
82968
82930
82883
82863
82857
82788
82682
82654
82638
82576
82543
82414
82403
82381
82319
82299
82217
82214
82211
82196
82107
82087
82063
82061
81963
81912
81908
81877
81862
81853
81838
81811
81696
81675
81594
81584
81542
81498
81468
81417
81241
81192
81154
81147
81026
80860
80759
80650
80618
80608
80518
80505
80459
80426
80409
80397
80355
80316
80303
80289
80272
80266
80245
80138
79962
79899
79841
79743
79657
79617
79432
79398
79345
79335
79329
79238
79211
79201
79149
79087
79005
78914
78891
78885
78859
78786
78737
78715
78712
78697
78659
78630
78600
78563
78518
78390
78379
78329
78273
78241
78228
78211
78185
78151
78149
78111
78039
78035
78009
78005
77898
77811
77577
77513
77439
77390
77367
77345
77326
77241
77239
77233
77139
77102
77053
77003
76933
76891
76839
76811
76746
76742
76641
76624
76572
76416
76378
76377
76370
76234
76104
75882
75846
75787
75765
75738
75717
75689
75659
75657
75610
75600
75578
75495
75468
75458
75323
75166
75149
75137
75069
75065
75053
74936
74857
74835
74818
74784
74709
74667
74573
74475
74375
74279
74250
74191
74189
74052
74015
73799
73789
73778
73753
73746
73655
73587
73574
73563
73446
73355
73335
73325
73296
73190
73184
73143
73123
73081
72956
72953
72948
72894
72798
72798
72781
72721
72704
72696
72598
72556
72536
72501
72471
72377
72365
72343
72319
72240
72223
72211
72153
72149
72116
72066
72034
72017
71965
71916
71912
71844
71817
71807
71799
71765
71735
71688
71634
71631
71588
71515
71501
71427
71412
71307
71287
71276
71258
71168
71132
71097
71077
70936
70760
70749
70626
70613
70545
70532
70520
70449
70396
70199
70162
70119
70068
70048
69931
69900
69899
69820
69745
69710
69708
69706
69602
69537
69527
69498
69436
69432
69425
69423
69369
69279
69264
69059
69052
69023
69014
68930
68910
68793
68780
68716
68630
68601
68567
68551
68473
68391
68362
68254
68192
68043
67982
67931
67902
67861
67858
67855
67833
67816
67721
67712
67711
67620
67590
67582
67571
67551
67464
67303
67285
67231
67155
67124
67118
67070
66993
66910
66908
66888
66885
66830
66820
66759
66718
66713
66698
66588
66575
66459
66438
66428
66384
66356
66324
66243
66237
66213
66210
66210
66109
66100
66020
65988
65983
65974
65929
65854
65853
65830
65814
65798
65767
65683
65680
65550
65539
65507
65469
65409
65395
65322
65287
65195
65143
64800
64696
64604
64553
64471
64396
64359
64354
64344
64327
64319
64298
64109
64081
64022
63963
63858
63804
63720
63698
63657
63528
63450
63445
63403
63388
63343
63235
63214
63161
63151
63020
62949
62904
62898
62877
62651
62470
62380
62307
62275
62268
62201
62126
62102
62027
61925
61873
61845
61640
61595
61595
61565
61459
61356
61340
61278
61179
61094
61092
60960
60863
60831
60824
60822
60737
60685
60582
60575
60529
60516
60496
60472
60456
60418
60296
60279
60160
60147
60144
60117
60053
60050
59984
59879
59567
59553
59472
59452
59410
59314
59286
59273
59240
59170
59120
59104
59095
58973
58946
58934
58877
58870
58860
58779
58761
58720
58696
58591
58481
58344
58314
58240
58214
58172
58117
57921
57891
57873
57862
57834
57828
57739
57711
57644
57605
57546
57498
57463
57218
57190
57017
57000
56939
56877
56860
56856
56804
56790
56786
56779
56486
56391
56374
56335
56288
56249
56192
56143
56137
56125
56125
55961
55950
55906
55844
55800
55658
55610
55500
55473
55456
55432
55429
55287
55261
55251
55177
55086
55055
55000
54944
54818
54746
54626
54523
54474
54362
54330
54245
54022
53949
53927
53891
53793
53546
53505
53505
53466
53444
53430
53400
53394
53315
53289
53284
53204
53094
52946
52906
52873
52801
52758
52685
52677
52518
52497
52371
52344
52341
52319
52207
52182
52176
52040
52008
51978
51971
51935
51873
51856
51654
51608
51522
51519
51457
51442
51412
51359
51347
51296
51293
51278
51266
51265
51260
51194
51162
51017
50997
50978
50942
50854
50843
50743
50706
50555
50501
50500
50444
50435
50382
50340
50264
50189
50143
50089
50062
49962
49902
49895
49883
49840
49819
49807
49732
49728
49714
49661
49636
49516
49463
49418
49361
49284
49275
49261
49162
49072
49044
49017
49004
48990
48978
48888
48863
48805
48708
48702
48573
48484
48466
48460
48339
48303
48254
48142
48052
47978
47976
47889
47863
47843
47812
47749
47701
47661
47516
47485
47445
47314
47255
47217
47176
47085
47042
47010
47009
46996
46957
46882
46817
46631
46515
46473
46454
46409
46395
46374
46373
46361
46351
46338
46302
46250
46174
46107
46080
46060
45983
45834
45800
45718
45585
45577
45539
45510
45489
45427
45376
45241
45215
45075
45068
45043
44764
44730
44632
44509
44449
44442
44325
44320
44206
44097
43962
43951
43946
43879
43878
43804
43742
43687
43664
43628
43622
43607
43563
43550
43511
43388
43382
43368
43304
43254
43228
43172
43156
43132
43023
43015
42998
42993
42992
42914
42887
42822
42790
42690
42679
42662
42502
42478
42408
42394
42196
42193
42147
41963
41951
41948
41807
41715
41636
41631
41610
41584
41433
41408
41368
41297
41271
41203
41155
41058
41055
41050
40968
40861
40779
40773
40746
40683
40670
40637
40547
40452
40407
40345
40343
40330
40329
40267
40203
40124
39988
39876
39838
39676
39580
39534
39524
39510
39493
39479
39465
39440
39435
39414
39378
39329
39294
39243
39120
39118
39086
39038
39025
38944
38900
38860
38856
38855
38787
38785
38742
38673
38632
38612
38605
38513
38512
38458
38406
38379
38280
38243
38223
38222
38117
38030
38019
38011
37996
37946
37884
37849
37700
37645
37642
37586
37562
37561
37540
37523
37465
37425
37402
37364
37339
37298
37269
37250
37192
37174
37119
37096
37071
37039
37007
36918
36901
36887
36731
36717
36662
36635
36587
36522
36500
36486
36404
36350
36310
36299
36238
36234
36210
36152
36130
36078
36054
36019
35963
35880
35868
35867
35866
35616
35519
35498
35285
35149
34880
34708
34673
34640
34591
34552
34428
34365
34347
34315
34268
34158
34055
34020
33986
33986
33985
33909
33878
33874
33739
33731
33720
33653
33620
33573
33546
33484
33417
33399
33361
33257
33255
33229
33218
33183
33088
33078
32903
32902
32751
32742
32732
32581
32576
32462
32439
32398
32333
32330
32270
32118
32082
32077
32032
32016
31897
31863
31834
31782
31753
31642
31642
31588
31587
31497
31490
31469
31343
31343
31284
31201
31188
31136
31124
31034
31017
30934
30764
30644
30628
30550
30463
30393
30384
30381
30370
30343
30272
30192
30181
30073
30058
30038
30003
29916
29915
29910
29890
29869
29839
29832
29753
29696
29618
29585
29567
29553
29532
29480
29467
29460
29405
29277
29231
29189
29184
29174
29147
28977
28966
28954
28902
28881
28827
28660
28646
28584
28520
28483
28472
28452
28428
28360
28347
28294
28133
28122
27955
27955
27899
27890
27878
27866
27833
27833
27813
27800
27797
27744
27631
27455
27433
27199
27182
27029
27014
26984
26916
26880
26833
26829
26821
26775
26737
26688
26602
26422
26322
26303
26300
26295
26222
26198
26189
26025
25951
25922
25911
25751
25696
25681
25511
25475
25421
25394
25313
25169
25109
24989
24984
24938
24780
24769
24695
24694
24671
24668
24661
24652
24649
24620
24574
24561
24508
24473
24469
24467
24446
24435
24375
24313
24250
24139
24063
23998
23919
23810
23726
23692
23676
23671
23660
23629
23622
23550
23522
23442
23419
23412
23396
23347
23327
23315
23219
23179
23167
23062
23047
23042
22966
22927
22903
22900
22831
22783
22720
22707
22652
22635
22629
22591
22591
22579
22566
22529
22273
22115
22044
22009
21906
21842
21837
21833
21770
21759
21702
21629
21614
21585
21558
21510
21494
21463
21454
21452
21449
21333
21287
21140
21069
20996
20976
20907
20890
20880
20792
20723
20697
20693
20649
20631
20558
20545
20467
20436
20304
20205
20187
20171
20165
20156
20145
20084
20059
20052
20038
19964
19944
19907
19867
19817
19673
19631
19627
19415
19383
19364
19334
19325
19192
19172
19158
19153
19143
19131
19082
19066
19051
19046
19039
19016
19013
18912
18793
18646
18500
18473
18446
18417
18396
18394
18329
18266
18134
18028
17979
17945
17936
17877
17874
17818
17765
17717
17582
17530
17495
17474
17471
17460
17448
17356
17225
17221
17217
17177
17158
17081
17079
16925
16834
16734
16684
16672
16634
16542
16528
16456
16400
16358
16338
16156
16060
15983
15982
15953
15948
15916
15908
15794
15704
15681
15606
15597
15533
15502
15483
15475
15339
15332
15265
15208
15071
15065
15005
14951
14940
14938
14890
14873
14860
14829
14812
14775
14683
14680
14658
14636
14609
14561
14489
14445
14365
14316
14246
14231
14230
14115
14077
14007
13986
13898
13876
13829
13825
13726
13688
13646
13615
13544
13543
13530
13471
13468
13467
13442
13440
13421
13420
13407
13387
13332
13282
13247
13219
13208
13187
13167
13155
13149
13074
13070
13049
13003
12990
12941
12938
12833
12731
12719
12715
12706
12689
12666
12663
12541
12537
12498
12492
12484
12476
12465
12439
12434
12433
12377
12345
12335
12254
12193
12181
12149
12033
11849
11829
11785
11465
11417
11354
11254
11227
11226
11207
11172
11015
11007
11005
10917
10786
10677
10637
10612
10330
10216
10192
10137
10111
10093
10051
10047
9987
9985
9914
9839
9644
9580
9539
9415
9368
9304
9277
9216
9192
9192
9190
9170
9086
9057
8998
8985
8970
8844
8790
8668
8656
8625
8595
8547
8522
8494
8462
8423
8403
8389
8345
8338
8207
8183
8129
8128
8118
8087
8070
7982
7974
7942
7935
7932
7928
7771
7765
7754
7692
7644
7599
7582
7544
7521
7492
7454
7425
7404
7350
7229
7199
7177
7132
7094
7041
7004
6988
6932
6922
6906
6757
6683
6631
6628
6627
6563
6530
6524
6488
6381
6288
6172
6157
6124
6066
6055
6007
5833
5764
5759
5758
5743
5691
5538
5536
5528
5412
5389
5303
5286
5279
5231
5213
5073
5030
4984
4977
4954
4939
4879
4747
4695
4500
4421
4393
4340
4309
4273
4241
4225
4161
4130
4090
4032
3871
3857
3785
3752
3740
3725
3660
3522
3482
3422
3390
3389
3380
3377
3275
3245
3234
3233
3105
3020
2927
2834
2775
2761
2759
2750
2680
2673
2628
2562
2550
2424
2362
2340
2330
2276
2227
2150
2125
1978
1972
1924
1777
1773
1687
1592
1588
1581
1500
1459
1420
1405
1290
1290
1134
1039
1030
915
878
868
793
720
695
683
648
644
607
433
424
417
410
228
221
220
81
40
25
9
