99986
99985
99963
99937
99880
99832
99782
99779
99776
99772
99713
99648
99620
99545
99443
99384
99365
99356
99299
99259
99144
99046
99033
99023
98909
98847
98789
98755
98731
98696
98625
98619
98613
98473
98449
98422
98326
98258
98206
98197
98140
98121
98059
97999
97970
97927
97903
97865
97822
97746
97629
97518
97515
97366
97360
97349
97344
97160
97026
97001
96893
96874
96727
96691
96676
96646
96633
96630
96448
96436
96350
96314
96233
96164
96162
96125
96035
95995
95943
95867
95858
95754
95726
95701
95699
95612
95606
95520
95451
95348
95291
95264
95237
95173
95139
95096
95054
95052
94969
94963
94886
94610
94560
94494
94449
94392
94228
94056
93925
93897
93887
93866
93850
93830
93747
93728
93701
93675
93499
93469
93391
93361
93357
93281
93232
93230
93205
93168
92946
92922
92868
92775
92629
92521
92494
92483
92396
92336
92239
92236
92128
92094
92087
92052
91993
91967
91935
91860
91814
91709
91698
91622
91528
91472
91343
91296
91270
91218
91163
91134
91067
91032
90825
90763
90726
90713
90598
90556
90533
90392
90336
90242
90183
90083
90078
90052
90025
89982
89892
89883
89780
89699
89649
89636
89623
89562
89423
89382
89380
89379
89336
89333
89312
89303
89118
89087
89040
89012
88985
88931
88822
88787
88750
88715
88702
88496
88438
88304
88262
88091
88048
88035
87990
87976
87952
87778
87669
87665
87658
87591
87555
87546
87520
87473
87472
87382
87342
87299
87274
87221
87049
87047
87031
86965
86949
86936
86922
86862
86597
86562
86516
86422
86406
86383
86382
86276
86248
86189
86182
86170
86074
85978
85815
85758
85737
85724
85715
85688
85660
85578
85576
85554
85524
85391
85390
85327
85148
85146
85083
85025
85011
84952
84918
84864
84764
84552
84519
84502
84428
84377
84375
84358
84281
84241
84121
84003
83981
83935
83930
83890
83872
83783
83777
83723
83694
83632
83548
83515
83362
83316
83272
83134
83102
83027
82981
82855
82844
82696
82694
82526
82504
82499
82493
82403
82355
82348
82268
82230
82202
82124
82097
82085
82004
81983
81981
81924
81866
81731
81636
81611
81607
81606
81543
81515
81443
81395
81395
81384
81310
81190
81176
81154
81071
80987
80936
80901
80851
80816
80812
80751
80697
80683
80608
80529
80396
80382
80375
80354
80351
80273
80250
80162
80122
80102
79970
79960
79954
79898
79849
79789
79591
79489
79407
79375
79284
79281
79275
79258
79237
79123
79065
79043
78858
78754
78745
78703
78578
78501
78489
78488
78423
78384
78347
78319
78203
78162
78128
78081
78022
78003
77858
77769
77733
77717
77548
77466
77446
77415
77286
77269
77259
77231
77170
77141
77094
77079
77014
76997
76876
76836
76832
76725
76630
76595
76560
76533
76517
76396
76291
76192
76187
76128
76107
76101
76048
75989
75984
75806
75774
75687
75662
75510
75295
75237
75235
75151
75147
75034
74980
74974
74920
74902
74789
74779
74774
74767
74747
74747
74681
74631
74546
74538
74530
74508
74445
74386
74370
74270
74218
74215
74187
74144
74107
74063
74060
74041
74008
73946
73816
73808
73787
73743
73728
73720
73586
73585
73581
73542
73536
73474
73375
73298
73255
73187
73171
73101
73023
72981
72898
72844
72840
72781
72736
72642
72625
72525
72339
72234
72217
72163
72154
72092
72080
72062
72014
71992
71964
71900
71891
71857
71846
71843
71832
71830
71611
71581
71581
71523
71402
71312
71261
71237
71216
71204
71204
71184
71125
71105
71103
71089
71049
71007
70996
70995
70933
70923
70878
70778
70565
70542
70441
70342
70286
70262
70246
70212
70138
70098
70098
70064
70052
69993
69984
69925
69903
69869
69722
69513
69406
69405
69292
69260
69213
69198
69170
69053
69038
69025
69014
68928
68898
68876
68873
68845
68812
68797
68684
68656
68508
68449
68433
68420
68397
68389
68336
68335
68317
68310
68244
68214
68152
68137
68122
68058
67867
67770
67761
67748
67737
67684
67648
67609
67560
67526
67501
67216
67190
67129
67034
66956
66938
66890
66868
66779
66742
66728
66620
66510
66451
66345
66289
66242
66214
66185
66135
66107
66088
66041
66041
65998
65915
65853
65842
65751
65751
65742
65680
65646
65614
65475
65400
65386
65128
65125
65096
65064
65029
64997
64847
64787
64723
64691
64685
64648
64644
64612
64587
64514
64467
64435
64428
64419
64341
64304
64209
64167
64161
64149
64120
64093
63966
63957
63906
63874
63827
63820
63794
63676
63656
63655
63651
63643
63639
63607
63576
63513
63505
63495
63449
63407
63331
63294
63234
63202
63170
63144
63138
63134
63114
63105
63075
63018
62928
62861
62760
62717
62716
62711
62675
62590
62483
62415
62278
62235
62174
62110
61993
61914
61829
61728
61727
61725
61643
61601
61517
61464
61450
61419
61415
61369
61253
61124
61013
61007
60823
60738
60727
60651
60649
60647
60630
60622
60618
60518
60482
60462
60447
60372
60360
60344
60250
60230
60128
60051
60050
60039
59975
59946
59940
59841
59750
59731
59691
59626
59571
59543
59540
59380
59353
59342
59341
59311
59259
59176
59104
59033
59003
58961
58957
58920
58893
58868
58838
58795
58766
58754
58754
58738
58707
58702
58696
58684
58490
58484
58450
58436
58381
58353
58289
58279
58251
58168
58143
58033
57997
57972
57938
57912
57885
57863
57830
57763
57541
57534
57398
57350
57305
57196
57086
57042
57018
56988
56977
56958
56948
56876
56806
56661
56651
56643
56615
56553
56527
56503
56502
56421
56335
56289
56206
56185
56155
56152
56107
55928
55850
55833
55820
55810
55767
55736
55729
55622
55542
55250
55038
55004
54957
54910
54903
54857
54849
54845
54839
54739
54720
54598
54586
54547
54517
54457
54422
54417
54414
54397
54375
54303
54226
54085
54064
53907
53769
53731
53708
53652
53542
53516
53464
53365
53329
53210
53155
53136
53095
53072
52984
52949
52816
52714
52702
52671
52645
52586
52522
52510
52470
52419
52343
52309
52228
52195
52151
52128
52121
52098
52046
52036
51997
51966
51943
51860
51707
51611
51604
51542
51526
51500
51493
51440
51368
51273
51266
50929
50885
50814
50740
50666
50637
50577
50499
50387
50368
50334
50213
50199
50195
50038
49943
49939
49919
49919
49877
49822
49799
49693
49628
49561
49458
49374
49257
49251
49141
49129
49093
49087
49072
49063
49061
49021
49011
48905
48855
48812
48786
48711
48656
48580
48537
48514
48477
48437
48421
48413
48390
48386
48344
48275
48205
48115
48045
48039
48038
47971
47942
47937
47803
47728
47693
47672
47638
47454
47429
47397
47335
47199
47165
47165
47144
47025
47008
46949
46875
46862
46805
46785
46721
46716
46679
46676
46659
46582
46529
46486
46308
46219
46200
46149
46141
46119
46095
46078
45815
45795
45783
45505
45497
45309
45300
45260
45251
45196
45184
45148
45053
45044
44943
44865
44782
44734
44733
44632
44393
44382
44374
44351
44319
44303
44291
44247
44139
44132
43978
43938
43889
43810
43755
43605
43598
43558
43510
43492
43488
43472
43443
43443
43405
43373
43361
43360
43334
43144
43107
42921
42871
42845
42785
42779
42750
42653
42604
42409
42392
42342
42169
42132
42107
42018
41906
41878
41873
41867
41833
41752
41726
41724
41687
41663
41651
41604
41517
41509
41482
41416
41308
41180
41061
40987
40823
40706
40703
40699
40564
40458
40411
40395
40357
40330
40277
40215
40205
40181
39951
39847
39754
39736
39735
39718
39612
39608
39557
39530
39487
39477
39446
39387
39238
39164
39154
39121
39100
39060
39039
39032
38946
38940
38930
38900
38853
38826
38825
38792
38766
38741
38709
38645
38601
38592
38487
38481
38419
38277
38264
38233
38228
38197
38136
38074
38031
37932
37885
37841
37815
37783
37754
37737
37717
37707
37696
37674
37666
37646
37593
37592
37587
37586
37581
37516
37498
37490
37472
37424
37404
37399
37393
37359
37306
37251
37185
37009
36972
36904
36859
36836
36765
36700
36663
36587
36575
36513
36284
36088
36073
36066
36025
35946
35911
35869
35816
35752
35734
35717
35627
35549
35490
35472
35445
35442
35321
35221
35184
35140
35125
34968
34914
34890
34877
34846
34841
34777
34774
34762
34758
34751
34718
34705
34689
34685
34683
34653
34645
34627
34585
34523
34489
34455
34423
34403
34382
34363
34317
34253
34186
34147
34074
34061
34032
34027
33996
33953
33767
33758
33737
33725
33716
33713
33639
33614
33574
33532
33472
33469
33348
33080
33010
32901
32865
32857
32852
32831
32789
32783
32775
32701
32557
32553
32527
32504
32465
32436
32425
32362
32360
32304
32230
32178
32134
32116
32074
32065
32064
32020
31973
31967
31946
31868
31845
31821
31816
31800
31796
31683
31638
31570
31538
31531
31531
31434
31415
31371
31363
31353
31286
31280
31193
31146
31138
31135
31109
31050
31047
30941
30882
30854
30850
30776
30764
30729
30674
30666
30626
30617
30540
30514
30487
30465
30458
30411
30404
30389
30382
30351
30350
30338
30336
30286
30257
30256
30250
30218
30218
30126
30067
30048
29916
29905
29756
29747
29746
29676
29512
29438
29419
29408
29401
29322
29313
29307
29282
29243
29230
29200
29191
29180
29173
29031
29016
28807
28723
28630
28522
28494
28450
28342
28329
28318
28259
28251
28237
28225
28212
28181
28175
28095
28061
28054
28041
28010
27988
27929
27926
27896
27855
27776
27740
27722
27694
27681
27616
27548
27538
27530
27500
27485
27418
27386
27184
27150
27096
27064
27027
27023
26972
26969
26961
26949
26898
26893
26892
26765
26738
26684
26673
26668
26556
26555
26445
26405
26394
26299
26253
26209
26195
26166
26116
26005
25933
25884
25881
25857
25827
25678
25657
25595
25513
25460
25448
25429
25410
25401
25337
25322
25107
25073
25032
24985
24760
24680
24673
24585
24572
24519
24518
24445
24377
24298
24242
24228
24214
24178
24161
24151
24074
24053
23863
23854
23831
23831
23680
23677
23676
23645
23639
23621
23547
23516
23486
23454
23440
23429
23424
23414
23369
23336
23298
23283
23233
23226
23176
23110
23015
22979
22947
22872
22866
22785
22776
22755
22699
22685
22590
22588
22561
22452
22441
22441
22374
22374
22246
22221
22119
22092
22047
21957
21926
21867
21800
21753
21746
21636
21633
21625
21596
21488
21470
21289
21241
21212
21191
21110
21092
20974
20869
20825
20768
20409
20393
20369
20349
20342
20301
20298
20231
20224
20148
20074
20065
19987
19962
19874
19873
19861
19835
19786
19656
19652
19551
19534
19500
19464
19461
19371
19349
19330
19329
19265
19209
19192
19186
19118
19105
19076
18921
18889
18804
18770
18711
18709
18606
18489
18410
18406
18379
18312
18302
18297
18163
18155
18044
18032
18022
18001
17838
17832
17797
17771
17750
17645
17621
17589
17560
17470
17463
17404
17383
17309
17308
17292
17089
17024
16900
16898
16853
16789
16766
16690
16671
16638
16621
16601
16505
16475
16443
16406
16342
16171
16121
16088
15995
15813
15805
15652
15536
15431
15386
15333
15320
15306
15282
15268
15214
15078
15072
14954
14862
14856
14813
14779
14771
14533
14502
14427
14398
14316
14235
14162
14097
14097
14051
14027
13900
13879
13875
13704
13674
13455
13236
13229
13149
13068
13051
13036
12984
12951
12949
12925
12920
12837
12689
12678
12608
12602
12564
12518
12507
12319
12295
12290
12263
12214
12196
12124
11963
11925
11919
11914
11902
11896
11773
11734
11626
11593
11583
11567
11546
11545
11386
11296
11295
11212
11186
11093
11027
10904
10854
10840
10790
10684
10675
10611
10594
10590
10583
10579
10502
10449
10412
10411
10380
10373
10268
10157
10153
10143
10122
10113
10072
10067
10042
10033
10009
9899
9859
9835
9782
9756
9685
9673
9666
9640
9637
9590
9586
9582
9517
9459
9449
9381
9366
9366
9355
9311
9308
9306
9304
9278
9263
9179
9156
9130
9093
8985
8933
8919
8911
8769
8737
8708
8658
8632
8567
8556
8517
8456
8437
8393
8374
8367
8327
8031
7986
7974
7878
7866
7717
7639
7622
7583
7530
7429
7126
7032
6969
6928
6825
6756
6695
6615
6615
6513
6449
6424
6417
6408
6376
6376
6221
6217
6166
6151
6132
6074
6071
5980
5973
5958
5878
5837
5793
5782
5757
5750
5702
5701
5560
5423
5258
5244
5209
5148
5123
5042
5020
5000
4966
4897
4884
4818
4784
4720
4693
4649
4642
4625
4595
4500
4497
4461
4401
4226
4178
4170
4089
4062
3969
3964
3776
3755
3719
3676
3615
3584
3476
3439
3423
3243
3231
3227
3202
3195
3116
3066
3036
3027
2953
2880
2864
2823
2822
2796
2785
2765
2546
2531
2517
2430
2395
2389
2344
2340
2297
2296
2272
2204
2189
2133
2075
2028
1947
1932
1919
1869
1754
1723
1707
1638
1602
1584
1440
1422
1416
1365
1358
1264
1102
1065
978
764
749
699
664
641
584
567
361
311
255
236
225
207
98
51
