99972
99968
99941
99829
99789
99779
99767
99754
99734
99700
99679
99620
99611
99600
99549
99424
99335
99311
99204
99196
99187
99102
99075
99026
98987
98972
98961
98881
98863
98806
98695
98693
98662
98612
98550
98426
98321
98186
98153
98151
98097
98077
98055
98046
97949
97911
97869
97841
97833
97831
97698
97536
97518
97504
97413
97410
97389
97358
97320
97284
97164
97109
97107
97101
96980
96970
96967
96898
96845
96813
96807
96724
96714
96693
96686
96631
96611
96566
96563
96524
96518
96421
96404
96361
96352
96288
96278
96210
96191
96190
96119
96119
96058
96047
95969
95807
95785
95734
95654
95628
95558
95481
95244
95206
95184
94929
94898
94863
94772
94702
94690
94604
94561
94506
94377
94374
94250
94111
94083
94055
93955
93952
93906
93780
93775
93746
93745
93652
93603
93589
93487
93474
93425
93401
93351
93344
93220
93203
93163
93157
93147
93095
93054
92958
92903
92873
92842
92784
92657
92625
92501
92421
92405
92318
92316
92273
92202
92182
92174
92147
92115
92110
92081
91930
91918
91864
91839
91813
91799
91793
91748
91741
91740
91729
91479
91459
91429
91415
91354
91301
91273
91241
91086
91047
91004
90943
90876
90782
90760
90655
90651
90630
90601
90497
90458
90401
90338
90265
90254
90246
90235
90157
90152
90108
90080
90023
90023
90011
89991
89920
89920
89912
89670
89668
89553
89433
89401
89396
89335
89309
89217
89210
89169
89137
89118
89107
89073
89040
89011
88994
88938
88913
88895
88882
88872
88863
88862
88846
88805
88729
88688
88608
88577
88387
88355
88270
88130
88066
87952
87893
87840
87746
87733
87497
87492
87486
87483
87461
87428
87418
87413
87397
87390
87358
87341
87286
87263
87224
87073
87014
86996
86887
86883
86863
86798
86778
86673
86646
86608
86451
86445
86439
86390
86227
86186
86179
86158
86102
86098
85970
85906
85800
85798
85724
85715
85693
85664
85475
85381
85362
85232
85215
85100
85041
85036
85015
85000
84976
84947
84915
84886
84856
84797
84793
84760
84653
84592
84553
84480
84459
84421
84421
84376
84305
84253
84073
84073
83838
83787
83769
83760
83749
83729
83702
83700
83675
83659
83633
83526
83469
83420
83395
83388
83325
83095
82825
82798
82775
82699
82698
82644
82567
82535
82427
82413
82332
82331
82306
82264
82239
82165
81976
81813
81797
81794
81706
81643
81601
81591
81582
81529
81528
81488
81474
81415
81404
81379
81343
81266
81252
81176
81170
81163
81143
81128
81124
81111
81073
81033
81017
80960
80889
80848
80653
80628
80622
80619
80596
80486
80427
80425
80405
80370
80341
80266
80209
80146
80060
80057
80034
79941
79903
79708
79698
79696
79680
79555
79548
79507
79416
79344
79159
79005
78997
78971
78845
78683
78624
78477
78422
78366
78292
78255
78229
78204
78201
78183
78160
78091
78040
78004
77985
77971
77909
77905
77750
77722
77596
77587
77559
77536
77493
77425
77409
77388
77381
77254
77253
77123
77121
77072
77069
76967
76966
76943
76887
76872
76834
76674
76623
76621
76511
76451
76377
76332
76247
76240
76169
76120
76018
75997
75939
75908
75899
75878
75823
75816
75780
75763
75754
75553
75532
75525
75519
75507
75499
75494
75444
75245
75244
75131
75106
75019
74877
74824
74807
74795
74621
74578
74551
74547
74450
74274
74240
74165
74031
74027
74016
73999
73904
73888
73863
73730
73725
73712
73655
73583
73554
73484
73470
73422
73411
73374
73351
73282
73244
73159
73158
73151
73141
73114
73065
73028
72983
72970
72967
72945
72902
72886
72883
72861
72855
72722
72678
72658
72597
72513
72465
72464
72447
72362
72300
72215
72212
72121
72044
72033
71984
71963
71858
71837
71727
71668
71615
71606
71573
71513
71434
71386
71382
71362
71342
71320
71285
71227
71167
71018
70898
70782
70761
70757
70724
70690
70518
70506
70463
70454
70405
70251
70210
70163
70084
70081
69997
69963
69912
69897
69879
69858
69840
69820
69809
69704
69635
69632
69599
69559
69526
69451
69429
69409
69408
69391
69377
69329
69327
69298
69278
69167
69108
69101
69075
69068
69008
68969
68954
68936
68783
68768
68651
68554
68540
68494
68473
68362
68354
68293
68290
68190
68067
67994
67882
67844
67810
67790
67720
67505
67474
67430
67391
67273
67266
67231
67189
67000
66959
66868
66792
66769
66752
66706
66694
66659
66645
66560
66554
66435
66390
66369
66142
66070
66067
66051
66028
65958
65880
65852
65799
65779
65774
65750
65712
65564
65490
65430
65230
65134
65076
64972
64971
64929
64866
64845
64816
64742
64733
64608
64605
64538
64467
64439
64385
64365
64318
64244
64205
64185
64151
64135
63969
63930
63860
63850
63657
63621
63546
63514
63430
63421
63397
63326
63197
63138
62965
62957
62801
62745
62672
62574
62499
62492
62461
62357
62329
62283
62280
62262
62249
62216
62201
62201
62175
62012
61934
61928
61915
61737
61714
61344
61283
61245
61238
61198
61196
61169
61155
61082
61055
60936
60909
60843
60791
60735
60668
60645
60633
60505
60366
60273
60256
60250
60016
60002
59953
59930
59886
59855
59834
59744
59743
59731
59720
59715
59646
59572
59562
59531
59530
59511
59488
59466
59465
59426
59405
59390
59185
59158
59140
59139
58990
58830
58822
58815
58804
58650
58638
58626
58598
58577
58534
58526
58469
58423
58361
58359
58344
58343
58336
58332
58279
58270
58119
58083
58053
58025
57966
57904
57870
57865
57853
57848
57805
57770
57677
57586
57537
57504
57476
57446
57417
57414
57404
57392
57277
57158
57153
57074
57062
56921
56878
56812
56745
56743
56634
56603
56601
56584
56540
56453
56447
56436
56262
56229
56179
56157
56034
56007
56006
55999
55915
55828
55817
55782
55623
55612
55550
55407
55401
55359
55294
55291
55127
55106
55097
55069
55055
54970
54942
54834
54769
54672
54633
54604
54602
54517
54508
54479
54439
54337
54260
54247
54189
53960
53939
53933
53851
53834
53806
53783
53776
53744
53638
53544
53531
53524
53460
53410
53399
53379
53305
53285
53281
53257
53218
53180
53052
53030
53022
53001
52932
52737
52734
52732
52653
52646
52559
52506
52472
52423
52398
52376
52208
52132
52119
52119
52112
52104
52089
52026
51946
51853
51801
51792
51757
51745
51677
51598
51568
51562
51523
51512
51368
51345
51309
51262
51225
51197
51177
51131
51108
51071
51069
51050
50958
50957
50954
50890
50853
50839
50774
50734
50673
50577
50573
50548
50418
50400
50385
50242
50227
50216
50161
50132
50110
49864
49837
49812
49798
49780
49743
49693
49675
49650
49643
49594
49540
49507
49419
49405
49308
49279
49271
49117
49092
49034
49028
49023
49003
49000
48965
48887
48764
48682
48553
48514
48509
48456
48450
48310
48304
48263
48254
48105
48074
48059
48048
48010
47963
47944
47884
47858
47850
47691
47664
47617
47586
47570
47530
47521
47500
47364
47362
47350
47305
47218
47178
47146
47121
47029
47011
46980
46965
46882
46781
46757
46690
46648
46624
46561
46546
46511
46485
46295
46271
46267
46212
45915
45869
45768
45652
45638
45634
45593
45578
45504
45476
45446
45385
45371
45256
45151
45093
44955
44880
44823
44749
44724
44710
44700
44689
44635
44608
44564
44552
44431
44330
44275
44232
44169
44131
44087
43904
43843
43792
43791
43710
43671
43647
43645
43627
43609
43528
43515
43440
43386
43359
43352
43292
43127
43094
43063
43030
42942
42909
42885
42783
42766
42750
42659
42629
42623
42621
42541
42326
42187
42184
42139
42033
41934
41906
41877
41864
41843
41743
41730
41610
41584
41556
41375
41272
40958
40920
40797
40777
40777
40749
40746
40701
40689
40686
40646
40501
40464
40431
40300
40209
40170
40147
40029
39941
39858
39804
39668
39639
39565
39556
39532
39442
39368
39359
39290
39234
39050
39048
38992
38941
38921
38915
38915
38903
38828
38781
38721
38672
38628
38626
38619
38594
38393
38379
38378
38253
38171
38136
38125
38090
38019
37995
37957
37883
37874
37806
37785
37608
37596
37550
37470
37450
37349
37337
37301
37231
37224
37201
37199
37195
37140
37074
37069
37047
36964
36937
36907
36881
36865
36792
36789
36747
36674
36455
36450
36380
36365
36261
36234
36170
36130
36102
36088
36056
35998
35984
35951
35942
35922
35882
35815
35783
35776
35775
35763
35649
35625
35567
35563
35531
35370
35288
35208
35144
35125
35097
34870
34824
34756
34746
34607
34508
34488
34465
34442
34410
34359
34345
34340
34320
34266
34247
34230
34008
33936
33901
33781
33681
33641
33537
33466
33423
33398
33333
33294
32983
32959
32951
32915
32893
32891
32851
32790
32708
32702
32639
32590
32473
32413
32347
32336
32331
32328
32301
32297
32235
32208
32164
32107
32061
32046
31988
31885
31821
31756
31732
31499
31459
31449
31447
31426
31360
31299
31212
31193
31182
31179
31095
31083
31069
31060
31019
30981
30965
30964
30959
30953
30935
30917
30914
30833
30787
30786
30773
30679
30625
30566
30566
30510
30474
30373
30361
30323
30284
30276
30273
30238
30132
30001
29982
29955
29914
29893
29863
29768
29745
29674
29615
29516
29502
29447
29436
29427
29354
29340
29279
29256
29212
29138
29088
29052
29009
28901
28866
28860
28847
28712
28693
28679
28678
28674
28662
28584
28519
28446
28390
28374
28339
28298
28168
28126
28033
27910
27823
27758
27697
27683
27647
27637
27609
27595
27592
27556
27528
27519
27504
27450
27385
27229
27221
27191
27178
27051
27036
27034
27027
26973
26958
26942
26732
26723
26652
26603
26470
26446
26433
26419
26402
26358
26339
26324
26302
26272
26223
26130
26089
26042
25989
25867
25839
25822
25722
25636
25632
25585
25495
25491
25461
25419
25402
25401
25392
25195
25194
25141
25125
25086
24941
24905
24878
24725
24593
24586
24513
24409
24406
24298
24241
24203
24200
24135
24063
24053
24028
24021
23986
23842
23782
23760
23687
23652
23637
23624
23359
23325
23290
23248
23018
22989
22978
22862
22813
22812
22791
22710
22678
22639
22584
22583
22535
22416
22407
22398
22327
22302
22267
22251
22213
22119
22081
22027
21942
21904
21903
21803
21741
21715
21685
21614
21496
21422
21421
21395
21368
21365
21359
21317
21311
21279
21247
21241
21134
21112
21042
21031
21020
20981
20915
20864
20838
20819
20809
20694
20628
20584
20493
20489
20388
20378
20158
20101
20072
20027
19956
19935
19767
19637
19629
19507
19455
19429
19427
19421
19342
19321
19305
19244
19217
19111
19060
18940
18724
18659
18641
18542
18480
18429
18415
18373
18226
18203
18032
17965
17934
17930
17830
17825
17819
17779
17652
17640
17387
17369
17315
17299
17292
17289
17288
17224
17112
17054
17013
16967
16938
16671
16661
16648
16514
16486
16339
16287
16261
16191
16165
16125
16079
16011
15951
15884
15839
15784
15775
15714
15703
15673
15644
15502
15323
15321
15281
15242
15165
15162
15159
15094
15053
14811
14710
14704
14673
14654
14615
14608
14597
14592
14589
14569
14541
14481
14478
14453
14362
14311
14231
14185
14169
14154
14055
14042
14033
14022
14016
13971
13814
13723
13715
13664
13553
13547
13524
13431
13347
13309
13238
13145
13099
13089
13044
12985
12957
12942
12908
12808
12736
12625
12554
12498
12437
12253
12244
12203
12035
12019
11855
11827
11825
11784
11760
11701
11687
11676
11604
11592
11544
11530
11363
11348
11248
11167
11157
11132
11096
11055
11001
10987
10921
10896
10858
10827
10808
10691
10589
10554
10550
10479
10350
10338
10293
10285
10227
10227
10214
10200
10198
10179
10149
10082
9985
9961
9930
9905
9853
9783
9746
9683
9631
9601
9533
9515
9452
9350
9331
9325
9291
9250
9235
9220
9194
9184
9145
9141
9124
9121
9103
9098
9088
9070
8988
8946
8828
8554
8537
8522
8458
8348
8348
8284
8261
8229
8202
8170
7974
7850
7745
7667
7652
7623
7579
7469
7402
7371
7330
7326
7284
7275
7255
7223
7178
7148
7026
7009
6951
6927
6893
6788
6695
6650
6644
6608
6540
6528
6483
6475
6447
6442
6412
6405
6390
6321
6319
6304
6288
6234
6185
6171
6131
6009
5973
5907
5896
5862
5853
5832
5762
5753
5680
5636
5630
5621
5551
5524
5444
5443
5418
5345
5244
5235
5132
5114
4959
4907
4847
4743
4711
4710
4669
4658
4652
4638
4567
4551
4532
4504
4432
4425
4397
4383
4367
4344
4258
4164
4044
4038
3919
3870
3864
3863
3792
3748
3540
3529
3347
3311
3170
3042
2875
2849
2847
2805
2791
2732
2707
2641
2563
2545
2431
2429
2364
2303
2208
2198
2171
2143
2087
2016
1899
1848
1823
1713
1592
1481
1471
1452
1436
1424
1419
1395
1391
1385
1374
1358
1204
1156
1066
1026
1017
1009
996
922
825
808
803
743
743
676
674
636
599
542
513
503
500
376
323
238
222
218
209
160
118
74
69
61
40
