99999
99971
99964
99933
99897
99758
99719
99655
99623
99378
99353
99187
99182
99176
99166
99156
99118
99061
99043
98983
98958
98925
98873
98836
98835
98716
98605
98585
98547
98541
98491
98428
98400
98398
98319
98232
98223
98128
98077
98026
98005
97973
97927
97923
97842
97841
97725
97701
97602
97582
97410
97409
97306
97302
97163
97144
97133
97092
97040
96924
96881
96787
96769
96749
96503
96429
96405
96349
96349
96281
96234
96203
96161
96104
95981
95963
95784
95636
95617
95574
95554
95446
95445
95415
95411
95363
95345
95319
95178
95163
95129
95087
95085
95068
94995
94977
94945
94790
94709
94693
94620
94571
94553
94531
94522
94454
94318
94308
94298
94192
94074
94074
93986
93899
93880
93839
93830
93758
93706
93613
93566
93469
93445
93363
93340
93193
93155
93155
93149
93042
93037
93028
92942
92891
92878
92863
92776
92731
92723
92651
92562
92454
92423
92379
92357
92337
92316
92246
92223
92122
92113
92010
91999
91952
91836
91746
91670
91501
91436
91387
91337
91179
91104
91059
91044
90978
90906
90880
90824
90792
90764
90569
90522
90395
90379
90370
90342
90332
90258
90244
90230
90216
90203
90182
90167
89997
89992
89951
89937
89858
89787
89616
89608
89573
89524
89513
89507
89482
89422
89411
89339
89334
89326
89258
89170
89145
89093
88911
88797
88693
88670
88603
88487
88452
88448
88440
88437
88236
88179
87943
87922
87887
87868
87749
87699
87687
87615
87534
87460
87436
87426
87406
87398
87125
87112
87021
87008
87004
86982
86944
86913
86908
86831
86825
86746
86746
86745
86733
86715
86604
86555
86542
86506
86488
86433
86432
86292
86253
86232
86171
86061
86042
85997
85939
85913
85785
85720
85718
85660
85646
85554
85531
85493
85426
85375
85321
85309
85210
85094
85069
85065
85060
85005
84988
84906
84901
84763
84730
84646
84629
84594
84537
84507
84351
84341
84246
84199
84106
84093
84080
84036
83963
83879
83843
83837
83811
83797
83735
83635
83603
83569
83500
83489
83483
83455
83427
83411
83344
83324
83274
83212
83180
83145
83079
83058
82974
82954
82876
82869
82848
82787
82777
82756
82719
82707
82589
82530
82512
82471
82460
82401
82262
82236
82178
82064
82014
81975
81893
81663
81642
81553
81529
81507
81436
81393
81232
81211
81055
81034
81027
81003
80992
80954
80952
80908
80896
80882
80843
80799
80788
80776
80738
80694
80641
80592
80551
80489
80470
80381
80344
80341
80312
80283
80245
80154
80130
80096
80066
80018
80000
79830
79823
79765
79734
79717
79687
79682
79664
79654
79628
79569
79558
79522
79513
79312
79271
79176
78909
78818
78798
78756
78646
78556
78548
78417
78313
78286
78282
78263
78207
78117
78107
78010
77946
77860
77701
77692
77676
77672
77656
77653
77616
77568
77563
77484
77469
77415
77412
77337
77229
77209
77137
77117
76992
76955
76890
76881
76858
76850
76781
76709
76637
76622
76610
76557
76510
76426
76377
76361
76285
76227
76204
76114
76105
76099
76019
75996
75987
75970
75926
75881
75871
75836
75757
75731
75722
75697
75601
75519
75412
75371
75355
75248
75153
75148
75142
75111
75022
74892
74841
74695
74673
74638
74497
74420
74406
74397
74369
74312
74281
74237
74223
74094
74092
74085
74075
73968
73903
73895
73859
73838
73743
73661
73623
73575
73501
73488
73429
73341
73253
73189
73052
73018
73016
72986
72955
72927
72876
72869
72817
72800
72792
72735
72720
72688
72632
72596
72541
72528
72528
72491
72437
72370
72214
72213
72210
72160
72141
72066
72050
72028
72009
71947
71940
71896
71872
71841
71828
71823
71752
71718
71566
71530
71522
71450
71420
71415
71276
71218
71166
71115
71033
71001
70984
70958
70938
70846
70833
70750
70669
70557
70476
70463
70454
70422
70400
70377
70333
70208
70108
69965
69954
69923
69751
69718
69644
69607
69581
69544
69507
69421
69384
69361
69330
69249
69248
69144
69122
69107
69073
69068
69037
68991
68907
68759
68757
68724
68714
68705
68646
68626
68611
68557
68543
68519
68505
68334
68169
68120
68075
67736
67704
67531
67520
67505
67408
67394
67389
67320
67124
67057
66981
66967
66961
66671
66595
66570
66512
66510
66441
66387
66374
66367
66276
66271
66184
66121
66081
66079
66047
65996
65994
65969
65904
65823
65776
65751
65629
65612
65604
65464
65428
65420
65414
65313
65272
65271
65265
65181
65057
65043
64961
64935
64933
64850
64765
64662
64612
64577
64567
64560
64497
64409
64317
64285
64265
64258
64201
64166
64029
64014
63982
63978
63965
63876
63869
63858
63825
63760
63756
63583
63400
63329
63254
63254
63127
63001
62770
62768
62624
62605
62601
62548
62521
62421
62338
62327
62306
62305
62269
62267
62226
62209
62205
62128
62121
62087
62021
61974
61945
61824
61785
61601
61498
61489
61317
61310
61272
61245
61236
61188
61056
61032
61009
60742
60736
60615
60590
60578
60493
60428
60424
60381
60311
60301
60287
60245
60178
60159
60095
60039
60036
59967
59925
59741
59699
59655
59634
59582
59471
59354
59251
59216
59181
59168
59167
59121
59101
59098
59060
59058
59048
59046
59027
58993
58975
58950
58903
58863
58845
58655
58610
58520
58476
58441
58381
58294
58199
58176
58095
58085
58065
58027
58003
57815
57807
57794
57642
57587
57572
57520
57492
57472
57429
57426
57404
57348
57289
57242
57238
57181
57078
57056
57025
57007
56885
56806
56767
56707
56691
56637
56589
56517
56368
56362
56303
56300
56278
56198
56154
56138
56114
56081
56073
56064
56011
55994
55986
55887
55797
55796
55770
55722
55702
55655
55598
55519
55444
55379
55236
55204
55141
55135
55035
54966
54964
54884
54838
54835
54799
54659
54644
54512
54475
54403
54366
54322
54311
54219
54199
54172
54148
54140
53983
53852
53774
53731
53708
53698
53670
53627
53517
53505
53483
53462
53452
53450
53370
53365
53247
53188
53118
53091
52939
52867
52854
52848
52846
52822
52784
52782
52648
52642
52614
52561
52500
52395
52388
52386
52319
52317
52309
52306
52274
52224
52185
52167
52097
52011
51988
51910
51905
51812
51748
51697
51684
51684
51659
51649
51618
51547
51500
51438
51430
51360
51344
51312
51224
51127
51010
50726
50706
50535
50443
50414
50401
50372
50287
50242
50198
50172
50160
50155
50129
50008
49930
49892
49864
49671
49653
49633
49551
49299
49256
49194
49146
49141
49135
49074
49045
48917
48862
48773
48763
48739
48655
48604
48598
48565
48538
48529
48509
48480
48404
48304
48219
48195
48141
48097
48052
48007
47988
47971
47959
47949
47919
47844
47821
47759
47741
47683
47493
47486
47372
47301
47213
47166
47144
47121
47104
47024
47009
46993
46965
46852
46848
46847
46841
46822
46811
46653
46643
46607
46474
46431
46408
46381
46289
46281
46179
46105
46104
46065
46033
45969
45948
45931
45910
45889
45849
45779
45727
45698
45092
45026
44770
44720
44690
44589
44532
44389
44389
44194
44150
44051
43999
43984
43927
43820
43799
43690
43639
43630
43608
43523
43293
43273
43252
43249
43168
43149
43063
42946
42917
42895
42823
42782
42759
42753
42749
42681
42665
42664
42601
42599
42563
42538
42513
42486
42458
42436
42420
42411
42408
42383
42328
42322
42242
42158
42094
42033
41999
41885
41855
41816
41796
41738
41643
41617
41600
41426
41401
41369
41366
41326
41268
41229
41182
41169
41120
41057
41049
41019
40851
40714
40627
40454
40437
40361
40305
40296
40256
40229
40219
40188
40116
40067
39980
39953
39944
39895
39761
39699
39677
39595
39569
39569
39562
39521
39519
39392
39384
39267
39230
39181
39177
39172
39143
39083
39009
38943
38942
38938
38918
38897
38841
38835
38698
38693
38610
38593
38496
38475
38436
38435
38354
38244
38225
38217
38212
38195
38172
38143
38134
38054
38025
37992
37970
37930
37924
37897
37832
37819
37799
37743
37688
37626
37591
37511
37439
37388
37371
37354
37289
37284
37204
37129
37006
36989
36921
36799
36780
36778
36734
36732
36718
36592
36557
36554
36518
36486
36468
36442
36430
36412
36350
36339
36331
36313
36298
36130
36105
35989
35988
35977
35904
35889
35802
35670
35618
35588
35484
35455
35347
35335
35264
35254
35237
35112
35044
34990
34907
34889
34860
34831
34824
34687
34647
34640
34601
34566
34518
34344
34342
34271
34226
34170
34141
34136
34092
34067
34052
34031
34007
33936
33927
33911
33904
33823
33807
33772
33763
33700
33585
33582
33534
33479
33317
33256
33255
33151
33088
32959
32955
32770
32737
32737
32735
32714
32699
32687
32678
32661
32661
32648
32614
32534
32478
32465
32422
32378
32336
32184
32181
32141
32072
32064
32041
31956
31944
31927
31910
31816
31731
31726
31679
31638
31626
31379
31331
31325
31236
31234
31179
31179
31143
31106
31094
31076
31056
31053
31025
31019
31005
30994
30963
30937
30846
30797
30744
30744
30730
30616
30529
30468
30390
30336
30336
30334
30317
30283
30207
30066
29959
29940
29915
29895
29817
29753
29706
29644
29531
29523
29507
29454
29289
29286
29255
29246
29158
29103
29092
28973
28874
28873
28854
28793
28661
28597
28525
28468
28468
28455
28249
28193
28187
28151
28129
28099
27987
27942
27927
27904
27860
27762
27749
27711
27683
27624
27489
27487
27363
27242
27156
27145
27099
27091
27048
27035
27018
26976
26824
26787
26761
26700
26694
26682
26643
26612
26550
26536
26323
26299
26166
26071
25975
25930
25888
25835
25731
25715
25635
25632
25492
25471
25431
25380
25368
25298
25244
25216
25159
25137
24954
24919
24883
24854
24706
24635
24571
24519
24386
24379
24365
24307
24272
24205
24176
24143
24075
23999
23949
23927
23915
23912
23879
23863
23839
23807
23719
23715
23699
23684
23672
23625
23575
23367
23294
23082
23031
23014
22978
22871
22857
22783
22738
22721
22689
22661
22650
22572
22520
22506
22453
22448
22437
22398
22200
22195
22160
22140
22138
22086
22085
22046
21994
21967
21842
21801
21787
21683
21671
21588
21497
21478
21420
21404
21301
21253
21249
21217
21099
21043
20894
20879
20853
20851
20804
20791
20753
20662
20630
20505
20483
20475
20430
20419
20405
20400
20390
20333
20300
20189
20045
20041
19962
19909
19885
19872
19838
19806
19744
19738
19729
19583
19581
19549
19508
19356
19308
19295
19232
19198
19181
18989
18985
18859
18799
18771
18747
18625
18607
18579
18574
18544
18479
18430
18412
18144
18103
18099
18092
17927
17790
17774
17772
17771
17611
17523
17465
17395
17346
17297
17282
17279
17159
17064
17014
16985
16925
16911
16909
16876
16856
16787
16769
16727
16718
16541
16354
16352
16259
16255
16254
16252
16221
16150
16085
16084
16068
16065
15968
15941
15925
15915
15831
15766
15763
15729
15640
15602
15595
15539
15499
15493
15490
15346
15329
15238
15219
15207
15155
15099
14923
14806
14801
14787
14782
14728
14633
14603
14548
14458
14364
14244
14198
14139
14079
14072
14039
14034
13977
13928
13924
13906
13615
13607
13521
13434
13354
13322
13317
13292
13281
13258
13231
13220
13193
13189
13146
13139
13137
13101
13050
13036
12995
12981
12903
12896
12844
12821
12730
12667
12499
12459
12372
12335
12293
12218
12199
12157
12090
12046
11917
11843
11839
11743
11735
11721
11710
11588
11444
11401
11341
11335
11245
11234
11230
11226
11176
11165
11115
11110
11083
10984
10984
10878
10780
10766
10762
10699
10576
10543
10478
10438
10407
10390
10324
10323
10265
10176
10168
10138
10133
9891
9850
9824
9798
9717
9662
9568
9563
9544
9503
9470
9445
9378
9340
9338
9284
9202
9134
9125
9119
9119
9097
9069
9059
9041
8994
8936
8836
8821
8820
8767
8595
8572
8566
8538
8528
8507
8450
8425
8249
8222
8214
8181
8056
8050
8047
8036
8027
8001
7846
7562
7540
7517
7496
7472
7295
7275
7273
7250
7250
7250
7227
7180
7151
7082
7078
7075
7065
7050
7032
6986
6971
6962
6927
6914
6888
6870
6749
6619
6609
6535
6534
6533
6493
6423
6404
6259
6257
6225
6107
6061
6017
6013
5885
5836
5819
5798
5777
5655
5630
5623
5611
5551
5499
5435
5433
5363
5354
5346
5320
5310
5302
5297
5285
5279
5258
5202
5193
5087
4999
4987
4946
4938
4901
4856
4776
4771
4633
4628
4621
4565
4486
4471
4450
4432
4407
4396
4262
4241
4215
4164
4061
3992
3991
3979
3862
3861
3856
3828
3812
3746
3721
3688
3661
3574
3524
3491
3416
3299
3253
3187
3166
3108
3086
3045
3006
2932
2878
2852
2831
2825
2787
2779
2748
2718
2667
2664
2641
2629
2613
2566
2500
2306
2293
2289
2275
2214
2193
2126
1969
1953
1926
1861
1763
1663
1619
1513
1511
1403
1378
1365
1293
1283
1263
1226
1171
1133
1103
1026
1001
880
855
842
806
707
672
654
611
553
460
284
267
258
159
118
91
