99915
99907
99816
99792
99692
99671
99640
99387
99374
99144
99134
99040
99016
98974
98961
98940
98920
98905
98858
98760
98711
98706
98695
98664
98608
98534
98490
98481
98293
98291
98277
98243
98168
98079
97989
97895
97848
97792
97739
97487
97468
97446
97427
97424
97340
97328
97281
97243
97219
96992
96968
96939
96905
96882
96857
96715
96662
96599
96568
96446
96397
96382
96062
96033
96028
96019
96016
95794
95732
95674
95655
95626
95588
95530
95471
95447
95390
95382
95319
95263
95217
95195
95153
95084
95070
94971
94949
94909
94894
94887
94766
94762
94730
94720
94701
94674
94648
94609
94529
94496
94455
94388
94352
94344
94312
94301
94258
94207
94196
94160
94118
94100
93926
93899
93865
93809
93796
93752
93681
93667
93655
93645
93582
93564
93527
93402
93292
93258
93237
93173
93126
93123
93031
92989
92981
92969
92967
92965
92768
92724
92674
92628
92416
92393
92373
92264
92246
92236
92205
92166
92140
92129
92118
92019
91999
91990
91969
91910
91907
91687
91684
91621
91589
91561
91541
91478
91475
91456
91427
91383
91371
91345
91318
91231
91227
91227
91156
91117
90980
90962
90935
90882
90753
90690
90670
90667
90646
90580
90556
90534
90477
90382
90345
90186
90169
90167
90159
90044
90030
89873
89872
89866
89851
89800
89756
89702
89692
89668
89667
89663
89575
89541
89518
89411
89284
89269
89144
89127
89118
89072
88985
88960
88942
88916
88883
88834
88734
88633
88624
88601
88588
88528
88485
88464
88443
88430
88389
88377
88316
88287
88247
88036
87929
87918
87887
87871
87867
87825
87779
87762
87720
87608
87530
87430
87380
87303
87272
87268
87226
87201
87185
87079
87066
86978
86940
86903
86891
86883
86860
86841
86780
86762
86726
86708
86582
86535
86520
86404
86378
86314
86308
86299
86169
86154
86078
86041
85949
85922
85909
85833
85792
85792
85768
85698
85626
85585
85572
85518
85439
85419
85408
85371
85324
85246
85164
85119
85062
85061
85041
85009
84845
84821
84772
84715
84662
84603
84591
84521
84496
84485
84480
84402
84312
84287
84238
84205
84159
84141
84141
84072
84038
83955
83886
83842
83799
83765
83758
83712
83473
83397
83386
83359
83325
83292
83267
83237
83174
83168
83036
82930
82746
82589
82585
82520
82390
82378
82365
82293
82282
82279
82229
82206
82200
82149
82137
82017
81762
81702
81640
81603
81546
81481
81479
81440
81408
81345
81326
81319
81314
81274
81273
81253
81163
81061
80999
80968
80956
80917
80898
80896
80895
80886
80823
80772
80732
80720
80673
80618
80585
80576
80494
80421
80374
80356
80286
80179
80178
80109
80089
80034
79980
79948
79894
79854
79718
79658
79535
79520
79503
79404
79228
79220
79170
79032
79019
79018
78996
78982
78974
78959
78950
78925
78858
78851
78707
78641
78541
78481
78425
78370
78255
78217
78177
78084
78079
78048
78031
78029
77960
77889
77790
77773
77761
77666
77660
77636
77609
77436
77425
77422
77404
77316
77280
77025
76850
76833
76776
76708
76639
76406
76374
76371
76346
76316
76278
76246
76193
76161
76108
76022
75992
75976
75971
75936
75923
75846
75814
75761
75696
75679
75658
75607
75600
75576
75299
75290
75258
75206
75178
75165
75041
75020
74982
74980
74974
74934
74836
74797
74780
74627
74565
74534
74488
74465
74413
74410
74370
74342
74330
74316
74165
74044
74037
74004
74004
73983
73949
73946
73784
73714
73697
73650
73588
73553
73542
73479
73261
73259
73218
73203
73178
73154
73134
73118
73050
73043
73016
72954
72866
72774
72734
72683
72678
72573
72531
72443
72332
72300
72289
72211
72207
72173
72165
72062
71910
71894
71884
71824
71799
71743
71727
71618
71498
71478
71397
71371
71368
71231
71230
71226
71200
71184
71135
71117
71013
71001
70949
70902
70892
70864
70841
70706
70690
70521
70464
70376
70333
70313
70312
70157
70130
70081
70000
69953
69788
69777
69747
69728
69634
69523
69511
69442
69409
69385
69361
69300
69291
69234
69216
69165
69102
69073
68963
68949
68909
68901
68679
68665
68506
68439
68411
68388
68296
68270
68229
68222
68168
68161
68077
68073
68038
67973
67971
67795
67627
67583
67544
67524
67421
67404
67316
67218
67145
66965
66950
66921
66820
66753
66744
66736
66700
66659
66568
66467
66464
66395
66328
66212
66182
66169
66090
65990
65948
65901
65812
65697
65683
65557
65463
65450
65412
65411
65367
65345
65291
65241
65220
65199
65145
65132
65092
65027
65020
65000
64959
64894
64769
64731
64692
64633
64619
64613
64514
64509
64394
64369
64364
64350
64297
64275
64255
64221
64187
64154
64097
64090
64083
64062
64054
63979
63978
63889
63864
63838
63816
63810
63752
63636
63626
63589
63586
63528
63515
63512
63438
63395
63352
63351
63320
63254
63205
63169
63144
63032
62957
62941
62928
62908
62876
62836
62786
62760
62753
62716
62710
62710
62675
62628
62595
62586
62585
62527
62512
62386
62311
62305
62295
62286
62248
62213
62174
62122
62071
62044
62023
62014
61939
61867
61774
61714
61669
61659
61638
61562
61501
61463
61456
61397
61372
61343
61322
61283
61227
61196
61180
61096
61087
61041
61016
60965
60915
60642
60501
60491
60436
60287
60277
60157
60035
59919
59867
59805
59604
59525
59488
59400
59381
59299
59032
59029
59015
58967
58948
58895
58874
58672
58648
58624
58588
58437
58420
58392
58353
58154
58114
58078
57990
57956
57936
57827
57823
57786
57784
57734
57732
57716
57713
57564
57314
57287
57261
57246
57232
57209
57161
56901
56765
56751
56692
56621
56612
56545
56463
56424
56423
56391
56388
56374
56340
56279
56256
56206
56127
56104
56090
56074
56011
55999
55887
55861
55829
55808
55524
55483
55379
55342
55335
55316
55310
55300
55285
55228
55180
55171
55147
55128
54908
54890
54820
54813
54712
54676
54674
54610
54569
54557
54528
54436
54397
54384
54376
54319
54236
54221
54168
54146
54074
54066
54021
53962
53942
53864
53853
53849
53824
53821
53814
53800
53780
53777
53725
53701
53682
53628
53578
53522
53518
53489
53468
53339
53322
53295
53268
53103
53086
53015
52968
52945
52907
52904
52853
52671
52612
52562
52542
52474
52472
52467
52373
52308
52287
52184
52142
52090
52058
52043
52000
51996
51935
51900
51877
51861
51819
51710
51695
51634
51611
51594
51591
51559
51516
51424
51360
51182
51171
51160
51064
51011
50995
50974
50960
50865
50813
50793
50575
50411
50397
50374
50360
50347
50337
50187
50139
50125
50114
50056
49998
49974
49929
49893
49890
49829
49793
49632
49564
49517
49496
49454
49429
49404
49339
49316
49263
49228
49226
49197
49116
49062
48910
48899
48898
48881
48816
48772
48664
48660
48605
48591
48491
48448
48428
48427
48407
48364
48315
48227
48218
48196
48148
48092
48058
48014
47826
47716
47680
47435
47337
47288
47214
47140
47005
46974
46947
46891
46871
46668
46576
46514
46469
46469
46429
46379
46317
46315
46234
46176
46163
46143
46090
46062
46035
45996
45915
45907
45797
45692
45657
45523
45465
45457
45210
45205
45185
45154
45119
45116
45070
45047
45038
44993
44973
44918
44881
44817
44802
44611
44538
44505
44468
44452
44431
44429
44412
44376
44339
44337
44285
44264
44179
44150
44150
44126
44082
44078
44003
43864
43823
43767
43697
43689
43684
43680
43659
43636
43574
43569
43533
43515
43464
43395
43243
43190
43149
43122
43065
42872
42865
42841
42787
42734
42732
42729
42659
42654
42635
42565
42511
42467
42410
42394
42385
42347
42233
42211
42137
42098
42087
42054
42011
42009
42003
41961
41836
41801
41773
41738
41719
41698
41669
41645
41531
41438
41434
41364
41363
41338
41323
41191
41182
41156
41140
41135
41133
41088
41080
41034
40961
40890
40854
40767
40704
40668
40608
40572
40507
40496
40420
40363
40336
40289
40276
40215
40208
40176
40091
40048
40006
39829
39790
39747
39746
39704
39691
39617
39567
39459
39338
39317
39258
39172
39136
39121
39107
39076
39064
39063
39013
38979
38964
38956
38781
38765
38721
38669
38638
38601
38582
38565
38563
38542
38485
38256
38062
38038
37931
37900
37884
37685
37655
37620
37557
37544
37495
37489
37469
37371
37363
37257
37157
37112
37030
37022
37017
36839
36834
36833
36787
36696
36691
36545
36491
36455
36427
36416
36412
36281
36253
36250
36238
36155
36100
36090
36027
35995
35966
35852
35824
35764
35706
35685
35539
35530
35499
35322
35243
35233
35132
34974
34902
34893
34874
34718
34664
34497
34437
34388
34280
34202
34092
34071
34049
33996
33907
33876
33851
33808
33761
33743
33718
33690
33684
33675
33667
33546
33496
33455
33402
33364
33357
33283
33277
33254
33251
33225
33135
33109
33100
33076
33045
33016
32996
32984
32953
32903
32837
32789
32749
32717
32687
32661
32568
32564
32536
32416
32402
32392
32330
32247
32229
32186
32179
32157
32137
32129
32028
31995
31986
31872
31866
31856
31841
31812
31803
31761
31614
31608
31601
31507
31501
31473
31404
31373
31344
31289
31276
31257
31234
31233
31222
31208
31182
31118
31054
31047
31023
31020
31007
30805
30786
30553
30407
30363
30109
30091
30082
30072
29926
29825
29784
29742
29603
29463
29454
29384
29377
29352
29294
29286
29282
29233
29167
29139
29077
28972
28913
28726
28718
28604
28583
28541
28541
28289
28264
28232
28188
28124
28121
28106
28104
28076
28065
28046
28002
27925
27925
27916
27879
27658
27487
27468
27400
27353
27236
27158
27125
27123
27076
27034
26900
26876
26774
26706
26684
26610
26528
26432
26379
26368
26335
26232
26043
26038
25989
25944
25924
25732
25726
25703
25698
25612
25594
25592
25524
25505
25504
25463
25399
25368
25329
25311
25244
25034
25032
24980
24934
24878
24840
24763
24758
24710
24691
24688
24618
24586
24543
24517
24516
24478
24391
24359
24329
24223
24205
24177
24156
24099
24011
23993
23985
23926
23869
23733
23672
23507
23432
23407
23396
23395
23289
23242
23144
23096
23053
23047
23039
22992
22979
22894
22841
22680
22581
22449
22406
22399
22193
22158
22118
22097
22033
22015
21979
21968
21944
21912
21800
21659
21621
21489
21445
21347
21198
21191
21182
21180
21163
21141
21118
21101
21076
21071
21004
20971
20964
20908
20702
20691
20647
20588
20583
20578
20446
20426
20217
20214
20154
20153
20094
19894
19880
19855
19815
19701
19579
19462
19410
19343
19331
19106
19083
19065
19065
18995
18974
18970
18883
18783
18602
18509
18478
18474
18408
18280
18270
18235
18205
18203
18162
18139
18121
18087
18077
18047
18028
17939
17881
17870
17833
17816
17747
17717
17706
17584
17565
17497
17483
17417
17361
17260
17192
17174
17155
17088
17022
16808
16799
16604
16569
16531
16472
16320
16286
16274
16224
16141
15969
15930
15924
15554
15475
15451
15407
15404
15387
15374
15299
15245
15220
15212
15205
15196
15173
15170
15137
15128
15064
14990
14948
14929
14768
14674
14647
14621
14566
14511
14477
14346
14310
14293
14285
14278
14271
14255
14190
14184
14125
13996
13974
13895
13872
13834
13795
13648
13645
13641
13601
13446
13411
13409
13405
13396
13320
13301
13232
13224
13193
13078
13049
13025
12958
12895
12842
12780
12745
12736
12701
12685
12594
12438
12101
12052
11957
11956
11936
11914
11805
11677
11619
11596
11547
11516
11510
11421
11413
11368
11118
11078
11009
10980
10965
10952
10949
10943
10910
10894
10858
10856
10834
10764
10735
10667
10645
10567
10560
10549
10531
10433
10298
10097
10049
10018
10014
9989
9969
9929
9912
9912
9895
9814
9647
9496
9400
9303
9242
9197
9181
9111
9081
8903
8884
8822
8809
8789
8780
8759
8755
8746
8698
8686
8623
8479
8394
8389
8347
8295
8262
8243
8243
8209
8155
8153
8103
8047
8032
8006
7996
7959
7936
7922
7907
7907
7846
7839
7829
7818
7792
7756
7748
7678
7670
7642
7562
7511
7506
7494
7453
7435
7390
7349
7335
7275
7227
7224
7150
7131
6944
6910
6896
6893
6830
6770
6759
6573
6490
6486
6456
6428
6427
6404
6403
6288
6282
6260
6247
6197
6156
6112
6050
5967
5963
5924
5772
5759
5759
5703
5675
5641
5531
5490
5474
5456
5415
5410
5387
5368
5259
5142
5138
5082
5052
4996
4980
4943
4897
4795
4781
4757
4718
4709
4523
4513
4512
4491
4476
4447
4278
4248
4214
4089
4016
3965
3946
3902
3844
3804
3740
3701
3597
3462
3373
3329
3284
3267
3259
3192
3145
3111
2998
2997
2929
2894
2851
2832
2815
2785
2594
2471
2449
2435
2422
2312
2291
2184
2095
2066
2034
1874
1857
1804
1802
1780
1750
1718
1705
1689
1677
1676
1639
1557
1501
1484
1471
1454
1448
1389
1356
1330
1314
1293
1286
1269
1235
1121
1048
971
930
831
822
796
747
713
679
668
495
459
409
402
313
265
87
29
