99983
99943
99888
99886
99817
99782
99712
99493
99448
99357
99268
99251
99189
98968
98898
98831
98801
98578
98573
98541
98478
98472
98424
98393
98281
98256
98186
98158
98020
98019
97907
97847
97838
97818
97798
97715
97605
97579
97570
97538
97527
97515
97493
97480
97392
97358
97270
97229
97118
97018
96978
96900
96887
96885
96860
96811
96801
96766
96762
96642
96573
96398
96282
96185
96138
96114
96054
96044
95950
95888
95845
95839
95816
95643
95641
95599
95535
95532
95492
95472
95396
95253
95238
95209
95206
95081
95063
95010
95006
94963
94957
94887
94712
94681
94611
94516
94418
94383
94143
94117
94066
94050
94040
93984
93877
93836
93816
93749
93695
93654
93618
93507
93448
93398
93268
93265
93246
93192
93183
93171
93163
93052
93022
93003
92962
92817
92769
92742
92736
92662
92552
92376
92374
92371
92326
92326
92285
92229
92201
92027
92022
91917
91893
91877
91809
91757
91700
91585
91552
91483
91475
91470
91459
91440
91414
91293
91278
91268
91255
91251
91196
91137
90958
90874
90848
90814
90810
90746
90741
90675
90651
90584
90569
90547
90541
90527
90472
90434
90374
90296
90266
90214
90100
90066
89876
89631
89557
89544
89464
89242
89235
89223
89197
89187
89176
89123
89037
88941
88930
88903
88691
88598
88584
88565
88556
88424
88420
88393
88379
88308
88300
88291
88230
88172
88090
88023
87995
87970
87938
87919
87886
87845
87829
87768
87720
87664
87652
87646
87639
87602
87581
87517
87429
87399
87396
87350
87176
87074
87063
87055
86986
86979
86958
86953
86911
86891
86783
86675
86637
86494
86483
86337
86302
86286
86230
86219
86205
86126
86117
86114
86110
86045
86017
85992
85966
85796
85711
85667
85636
85601
85510
85491
85351
85310
85278
85238
85134
85130
85121
85070
85054
85037
85010
85005
85005
84948
84942
84893
84843
84796
84788
84738
84707
84672
84670
84603
84581
84387
84164
84021
84000
83997
83949
83914
83760
83758
83743
83681
83663
83489
83331
83267
83255
83242
83103
83089
83077
82869
82852
82769
82626
82574
82447
82387
82378
82334
82315
82205
82203
82188
82115
82079
82054
81974
81925
81916
81910
81868
81783
81748
81731
81661
81552
81491
81459
81420
81413
81259
81244
81234
81196
81074
81003
80984
80974
80885
80884
80763
80648
80317
80312
80300
80224
80117
80098
80075
80069
79940
79922
79814
79774
79718
79653
79606
79537
79487
79473
79463
79416
79401
79400
79309
79297
79189
79179
79138
79075
79074
78964
78917
78878
78832
78753
78749
78729
78652
78624
78623
78573
78542
78535
78535
78484
78425
78253
78230
78197
78168
78164
78057
77899
77892
77828
77784
77704
77691
77623
77583
77557
77534
77476
77475
77474
77389
77359
77304
77298
77267
77264
77253
77078
77066
77048
77006
76964
76773
76759
76754
76684
76655
76576
76544
76534
76510
76466
76442
76430
76305
76242
76166
76060
76017
75963
75949
75874
75834
75820
75691
75656
75655
75640
75634
75551
75532
75494
75437
75431
75388
75349
75341
75313
75282
75239
75237
75226
75192
75174
75114
75108
75044
74993
74935
74919
74813
74645
74604
74596
74582
74428
74425
74419
74381
74322
74221
74175
74148
74117
74112
73959
73934
73875
73845
73766
73661
73595
73550
73478
73461
73400
73387
73349
73213
73204
73134
73132
73102
73087
73060
73002
72994
72845
72845
72836
72798
72792
72773
72762
72726
72714
72629
72607
72551
72417
72258
72242
72235
72157
72134
72105
72098
72086
72063
72037
71992
71816
71812
71707
71675
71673
71668
71573
71563
71521
71505
71390
71192
71186
71181
71179
71152
71134
71060
71056
70976
70867
70859
70815
70786
70776
70736
70678
70663
70636
70560
70526
70493
70425
70308
70306
70209
70174
70150
70079
70056
69882
69872
69835
69823
69816
69733
69728
69663
69604
69439
69431
69423
69412
69397
69217
69158
69139
69087
68971
68757
68755
68715
68714
68550
68549
68437
68381
68314
68257
68209
68135
68104
67915
67859
67791
67724
67660
67583
67538
67344
67299
67239
67237
67144
67143
67118
67109
67109
67078
67030
67018
67008
66963
66931
66877
66862
66841
66829
66823
66814
66810
66732
66708
66671
66588
66441
66435
66417
66406
66385
66349
66322
66301
66162
66148
66015
65930
65718
65717
65631
65613
65535
65480
65453
65419
65392
65383
65369
65294
65260
65240
65046
65040
65017
65006
64980
64961
64954
64945
64943
64939
64931
64750
64744
64530
64483
64402
64371
64367
64366
64354
64299
64213
64176
64138
64122
64098
64036
64014
63961
63925
63910
63845
63793
63748
63738
63667
63614
63462
63396
63391
63355
63289
63165
63155
63125
62946
62938
62923
62905
62859
62771
62752
62714
62668
62542
62516
62457
62361
62182
62171
62092
62004
62000
61998
61988
61965
61918
61909
61883
61847
61846
61842
61724
61685
61551
61480
61477
61433
61424
61405
61232
61212
61207
61103
60954
60924
60909
60903
60860
60845
60781
60739
60735
60723
60676
60553
60551
60539
60479
60115
59868
59754
59736
59617
59561
59546
59529
59526
59488
59445
59428
59400
59399
59321
59183
59172
58968
58917
58880
58770
58768
58663
58641
58615
58589
58292
58248
58238
58192
58158
58023
57834
57768
57713
57676
57506
57502
57479
57452
57328
57277
57172
57172
57157
57086
57078
56957
56925
56908
56857
56799
56741
56735
56670
56667
56577
56412
56361
56273
56188
56155
56114
56089
56082
56050
56028
55952
55947
55909
55866
55798
55720
55590
55586
55437
55378
55373
55354
55241
55181
55090
55077
55033
55023
54960
54916
54883
54867
54832
54821
54810
54807
54785
54717
54683
54573
54567
54552
54386
54367
54328
54317
54306
54274
54224
54081
54076
54033
53976
53893
53820
53756
53692
53643
53587
53560
53558
53514
53479
53474
53459
53450
53391
53329
53295
53137
53111
53072
53067
52968
52885
52815
52779
52746
52723
52645
52635
52617
52538
52503
52422
52401
52388
52387
52365
52361
52357
52164
52090
52038
52031
51999
51985
51973
51972
51948
51909
51852
51842
51826
51808
51692
51681
51668
51656
51610
51547
51388
51189
51142
51093
50984
50921
50908
50876
50830
50778
50697
50695
50641
50590
50575
50573
50555
50546
50511
50493
50451
50263
50261
50261
50232
50231
50210
50165
50164
50123
50105
50028
50022
49904
49891
49841
49778
49735
49722
49715
49663
49575
49563
49540
49518
49457
49419
49390
49316
49307
49297
49260
49235
49228
49228
49184
49178
49098
49093
48998
48995
48970
48894
48858
48854
48679
48651
48592
48542
48538
48444
48384
48257
48223
48199
48193
48098
48077
48017
47950
47927
47907
47890
47879
47841
47817
47583
47560
47558
47485
47449
47385
47260
47242
47239
47218
47208
47122
47110
47104
46986
46923
46913
46828
46800
46793
46755
46740
46710
46684
46676
46544
46492
46426
46398
46391
46291
46267
46255
46148
46131
46068
46058
45985
45909
45842
45780
45762
45664
45639
45629
45550
45482
45455
45376
45255
45251
45215
45178
45102
45038
45032
45013
44845
44828
44791
44762
44665
44603
44601
44536
44524
44404
44363
44354
44294
44267
44201
44178
44144
44140
44120
44018
43967
43770
43764
43712
43486
43244
43217
43178
43157
43147
43111
43096
43057
42907
42896
42828
42715
42606
42569
42519
42486
42470
42305
42294
42142
42122
42099
42018
42010
41989
41987
41864
41817
41810
41800
41794
41649
41626
41491
41466
41365
41328
41309
41283
41197
41185
41180
41172
41125
41113
41052
41024
40979
40971
40886
40750
40725
40661
40647
40634
40620
40615
40569
40558
40519
40498
40404
40396
40374
40355
40300
40253
40234
40177
40131
40111
39967
39870
39831
39777
39775
39653
39633
39620
39620
39568
39425
39407
39405
39378
39365
39336
39314
39307
39267
39192
39175
39154
39121
38933
38915
38842
38773
38732
38697
38691
38669
38656
38600
38583
38556
38485
38435
38347
38337
38332
38327
38287
38284
38262
38211
38206
38198
38191
38187
38174
38046
37989
37979
37946
37830
37806
37786
37785
37782
37753
37723
37637
37566
37534
37501
37460
37420
37406
37348
37327
37273
37218
37218
37217
37197
37108
37069
37018
37006
36982
36962
36882
36848
36818
36769
36752
36747
36746
36714
36696
36667
36635
36632
36630
36630
36602
36481
36476
36400
36295
36272
36251
36181
36123
36021
35977
35876
35779
35705
35628
35603
35579
35415
35399
35195
35120
35046
35034
35011
35008
34998
34994
34978
34971
34932
34862
34842
34828
34731
34712
34662
34604
34453
34442
34432
34413
34359
34332
34270
34248
34177
34166
33974
33940
33881
33784
33748
33636
33597
33509
33423
33408
33406
33403
33109
33060
32956
32954
32936
32845
32815
32744
32723
32625
32596
32589
32574
32517
32475
32374
32341
32317
32294
32268
32243
32166
32163
32118
32041
31910
31717
31692
31584
31581
31455
31445
31444
31412
31226
31091
31025
31011
30955
30856
30833
30798
30785
30769
30767
30765
30746
30740
30735
30695
30674
30652
30545
30521
30472
30353
30302
30289
30269
30263
30262
30241
30218
30218
30211
30177
30141
30011
29996
29968
29868
29850
29839
29801
29785
29735
29640
29623
29534
29488
29483
29426
29373
29301
29282
29261
29245
29233
29175
29075
28931
28782
28535
28438
28410
28387
28371
28281
28192
28127
28087
28001
27986
27983
27859
27857
27825
27775
27770
27748
27717
27716
27649
27603
27454
27454
27392
27357
27323
27302
27277
27237
27200
27154
27131
26957
26918
26899
26854
26783
26730
26597
26582
26552
26550
26528
26483
26439
26395
26297
26287
26272
26265
26190
26119
26102
25930
25872
25842
25829
25776
25731
25723
25704
25549
25513
25507
25458
25455
25410
25408
25348
25332
25280
25234
25227
25221
25207
25109
25077
25018
24965
24960
24867
24659
24644
24635
24581
24544
24540
24517
24496
24439
24330
24297
24271
24211
24158
24157
24085
24068
24036
24025
23936
23833
23823
23753
23729
23691
23581
23573
23491
23464
23383
23379
23376
23339
23208
23041
23040
23031
23029
22912
22897
22816
22783
22749
22502
22479
22408
22393
22290
22271
22269
22225
22198
22163
22141
22093
22081
22029
22005
21979
21951
21950
21950
21912
21695
21622
21578
21564
21539
21492
21481
21459
21455
21405
21325
21240
21222
21217
21156
21154
21058
20854
20811
20790
20753
20736
20697
20489
20476
20429
20380
20330
20283
20255
20253
20249
20149
20137
20127
20118
20044
19989
19942
19877
19857
19800
19794
19760
19672
19663
19431
19401
19258
19206
19168
18999
18997
18979
18973
18887
18883
18879
18829
18764
18753
18626
18492
18464
18437
18431
18399
18381
18363
18330
18318
18264
18188
18145
18023
17926
17921
17839
17812
17738
17718
17704
17610
17600
17539
17513
17506
17462
17358
17326
17310
17257
17042
17037
17036
16898
16798
16750
16696
16659
16657
16607
16539
16535
16458
16318
16305
16277
16264
16062
16053
15990
15972
15851
15825
15816
15801
15740
15655
15538
15453
15438
15431
15417
15392
15366
15294
15248
15240
15224
15191
15154
15140
15065
14985
14943
14914
14886
14873
14868
14827
14790
14774
14748
14745
14700
14628
14585
14524
14460
14424
14363
14307
14253
14250
14225
14203
14184
14165
14134
14113
13907
13907
13833
13828
13826
13815
13803
13705
13648
13621
13590
13585
13553
13547
13491
13404
13307
13286
13050
13040
12987
12898
12854
12826
12810
12749
12698
12687
12680
12649
12603
12578
12531
12528
12414
12300
12190
12167
12126
12126
12110
12077
12058
11995
11953
11889
11860
11777
11704
11672
11649
11603
11561
11434
11429
11394
11372
11351
11299
11289
11285
11264
11241
11199
11147
11099
11098
11008
10924
10636
10611
10560
10410
10368
10349
10195
10055
10009
9948
9931
9885
9865
9862
9858
9829
9828
9803
9673
9672
9649
9639
9557
9457
9434
9378
9367
9277
9271
9200
9186
9067
9055
9013
9012
9003
8979
8967
8835
8799
8761
8656
8612
8574
8500
8489
8407
8380
8327
8299
8277
8230
8159
8136
8031
8023
7858
7847
7832
7785
7761
7726
7586
7405
7140
7096
7017
6989
6941
6879
6787
6780
6753
6750
6674
6601
6585
6578
6565
6527
6473
6374
6374
6330
6305
6258
6210
6131
6130
6085
6017
5965
5920
5883
5865
5845
5805
5668
5620
5478
5451
5377
5367
5311
5263
5253
5215
5111
5102
5025
4962
4830
4764
4713
4671
4563
4552
4450
4446
4416
4304
4300
4263
4230
4198
4119
4049
4045
3943
3941
3913
3763
3686
3682
3675
3660
3581
3496
3487
3450
3436
3425
3417
3322
3313
3209
3090
3083
2984
2967
2916
2860
2833
2831
2744
2692
2545
2461
2429
2406
2342
2102
2099
2069
1862
1822
1756
1748
1657
1648
1643
1623
1619
1613
1532
1484
1358
1351
1158
1128
1056
1032
982
887
831
816
771
715
710
639
639
628
546
541
499
354
310
35
