99962
99943
99942
99937
99931
99899
99898
99849
99660
99652
99598
99426
99368
99330
99254
99245
99241
99171
99149
99056
98903
98818
98641
98599
98548
98516
98438
98385
98315
98228
98218
98125
98084
98067
98063
98059
98028
98016
97996
97859
97607
97595
97585
97541
97527
97510
97502
97434
97236
97207
97184
97182
97131
97081
96987
96965
96933
96888
96786
96778
96748
96734
96622
96415
96345
96242
96144
96102
96067
96062
96043
96026
95970
95895
95766
95729
95724
95707
95682
95599
95525
95429
95337
95330
95317
95221
95108
95078
94914
94764
94725
94616
94473
94371
94333
94297
94275
94210
94201
94161
94153
94150
94093
94037
94006
93983
93942
93864
93799
93746
93610
93508
93329
93088
93066
93024
93006
92913
92772
92682
92592
92443
92359
92352
92343
92165
92130
92110
92068
92045
91987
91960
91882
91799
91665
91610
91571
91293
91219
91174
91039
90986
90880
90867
90796
90717
90708
90687
90643
90450
90410
90371
90353
90261
90060
89942
89915
89882
89800
89713
89711
89695
89665
89615
89582
89500
89442
89403
89403
89322
89062
89006
88980
88978
88975
88973
88849
88835
88734
88695
88658
88570
88569
88553
88547
88538
88448
88336
88224
88204
88191
88183
88181
88110
88095
88034
88021
88013
88009
87947
87917
87736
87725
87706
87544
87528
87518
87288
87262
87253
87167
87155
87107
87073
87035
87028
86982
86791
86745
86725
86710
86706
86651
86643
86560
86497
86467
86461
86404
86343
86285
86274
86224
86219
86215
86207
86089
86076
85982
85920
85872
85823
85789
85755
85753
85663
85658
85612
85601
85520
85496
85390
85346
85322
85292
85266
85258
85245
85160
85046
85028
85002
84959
84949
84943
84926
84893
84877
84856
84849
84847
84818
84743
84713
84527
84514
84514
84496
84440
84433
84379
84328
84321
84308
84288
84060
84052
84049
84013
83931
83838
83837
83808
83704
83696
83471
83411
83373
83361
83357
83351
83348
83273
83208
83185
83032
83030
82947
82886
82849
82834
82784
82764
82750
82711
82637
82457
82440
82439
82438
82403
82348
82345
82340
82103
82081
82013
82007
81882
81785
81729
81614
81575
81551
81525
81417
81383
81377
81359
81357
81348
81297
81288
81269
81143
81053
80992
80978
80974
80945
80904
80887
80814
80717
80593
80583
80557
80504
80501
80493
80272
80246
80041
79964
79937
79930
79929
79879
79862
79764
79744
79723
79656
79478
79475
79419
79185
79158
79024
78982
78945
78904
78893
78888
78852
78841
78800
78635
78633
78598
78584
78538
78527
78469
78422
78404
78393
78341
78307
78280
78262
78246
78185
78163
78067
78030
78014
77972
77879
77788
77668
77641
77568
77430
77401
77392
77338
77331
77291
77200
77124
77105
77048
76900
76813
76807
76731
76681
76681
76532
76525
76358
76341
76148
75970
75939
75913
75901
75856
75807
75793
75785
75742
75651
75485
75463
75421
75361
75320
75191
75175
75154
75132
75092
74961
74857
74815
74700
74525
74494
74449
74399
74385
74374
74244
74195
74071
74038
74012
73988
73978
73830
73672
73625
73621
73615
73572
73559
73531
73471
73411
73389
73385
73381
73369
73296
73262
73088
72973
72966
72887
72870
72799
72754
72721
72449
72366
72311
72302
72169
72078
72022
71967
71896
71869
71864
71787
71762
71756
71715
71581
71566
71531
71479
71374
71295
71245
71235
71218
71119
71084
70979
70947
70867
70724
70718
70700
70646
70641
70622
70621
70586
70585
70565
70555
70458
70438
70435
70430
70420
70410
70371
70364
70336
70309
70196
70129
70112
70046
69992
69978
69934
69929
69875
69866
69846
69844
69839
69646
69628
69521
69503
69478
69437
69387
69282
69246
69239
69200
69181
69130
69074
69000
68956
68945
68871
68840
68788
68765
68729
68726
68629
68627
68543
68499
68458
68397
68252
68111
68075
68075
68059
68058
68043
67943
67910
67901
67867
67672
67616
67588
67569
67551
67542
67527
67485
67468
67461
67459
67393
67327
67251
67238
67217
67207
67202
67198
67107
67052
67050
67003
67000
66750
66720
66600
66585
66552
66527
66499
66418
66335
66240
66182
66169
66167
66139
66137
66108
66083
66056
65989
65960
65957
65872
65859
65847
65835
65789
65776
65701
65603
65569
65557
65554
65540
65156
65012
64980
64972
64962
64857
64769
64756
64709
64678
64643
64603
64596
64521
64508
64488
64482
64431
64411
64396
64377
64306
64256
64161
64157
64149
64126
64086
64082
64036
63954
63928
63717
63712
63711
63690
63624
63610
63600
63585
63538
63524
63360
63359
63323
63289
63276
63140
63094
62984
62863
62831
62823
62798
62791
62745
62701
62637
62631
62543
62528
62423
62396
62393
62367
62304
62279
62019
61958
61905
61884
61876
61818
61792
61790
61679
61598
61590
61550
61524
61504
61463
61463
61415
61359
61322
61272
61272
61230
61132
61113
61082
60965
60943
60896
60865
60822
60811
60698
60652
60650
60617
60613
60606
60521
60419
60396
60322
60154
60137
60113
60102
60094
60048
59999
59968
59803
59735
59693
59547
59469
59468
59390
59356
59340
59308
59254
59214
59193
59167
59125
59044
59035
59025
58944
58942
58906
58884
58838
58613
58593
58582
58491
58445
58411
58392
58372
58355
58298
58219
58196
58101
58065
58022
57979
57966
57951
57903
57897
57875
57858
57848
57702
57690
57674
57652
57643
57606
57562
57558
57518
57395
57334
57309
57280
57224
57220
57174
57049
56951
56940
56937
56893
56880
56805
56758
56732
56545
56512
56410
56362
56309
56208
56139
56134
56018
56013
55986
55843
55829
55818
55813
55798
55763
55712
55640
55630
55621
55514
55514
55474
55441
55414
55381
55356
55199
55195
55179
55052
55037
55018
54791
54685
54679
54564
54448
54429
54348
54323
54318
54288
54015
53941
53905
53903
53866
53813
53734
53704
53672
53643
53574
53551
53501
53487
53454
53336
53319
53278
53226
53136
53131
53079
53078
53020
52983
52952
52810
52769
52721
52721
52716
52535
52510
52497
52398
52364
52248
52241
52080
52059
52021
52004
51987
51983
51933
51910
51841
51841
51726
51698
51644
51596
51527
51482
51396
51354
51292
51271
51232
51228
51195
51183
51172
51114
51105
50970
50955
50868
50841
50787
50710
50707
50577
50573
50520
50279
50198
50198
50155
50126
50086
49998
49826
49824
49758
49681
49664
49615
49581
49580
49536
49523
49510
49498
49466
49401
49373
49350
49069
49013
48997
48950
48676
48617
48613
48515
48475
48444
48388
48382
48381
48319
48201
48064
48015
47816
47809
47785
47768
47727
47704
47656
47592
47551
47496
47285
47195
47183
47155
47137
47119
47093
47080
47073
47046
46949
46940
46866
46857
46843
46805
46785
46683
46651
46586
46455
46448
46406
46362
46313
46220
46208
46052
46015
45986
45985
45984
45930
45869
45844
45693
45637
45616
45575
45550
45532
45513
45431
45422
45267
45180
45121
45116
45107
45073
45045
45021
44971
44859
44796
44722
44688
44677
44676
44636
44580
44502
44398
44364
44329
44299
44294
44272
44269
44243
44240
44219
44192
44171
44154
44118
44005
43943
43872
43832
43785
43744
43710
43708
43698
43647
43595
43559
43525
43497
43491
43437
43382
43308
43294
43183
43166
43148
43028
43011
42968
42859
42785
42729
42722
42696
42645
42631
42605
42601
42537
42342
42323
42314
42306
42076
42053
42013
42009
42002
41988
41982
41968
41846
41830
41801
41799
41779
41733
41690
41600
41444
41417
41394
41311
41300
41275
41231
41172
41111
41075
41010
40975
40829
40692
40656
40604
40594
40583
40495
40489
40416
40390
40243
40209
40138
40130
40025
40019
39995
39880
39815
39800
39790
39738
39726
39706
39690
39671
39644
39620
39500
39475
39458
39415
39414
39398
39388
39345
39336
39268
39189
39126
39082
39061
38970
38939
38875
38843
38669
38636
38600
38547
38481
38477
38477
38466
38390
38339
38318
38199
38144
38095
38031
37748
37734
37732
37662
37632
37338
37307
37299
37238
37218
37160
37129
37065
37058
36995
36961
36924
36896
36879
36873
36849
36845
36845
36831
36792
36786
36763
36659
36405
36382
36328
36165
35863
35795
35768
35655
35627
35562
35539
35466
35448
35325
35311
35269
35238
35215
35149
35149
35145
34946
34934
34864
34740
34732
34695
34665
34654
34577
34549
34520
34500
34422
34409
34212
34158
34146
34061
34036
34007
34002
33946
33739
33737
33700
33692
33515
33437
33420
33238
33200
33157
33146
33080
33074
33023
33017
32898
32892
32863
32853
32815
32764
32752
32575
32570
32459
32386
32363
32272
32252
32201
32175
31988
31982
31974
31910
31890
31880
31803
31786
31771
31764
31733
31630
31614
31563
31474
31460
31416
31373
31262
31178
31164
31126
31002
30978
30972
30953
30828
30756
30688
30646
30569
30538
30531
30469
30370
30337
30222
30199
30195
30186
30130
29948
29938
29855
29832
29761
29683
29579
29552
29474
29414
29411
29397
29397
29347
29332
29305
29190
29160
29147
29119
29068
28959
28956
28900
28874
28772
28743
28708
28703
28697
28696
28655
28490
28473
28441
28412
28332
28313
28306
28183
28140
28095
27972
27971
27963
27915
27887
27793
27742
27631
27580
27498
27387
27263
27260
27200
27190
27177
27166
27116
27104
27077
26772
26703
26693
26603
26581
26388
26379
26342
26341
26331
26292
26285
26284
26225
26208
26192
26061
26061
26059
26038
26014
25960
25919
25892
25808
25757
25742
25644
25561
25559
25500
25484
25449
25441
25439
25423
25417
25367
25298
25296
25250
25213
25175
25174
25167
25166
25164
25144
25043
25019
24945
24855
24848
24834
24744
24716
24600
24563
24460
24439
24431
24426
24387
24201
24117
24095
24027
23988
23965
23899
23884
23860
23851
23791
23766
23754
23749
23725
23674
23628
23545
23351
23338
23184
23177
23162
23020
22938
22933
22903
22782
22766
22765
22603
22434
22419
22407
22405
22398
22382
22362
22359
22194
22147
22112
22105
22095
21847
21810
21800
21732
21646
21570
21437
21326
21309
21256
21247
21206
21084
21053
21044
21035
21012
20995
20986
20939
20916
20889
20835
20834
20807
20760
20740
20707
20696
20654
20465
20444
20432
20352
20152
20095
20083
20035
20026
19999
19856
19780
19766
19684
19610
19542
19526
19463
19453
19409
19379
19205
19175
19117
19106
19079
19056
19021
19008
18923
18863
18845
18806
18796
18751
18653
18548
18527
18519
18394
18376
18324
18234
18230
18203
18184
17944
17932
17721
17691
17643
17617
17582
17545
17531
17347
17309
17225
17203
17037
17037
17007
16939
16887
16881
16732
16617
16611
16522
16520
16499
16459
16446
16445
16432
16413
16401
16326
16278
16259
16234
16198
16136
16119
16059
16053
16039
16001
15979
15921
15891
15778
15722
15546
15532
15475
15468
15423
15420
15298
15200
15097
15071
15033
15028
15000
14972
14930
14849
14816
14711
14686
14672
14661
14632
14606
14576
14500
14462
14461
14415
14358
14193
14151
14140
14123
14119
14110
14078
14054
13988
13918
13879
13842
13831
13828
13821
13761
13716
13686
13650
13618
13510
13506
13491
13459
13375
13313
13311
13308
13298
13275
13254
13252
13168
13114
13113
13095
13084
13082
13034
13011
12968
12898
12758
12716
12682
12627
12617
12555
12550
12534
12517
12476
12333
12328
12083
12056
12030
12023
12000
11943
11905
11904
11876
11864
11822
11803
11781
11767
11761
11708
11674
11645
11550
11433
11394
11386
11340
11310
11227
11120
11112
11089
11083
11052
10993
10937
10884
10824
10765
10701
10690
10512
10481
10428
10370
10370
10362
10352
10336
10292
10254
10198
10135
10090
10085
10081
10067
9970
9867
9843
9736
9730
9639
9471
9417
9367
9357
9253
9182
9175
9165
9091
9073
9071
9056
9000
8992
8921
8855
8826
8812
8808
8793
8774
8765
8759
8671
8597
8530
8510
8472
8460
8397
8357
8333
8310
8257
8218
8211
8198
8194
8131
8119
8105
8083
8041
7988
7936
7918
7869
7856
7821
7732
7726
7629
7615
7582
7559
7501
7457
7442
7304
7262
7236
7203
7199
7142
7138
7084
6950
6876
6780
6777
6776
6733
6696
6592
6556
6548
6516
6483
6482
6467
6411
6360
6307
6300
6236
6235
6216
6162
6155
6091
6074
6006
5849
5822
5819
5695
5685
5609
5466
5431
5416
5393
5254
5250
5242
5199
5184
5084
5044
5013
4995
4927
4853
4838
4771
4602
4571
4479
4409
4393
4356
4297
4272
4211
4159
4149
4130
4107
4096
4093
4065
3997
3987
3977
3963
3918
3812
3785
3758
3662
3618
3596
3566
3465
3441
3386
3357
3285
3280
3249
3231
3216
3148
3033
2976
2954
2954
2839
2760
2561
2400
2331
2245
2129
2125
2032
1970
1937
1894
1835
1834
1797
1794
1789
1786
1754
1657
1622
1552
1423
1407
1403
1323
1308
1297
1218
1121
1099
1093
1041
1007
963
924
920
910
899
833
747
495
371
342
313
260
181
139
52
40
16
