99991
99884
99862
99851
99835
99791
99791
99637
99623
99550
99439
99370
99247
99225
99211
98843
98823
98811
98775
98683
98670
98586
98475
98461
98362
98362
98266
98251
98232
98123
98040
97923
97892
97880
97879
97869
97832
97755
97720
97720
97631
97492
97492
97424
97400
97267
97178
97052
97028
97023
97022
97016
96963
96867
96673
96626
96558
96549
96454
96437
96434
96371
96289
96264
96250
96196
96187
96184
96176
96092
96021
95996
95995
95981
95815
95814
95773
95686
95661
95603
95599
95549
95529
95510
95506
95466
95451
95355
95245
95174
95172
94926
94880
94825
94818
94808
94703
94677
94535
94485
94444
94345
94301
94294
94253
94249
94249
94246
94239
94062
94053
93991
93974
93958
93825
93786
93675
93644
93583
93548
93531
93477
93391
93382
93324
93312
93271
93265
93252
93233
93157
93153
93124
93071
93047
93043
93027
92906
92877
92851
92740
92670
92645
92612
92604
92532
92504
92486
92478
92465
92464
92318
92275
92266
92204
92192
92101
92081
92071
92065
92043
91976
91954
91937
91931
91866
91827
91711
91674
91638
91541
91515
91493
91468
91422
91383
91383
91310
91293
91282
91198
91191
91147
91119
91060
90980
90670
90656
90625
90536
90469
90458
90445
90430
90305
90227
90213
90145
90143
90111
90062
89980
89917
89915
89897
89879
89864
89862
89770
89730
89542
89489
89486
89468
89368
89212
89212
89210
89208
89162
89121
89103
89035
88966
88950
88890
88871
88841
88742
88640
88632
88619
88571
88542
88522
88472
88468
88359
88329
88321
88298
88251
88208
88197
88180
88153
88138
87929
87816
87801
87735
87732
87726
87701
87652
87623
87570
87548
87530
87479
87364
87333
87328
87310
87233
87225
87132
87015
86988
86948
86774
86736
86721
86696
86696
86658
86630
86621
86599
86568
86532
86526
86508
86483
86324
86316
86311
86241
86226
86224
86181
86144
86118
86004
85942
85935
85932
85926
85900
85795
85780
85685
85637
85565
85297
85221
85192
85132
85128
84960
84936
84926
84874
84841
84766
84756
84723
84710
84670
84605
84603
84549
84526
84498
84477
84372
84359
84308
84280
84210
84208
84122
84110
84109
83818
83772
83672
83659
83507
83443
83356
83350
83339
83320
83304
83301
83271
83206
83165
83065
83012
82953
82777
82775
82764
82758
82753
82739
82686
82681
82628
82561
82525
82312
82253
82253
81998
81985
81828
81784
81771
81757
81685
81649
81486
81471
81426
81421
81286
81276
81270
81247
81202
81004
80914
80900
80879
80854
80829
80730
80720
80700
80690
80560
80414
80334
80314
80253
80194
80175
80103
80031
79982
79967
79961
79873
79788
79781
79731
79657
79655
79556
79526
79494
79401
79385
79343
79342
79262
79201
79140
79040
79034
79005
78810
78771
78749
78719
78715
78664
78630
78622
78618
78597
78567
78416
78345
78334
78305
78230
78138
78109
78094
78071
77986
77820
77804
77796
77746
77655
77577
77553
77499
77427
77328
77219
77130
77083
76941
76928
76917
76823
76814
76733
76697
76644
76634
76522
76306
76302
76276
76239
76162
76119
75988
75963
75904
75828
75778
75708
75690
75658
75654
75522
75472
75355
75348
75257
75188
75119
75044
74980
74976
74748
74731
74616
74593
74584
74545
74516
74510
74494
74468
74450
74313
74235
74220
74184
74120
74112
74068
74016
74000
73989
73967
73929
73925
73898
73829
73820
73787
73781
73678
73625
73579
73533
73461
73321
73314
73292
73270
73235
73223
73199
73186
73145
73143
73022
72958
72902
72893
72769
72664
72629
72627
72616
72589
72498
72382
72300
72211
72151
72031
71989
71963
71919
71899
71845
71814
71792
71702
71662
71648
71607
71572
71529
71484
71337
71291
71273
71170
71147
71103
71037
71013
70993
70959
70882
70840
70830
70796
70658
70590
70548
70419
70402
70341
70330
70293
70223
70180
70117
70099
70054
70041
70036
70000
69959
69956
69873
69844
69747
69746
69645
69523
69518
69490
69469
69407
69339
69328
69161
69071
69033
69032
69029
68869
68839
68835
68725
68660
68595
68592
68570
68546
68502
68425
68383
68353
68332
68298
68236
68221
68200
68184
68179
68148
68124
68070
68044
68042
68020
67997
67984
67982
67967
67894
67870
67741
67741
67716
67679
67553
67446
67411
67361
67338
67289
67055
67003
66998
66951
66932
66878
66821
66759
66756
66675
66497
66443
66439
66390
66297
66295
66233
66160
66145
66109
66108
66086
66073
66063
65992
65962
65911
65902
65858
65855
65802
65723
65662
65559
65554
65510
65476
65439
65401
65381
65323
65293
65256
65113
65086
65043
64860
64855
64772
64670
64646
64612
64589
64579
64496
64477
64457
64445
64333
64255
64245
64145
64075
64030
63972
63951
63806
63803
63747
63730
63585
63408
63383
63347
63270
63217
63177
63155
63048
63008
63003
62990
62932
62924
62917
62901
62841
62822
62818
62762
62761
62758
62751
62744
62742
62720
62704
62513
62435
62403
62347
62336
62279
62262
62259
62196
62169
62130
62115
62092
62092
62076
62071
62056
62051
61944
61865
61844
61841
61794
61735
61684
61608
61599
61598
61596
61535
61516
61502
61501
61439
61314
61306
61270
61270
61189
61127
61099
61067
60971
60912
60872
60843
60829
60741
60718
60695
60577
60562
60532
60523
60480
60478
60259
60234
60126
60103
60100
60030
60027
59821
59779
59724
59713
59710
59685
59576
59516
59500
59441
59416
59136
59110
59095
59087
59081
59071
59011
58954
58733
58618
58443
58381
58253
58114
58088
58058
58043
58017
58009
57974
57882
57854
57738
57695
57670
57590
57550
57458
57342
57264
57213
57190
57118
56990
56936
56839
56778
56740
56722
56718
56715
56695
56686
56482
56405
56361
56300
56243
56234
56179
56158
55987
55904
55891
55814
55776
55735
55727
55722
55643
55627
55591
55521
55433
55327
55303
55253
55241
55115
55104
55021
55015
54815
54811
54764
54755
54623
54577
54551
54478
54476
54449
54440
54406
54376
54086
54007
53898
53858
53855
53791
53651
53615
53612
53544
53530
53487
53392
53349
53329
53294
53233
53072
53008
53001
52927
52851
52809
52793
52766
52748
52716
52599
52597
52575
52557
52523
52504
52490
52481
52471
52464
52359
52329
52275
52221
52196
52194
52092
52034
52029
51992
51972
51950
51935
51835
51816
51690
51621
51614
51533
51497
51393
51351
51344
51295
51284
51281
51187
51171
51159
51139
51122
51093
51048
51029
51024
51018
51007
50858
50614
50585
50544
50474
50414
50381
50290
50258
50242
50092
50080
50062
49834
49757
49756
49687
49652
49609
49599
49556
49529
49407
49401
49389
49173
49119
49115
49063
49035
49031
48965
48959
48950
48928
48924
48862
48861
48852
48818
48810
48741
48715
48714
48565
48532
48494
48478
48363
48306
48281
48278
48231
48084
48059
47952
47909
47865
47841
47787
47705
47695
47691
47679
47664
47622
47610
47494
47399
47294
47252
47231
47094
47082
47025
47016
46968
46951
46921
46896
46860
46837
46805
46803
46781
46779
46751
46690
46675
46665
46620
46594
46559
46504
46391
46388
46290
46289
46123
46060
46014
45963
45957
45864
45809
45794
45791
45641
45630
45577
45540
45539
45491
45393
45372
45365
45357
45322
45291
45290
45255
45242
45143
45137
45049
45027
45005
44975
44798
44790
44766
44716
44656
44605
44604
44587
44534
44533
44497
44377
44370
44192
44158
44132
44128
44094
44075
44045
44028
44022
44005
43991
43936
43909
43839
43765
43719
43590
43586
43490
43464
43449
43445
43385
43366
43198
42906
42898
42891
42850
42720
42622
42528
42506
42470
42464
42454
42384
42324
42274
42267
42211
42206
42202
42152
41906
41850
41818
41800
41773
41729
41693
41651
41650
41594
41473
41430
41401
41312
41282
41227
41168
41008
40972
40816
40655
40647
40631
40601
40470
40281
40255
40111
40039
39986
39962
39849
39817
39767
39764
39763
39505
39442
39423
39385
39356
39350
39298
39246
39197
39066
39021
38958
38914
38874
38780
38617
38597
38469
38455
38414
38390
38358
38347
38337
38291
38269
38246
38097
37963
37888
37847
37787
37756
37689
37674
37644
37617
37596
37514
37448
37302
37198
37120
37108
37090
37023
36932
36896
36881
36593
36555
36389
36272
36266
36223
36185
36181
36088
36083
35775
35674
35663
35662
35636
35604
35403
35366
35361
35345
35294
35233
35148
35121
35117
35112
35094
35085
35056
35038
34940
34865
34846
34779
34774
34771
34731
34680
34675
34588
34489
34443
34357
34338
34256
34057
34010
33967
33964
33956
33922
33871
33726
33724
33468
33413
33373
33327
33322
33319
33256
33209
33086
33043
33000
32999
32984
32945
32934
32896
32877
32741
32671
32606
32597
32559
32530
32466
32452
32420
32312
32286
32260
32231
32213
32206
32138
32121
32120
32031
31987
31985
31942
31930
31854
31781
31696
31544
31524
31418
31406
31277
31244
31220
31175
31100
31034
31021
31014
31013
31002
30997
30790
30774
30760
30741
30663
30661
30614
30590
30564
30537
30510
30453
30367
30341
30293
30213
30203
30176
30045
29859
29842
29803
29793
29617
29581
29552
29517
29473
29364
29337
29327
29285
29217
29170
29166
29147
29120
29096
29078
29033
29026
29013
28883
28861
28782
28287
28217
28177
28152
28135
28026
27999
27925
27892
27875
27698
27650
27638
27609
27553
27447
27326
27260
27220
27155
27012
27008
26986
26939
26826
26796
26770
26726
26687
26653
26636
26583
26540
26352
26349
26333
26324
26275
26171
26134
26127
26104
26037
26019
26003
26001
25961
25874
25836
25793
25759
25730
25709
25684
25651
25536
25429
25410
25365
25351
25302
25147
25093
25045
25045
25027
24997
24981
24976
24976
24955
24926
24916
24881
24687
24626
24577
24513
24483
24385
24335
24271
24254
24151
24024
23995
23990
23948
23934
23733
23651
23637
23611
23548
23544
23529
23276
23267
23253
23204
23104
23094
23090
23041
23019
22988
22958
22951
22905
22888
22844
22843
22751
22725
22566
22411
22333
22277
22179
22109
22105
22076
22047
22027
21898
21761
21737
21705
21674
21638
21631
21611
21592
21545
21489
21468
21453
21412
21406
21380
21376
21310
21292
21280
21263
21243
21225
21198
21109
21049
21016
21008
20962
20938
20843
20834
20782
20775
20765
20610
20599
20576
20477
20469
20245
20225
20180
20095
19945
19927
19912
19880
19864
19833
19826
19825
19794
19732
19713
19696
19690
19664
19592
19582
19456
19345
19343
19312
19257
19234
19213
19200
19191
19174
19156
19081
19022
18975
18965
18903
18894
18884
18882
18870
18830
18762
18724
18616
18556
18553
18484
18387
18386
18284
18185
18171
18164
18125
18119
18054
18018
17988
17982
17898
17868
17836
17716
17712
17494
17444
17413
17400
17329
17325
17246
17188
17122
17027
17020
16992
16976
16953
16836
16782
16730
16660
16657
16645
16640
16592
16569
16509
16476
16459
16353
16352
16241
16206
16168
16051
15997
15995
15940
15902
15875
15690
15645
15634
15593
15572
15548
15424
15400
15392
15387
15298
15284
15257
15188
15178
15085
14967
14966
14934
14922
14899
14818
14789
14703
14679
14597
14595
14595
14560
14558
14414
14398
14390
14364
14350
14348
14324
14283
14240
14219
14211
14206
14170
14113
14068
13997
13837
13771
13752
13736
13729
13695
13695
13610
13572
13537
13456
13396
13336
13326
13297
13252
13250
13246
13231
13204
12865
12841
12794
12779
12694
12689
12632
12583
12571
12516
12492
12479
12398
12295
12277
12142
12007
12000
11977
11874
11846
11846
11690
11628
11609
11592
11551
11529
11365
11360
11262
11128
11125
10998
10972
10961
10929
10907
10831
10794
10758
10693
10687
10651
10651
10624
10400
10357
10338
10290
10290
10281
10175
10107
10087
10066
9969
9961
9816
9745
9714
9577
9447
9376
9302
9284
9215
9203
9189
9133
9081
8960
8896
8888
8842
8768
8688
8681
8673
8419
8332
8311
8281
8226
8170
8142
8113
8104
8048
8045
7995
7905
7900
7838
7830
7782
7776
7644
7644
7630
7596
7552
7500
7492
7469
7459
7422
7380
7301
7296
7228
7084
7077
7027
6916
6843
6830
6816
6667
6644
6498
6325
6285
6186
6183
6079
6001
5965
5937
5847
5817
5801
5787
5719
5656
5640
5590
5584
5567
5536
5461
5458
5435
5406
5389
5372
5229
5150
5147
5141
5089
5077
5054
5042
4983
4911
4902
4862
4855
4852
4812
4805
4799
4780
4773
4745
4699
4541
4413
4380
4356
4341
4332
4324
4314
4297
4243
4235
4231
4134
4099
4055
4054
4001
3980
3979
3964
3960
3865
3821
3821
3810
3806
3729
3723
3697
3406
3387
3284
3135
3101
3012
2999
2993
2879
2870
2758
2711
2698
2635
2556
2519
2517
2435
2214
2155
2077
1956
1950
1788
1706
1674
1658
1641
1605
1523
1496
1382
1347
1181
1132
1076
1011
964
818
806
801
580
558
527
498
477
313
313
310
282
280
162
152
111
56
55
19
13
