99957
99841
99801
99689
99524
99467
99462
99447
99424
99394
99387
99292
99117
99037
99035
99017
98914
98857
98816
98746
98708
98668
98605
98599
98517
98506
98489
98432
98376
98321
98301
98298
98288
98196
98116
98114
98084
97951
97943
97940
97835
97770
97695
97651
97614
97526
97516
97495
97488
97475
97416
97411
97347
97325
97290
97228
97080
96905
96902
96690
96679
96607
96574
96574
96532
96527
96483
96472
96414
96382
96250
96217
96107
96067
96024
95965
95808
95777
95651
95537
95502
95477
95461
95368
95330
95301
95213
95174
95165
95083
95063
95049
95021
94999
94989
94970
94965
94890
94852
94766
94741
94671
94642
94624
94617
94476
94059
94050
94029
94018
93894
93774
93766
93711
93700
93686
93517
93389
93343
93334
93232
93189
93152
93028
92979
92832
92684
92682
92590
92532
92394
92383
92268
92257
92022
91990
91878
91856
91852
91722
91672
91612
91565
91560
91545
91508
91479
91318
91280
91241
91240
91166
91079
90981
90897
90816
90793
90714
90687
90446
90394
90365
90276
90258
90136
90079
90065
90033
90029
89977
89966
89926
89924
89857
89851
89789
89769
89759
89746
89645
89584
89568
89557
89517
89445
89417
89376
89350
89321
89244
89236
89132
89098
89019
89007
88998
88792
88777
88740
88685
88634
88627
88561
88490
88444
88274
88163
88018
88011
87977
87956
87924
87833
87808
87802
87787
87777
87762
87683
87673
87651
87609
87587
87578
87477
87474
87471
87455
87409
87331
87297
87201
87151
87096
87044
87012
86947
86896
86873
86834
86798
86797
86775
86658
86614
86570
86478
86457
86418
86395
86337
86308
86276
86267
86189
86140
86118
86045
85971
85952
85912
85885
85700
85632
85600
85538
85527
85519
85366
85333
85299
85286
85223
85187
85174
84980
84868
84796
84672
84568
84532
84527
84455
84453
84444
84324
84246
84152
84150
84145
84125
84104
83975
83896
83790
83758
83715
83680
83656
83626
83540
83536
83368
83327
83326
83318
83225
83189
83095
83092
83081
83056
83026
83013
82971
82845
82836
82834
82817
82794
82765
82721
82691
82675
82627
82557
82487
82473
82342
82284
82240
82076
82015
81989
81973
81950
81949
81855
81820
81809
81805
81674
81616
81475
81463
81353
81334
81312
81293
81031
80963
80868
80838
80813
80799
80791
80736
80654
80608
80591
80484
80470
80417
80353
80302
80279
80273
80260
80249
80235
80232
80114
80084
80011
79999
79971
79939
79934
79930
79813
79808
79728
79605
79470
79458
79232
79215
79188
79162
79117
79101
78972
78946
78726
78653
78564
78172
78157
78091
78090
78042
78003
77929
77913
77899
77881
77714
77676
77644
77574
77510
77495
77455
77447
77402
77358
77319
77278
77250
77119
77091
77007
76924
76785
76727
76720
76676
76589
76408
76327
76277
76244
76186
76169
76047
76042
76017
75855
75810
75799
75739
75649
75617
75611
75597
75534
75496
75434
75353
75282
75164
75101
75075
75053
74854
74817
74788
74772
74731
74727
74638
74595
74577
74567
74562
74524
74521
74495
74463
74451
74404
74367
74260
74211
74161
74092
73996
73986
73960
73902
73847
73823
73790
73775
73705
73690
73584
73530
73487
73437
73348
73343
73300
73287
73277
73277
73272
73264
73091
73075
73065
73030
72946
72901
72884
72862
72834
72816
72785
72768
72727
72657
72651
72645
72630
72598
72520
72422
72389
72385
72382
72328
72189
72141
72125
72024
72006
72005
71953
71944
71939
71825
71774
71773
71660
71646
71623
71597
71576
71558
71479
71447
71441
71438
71281
71025
70975
70905
70903
70878
70755
70609
70582
70570
70565
70493
70478
70465
70374
70253
70125
70100
70082
69969
69913
69825
69739
69727
69526
69474
69460
69424
69421
69293
69271
69249
69213
69193
69089
68995
68941
68885
68867
68865
68843
68755
68689
68683
68453
68411
68390
68370
68352
68329
68259
68212
68193
68177
68107
68048
68030
68022
68014
67980
67935
67910
67882
67650
67626
67544
67514
67475
67468
67382
67354
67301
67127
67103
67088
67075
67068
67026
67011
66935
66921
66901
66895
66841
66785
66763
66694
66557
66514
66510
66461
66429
66397
66292
66233
66231
66174
66083
66038
65730
65711
65651
65643
65621
65604
65441
65392
65348
65339
65233
65207
65098
65055
65054
65038
65004
64980
64979
64978
64973
64946
64942
64942
64870
64827
64819
64783
64744
64708
64617
64559
64527
64515
64501
64486
64475
64417
64371
64279
64184
64155
64071
64003
63932
63854
63825
63824
63801
63773
63732
63601
63588
63560
63465
63421
63354
63300
63267
63235
63180
63174
63129
62973
62903
62875
62846
62823
62624
62622
62603
62603
62486
62473
62448
62352
62336
62328
62306
62242
62236
62170
62083
62070
62058
62056
62039
62032
62031
61956
61904
61838
61834
61792
61749
61711
61687
61648
61584
61578
61576
61539
61475
61458
61349
61348
61218
61212
61135
61134
61133
61007
60975
60969
60968
60940
60873
60834
60821
60788
60734
60726
60700
60564
60545
60525
60407
60332
60305
60302
60250
60174
60155
60137
60132
60121
60117
60074
60038
60005
59995
59953
59910
59741
59740
59610
59609
59591
59557
59486
59427
59405
59381
59297
59269
59253
59193
59191
59009
58951
58913
58905
58801
58737
58683
58650
58644
58637
58631
58508
58490
58338
58271
58259
58249
58235
58218
58193
58175
58147
57985
57972
57964
57951
57943
57841
57803
57785
57605
57576
57557
57541
57498
57490
57230
57181
57158
57144
56937
56935
56906
56878
56863
56767
56762
56747
56712
56706
56704
56585
56558
56350
56320
56250
56203
56185
56160
56154
56139
56131
56098
56056
56019
56015
56008
55922
55904
55874
55840
55826
55496
55490
55468
55460
55449
55426
55398
55337
55296
55292
55012
55005
54995
54943
54936
54685
54601
54593
54591
54509
54507
54501
54486
54431
54412
54409
54393
54386
54203
54175
54170
54102
54007
53873
53769
53744
53626
53585
53544
53436
53431
53342
53276
53259
53249
53186
53132
53104
53089
53089
53049
53013
52973
52939
52936
52935
52917
52853
52848
52800
52787
52763
52686
52680
52677
52659
52614
52567
52564
52488
52426
52316
52283
52249
52214
52130
51980
51880
51862
51773
51585
51560
51554
51483
51483
51341
51341
51289
51127
51072
50997
50924
50916
50902
50896
50778
50746
50736
50632
50584
50507
50495
50493
50483
50466
50441
50433
50429
50367
50365
50145
50042
50001
49985
49833
49826
49823
49809
49724
49694
49677
49553
49512
49455
49446
49444
49423
49314
49243
49200
49121
49068
49011
48990
48983
48787
48786
48759
48726
48653
48630
48588
48559
48546
48532
48469
48420
48400
48383
48303
48296
48259
48258
48222
48149
48132
48107
48104
48009
47998
47920
47875
47807
47786
47782
47749
47720
47552
47520
47510
47502
47447
47440
47433
47432
47378
47288
47213
47174
47151
47014
46958
46953
46932
46925
46829
46774
46703
46686
46555
46528
46514
46497
46482
46364
46338
46251
46141
46087
46066
46016
46014
45983
45878
45856
45586
45581
45566
45548
45392
45391
45384
45241
45171
45168
45101
45069
45049
44947
44919
44821
44806
44771
44731
44708
44551
44548
44460
44449
44425
44278
44193
44184
44158
44149
44145
43996
43972
43966
43925
43805
43745
43740
43711
43685
43634
43495
43494
43475
43435
43417
43373
43270
43225
43193
43035
42923
42899
42850
42772
42697
42592
42583
42483
42321
42076
41987
41873
41819
41815
41796
41781
41778
41644
41512
41507
41501
41470
41462
41461
41348
41127
41124
41086
40998
40863
40815
40811
40777
40697
40695
40604
40602
40571
40565
40522
40517
40458
40383
40311
40250
40121
40025
39847
39829
39758
39707
39648
39611
39452
39397
39361
39344
39322
39309
39294
39286
39175
39169
39046
39013
38939
38912
38911
38780
38743
38693
38595
38568
38559
38490
38433
38404
38318
38304
38254
38244
38190
38170
38073
38066
38004
37978
37961
37934
37833
37812
37759
37673
37551
37501
37464
37396
37371
37347
37321
37204
37134
37129
37089
37003
36952
36927
36864
36802
36738
36670
36620
36613
36573
36558
36488
36458
36448
36442
36431
36417
36353
36334
36312
36303
36254
36246
36131
36036
35942
35931
35834
35825
35801
35737
35689
35658
35644
35487
35478
35422
35373
35303
35299
35292
35184
35129
35064
35029
35026
34982
34974
34907
34887
34863
34820
34756
34715
34697
34578
34564
34495
34474
34442
34421
34420
34410
34286
34244
34226
34217
34203
34138
34036
34011
33994
33937
33927
33882
33856
33852
33841
33837
33712
33639
33547
33528
33509
33449
33418
33400
33391
33338
33255
33246
33241
33158
33106
33026
32863
32796
32773
32706
32704
32655
32628
32601
32531
32523
32522
32487
32426
32390
32356
32349
32306
32241
32235
31983
31970
31926
31916
31909
31831
31730
31694
31590
31583
31412
31409
31302
31249
31160
31151
31086
31049
30947
30858
30806
30754
30702
30678
30645
30623
30592
30453
30415
30381
30127
30116
30105
30015
29928
29889
29861
29761
29684
29664
29636
29620
29598
29556
29534
29528
29514
29399
29362
29342
29334
29266
29265
29195
29159
29089
28928
28836
28776
28754
28743
28615
28491
28452
28344
28322
28226
28192
28180
28063
27999
27914
27892
27879
27741
27604
27593
27588
27541
27524
27439
27438
27363
27344
27307
27265
27234
27147
27135
27118
27105
27061
27017
27000
26995
26948
26920
26911
26895
26680
26672
26662
26637
26633
26608
26605
26580
26547
26535
26517
26408
26368
26359
26348
26307
26257
26253
26234
26218
26129
26030
26002
25980
25781
25730
25730
25657
25608
25585
25575
25569
25463
25463
25390
25375
25229
25174
25144
24956
24934
24925
24922
24880
24849
24818
24754
24632
24591
24584
24571
24552
24506
24442
24320
24213
24122
24067
23932
23924
23919
23908
23835
23824
23805
23770
23766
23739
23712
23673
23663
23565
23510
23501
23473
23382
23348
23338
23319
23225
23079
23061
23026
23007
22973
22942
22915
22829
22754
22681
22411
22389
22326
22285
22275
22274
22259
22070
21963
21924
21909
21847
21780
21774
21774
21761
21586
21554
21510
21419
21309
21254
21141
21106
21048
21010
20959
20935
20716
20688
20684
20634
20603
20602
20424
20392
20368
20301
20283
20270
20253
20205
20192
20179
20167
20077
20054
20048
20030
20010
19948
19945
19746
19677
19661
19478
19429
19380
19359
19325
19266
19258
19179
19164
19097
19053
19014
18950
18871
18766
18564
18541
18461
18351
18244
18241
18191
18175
18094
18026
18011
17992
17910
17848
17805
17757
17612
17591
17589
17486
17480
17480
17418
17398
17367
17205
17197
17183
17175
17079
17032
17024
16951
16876
16860
16744
16723
16485
16390
16318
16311
16303
16296
16270
16247
16214
16111
16111
16088
16074
16040
16035
15964
15894
15835
15833
15824
15817
15803
15764
15700
15686
15581
15528
15525
15496
15467
15418
15410
15392
15339
15330
15241
15189
14920
14838
14837
14763
14742
14742
14693
14617
14613
14602
14558
14553
14473
14432
14426
14323
14317
14299
14229
14201
14130
14085
14057
13998
13968
13950
13949
13948
13828
13798
13770
13769
13761
13685
13609
13608
13550
13442
13432
13396
13377
13367
13317
13304
13221
13204
13189
13175
13127
13037
12968
12965
12761
12747
12743
12550
12521
12483
12402
12340
12339
12339
12296
12275
12210
12135
11840
11792
11752
11706
11694
11595
11585
11568
11556
11554
11520
11367
11354
11263
11258
11158
11140
11135
11104
11067
10997
10979
10932
10897
10812
10655
10638
10621
10596
10417
10383
10320
10286
10263
10238
10088
10021
10011
9982
9966
9903
9885
9865
9837
9836
9835
9744
9684
9551
9530
9437
9427
9406
9333
9314
9296
9284
9190
9180
9106
9086
9063
9055
9004
8935
8826
8736
8695
8681
8663
8454
8434
8353
8318
8318
8238
8225
8181
8154
8100
8095
8075
8053
7966
7882
7876
7869
7862
7795
7753
7689
7650
7638
7629
7617
7507
7473
7454
7424
7270
7185
7138
7133
7122
7070
7037
7005
6957
6909
6903
6901
6826
6790
6781
6694
6655
6583
6562
6501
6494
6469
6453
6427
6394
6372
6288
6266
6256
6245
6173
6148
6061
5974
5906
5885
5763
5659
5641
5609
5484
5455
5443
5380
5371
5262
5248
5227
5193
5145
5142
5135
5062
5032
4949
4890
4879
4864
4806
4739
4722
4674
4671
4636
4621
4607
4606
4525
4517
4482
4469
4445
4294
4256
4199
4088
4069
4054
4047
4024
4002
3984
3978
3963
3818
3816
3653
3639
3550
3499
3491
3473
3470
3349
3324
3259
3185
3121
3070
3024
2823
2633
2621
2611
2603
2535
2509
2509
2464
2433
2412
2408
2405
2387
2179
2125
2125
2083
1947
1910
1786
1758
1697
1674
1662
1615
1588
1526
1469
1405
1343
1313
1156
1145
1093
1077
1075
988
965
878
786
776
709
694
579
557
416
285
238
206
184
175
85
69
15
