99880
99741
99689
99647
99628
99522
99421
99414
99395
99369
99303
99296
99212
99161
99155
99060
99027
98951
98876
98839
98799
98786
98747
98705
98700
98602
98520
98460
98390
98360
98289
98244
98167
98041
98028
98004
97782
97711
97630
97624
97615
97575
97543
97502
97402
97386
97360
97286
97268
97155
97113
97107
97095
97039
97014
96918
96880
96820
96818
96698
96651
96521
96495
96352
96227
96168
95990
95988
95947
95874
95846
95552
95523
95415
95342
95341
95253
95159
95115
95005
94872
94798
94682
94630
94458
94356
94350
94264
94244
94240
94194
94112
94106
94063
94001
93970
93865
93863
93783
93779
93720
93642
93597
93526
93241
93238
93237
93227
93206
93109
93011
92952
92809
92789
92711
92667
92661
92580
92461
92451
92370
92369
92311
92306
92174
92088
92034
92033
91985
91966
91923
91883
91880
91821
91818
91702
91622
91575
91533
91510
91482
91430
91425
91414
91343
91301
91153
91145
91039
91027
90982
90949
90937
90899
90865
90755
90742
90567
90550
90491
90453
90415
90362
90232
90180
90137
89816
89813
89808
89780
89631
89623
89556
89536
89515
89496
89437
89434
89425
89364
89326
89313
89180
89048
88951
88943
88902
88858
88857
88837
88790
88780
88772
88727
88566
88556
88493
88370
88370
88347
88297
88264
88235
88227
88125
88030
88019
87974
87928
87839
87824
87807
87770
87689
87681
87551
87550
87441
87343
87289
87132
87043
87013
87000
86910
86843
86834
86792
86770
86707
86682
86605
86573
86486
86480
86470
86434
86308
86236
86203
85966
85878
85832
85812
85798
85703
85671
85603
85543
85529
85463
85429
85366
85307
85263
85144
84931
84912
84849
84832
84816
84745
84745
84732
84673
84512
84496
84472
84458
84308
84223
84204
84175
84172
84143
84129
84051
84003
83983
83980
83975
83851
83845
83793
83732
83694
83687
83661
83612
83580
83559
83498
83475
83446
83422
83418
83413
83335
83304
83289
83282
83281
83273
83226
83212
83192
83055
83011
83003
82998
82969
82931
82928
82734
82729
82709
82698
82655
82487
82430
82397
82327
82287
82201
82194
82182
82073
82062
82007
81965
81946
81880
81836
81818
81807
81792
81763
81749
81737
81716
81671
81670
81613
81563
81409
81290
81288
81282
81225
81194
81172
81161
81156
81097
81033
80961
80908
80899
80828
80817
80630
80500
80416
80380
80298
80251
80184
80142
80136
80090
80002
79941
79889
79876
79705
79574
79571
79501
79500
79476
79456
79362
79319
79286
79139
79064
79045
79004
78983
78842
78836
78715
78600
78472
78355
78346
78323
78299
78277
78260
78245
78205
78204
78056
77950
77888
77881
77860
77828
77774
77662
77617
77584
77568
77421
77394
77384
77316
77184
77166
77093
77032
77008
77001
76993
76950
76895
76821
76779
76699
76616
76588
76498
76277
76224
76200
76197
76165
76161
76120
75985
75972
75948
75862
75824
75822
75726
75726
75642
75570
75543
75539
75514
75500
75408
75394
75367
75360
75343
75288
75266
75263
75253
75203
75030
74844
74786
74774
74753
74753
74700
74647
74490
74439
74413
74406
74381
74353
74345
74327
74302
74279
74247
74151
74146
74096
74065
73923
73909
73865
73828
73789
73770
73731
73713
73651
73632
73488
73459
73418
73408
73397
73376
73351
73322
73312
73229
73214
73056
73008
73004
72965
72883
72877
72829
72757
72674
72618
72605
72580
72576
72479
72338
72305
72291
72264
72200
72133
71984
71965
71932
71715
71560
71551
71483
71476
71413
71404
71397
71346
71242
71237
71208
71137
71050
71034
70813
70705
70642
70550
70509
70508
70463
70360
70308
70269
70265
70216
70210
70052
70032
69967
69892
69862
69813
69790
69751
69634
69628
69568
69542
69488
69312
69310
69289
69273
69196
69182
69176
69127
69076
69014
68948
68911
68865
68740
68738
68687
68635
68559
68481
68458
68452
68409
68383
68259
68207
68202
68197
68061
68051
68015
67979
67908
67832
67559
67535
67514
67513
67497
67487
67469
67455
67437
67425
67403
67350
67288
67283
67248
67203
67170
67116
67075
67066
67013
66984
66979
66932
66897
66879
66768
66761
66714
66680
66672
66650
66646
66641
66605
66548
66547
66385
66349
66320
66320
66194
66160
66154
66117
66008
66003
65912
65673
65667
65638
65579
65461
65329
65153
65080
64987
64916
64842
64838
64829
64576
64478
64417
64349
64303
64299
64284
64235
64070
63971
63852
63830
63798
63722
63693
63643
63498
63410
63405
63360
63255
63192
63189
63172
63131
63070
63050
62975
62805
62767
62762
62725
62607
62514
62506
62466
62457
62410
61907
61848
61770
61747
61661
61618
61456
61437
61352
61243
61217
61080
61063
61058
61039
60990
60827
60754
60753
60709
60664
60606
60576
60559
60555
60533
60529
60520
60518
60484
60468
60425
60368
60366
60291
60231
60199
60130
59989
59866
59862
59655
59546
59528
59514
59353
59314
59115
59081
59081
58978
58873
58775
58744
58711
58698
58698
58647
58626
58616
58576
58574
58558
58548
58526
58490
58488
58427
58418
58367
58274
58183
58174
58143
58110
58105
58063
57979
57866
57837
57812
57735
57593
57551
57508
57403
57280
57245
57102
57084
56992
56962
56883
56850
56812
56748
56695
56694
56633
56577
56571
56509
56497
56483
56481
56389
56286
56262
56256
56227
56212
56131
56108
56083
56072
56065
56058
56042
55983
55895
55887
55857
55838
55712
55678
55634
55567
55553
55499
55489
55456
55446
55414
55394
55390
55389
55364
55364
55362
55251
55244
55223
55214
55145
55093
54938
54904
54880
54850
54836
54795
54736
54724
54681
54595
54590
54559
54520
54517
54510
54458
54365
54356
54342
54288
54107
53946
53935
53890
53800
53778
53771
53731
53557
53462
53457
53368
53314
53147
53086
53037
53023
53019
52993
52988
52881
52796
52732
52726
52702
52624
52587
52436
52433
52420
52329
52286
52248
52208
52175
52170
52080
52068
52043
52043
51969
51922
51919
51903
51878
51795
51788
51776
51702
51682
51639
51554
51541
51467
51438
51429
51350
51337
51268
51256
51221
51192
51140
51097
51074
50948
50915
50879
50743
50707
50702
50681
50679
50652
50648
50635
50633
50609
50609
50585
50545
50545
50536
50526
50459
50432
50319
50260
50219
50198
50120
49993
49872
49827
49803
49744
49731
49669
49631
49613
49572
49444
49088
49034
49003
48859
48746
48741
48699
48683
48680
48622
48518
48404
48387
48272
48260
48219
48212
48205
48075
47972
47877
47778
47696
47586
47490
47481
47435
47104
47051
46959
46950
46924
46889
46884
46856
46824
46766
46692
46663
46540
46503
46476
46424
46301
46294
46278
46254
46242
46222
46133
46111
46108
46099
46083
46061
45989
45941
45877
45814
45753
45677
45674
45626
45614
45610
45539
45536
45484
45430
45380
45346
45212
45211
45140
45136
45112
45037
45014
44891
44862
44842
44757
44748
44739
44658
44595
44589
44538
44508
44353
44339
44310
44281
44247
44125
44120
44048
44035
44018
43953
43932
43869
43860
43791
43722
43643
43618
43581
43484
43453
43416
43373
43334
43253
43239
43207
43193
43054
42953
42931
42916
42895
42852
42790
42704
42671
42487
42453
42179
41997
41984
41968
41956
41941
41932
41925
41908
41857
41817
41780
41772
41771
41763
41763
41663
41659
41631
41598
41499
41485
41427
41412
41327
41012
40922
40900
40838
40793
40751
40727
40683
40617
40607
40564
40537
40495
40490
40448
40363
40313
40292
40290
40255
40252
40249
40185
40175
40163
40130
40062
40031
39926
39849
39787
39777
39765
39651
39649
39644
39634
39630
39624
39604
39598
39512
39466
39447
39325
39283
39271
39221
39182
39158
39154
39134
39087
38952
38830
38748
38691
38649
38621
38619
38554
38391
38383
38333
38327
38304
38238
38172
38161
38141
38050
37992
37991
37976
37950
37898
37843
37659
37620
37544
37510
37498
37495
37487
37349
37305
37169
37163
37046
37031
37018
36944
36929
36900
36898
36783
36777
36772
36765
36754
36716
36703
36693
36692
36672
36623
36574
36475
36438
36359
36303
36301
36219
36143
36091
36017
35781
35668
35667
35637
35603
35593
35580
35565
35555
35461
35459
35404
35387
35253
35228
35176
35175
35167
35147
35047
34976
34958
34860
34855
34818
34759
34749
34714
34701
34592
34538
34525
34503
34460
34367
34163
34112
34109
34080
34019
33921
33904
33880
33767
33729
33721
33677
33653
33628
33610
33436
33422
33345
33296
33264
33200
33070
32928
32849
32766
32765
32761
32677
32662
32653
32574
32526
32518
32468
32375
32266
32207
32206
32173
32162
32158
32056
32048
32022
32017
31997
31966
31934
31916
31819
31770
31703
31663
31550
31474
31361
31353
31256
31220
31168
31153
31115
31102
31066
30969
30833
30819
30762
30760
30740
30726
30674
30666
30650
30453
30443
30420
30396
30388
30334
30283
30277
30197
30099
30096
29991
29897
29835
29722
29706
29701
29626
29620
29617
29516
29515
29460
29195
29030
28990
28894
28866
28831
28793
28723
28640
28573
28561
28525
28513
28480
28454
28394
28386
28365
28364
28362
28325
28145
28141
28064
27880
27780
27683
27617
27513
27419
27377
27084
27083
26917
26881
26823
26820
26779
26753
26752
26717
26666
26666
26642
26633
26591
26526
26515
26501
26440
26278
26258
26215
26199
26146
26095
26021
25956
25937
25930
25930
25918
25875
25782
25750
25741
25620
25610
25491
25406
25358
25320
25309
25304
25166
25101
25020
25013
24990
24978
24959
24932
24914
24892
24884
24874
24859
24854
24820
24786
24752
24748
24716
24709
24648
24560
24427
24422
24409
24303
24230
24084
24063
24021
23914
23893
23852
23751
23688
23672
23558
23556
23527
23473
23447
23416
23349
23302
23281
23222
23114
23097
22970
22959
22737
22726
22719
22534
22479
22402
22394
22307
22292
22283
22216
22101
22074
22064
22037
22008
21977
21916
21916
21866
21835
21824
21812
21807
21791
21629
21624
21550
21548
21474
21452
21334
21308
21305
21148
21125
21082
21041
21010
20882
20861
20667
20518
20469
20424
20323
20291
20285
20252
20231
20089
20076
20017
20015
19948
19932
19769
19713
19642
19609
19596
19553
19494
19434
19427
19350
19346
19329
19304
19264
19229
19185
19177
19091
19027
18976
18892
18891
18882
18618
18611
18514
18450
18433
18385
18380
18364
18285
18278
18267
18266
18255
18117
18070
18044
18018
17932
17929
17871
17855
17760
17755
17641
17631
17594
17570
17543
17496
17475
17236
17182
17114
17013
17000
16986
16891
16880
16860
16752
16725
16721
16513
16506
16492
16394
16386
16353
16265
16245
16197
16193
16082
16004
15947
15917
15916
15881
15879
15859
15859
15853
15797
15782
15733
15701
15686
15609
15588
15480
15469
15460
15411
15406
15376
15270
15225
15210
15206
15155
15117
15054
15020
14956
14882
14876
14792
14782
14718
14670
14669
14644
14358
14343
14333
14328
14318
14278
14181
14109
14044
14021
13852
13829
13745
13705
13696
13642
13636
13581
13575
13546
13541
13533
13399
13396
13288
13258
13170
13115
13063
13049
12980
12978
12920
12888
12850
12847
12833
12728
12717
12664
12605
12593
12580
12572
12552
12552
12549
12481
12479
12473
12446
12445
12419
12294
12280
12255
12224
12200
12088
11978
11900
11874
11863
11840
11799
11726
11679
11669
11663
11597
11559
11506
11287
11272
11251
11173
11116
11039
11016
10945
10938
10875
10800
10763
10739
10719
10716
10696
10684
10656
10232
10215
10209
10153
10101
10051
10035
10005
9982
9899
9854
9849
9795
9794
9787
9782
9737
9712
9567
9552
9526
9486
9477
9466
9419
9378
9362
9357
9328
9306
9299
9282
9234
9201
9199
9180
9157
9126
9064
9061
9023
8816
8777
8714
8701
8611
8598
8592
8580
8550
8503
8432
8410
8405
8390
8313
8293
8276
8256
8159
8138
8124
8121
8045
7980
7955
7942
7899
7878
7790
7783
7734
7729
7729
7716
7633
7610
7600
7484
7482
7460
7451
7424
7424
7372
7223
7211
7168
7149
7118
7112
7102
7077
7056
7053
7041
7003
6972
6970
6954
6906
6904
6879
6864
6826
6784
6756
6737
6636
6528
6434
6371
6350
6321
6318
6150
6146
6136
6020
6018
5927
5849
5847
5808
5740
5633
5590
5569
5514
5487
5390
5372
5335
5270
5224
5083
5052
4955
4910
4830
4773
4766
4702
4473
4466
4414
4394
4391
4303
4206
4107
4047
3969
3910
3889
3873
3863
3831
3781
3738
3735
3635
3620
3602
3543
3514
3370
3361
3330
3282
3262
3252
3238
3221
3206
3148
3138
3117
3090
3086
3066
3062
3037
2994
2981
2922
2858
2802
2737
2719
2716
2558
2519
2356
2240
2191
2181
2123
2079
1978
1919
1811
1773
1747
1638
1628
1603
1603
1602
1576
1573
1524
1508
1367
1349
1330
1293
1258
1220
1184
1141
1137
1113
1036
1033
1001
966
730
689
486
432
415
406
375
346
317
189
180
178
165
127
41
3
