99990
99926
99905
99821
99797
99755
99729
99722
99674
99384
99337
99227
99163
99159
99151
99111
99099
99094
99044
98987
98971
98819
98757
98415
98299
98267
98116
98095
98058
98005
97966
97965
97957
97935
97928
97780
97712
97697
97695
97634
97607
97484
97458
97431
97351
97296
97257
97151
97080
97073
96786
96724
96681
96558
96486
96415
96384
96278
96257
96234
96223
96220
96178
96132
95952
95845
95793
95684
95595
95575
95572
95525
95516
95493
95439
95428
95396
95356
95208
95150
95139
95032
94948
94905
94855
94836
94833
94794
94790
94708
94605
94476
94453
94401
94389
94274
94260
94245
94207
94133
94125
94110
94076
94072
93943
93932
93912
93894
93823
93801
93744
93733
93721
93635
93598
93584
93532
93436
93372
93362
93351
93313
93269
93200
93144
93122
93040
92988
92893
92881
92781
92723
92714
92679
92571
92542
92542
92524
92454
92347
92186
92160
92130
92118
92084
92067
92048
91969
91911
91734
91679
91650
91647
91565
91555
91536
91442
91388
91352
91310
91289
91210
91071
91064
90985
90982
90916
90899
90768
90709
90660
90640
90630
90610
90583
90455
90454
90429
90422
90395
90387
90324
90309
90244
90236
90146
90137
90134
90129
90127
90124
90082
90059
90042
89921
89854
89848
89821
89820
89762
89620
89579
89422
89409
89385
89300
89210
89191
89027
88938
88907
88862
88852
88836
88826
88687
88675
88665
88632
88593
88577
88542
88499
88446
88442
88368
88229
88175
88175
88097
88064
87942
87752
87734
87701
87697
87619
87616
87566
87546
87447
87432
87330
87206
87189
87134
87053
86984
86945
86934
86903
86866
86809
86733
86728
86675
86668
86578
86576
86455
86415
86358
86271
86248
86222
86192
86145
86140
86043
85997
85899
85858
85808
85778
85715
85656
85636
85625
85609
85567
85528
85522
85496
85398
85288
85272
85195
85092
85010
85003
84970
84922
84893
84829
84816
84766
84734
84596
84487
84357
84339
84316
84257
84238
84027
83988
83960
83954
83938
83910
83837
83825
83692
83685
83667
83579
83522
83381
83375
83370
83338
83302
83240
83230
83213
83195
83143
83110
83032
83023
82977
82939
82894
82841
82766
82652
82572
82492
82457
82450
82443
82410
82355
82290
82080
81941
81874
81836
81729
81596
81589
81475
81436
81386
81348
81320
81290
81180
81160
81042
80993
80939
80894
80884
80835
80773
80721
80713
80629
80565
80524
80505
80499
80472
80431
80287
80265
80192
80169
80160
79892
79841
79819
79741
79731
79572
79564
79444
79417
79415
79390
79388
79277
79204
79123
79113
79097
78993
78945
78935
78832
78826
78800
78739
78622
78416
78375
78191
78170
78101
78099
78013
77996
77949
77848
77673
77658
77622
77549
77521
77520
77518
77484
77474
77380
77360
77322
77317
77315
77235
77220
77181
77178
77068
77024
76925
76773
76738
76704
76681
76680
76538
76483
76479
76377
76311
76303
76272
76225
76220
76179
76142
76036
75910
75836
75809
75732
75727
75716
75652
75535
75519
75482
75432
75415
75408
75399
75342
75316
75312
75305
75255
75255
75246
75193
75175
75173
75154
75096
75061
75055
75047
75031
75025
75004
74976
74961
74894
74876
74863
74799
74690
74659
74618
74606
74515
74451
74418
74378
74276
74250
73908
73886
73803
73764
73741
73517
73514
73444
73397
73329
73279
73257
73255
73223
73206
73196
73131
73119
73101
73034
72984
72947
72827
72770
72616
72423
72361
72355
72293
72278
72259
72212
72192
72169
72153
72089
71951
71787
71569
71564
71513
71506
71442
71387
71281
71261
71194
71113
71074
71032
70959
70793
70778
70758
70562
70547
70533
70458
70345
70208
70192
70183
70122
70100
70088
70063
70059
70049
69953
69930
69897
69764
69761
69691
69685
69659
69625
69596
69494
69397
69322
69192
69188
69096
69053
69028
69027
68995
68911
68827
68724
68698
68690
68688
68631
68562
68495
68383
68382
68356
68347
68320
68267
68249
68197
68165
67966
67965
67828
67749
67738
67695
67654
67619
67614
67612
67564
67452
67354
67323
67303
67242
67236
67197
67185
67098
67064
67054
66998
66942
66924
66919
66887
66851
66827
66789
66645
66638
66561
66490
66363
66207
66181
66078
66075
66066
66036
66035
65943
65901
65815
65754
65635
65582
65559
65413
65409
65382
65377
65205
65173
65162
65160
65042
65020
64953
64928
64872
64734
64671
64636
64432
64347
64342
64284
64263
64205
64140
64107
64099
64097
64091
64088
64072
63981
63964
63931
63895
63834
63823
63761
63692
63648
63570
63545
63458
63291
63264
63239
63225
63164
63148
63093
63039
63019
62947
62916
62913
62840
62752
62741
62639
62595
62479
62455
62443
62432
62429
62421
62383
62337
62308
62277
62111
62090
61969
61940
61905
61837
61832
61786
61784
61740
61713
61660
61631
61577
61411
61375
61319
61256
61229
61221
61154
61138
61137
61015
61002
60919
60863
60728
60705
60512
60489
60482
60481
60419
60393
60372
60275
60238
60120
60094
60034
59916
59861
59837
59764
59726
59719
59626
59599
59581
59537
59452
59395
59389
59348
59342
59299
59266
59260
59247
59246
59175
59027
58982
58926
58913
58895
58773
58705
58677
58636
58629
58557
58554
58529
58497
58433
58429
58338
58222
58152
58117
58106
57986
57980
57957
57944
57910
57905
57882
57698
57622
57563
57553
57503
57439
57173
57158
57125
57089
57079
57071
57025
56908
56902
56805
56759
56728
56689
56671
56517
56501
56400
56101
56093
56073
55958
55946
55939
55913
55880
55860
55830
55814
55719
55665
55525
55496
55487
55406
55329
55060
55048
54957
54947
54914
54900
54815
54749
54746
54667
54655
54648
54600
54587
54573
54519
54466
54431
54428
54110
54088
54050
53921
53917
53877
53870
53762
53706
53699
53629
53573
53555
53545
53516
53497
53465
53410
53377
53324
53297
53246
53221
53185
53065
53037
52998
52965
52955
52926
52880
52877
52811
52763
52750
52720
52626
52586
52473
52469
52460
52433
52430
52406
52335
52249
52218
52181
52167
52157
52027
51990
51971
51853
51843
51788
51776
51775
51704
51569
51567
51555
51535
51526
51525
51507
51498
51494
51491
51462
51431
51267
51259
51227
51133
51079
51072
51050
51049
50920
50799
50753
50703
50675
50636
50578
50565
50509
50508
50506
50401
50355
50140
49930
49927
49913
49875
49808
49719
49626
49540
49444
49331
49325
49301
49287
49245
49176
49140
49129
49110
49108
49081
49043
49010
49006
48950
48946
48917
48912
48889
48810
48770
48737
48737
48674
48664
48615
48583
48582
48579
48479
48475
48445
48378
48141
48048
48045
48034
48029
48002
47986
47966
47960
47855
47849
47735
47686
47681
47595
47592
47551
47538
47442
47441
47414
47342
47226
47226
47178
47154
47050
46963
46921
46874
46863
46847
46820
46759
46723
46664
46629
46577
46491
46473
46457
46457
46415
46378
46318
46184
46169
46149
46106
46099
46094
46070
46032
46021
46009
45991
45964
45833
45749
45686
45680
45668
45619
45608
45598
45530
45515
45484
45443
45400
45376
45374
45330
45275
45224
45219
45217
45212
45195
45120
45101
45066
45030
44922
44878
44868
44740
44705
44703
44673
44544
44532
44520
44515
44414
44404
44346
44328
44320
44312
44309
44244
44231
44165
44102
44095
44078
44071
44050
44019
43986
43955
43882
43878
43872
43857
43650
43588
43566
43536
43486
43473
43467
43436
43334
43328
43266
43245
43242
43153
43123
43036
43005
42925
42871
42868
42857
42840
42836
42763
42743
42675
42668
42463
42387
42386
42266
42163
42137
42110
42057
41898
41877
41859
41821
41798
41755
41724
41713
41711
41601
41595
41584
41546
41534
41513
41433
41405
41119
41079
41045
41025
41013
40974
40925
40883
40569
40562
40503
40391
40385
40360
40314
40247
39976
39971
39859
39809
39752
39739
39721
39687
39671
39415
39385
39368
39349
39334
39333
39302
39205
39167
39133
39106
39015
39005
38981
38951
38876
38852
38786
38785
38704
38654
38543
38509
38447
38445
38375
38334
38254
38253
38205
38175
38154
38034
37925
37850
37823
37795
37691
37677
37478
37468
37414
37253
37147
36913
36910
36896
36858
36852
36832
36806
36714
36659
36582
36522
36511
36420
36380
36303
36298
36244
36211
36199
36077
35877
35859
35837
35811
35804
35684
35642
35430
35316
35252
35185
35171
35066
35036
35002
34952
34914
34830
34799
34597
34591
34587
34563
34540
34502
34458
34422
34383
34350
34342
34340
34333
34312
34256
34217
34204
34200
34058
34041
34014
33999
33986
33967
33921
33915
33880
33867
33810
33663
33609
33609
33559
33449
33422
33407
33351
33226
33189
33188
33156
33055
32852
32805
32797
32777
32734
32718
32709
32638
32624
32581
32562
32546
32424
32366
32256
32159
32098
32095
32094
31998
31978
31929
31919
31906
31906
31861
31848
31832
31793
31775
31756
31745
31626
31572
31542
31461
31456
31429
31406
31317
31250
31155
31120
31106
31094
31081
31036
31003
30984
30892
30623
30491
30444
30380
30364
30363
30115
30102
30018
30000
29962
29939
29917
29831
29810
29779
29729
29705
29702
29673
29667
29647
29566
29557
29525
29398
29343
29250
29215
29167
29113
28985
28973
28960
28939
28902
28851
28849
28774
28759
28736
28671
28630
28605
28452
28443
28284
28196
28148
28108
28093
28071
28040
27974
27970
27870
27853
27843
27648
27621
27599
27445
27432
27292
27276
27261
27159
27141
27111
27053
27045
27007
26949
26839
26824
26775
26695
26597
26552
26537
26465
26458
26384
26356
26356
26334
26328
26309
26285
26270
26188
26167
26082
26039
25902
25835
25795
25781
25767
25704
25675
25648
25470
25428
25346
25311
25239
25239
25176
24998
24985
24889
24837
24832
24826
24666
24550
24435
24426
24400
24305
24294
24240
24184
24108
24094
24062
23965
23926
23900
23863
23786
23769
23768
23744
23722
23634
23610
23597
23578
23545
23524
23462
23450
23287
23269
23248
23247
23237
23202
23141
23096
23002
22982
22953
22933
22902
22893
22789
22761
22738
22697
22669
22650
22584
22578
22489
22435
22338
22302
22283
22136
22135
22077
22045
21969
21957
21825
21804
21769
21748
21681
21551
21536
21513
21440
21381
21370
21306
21295
21260
21241
21174
21152
20916
20894
20835
20823
20816
20732
20715
20636
20557
20542
20405
20402
20388
20387
20200
20190
20184
20173
20120
20066
19994
19981
19900
19822
19797
19768
19750
19722
19690
19667
19585
19577
19560
19511
19486
19483
19440
19440
19371
19319
19283
19276
19255
19251
19162
19115
19024
19017
19001
18998
18980
18946
18896
18878
18815
18721
18666
18616
18534
18524
18455
18427
18418
18408
18359
18338
18227
18165
18156
18154
18119
18103
18061
18052
18048
18034
17946
17941
17924
17875
17855
17733
17631
17564
17562
17485
17435
17432
17402
17304
17304
17290
17201
17196
17159
17155
17149
17077
16907
16837
16815
16659
16553
16500
16467
16334
16322
16288
16242
16219
15976
15883
15871
15542
15516
15429
15331
15275
15182
15169
15142
15029
14982
14940
14933
14890
14861
14809
14776
14669
14663
14658
14634
14607
14552
14537
14445
14384
14299
14266
14248
14231
14208
14167
14150
14036
13983
13900
13898
13894
13879
13852
13825
13786
13742
13733
13658
13606
13547
13504
13490
13456
13401
13356
13337
13315
13209
13206
13133
13093
13038
13011
13006
12982
12903
12843
12790
12790
12640
12495
12479
12386
12314
12191
12154
12131
12109
12105
12044
12032
12006
11951
11866
11816
11619
11605
11603
11596
11568
11436
11406
11347
11305
11290
11275
11219
11215
11189
11153
11146
11115
11095
11089
11087
11071
11068
10935
10886
10851
10808
10724
10722
10689
10668
10656
10593
10582
10557
10550
10531
10472
10392
10386
10382
10368
10331
10247
10148
10053
10043
10039
10033
10019
10012
9996
9992
9983
9959
9927
9869
9839
9837
9715
9700
9657
9630
9618
9528
9488
9463
9450
9383
9373
9301
9288
9280
9265
9223
9176
9088
9022
8982
8904
8809
8797
8795
8793
8779
8732
8683
8672
8614
8398
8088
8043
8007
7892
7875
7822
7785
7690
7602
7601
7532
7511
7508
7398
7391
7390
7284
7281
7259
7224
7224
7209
7152
7091
6872
6822
6798
6771
6750
6714
6674
6659
6549
6541
6501
6472
6465
6442
6338
6280
6121
6028
5959
5882
5818
5814
5695
5679
5674
5650
5613
5575
5478
5365
5362
5282
5267
5192
5034
4953
4906
4867
4865
4660
4595
4590
4488
4326
4237
4231
4203
4163
4108
3977
3914
3913
3809
3739
3738
3668
3612
3561
3549
3384
3333
3194
3139
2998
2838
2821
2707
2678
2674
2556
2483
2438
2390
2383
2372
2316
2300
2289
2174
2126
2076
2053
2036
1996
1994
1914
1902
1847
1808
1766
1644
1642
1622
1561
1559
1549
1417
1396
1321
1310
1302
1224
1182
1067
952
939
855
847
664
659
629
624
536
408
401
398
378
251
173
168
104
21
