99929
99842
99766
99726
99714
99713
99709
99673
99523
99489
99486
99395
99382
99372
99357
99355
99211
99201
99113
99075
98931
98919
98912
98872
98863
98819
98787
98774
98744
98666
98640
98637
98584
98556
98503
98492
98415
98322
98274
98272
98199
98040
97990
97904
97879
97832
97778
97705
97637
97618
97613
97571
97541
97469
97416
97214
97156
97141
97135
96977
96942
96929
96819
96813
96749
96702
96668
96658
96562
96553
96528
96237
96141
96133
96002
95995
95956
95953
95952
95934
95932
95825
95767
95741
95705
95697
95592
95577
95529
95528
95511
95488
95421
95416
95410
95393
95373
95328
95286
95169
95119
95095
94912
94888
94853
94852
94846
94818
94795
94766
94564
94561
94483
94412
94346
94169
94150
94130
94123
94039
94011
94008
93987
93952
93853
93792
93771
93770
93760
93716
93711
93691
93670
93618
93595
93581
93455
93422
93329
93276
93174
93171
93170
93143
93084
93083
93032
92962
92938
92935
92916
92845
92662
92419
92391
92386
92379
92377
92372
92353
92317
92315
92305
92292
92272
92251
92244
92238
92166
92153
92134
92123
92111
92058
91987
91821
91771
91735
91725
91720
91707
91639
91418
91388
91360
91358
91324
91322
91256
91244
91007
90973
90961
90910
90898
90851
90796
90780
90766
90681
90542
90515
90479
90479
90439
90415
90375
90341
90311
90216
90209
90155
90145
89983
89967
89935
89827
89823
89750
89733
89732
89713
89682
89655
89506
89491
89447
89402
89372
89356
89338
89262
89254
89228
89222
89159
89115
89105
89060
89058
88993
88965
88860
88843
88833
88827
88662
88642
88464
88432
88375
88371
88196
88142
88116
88063
87814
87810
87800
87755
87677
87667
87650
87547
87397
87392
87369
87369
87330
87317
87254
87217
87053
86970
86911
86861
86758
86645
86524
86442
86430
86348
86307
86184
86096
86085
86083
86027
85885
85869
85845
85781
85775
85675
85667
85576
85518
85473
85371
85308
85263
85220
85176
85172
85073
84959
84910
84851
84847
84834
84822
84816
84801
84782
84731
84725
84710
84689
84631
84623
84569
84500
84462
84451
84376
84340
84316
84290
84290
84272
84184
84115
84063
84038
84037
84030
83981
83949
83942
83880
83843
83810
83794
83699
83685
83662
83654
83626
83414
83394
83389
83294
83282
83239
83227
83201
83183
83170
83151
83140
83085
83052
83047
82915
82852
82806
82692
82672
82639
82638
82632
82590
82461
82454
82431
82337
82233
82176
82167
81898
81864
81757
81647
81603
81585
81580
81500
81435
81386
81379
81287
81259
81214
81205
81180
81155
81050
80989
80947
80939
80925
80805
80790
80757
80729
80710
80686
80600
80510
80439
80378
80367
80363
80334
80327
80283
80236
80178
80123
80102
79964
79861
79783
79744
79697
79584
79528
79468
79372
79369
79354
79331
79255
79182
79052
79030
78987
78886
78886
78883
78802
78731
78729
78713
78669
78639
78587
78378
78311
78299
78293
78262
78105
78079
78031
77993
77980
77961
77954
77919
77870
77801
77741
77739
77732
77667
77634
77576
77503
77447
77376
77198
77112
77102
76997
76720
76654
76652
76648
76479
76367
76359
76343
76303
76271
76259
76126
76123
76098
76072
76046
75916
75908
75750
75710
75691
75683
75649
75620
75537
75372
75271
75155
75134
75119
75080
75044
75020
75001
74996
74940
74862
74747
74707
74706
74705
74645
74610
74606
74435
74405
74305
74250
74143
74046
74008
73975
73951
73845
73814
73654
73635
73541
73497
73432
73338
73236
73234
73193
73152
73149
73145
73053
72924
72866
72841
72817
72789
72766
72668
72637
72611
72535
72506
72461
72454
72368
72340
72332
72313
72312
72300
72282
72235
72232
72131
72128
72113
72017
71996
71937
71817
71809
71762
71639
71612
71611
71580
71564
71524
71384
71305
71268
71170
71150
71093
71062
71058
71014
70998
70991
70930
70759
70630
70605
70603
70574
70510
70506
70416
70416
70388
70369
70355
70355
70345
70313
70249
70154
70067
70049
70012
69940
69888
69810
69773
69682
69681
69675
69619
69611
69583
69534
69504
69391
69227
69199
69152
69101
69045
69020
68882
68794
68774
68736
68650
68650
68630
68615
68593
68563
68516
68492
68427
68402
68400
68325
68311
68236
68189
68015
67931
67907
67797
67790
67747
67719
67714
67711
67690
67639
67625
67532
67507
67479
67469
67403
67401
67219
66994
66993
66984
66966
66923
66854
66844
66834
66833
66822
66787
66745
66716
66613
66588
66576
66453
66451
66434
66373
66353
66330
65962
65902
65845
65842
65822
65819
65730
65641
65640
65599
65580
65578
65440
65423
65401
65388
65363
65214
65209
65183
65156
65135
65126
65080
65079
65059
65032
64984
64906
64878
64820
64818
64807
64792
64777
64596
64586
64571
64560
64553
64543
64539
64537
64513
64463
64415
64288
64245
64054
64043
63785
63781
63722
63677
63654
63639
63515
63513
63506
63501
63472
63439
63419
63414
63360
63340
63237
63153
63145
63134
63090
63089
63064
63008
63001
62975
62867
62838
62781
62717
62686
62564
62528
62503
62491
62486
62473
62445
62332
62325
62321
62283
62244
62222
62188
62188
62097
61841
61790
61731
61729
61671
61656
61613
61605
61501
61443
61411
61340
61321
61232
61219
61178
61147
61128
61107
61090
60992
60896
60891
60811
60773
60730
60619
60565
60490
60368
60257
60234
60206
60174
60068
60062
60042
59981
59931
59869
59859
59846
59828
59814
59805
59782
59621
59593
59588
59523
59481
59423
59298
59197
59190
59088
59078
58975
58938
58789
58781
58754
58748
58726
58695
58681
58595
58592
58557
58552
58538
58523
58454
58452
58414
58394
58372
58326
58241
58234
58194
58144
58123
58109
58018
58014
57826
57753
57646
57624
57583
57530
57513
57441
57434
57412
57226
57128
56980
56676
56665
56661
56623
56600
56576
56564
56557
56395
56376
56346
56240
56123
56051
55999
55941
55938
55912
55901
55897
55896
55894
55885
55765
55746
55739
55682
55567
55542
55537
55524
55462
55269
55250
55243
55224
55082
55080
55068
54878
54847
54765
54742
54627
54550
54461
54430
54428
54407
54369
54099
54071
54047
54046
54011
54005
53945
53798
53767
53753
53706
53687
53593
53569
53510
53370
53370
53345
53299
53257
53212
53188
53175
53116
53095
53040
53014
52998
52882
52862
52834
52818
52812
52779
52595
52548
52481
52427
52425
52419
52389
52378
52242
52227
52219
52074
52028
51950
51947
51851
51693
51629
51580
51556
51501
51485
51477
51390
51328
51286
51194
51138
51089
51035
51014
51009
50978
50928
50894
50802
50746
50703
50701
50640
50585
50496
50489
50485
50481
50395
50386
50354
50314
50199
50124
50104
50074
50071
50049
50046
50028
49983
49967
49890
49847
49820
49766
49738
49689
49562
49531
49416
49368
49158
49149
49106
49054
48985
48974
48922
48857
48743
48675
48610
48603
48519
48385
48340
48339
48307
48264
48111
48101
48085
48052
48014
47906
47865
47713
47708
47534
47463
47397
47366
47135
47090
46970
46876
46822
46820
46738
46690
46572
46552
46547
46476
46296
46250
46246
46220
46204
46105
46073
46013
45997
45973
45970
45935
45795
45751
45678
45673
45671
45648
45639
45611
45517
45479
45439
45415
45383
45285
45248
45215
45073
44961
44898
44858
44816
44702
44669
44659
44651
44603
44576
44573
44541
44469
44464
44417
44381
44248
44152
44141
44091
44013
43972
43959
43936
43799
43764
43757
43749
43688
43684
43636
43611
43550
43546
43543
43541
43514
43426
43312
43241
43101
43001
42982
42937
42901
42854
42848
42794
42789
42787
42743
42706
42688
42685
42654
42539
42519
42456
42443
42412
42052
41998
41940
41914
41900
41878
41840
41781
41731
41722
41640
41628
41553
41546
41521
41513
41506
41436
41434
41426
41403
41355
41335
41298
41241
41199
41113
41092
41049
40982
40962
40953
40929
40843
40839
40824
40684
40598
40564
40561
40536
40535
40273
40064
40055
39984
39983
39967
39937
39934
39923
39864
39766
39759
39730
39711
39686
39622
39521
39406
39353
39326
39303
39274
39262
39158
39117
39049
38987
38917
38700
38694
38687
38655
38651
38571
38547
38533
38459
38355
38324
38252
38211
38072
37942
37942
37890
37746
37603
37565
37446
37410
37278
37227
37216
37214
37208
37103
37060
37053
37041
36913
36897
36875
36744
36692
36397
36330
36249
36141
36099
36056
36024
36007
35850
35820
35816
35782
35746
35722
35696
35554
35513
35488
35485
35428
35377
35352
35324
35236
35198
35106
34800
34775
34710
34673
34630
34590
34548
34532
34423
34393
34390
34358
34208
34190
34123
33776
33759
33660
33615
33613
33594
33592
33514
33404
33398
33280
33261
33189
32923
32835
32768
32761
32729
32700
32681
32621
32597
32570
32566
32531
32518
32516
32488
32372
32368
32210
32206
32138
32070
32062
31936
31849
31832
31802
31676
31662
31661
31658
31484
31444
31424
31030
31002
30882
30847
30774
30767
30749
30739
30697
30515
30506
30458
30451
30323
30294
30190
30162
30076
29937
29858
29810
29769
29715
29704
29664
29644
29600
29581
29570
29495
29417
29353
29310
29255
29242
29242
29219
29210
29097
29041
28942
28915
28908
28835
28820
28776
28757
28736
28721
28560
28499
28464
28441
28382
28317
28248
28184
28130
28114
28031
28022
28005
27894
27870
27765
27755
27709
27664
27641
27622
27613
27598
27572
27554
27541
27536
27513
27496
27452
27418
27403
27308
27299
27264
27198
27075
26996
26993
26932
26902
26829
26765
26737
26723
26642
26594
26559
26553
26490
26483
26479
26409
26263
26198
26136
26100
26077
26062
26047
26033
25995
25983
25894
25768
25706
25629
25579
25510
25430
25391
25334
25311
25285
25251
25246
25238
25194
25141
25077
24995
24966
24879
24845
24730
24724
24664
24642
24536
24494
24450
24443
24434
24392
24290
24281
24251
24204
24117
24107
24073
24069
23926
23919
23884
23850
23757
23686
23650
23644
23641
23625
23579
23531
23524
23488
23485
23356
23320
23194
23132
23119
23075
23068
23044
23041
22876
22734
22700
22686
22652
22632
22570
22569
22504
22458
22431
22411
22372
22318
22298
22261
22246
22209
22159
22130
22128
22128
22103
22102
22065
21977
21957
21903
21847
21835
21785
21747
21718
21685
21578
21534
21475
21423
21384
21342
21263
21248
21204
21114
21088
20783
20771
20724
20716
20624
20471
20461
20323
20277
20267
20261
20216
20101
20071
19967
19948
19922
19790
19695
19632
19474
19452
19447
19357
19353
19353
19325
19263
19258
19222
19209
19206
19199
19158
19047
19003
18858
18747
18724
18692
18642
18626
18618
18604
18509
18362
18355
18334
18233
18170
18081
18075
17967
17963
17927
17850
17842
17836
17826
17770
17766
17734
17621
17599
17579
17577
17462
17332
17230
17183
17175
17107
17099
17066
17035
16978
16911
16784
16762
16629
16621
16621
16595
16553
16466
16433
16405
16379
16326
16277
16251
16206
16158
16078
16076
16067
16018
15998
15900
15881
15650
15545
15507
15474
15461
15361
15310
15307
15275
15267
15200
15176
15173
15141
15127
15118
15111
15094
15092
14841
14792
14721
14674
14670
14652
14631
14415
14383
14331
14302
14285
14167
14137
14085
14073
13999
13993
13950
13914
13894
13853
13794
13777
13722
13714
13632
13593
13563
13484
13461
13257
13238
13226
13127
13088
13042
13024
13005
12966
12934
12825
12809
12799
12647
12513
12513
12472
12401
12348
12252
12247
12245
12218
12155
12107
12104
12045
12013
12005
11956
11788
11788
11769
11759
11683
11682
11655
11651
11634
11615
11610
11594
11551
11540
11456
11443
11355
11348
11252
11220
11172
11145
11133
11122
11117
11065
11065
10949
10926
10902
10846
10824
10818
10769
10752
10739
10626
10592
10527
10507
10502
10502
10462
10437
10378
10161
10121
10013
9993
9942
9798
9716
9416
9396
9384
9278
9249
9196
9177
9101
9081
9063
9015
8925
8874
8856
8841
8829
8794
8758
8681
8622
8605
8572
8508
8507
8497
8486
8474
8149
8075
7963
7959
7844
7837
7802
7757
7706
7651
7585
7576
7442
7431
7164
7137
7124
7113
7077
6993
6924
6916
6873
6785
6739
6706
6604
6556
6438
6351
5985
5926
5923
5893
5837
5572
5503
5502
5405
5392
5297
5219
5214
5206
5113
5105
5031
5019
5008
4895
4853
4843
4789
4755
4556
4444
4431
4397
4303
4265
4161
4145
4076
4028
4023
3986
3968
3959
3900
3828
3825
3733
3667
3596
3574
3554
3446
3386
3381
3379
3358
3312
3242
3233
3132
3083
3069
3047
3038
2891
2868
2854
2812
2791
2767
2716
2639
2414
2411
2371
2344
2149
2141
2091
2015
1972
1969
1968
1917
1881
1774
1746
1577
1504
1500
1461
1441
1419
1376
1340
1335
1271
1212
1186
1129
1082
1045
964
887
875
828
792
791
727
691
661
632
602
548
535
485
428
373
313
283
273
271
251
236
162
139
126
67
58
24
1
