99945
99930
99920
99898
99799
99585
99473
99328
99324
99199
99194
99107
99078
99057
99002
98890
98807
98779
98739
98685
98664
98574
98564
98496
98477
98386
98290
98225
98167
98165
98107
98001
97998
97811
97732
97586
97466
97343
97332
97259
97194
97128
97111
97102
97068
97067
97056
96968
96846
96703
96588
96542
96499
96486
96484
96475
96471
96466
96422
96330
96297
96288
96279
96257
96251
96242
96183
96181
96109
95958
95926
95924
95911
95884
95880
95863
95813
95772
95736
95695
95689
95663
95602
95483
95427
95172
95150
95140
95113
94989
94969
94962
94940
94779
94735
94556
94528
94439
94429
94400
94374
94357
94299
94223
94060
93942
93922
93906
93855
93765
93648
93625
93612
93546
93543
93522
93417
93362
93347
93343
93328
93316
93237
93177
93144
93144
93139
93120
93069
92996
92842
92816
92763
92694
92654
92239
92192
92182
92168
92156
92142
92074
92056
92049
92034
91915
91893
91777
91746
91737
91721
91689
91616
91592
91572
91425
91401
91341
91302
91248
91212
91168
91138
91014
90996
90964
90949
90928
90891
90846
90643
90617
90600
90552
90549
90540
90530
90515
90507
90474
90461
90341
90313
90261
90145
90121
90116
90104
90091
90088
90057
90038
89999
89989
89819
89676
89573
89541
89388
89326
89305
89285
89271
89253
89206
89097
89047
89043
89010
88954
88952
88908
88884
88746
88665
88626
88543
88540
88467
88434
88354
88311
88091
88078
88060
87997
87978
87934
87918
87899
87843
87758
87697
87694
87626
87583
87472
87420
87406
87351
87278
87229
87199
87113
87100
87070
87060
87008
87008
86996
86985
86903
86892
86885
86845
86825
86821
86734
86719
86660
86607
86519
86490
86479
86364
86337
86285
86268
86219
86108
86084
86064
85998
85934
85831
85805
85773
85759
85721
85668
85663
85614
85558
85518
85495
85451
85407
85376
85338
85237
85222
85197
85188
85157
85104
85071
85042
85019
85008
84996
84993
84900
84812
84782
84762
84571
84402
84367
84319
84259
84200
84185
84175
84172
84165
84131
84039
83970
83782
83749
83679
83672
83558
83529
83432
83417
83398
83393
83338
83318
83314
83207
83206
83176
83114
83082
83057
83040
83019
82952
82911
82842
82826
82824
82816
82715
82583
82391
82318
82301
82298
82177
82106
82033
82026
81880
81849
81788
81766
81718
81690
81688
81664
81590
81275
81234
81211
81178
81178
81134
81098
81089
81039
80937
80928
80912
80912
80868
80758
80750
80563
80556
80529
80459
80394
80356
80355
80354
80291
80196
80153
80141
80135
80123
80111
80075
80027
80002
79961
79923
79889
79875
79731
79683
79664
79606
79594
79427
79347
79235
79228
79202
79095
79001
78965
78943
78937
78907
78854
78846
78822
78808
78804
78701
78693
78688
78621
78583
78581
78570
78500
78495
78486
78366
78351
78247
78083
78024
77840
77821
77798
77792
77752
77699
77698
77686
77685
77678
77640
77634
77621
77608
77557
77508
77496
77372
77125
77080
76937
76895
76890
76852
76811
76810
76676
76632
76606
76542
76468
76374
76227
76224
76215
76107
75985
75966
75881
75804
75803
75784
75704
75689
75653
75538
75345
75278
75195
75169
75130
75118
75090
75064
75063
74812
74777
74742
74581
74484
74483
74443
74435
74435
74283
74277
74226
74141
74070
74068
74065
74048
73972
73870
73699
73677
73635
73442
73303
73267
73159
73100
72985
72922
72891
72884
72835
72820
72814
72796
72632
72537
72498
72437
72416
72358
72354
72309
72273
72127
72125
71920
71793
71786
71717
71709
71708
71627
71519
71482
71469
71462
71259
71240
71239
71198
71187
71176
70990
70967
70952
70912
70832
70826
70681
70642
70641
70638
70594
70473
70450
70393
70370
70322
70275
70241
70224
70131
70039
69940
69850
69836
69777
69747
69706
69658
69654
69640
69613
69598
69565
69472
69381
69377
69375
69289
69269
69253
69199
69189
69178
69159
68960
68952
68934
68869
68828
68822
68816
68810
68798
68792
68753
68676
68530
68456
68446
68433
68339
68297
68251
68138
68135
68090
68034
68017
67787
67663
67654
67637
67603
67522
67502
67398
67313
67272
67160
67094
66957
66906
66836
66788
66706
66702
66676
66655
66649
66610
66561
66524
66480
66466
66462
66411
66382
66381
66348
66319
66213
66137
66005
65943
65875
65815
65763
65763
65740
65728
65703
65692
65643
65485
65480
65440
65389
65383
65359
65224
65188
65144
65088
65074
64941
64855
64830
64777
64650
64610
64498
64476
64464
64448
64441
64363
64353
64281
64113
64075
64056
63985
63907
63684
63607
63460
63289
63270
63238
63231
63204
63166
62910
62906
62813
62766
62757
62706
62619
62419
62380
62342
62317
62294
62281
62227
62165
62163
62127
62061
61975
61965
61903
61891
61858
61743
61680
61555
61460
61414
61412
61345
61325
61313
61305
61243
61196
61186
61180
61175
61114
61092
61040
60931
60879
60848
60820
60760
60722
60712
60664
60554
60373
60354
60342
60289
60202
60199
60165
60144
60094
60087
60011
60000
59998
59969
59967
59945
59906
59874
59870
59842
59814
59806
59786
59739
59711
59710
59681
59640
59593
59546
59506
59495
59472
59428
59371
59338
59336
59314
59282
59249
59208
59129
59048
59011
58985
58941
58852
58772
58578
58550
58354
58341
58335
58334
58257
58126
58110
58022
57956
57893
57759
57741
57731
57725
57658
57632
57615
57523
57481
57442
57438
57383
57380
57345
57302
57283
57252
57125
57103
56904
56902
56894
56858
56652
56604
56587
56587
56563
56563
56496
56453
56419
56404
56365
56332
56260
56247
56218
56217
56197
56095
55964
55829
55803
55684
55530
55507
55355
55353
55341
55339
55209
55189
55165
55037
54990
54934
54813
54630
54585
54571
54528
54494
54459
54456
54408
54398
54391
54299
54251
54140
54127
54107
54063
54050
54028
53969
53918
53906
53863
53736
53689
53641
53615
53598
53588
53569
53490
53457
53446
53380
53319
53248
53216
53203
53164
53073
53034
52960
52916
52840
52833
52791
52660
52647
52614
52538
52537
52527
52508
52482
52333
52279
52191
52188
52183
52164
52106
52033
51930
51878
51825
51758
51724
51589
51498
51399
51387
51249
51234
51219
51160
51105
51059
51044
50978
50803
50801
50784
50776
50769
50695
50642
50630
50625
50620
50584
50562
50508
50408
50344
50316
50295
50254
50223
50163
50086
50032
50006
49965
49946
49894
49890
49875
49834
49819
49679
49649
49648
49645
49639
49583
49560
49433
49423
49386
49378
49340
49319
49315
49285
49226
49150
48983
48979
48908
48892
48865
48769
48673
48631
48608
48562
48552
48502
48491
48452
48411
48385
48289
48287
48283
48260
48253
48171
48062
48037
48005
48004
47949
47898
47869
47836
47811
47799
47754
47673
47670
47662
47640
47595
47582
47529
47524
47463
47373
47359
47319
47270
47168
47010
46985
46967
46886
46794
46773
46755
46739
46685
46665
46512
46449
46321
46321
46287
46141
46120
46112
46106
46104
46035
46001
45836
45809
45691
45529
45487
45441
45387
45314
45296
45203
45172
45124
45068
45037
44957
44954
44847
44845
44779
44759
44754
44738
44722
44511
44503
44501
44470
44463
44441
44415
44352
44288
44248
44185
44157
44124
44059
44010
43993
43953
43890
43879
43723
43684
43676
43660
43616
43560
43495
43476
43313
43281
43251
43108
43101
43083
43051
42949
42903
42851
42848
42711
42662
42636
42599
42451
42447
42354
42279
42254
42220
42193
42133
42022
41937
41931
41896
41644
41511
41481
41448
41320
41256
41249
41238
41164
41161
41031
41013
40835
40798
40782
40760
40745
40677
40647
40641
40535
40528
40514
40480
40457
40432
40385
40321
40282
40180
40050
40045
40026
40003
39924
39889
39882
39838
39799
39717
39684
39584
39490
39360
39342
39328
39269
39134
39080
39007
38992
38989
38953
38926
38895
38862
38835
38808
38805
38802
38763
38732
38725
38601
38558
38433
38428
38410
38409
38364
38307
38242
38229
38145
38119
38080
38068
37929
37873
37843
37825
37797
37792
37738
37736
37673
37493
37467
37420
37419
37373
37330
37295
37277
37273
37204
37166
37129
37079
37059
37010
36943
36912
36640
36629
36583
36574
36561
36487
36393
36325
36195
36188
36076
35993
35901
35890
35697
35668
35606
35588
35555
35526
35493
35337
35321
35230
35167
35145
35017
34932
34878
34840
34749
34724
34613
34560
34539
34503
34437
34413
34367
34214
34150
34134
34116
34075
34043
33941
33821
33814
33743
33707
33642
33633
33601
33536
33411
33367
33274
33207
33155
33081
33036
33035
32968
32875
32874
32817
32669
32654
32653
32651
32639
32639
32607
32563
32506
32506
32490
32480
32455
32343
32277
32221
32184
32129
32118
32071
31840
31833
31768
31768
31764
31758
31730
31710
31702
31482
31475
31284
31263
31171
31158
31129
31121
31093
31021
30865
30812
30794
30716
30696
30688
30610
30586
30455
30408
30402
30401
30364
30287
30090
30055
29954
29909
29860
29780
29767
29626
29624
29597
29354
29129
29129
29099
29068
29007
28956
28875
28855
28839
28830
28797
28707
28671
28668
28544
28502
28461
28393
28382
28323
28312
28300
28291
28214
28202
28170
28076
27953
27932
27875
27861
27854
27831
27742
27713
27668
27646
27597
27499
27452
27441
27441
27429
27401
27344
27206
27178
27167
27159
27114
26922
26809
26756
26744
26739
26725
26721
26686
26677
26647
26625
26622
26606
26592
26526
26451
26422
26321
26316
26303
26272
26262
26231
26135
26083
26043
26038
26035
26008
25997
25971
25921
25904
25861
25705
25600
25529
25392
25390
25201
25160
24973
24967
24961
24908
24896
24863
24749
24713
24708
24666
24610
24604
24570
24555
24500
24493
24438
24171
24168
24166
24151
24141
24060
24041
24034
23965
23944
23857
23851
23843
23826
23775
23636
23548
23480
23429
23422
23398
23381
23334
23323
23263
23185
23093
23087
23065
22963
22941
22929
22919
22886
22753
22749
22745
22637
22576
22529
22429
22381
22372
22360
22340
22333
22258
22070
21971
21945
21890
21885
21861
21819
21744
21711
21695
21673
21650
21637
21617
21612
21605
21590
21421
21420
21270
21266
21239
21202
21140
21115
21072
20981
20962
20961
20918
20903
20893
20863
20858
20856
20841
20838
20815
20743
20742
20624
20571
20547
20542
20489
20469
20443
20386
20347
20268
20262
20169
20043
20042
19973
19961
19958
19925
19889
19832
19764
19750
19745
19695
19671
19590
19551
19441
19326
19210
19186
19137
19011
18961
18935
18933
18853
18723
18686
18656
18631
18546
18525
18342
18342
18286
18262
18261
18203
18170
18152
18124
18042
18033
17972
17832
17826
17826
17758
17686
17666
17651
17491
17480
17411
17318
17303
17298
17251
17225
17216
17180
17142
17067
16964
16952
16950
16904
16815
16743
16731
16666
16627
16610
16610
16530
16512
16502
16488
16481
16431
16371
16368
16368
16321
16318
16293
16263
16173
16089
16071
16064
16041
16037
16006
16005
15997
15950
15812
15714
15638
15620
15592
15544
15483
15383
15352
15302
15162
15129
15106
15075
15010
14927
14918
14901
14897
14781
14743
14711
14687
14649
14639
14609
14606
14525
14446
14433
14287
14135
13988
13914
13818
13772
13667
13593
13552
13532
13502
13407
13169
13156
13139
13122
13094
13088
13058
13008
12880
12830
12814
12808
12772
12749
12736
12725
12691
12635
12530
12397
12396
12333
12293
12285
12261
12214
12184
12153
12036
12031
11982
11922
11904
11893
11821
11769
11725
11725
11690
11660
11594
11567
11554
11494
11481
11436
11353
11280
11273
11163
11107
11088
11040
10939
10831
10802
10782
10723
10679
10609
10596
10586
10569
10551
10507
10497
10476
10306
10187
10187
10185
10166
10165
10159
10097
10096
10092
10091
10060
10030
9940
9939
9913
9797
9753
9734
9723
9698
9688
9649
9603
9583
9578
9479
9355
9341
9313
9289
9082
9081
9057
9043
9008
8933
8858
8708
8671
8665
8635
8586
8582
8555
8532
8531
8421
8350
8349
8349
8257
8246
8198
8189
8142
8127
8061
8011
7989
7982
7891
7745
7725
7643
7639
7620
7554
7547
7497
7463
7445
7409
7393
7364
7299
7296
7216
7205
7205
7108
7046
6993
6990
6930
6894
6839
6802
6760
6559
6549
6453
6354
6302
6290
6200
6018
6009
5994
5977
5940
5909
5794
5738
5715
5669
5652
5553
5542
5538
5503
5472
5461
5395
5390
5285
5276
5264
5236
5137
5027
4969
4961
4939
4813
4728
4585
4566
4552
4504
4444
4179
4105
4099
4054
4038
3945
3857
3693
3624
3620
3607
3597
3550
3525
3480
3475
3335
3303
3214
3137
3133
3094
3032
3012
2993
2836
2749
2717
2694
2692
2682
2586
2408
2399
2371
2350
2336
2322
2208
2178
2077
2026
2020
1941
1730
1631
1588
1543
1460
1407
1274
1230
1210
1197
1138
1062
924
831
814
631
571
561
556
552
540
472
469
464
436
411
369
348
313
261
40
33
31
