99985
99942
99905
99871
99670
99644
99582
99560
99560
99535
99494
99387
99340
99314
99303
99205
99163
99089
99075
99063
99045
98957
98865
98745
98594
98335
98290
98154
98081
98049
98043
98025
97976
97950
97915
97907
97841
97775
97756
97575
97521
97415
97400
97386
97255
97227
97042
97010
96993
96969
96868
96815
96807
96677
96654
96600
96531
96480
96480
96403
96397
96339
96332
96202
96130
95938
95919
95914
95865
95803
95764
95702
95501
95390
95292
95274
95253
95244
95132
95093
95042
95012
94906
94866
94830
94761
94701
94691
94631
94567
94512
94500
94467
94414
94306
94297
94169
94167
94101
94068
94020
94009
94006
93933
93912
93865
93835
93820
93805
93742
93581
93539
93477
93441
93342
93274
93273
93239
93160
93113
93099
93076
93058
92998
92993
92981
92964
92897
92712
92569
92512
92505
92318
92190
92179
92104
92084
92015
91997
91908
91847
91801
91770
91721
91721
91686
91682
91655
91579
91574
91441
91436
91375
91374
91246
91214
91174
91115
91106
91080
91069
91037
90931
90922
90872
90833
90830
90825
90782
90717
90709
90700
90660
90648
90645
90631
90614
90591
90590
90526
90492
90472
90449
90410
90267
90208
90163
90127
90029
90005
89895
89818
89802
89771
89763
89709
89636
89510
89508
89504
89438
89420
89355
89163
89160
89077
89031
88958
88940
88925
88833
88814
88728
88720
88631
88607
88498
88475
88322
88296
88260
88073
88066
87977
87968
87874
87862
87850
87773
87706
87683
87664
87658
87658
87581
87524
87433
87433
87421
87403
87373
87289
87283
87217
86858
86753
86739
86721
86694
86672
86658
86571
86531
86527
86510
86438
86429
86425
86331
86169
86118
86112
86088
86016
85997
85880
85863
85859
85859
85854
85815
85670
85624
85609
85609
85596
85568
85568
85468
85350
85280
85247
85089
85051
84945
84944
84873
84693
84619
84567
84503
84495
84407
84404
84310
84310
84212
84143
83970
83853
83826
83824
83795
83794
83720
83691
83608
83597
83543
83535
83498
83409
83363
83324
83302
83285
83222
83220
83174
83147
83141
83065
83033
82989
82966
82874
82850
82847
82805
82794
82674
82436
82385
82375
82322
82298
82279
82223
82181
82170
82096
82051
82042
82038
81974
81957
81907
81888
81860
81782
81579
81576
81547
81515
81486
81429
81354
81314
81305
81203
81166
81061
81003
80910
80881
80826
80801
80744
80723
80644
80616
80599
80591
80536
80363
80322
80295
80274
80271
80209
80191
80050
80020
79953
79887
79804
79656
79625
79595
79548
79539
79533
79454
79416
79409
79204
79176
79131
79018
78959
78920
78805
78802
78767
78728
78720
78707
78595
78552
78551
78536
78528
78493
78491
78464
78409
78336
78315
78310
78299
78244
78133
78105
78093
77951
77884
77636
77585
77579
77579
77565
77352
77342
77214
77169
77155
77074
76998
76991
76984
76868
76686
76563
76551
76539
76365
76229
76223
76217
76186
76154
76130
75966
75932
75919
75902
75808
75790
75762
75729
75674
75635
75403
75403
75399
75376
75373
75316
75300
75276
75276
75261
75153
75102
75099
75079
75034
74854
74845
74842
74704
74701
74601
74523
74515
74514
74465
74242
74239
74157
74138
74104
73983
73916
73861
73805
73746
73736
73723
73632
73592
73592
73579
73537
73503
73444
73440
73438
73411
73384
73316
73221
73173
73160
73145
73127
73063
73058
73030
73029
72979
72975
72927
72858
72852
72799
72794
72778
72744
72741
72564
72547
72541
72527
72451
72415
72376
72357
72260
72248
72240
72238
72227
72227
72166
72154
71964
71917
71911
71901
71865
71851
71826
71754
71622
71612
71588
71531
71528
71424
71404
71390
71294
71269
71253
71218
71207
71121
71069
71063
71046
70839
70781
70760
70682
70622
70605
70558
70553
70525
70446
70406
70352
70314
70241
70239
70167
70162
70157
69978
69965
69874
69848
69762
69687
69616
69597
69592
69558
69419
69413
69411
69409
69364
69267
69049
69023
68992
68970
68953
68852
68735
68710
68651
68647
68545
68477
68392
68377
68359
68301
68257
68146
68090
68057
68050
68027
67953
67938
67937
67839
67833
67752
67628
67607
67584
67571
67550
67540
67408
67381
67352
67298
67279
67218
67195
67112
66879
66829
66789
66687
66635
66617
66558
66520
66517
66506
66440
66418
66411
66382
66334
66276
66263
66220
66202
66161
66144
66090
66030
65997
65982
65962
65941
65867
65777
65666
65615
65605
65586
65586
65543
65504
65369
65273
65234
65198
65136
65089
65034
65004
64984
64967
64952
64893
64872
64869
64858
64765
64626
64615
64598
64538
64446
64414
64325
64264
64230
64201
64200
64193
64180
64103
64088
63991
63929
63927
63903
63886
63885
63818
63777
63702
63681
63614
63416
63362
63341
63249
63245
63242
63231
63209
63175
63156
63097
63075
63048
63012
63003
62982
62959
62947
62899
62895
62814
62801
62801
62740
62574
62552
62538
62507
62409
62384
62336
62323
62295
62276
62235
62172
62165
62141
62001
61975
61952
61888
61887
61838
61821
61820
61819
61712
61413
61359
61302
61175
61174
60995
60988
60965
60899
60822
60810
60772
60744
60646
60625
60560
60502
60463
60432
60415
60397
60388
60372
60355
60237
60197
60176
60129
60085
60045
60029
60023
60002
59960
59944
59859
59854
59751
59679
59615
59554
59526
59422
59418
59335
59269
59077
59068
59035
59015
59003
59000
58904
58846
58794
58712
58711
58705
58676
58672
58590
58581
58488
58460
58393
58348
58335
58302
58298
58286
58234
58206
58182
58180
58149
58103
57993
57969
57896
57895
57839
57830
57802
57787
57770
57767
57605
57547
57499
57481
57318
57137
57119
57104
57007
56947
56887
56847
56839
56818
56728
56707
56700
56694
56654
56631
56607
56599
56557
56555
56540
56418
56334
56309
56298
56295
56295
56223
56144
56121
56118
56084
56026
55994
55907
55822
55797
55666
55614
55566
55565
55399
55232
54992
54988
54870
54840
54762
54751
54741
54737
54612
54591
54372
54326
54292
54290
54242
54207
54196
54194
54158
54099
54083
54068
53977
53954
53915
53895
53779
53758
53719
53707
53706
53690
53689
53688
53683
53607
53568
53541
53465
53331
53193
53187
53131
53066
53018
52991
52976
52938
52781
52734
52732
52704
52540
52528
52497
52494
52431
52392
52378
52375
52360
52329
52233
52199
52193
52193
52136
52052
52043
51982
51957
51942
51864
51784
51780
51728
51722
51628
51567
51408
51298
51232
51213
51153
51120
51041
50953
50927
50842
50651
50628
50625
50615
50549
50475
50469
50415
50404
50328
50231
50178
50107
50055
50029
49966
49963
49902
49897
49836
49819
49807
49739
49682
49555
49521
49443
49348
49323
49315
49264
49244
49241
49238
49199
49062
48941
48920
48836
48801
48735
48705
48511
48427
48392
48279
48275
48218
48105
48036
47948
47831
47800
47771
47753
47632
47591
47529
47464
47441
47414
47350
47325
47273
47271
47227
47186
47117
47040
46918
46893
46644
46560
46535
46440
46394
46374
46268
46227
46210
46193
46142
46079
46068
46067
46014
45952
45869
45808
45765
45763
45636
45332
45302
45283
45269
45269
45219
45166
45068
45033
44821
44794
44732
44719
44585
44539
44495
44408
44382
44334
44280
44153
44066
44053
44023
43993
43938
43855
43790
43732
43706
43681
43652
43634
43633
43577
43551
43471
43459
43421
43395
43328
43283
43250
43210
43194
43030
43019
42950
42948
42842
42719
42657
42575
42495
42476
42432
42386
42320
42299
42259
42141
42088
42067
42059
42005
41956
41917
41854
41826
41804
41740
41712
41678
41677
41463
41341
41231
41126
41083
41082
41079
41054
41014
41009
41006
40921
40892
40868
40859
40841
40678
40600
40599
40582
40581
40556
40532
40519
40466
40461
40423
40405
40364
40247
40225
40171
40133
40029
39978
39954
39911
39907
39890
39878
39868
39816
39665
39609
39563
39505
39499
39384
39266
39201
39161
39042
39033
39005
38977
38861
38810
38681
38650
38634
38531
38426
38364
38268
38225
38113
38107
38075
38069
38067
38022
38022
37993
37989
37978
37923
37922
37846
37796
37750
37741
37609
37608
37574
37568
37432
37355
37235
37181
37072
37038
37034
37010
36953
36933
36904
36896
36871
36830
36762
36700
36591
36573
36545
36487
36483
36400
36220
36175
36160
36157
36151
35975
35943
35929
35755
35753
35690
35584
35510
35508
35508
35470
35453
35368
35343
35316
35291
35216
35095
35001
34924
34872
34846
34840
34833
34709
34661
34486
34411
34322
34294
34187
34077
34029
34009
33993
33955
33946
33909
33903
33792
33741
33733
33671
33583
33553
33534
33432
33341
33145
33047
32936
32883
32880
32834
32807
32769
32760
32756
32714
32658
32648
32601
32570
32529
32489
32445
32433
32428
32407
32382
32164
32119
32005
31767
31621
31600
31599
31484
31463
31443
31442
31441
31329
31328
31319
31294
31285
31218
31113
31064
31053
31040
30925
30913
30905
30844
30801
30801
30799
30793
30698
30652
30586
30564
30532
30411
30394
30379
30307
30226
30205
30128
30127
30113
30037
30004
29998
29991
29896
29745
29695
29694
29693
29680
29676
29663
29598
29596
29535
29533
29501
29476
29304
29177
29109
29056
29051
29047
28961
28915
28911
28880
28863
28850
28802
28775
28631
28571
28401
28399
28310
28270
28263
28219
28152
28140
28122
28042
28010
27942
27911
27878
27800
27757
27695
27671
27667
27538
27516
27478
27363
27258
27224
27094
27087
27062
27045
27043
26989
26988
26942
26904
26842
26731
26187
26171
26127
26127
26014
26007
25991
25986
25923
25922
25726
25673
25632
25614
25609
25595
25591
25493
25484
25467
25448
25369
25311
25274
25270
25202
25197
25188
25088
25052
25032
24995
24980
24973
24857
24822
24786
24736
24706
24660
24659
24654
24553
24544
24497
24461
24449
24418
24416
24400
24298
24291
24158
24132
24108
24087
24029
23989
23965
23916
23801
23736
23724
23633
23616
23553
23527
23474
23445
23393
23327
23287
23269
23215
23196
23036
22992
22954
22860
22808
22727
22708
22658
22587
22573
22468
22279
22254
22252
22242
22231
22223
22155
21924
21833
21819
21818
21733
21730
21715
21684
21665
21620
21608
21600
21599
21582
21452
21432
21431
21366
21303
21294
21246
21237
21189
20917
20867
20836
20831
20760
20667
20647
20591
20535
20476
20463
20443
20414
20276
20248
20200
20198
20181
20128
20099
20050
19959
19954
19925
19903
19814
19758
19754
19746
19699
19687
19680
19674
19457
19395
19351
19299
19250
19157
19141
18820
18719
18685
18642
18634
18593
18526
18510
18501
18492
18460
18450
18357
18332
18264
18240
18201
18178
17903
17898
17825
17787
17756
17754
17701
17696
17641
17621
17610
17610
17577
17517
17460
17397
17329
17148
17122
17068
17043
17034
17027
16996
16965
16841
16791
16495
16419
16389
16321
16255
16209
16113
16043
15791
15723
15689
15662
15566
15540
15495
15476
15458
15406
15340
15301
15288
15268
15215
15140
14979
14961
14956
14956
14820
14784
14700
14612
14589
14581
14547
14535
14487
14442
14438
14437
14430
14387
14311
14186
14175
14161
14156
14124
14056
14003
13996
13976
13929
13907
13808
13765
13753
13720
13589
13563
13523
13511
13445
13388
13210
13183
13181
13166
13142
13103
13005
12956
12934
12899
12897
12821
12794
12778
12616
12525
12480
12267
12261
12221
12190
12032
12015
12013
11994
11898
11890
11753
11737
11737
11682
11575
11489
11477
11389
11358
11357
11309
11257
11151
11020
11013
10978
10967
10962
10915
10905
10864
10691
10558
10530
10436
10419
10366
10343
10324
10321
10247
10151
10150
10134
10059
10058
10037
10030
10016
10002
9957
9931
9799
9765
9706
9603
9566
9503
9501
9420
9420
9417
9359
9353
9314
9278
9258
9251
9246
9240
9239
9101
9064
9042
9018
8965
8904
8866
8844
8784
8746
8708
8670
8651
8633
8598
8593
8339
8262
8237
8197
8173
8049
8036
7972
7965
7906
7868
7859
7845
7825
7731
7678
7615
7463
7425
7370
7354
7211
7165
7156
7139
7132
7112
7086
7078
7039
7023
7005
6988
6971
6943
6809
6786
6724
6676
6642
6635
6604
6558
6551
6549
6519
6485
6425
6401
6356
6350
6323
6315
6231
6038
5979
5974
5933
5906
5863
5748
5665
5643
5512
5342
5306
5271
5249
5244
5112
5099
5029
5003
4966
4963
4940
4856
4839
4795
4752
4738
4675
4624
4621
4577
4514
4501
4465
4365
4240
4236
4096
4003
3988
3920
3920
3888
3787
3769
3756
3749
3663
3640
3576
3573
3463
3425
3243
3151
3089
3045
3028
2968
2897
2891
2868
2828
2751
2729
2721
2569
2562
2478
2441
2428
2426
2362
2290
2272
2215
2171
2118
2096
2063
2009
1984
1983
1952
1943
1939
1904
1885
1768
1714
1654
1615
1584
1515
1499
1471
1404
1369
1174
1096
1027
1014
995
969
941
909
864
851
828
754
707
589
585
562
507
479
431
364
314
301
