99897
99759
99633
99630
99621
99616
99615
99611
99546
99456
99378
99345
99333
99240
99231
99221
99189
99173
99101
99085
98998
98975
98968
98963
98956
98917
98687
98672
98654
98620
98529
98516
98463
98430
98400
98368
98307
98253
98224
98187
98148
98019
97993
97981
97912
97874
97862
97805
97776
97689
97682
97633
97528
97486
97469
97407
97370
97237
97222
97213
97211
97144
97122
97121
97075
97017
97007
96863
96862
96824
96778
96736
96701
96687
96623
96581
96544
96483
96390
96376
96371
96279
96259
96063
96051
96001
95973
95933
95919
95901
95782
95728
95604
95584
95551
95453
95398
95380
95327
95322
95285
95246
95242
95042
95041
95037
95025
95007
94914
94890
94789
94670
94657
94639
94545
94531
94402
94394
94354
94349
94231
94179
94152
94110
94061
93992
93977
93886
93862
93831
93711
93710
93684
93676
93658
93618
93514
93210
93178
93171
93137
92968
92897
92882
92765
92749
92731
92721
92685
92680
92652
92636
92634
92631
92618
92599
92538
92529
92499
92485
92482
92437
92411
92365
92334
92172
92082
92070
91978
91950
91877
91850
91686
91622
91617
91612
91581
91567
91546
91502
91502
91462
91421
91378
91175
91067
90903
90820
90818
90766
90703
90696
90689
90686
90681
90681
90659
90523
90440
90396
90395
90371
90306
90249
90227
90148
90038
89973
89914
89790
89674
89636
89568
89495
89478
89347
89343
89333
89319
89283
89228
89226
89183
89053
89018
88996
88965
88915
88908
88737
88683
88662
88647
88516
88516
88515
88387
88333
88185
88124
88092
88055
87996
87941
87930
87926
87920
87901
87899
87816
87795
87777
87717
87717
87596
87522
87491
87436
87336
87262
87167
87082
87038
86989
86986
86969
86616
86486
86467
86465
86449
86371
86348
86154
86100
86078
86024
86021
86018
86009
86001
85995
85962
85936
85935
85858
85792
85774
85649
85608
85605
85509
85431
85425
85423
85416
85392
85294
85183
85160
85092
85041
85026
85008
84989
84981
84977
84967
84944
84883
84838
84800
84676
84660
84648
84476
84460
84375
84371
84368
84333
84317
84294
84088
84057
84032
83959
83950
83924
83891
83845
83834
83825
83773
83729
83710
83660
83659
83600
83581
83565
83529
83478
83469
83468
83440
83420
83400
83346
83287
83209
83135
83130
82993
82970
82964
82953
82920
82888
82848
82783
82742
82481
82479
82475
82431
82401
82334
82294
82183
82157
82110
82090
82049
82023
81636
81569
81536
81486
81426
81347
81345
81327
81227
81223
81099
81094
81070
80990
80852
80837
80770
80666
80646
80642
80617
80584
80522
80425
80322
80129
80127
80078
79985
79954
79890
79878
79687
79678
79645
79593
79577
79548
79545
79544
79386
79329
79252
79246
79239
79160
79112
79036
78869
78754
78712
78543
78434
78323
78319
78316
78283
78271
78161
78029
77904
77799
77782
77679
77642
77609
77593
77583
77552
77507
77401
77352
77284
77230
77144
77138
77114
77018
76887
76876
76866
76823
76690
76667
76586
76524
76431
76429
76350
76305
76280
76265
76248
76202
76201
76200
76175
76139
76089
76021
75933
75872
75791
75674
75640
75637
75620
75616
75466
75398
75357
75205
75147
75141
75120
75063
74979
74964
74890
74888
74877
74869
74859
74798
74794
74705
74665
74579
74486
74326
74289
74076
74011
73975
73974
73918
73798
73682
73677
73653
73625
73551
73508
73387
73299
73269
73034
73029
72990
72981
72943
72791
72781
72772
72706
72650
72610
72608
72543
72521
72440
72385
72349
72276
72271
72191
72171
72111
72055
72037
72020
72001
71995
71930
71668
71624
71603
71459
71346
71338
71296
71288
71250
71247
71203
71053
71051
71008
70962
70958
70926
70923
70829
70789
70685
70672
70609
70551
70467
70426
70423
70147
70146
70140
70102
69965
69913
69909
69902
69857
69667
69663
69597
69553
69469
69468
69266
69165
69118
69011
68863
68755
68737
68690
68628
68586
68552
68551
68530
68479
68447
68445
68392
68390
68379
68162
68044
67986
67955
67872
67851
67843
67743
67735
67677
67630
67624
67611
67586
67500
67490
67454
67439
67381
67343
67316
67241
67232
67229
67209
67201
67076
67075
66986
66881
66860
66848
66742
66724
66704
66654
66645
66642
66604
66560
66557
66534
66463
66397
66389
66305
66272
66251
66221
66183
66095
66068
66037
66022
65976
65974
65933
65789
65579
65467
65440
65382
65339
65186
65154
65114
65064
64979
64956
64948
64936
64900
64874
64870
64863
64839
64809
64808
64743
64711
64710
64594
64579
64553
64481
64219
64216
64180
64133
64079
64052
64037
63955
63929
63848
63792
63783
63642
63430
63409
63302
63152
63099
63089
63054
63027
62985
62920
62897
62878
62848
62820
62799
62739
62725
62560
62555
62531
62491
62453
62430
62386
62359
62355
62327
62313
61983
61963
61919
61897
61840
61817
61794
61684
61628
61606
61565
61552
61543
61443
61417
61403
61393
61384
61357
61330
61322
61187
61118
61103
61022
60873
60852
60834
60825
60789
60680
60634
60631
60595
60581
60565
60525
60430
60375
60373
60344
60240
60237
60152
60020
59996
59938
59898
59856
59745
59743
59692
59689
59682
59535
59525
59498
59447
59354
59323
59321
59304
59300
59281
59266
59216
59211
59209
59196
59172
59048
58999
58971
58924
58914
58909
58877
58857
58821
58797
58788
58779
58767
58756
58704
58630
58488
58260
58243
58038
58036
58018
57975
57881
57742
57733
57667
57561
57559
57469
57461
57413
57408
57402
57391
57368
57333
57279
57269
57209
57197
57181
57145
57011
56969
56881
56857
56842
56837
56832
56799
56737
56725
56693
56673
56667
56641
56620
56490
56439
56422
56399
56372
56309
56255
56199
56141
56134
56114
56086
55991
55971
55841
55801
55773
55744
55724
55715
55703
55694
55578
55348
55264
55260
55093
55044
55043
54937
54694
54682
54671
54590
54584
54531
54525
54395
54360
54235
54076
54033
53953
53943
53922
53915
53892
53861
53841
53817
53808
53749
53720
53694
53618
53562
53557
53505
53503
53405
53371
53272
53221
53146
53010
53000
52993
52943
52854
52824
52802
52796
52764
52746
52740
52690
52593
52591
52532
52500
52457
52443
52418
52350
52344
52275
52254
52179
52120
52103
52064
51999
51977
51965
51917
51916
51914
51896
51827
51718
51716
51668
51654
51545
51494
51478
51474
51406
51360
51349
51335
51308
51245
51139
51103
51076
51052
51037
51024
50971
50953
50949
50948
50773
50750
50626
50567
50480
50473
50466
50427
50414
50405
50397
50339
50307
50300
50167
50152
50098
50093
50071
49880
49831
49743
49731
49727
49720
49684
49667
49490
49468
49422
49404
49397
49386
49377
49235
49138
49029
48998
48941
48879
48870
48857
48831
48765
48736
48689
48686
48668
48668
48665
48638
48485
48462
48414
48376
48316
48260
48235
48110
48078
48066
48061
48043
47983
47980
47954
47819
47816
47688
47611
47586
47467
47429
47421
47313
47297
47290
47237
47198
47173
47172
47080
47056
46934
46912
46874
46756
46732
46731
46701
46675
46564
46524
46414
46348
46346
46343
46321
46266
46101
46057
46000
45939
45936
45911
45738
45689
45680
45517
45493
45401
45360
45329
45243
45210
45122
45121
45120
45062
45061
44798
44781
44772
44737
44732
44704
44661
44542
44539
44521
44423
44414
44336
44314
44292
44266
44190
44001
43935
43912
43910
43888
43781
43777
43603
43522
43464
43435
43386
43332
43079
43051
43016
42996
42985
42980
42970
42948
42845
42837
42792
42767
42758
42474
42455
42372
42349
42328
42250
42211
42157
42060
41883
41866
41772
41729
41721
41693
41674
41637
41601
41563
41497
41339
41317
41277
41236
41212
41066
41037
40959
40900
40753
40746
40676
40649
40641
40626
40599
40571
40469
40406
40359
40297
40279
40261
40219
40209
40197
40149
40126
40022
40016
39931
39904
39821
39821
39818
39806
39784
39693
39650
39523
39511
39395
39378
39203
39158
39144
39143
39082
38889
38824
38797
38733
38646
38646
38644
38630
38605
38541
38524
38387
38376
38341
38337
38336
38308
38261
38239
38231
38069
37843
37842
37753
37700
37669
37612
37554
37482
37419
37404
37383
37314
37312
37278
37253
37221
37219
37198
37176
37147
37128
37117
37096
37042
37033
36796
36792
36714
36570
36533
36451
36436
36255
36204
36195
36120
36117
36056
35876
35867
35664
35639
35637
35468
35442
35391
35388
35359
35305
35263
35237
35135
35124
35114
35095
34846
34826
34736
34698
34680
34661
34606
34586
34584
34544
34407
34367
34318
34298
34271
34244
34217
34124
34067
34010
33921
33897
33851
33742
33623
33469
33440
33428
33379
33323
33277
33238
33178
33158
33119
33026
33012
33002
32997
32937
32917
32907
32876
32861
32774
32756
32754
32710
32703
32634
32524
32460
32352
32310
32305
32221
32151
32118
32097
32096
32030
31922
31806
31753
31742
31599
31487
31453
31373
31296
31231
31165
31121
31114
31112
31100
31099
31075
30982
30972
30948
30934
30844
30781
30766
30766
30761
30674
30648
30645
30617
30594
30488
30461
30390
30356
30339
30310
30276
30248
30120
30111
30072
30042
30038
29938
29906
29898
29844
29836
29808
29756
29750
29732
29672
29647
29623
29597
29573
29522
29423
29239
29206
29195
29152
29119
28996
28899
28828
28772
28760
28710
28666
28557
28542
28532
28490
28428
28409
28401
28304
28276
28273
28266
28229
28202
28181
28163
28143
28138
28054
27854
27826
27823
27731
27707
27680
27611
27604
27550
27455
27431
27388
27349
27344
27285
27176
27166
27146
27139
27071
27012
26997
26984
26931
26924
26894
26870
26840
26829
26694
26636
26620
26608
26587
26582
26579
26571
26550
26511
26496
26478
26425
26247
26238
26230
26223
26149
26142
26129
26103
26049
26036
26015
25967
25804
25790
25594
25463
25420
25288
25279
25276
25236
25216
25170
25139
25096
25087
24954
24942
24890
24885
24882
24770
24713
24691
24677
24537
24532
24478
24466
24386
24367
24359
24347
24306
24297
24269
24264
24183
24182
24145
24121
24020
24015
23978
23976
23955
23925
23918
23812
23806
23737
23724
23707
23697
23591
23586
23570
23525
23515
23414
23293
23276
23263
23215
23213
23202
23190
23172
23105
23053
22889
22708
22702
22676
22655
22640
22638
22638
22512
22468
22467
22458
22442
22433
22406
22331
22203
22203
22099
22027
21980
21975
21933
21810
21724
21702
21673
21635
21603
21598
21572
21528
21522
21502
21474
21451
21428
21409
21348
21277
21277
21249
21125
21120
21112
21086
20984
20932
20880
20873
20873
20852
20749
20712
20707
20657
20498
20380
20337
20283
20264
20216
20216
20176
20166
20077
20064
19970
19924
19923
19914
19773
19682
19648
19527
19509
19446
19421
19342
19259
19231
19018
18974
18949
18927
18916
18887
18832
18765
18736
18731
18587
18510
18452
18365
18347
18183
18117
18096
18095
18047
17987
17849
17777
17731
17720
17711
17677
17637
17605
17604
17542
17506
17486
17383
17383
17130
17088
16938
16929
16898
16869
16829
16771
16689
16663
16651
16625
16585
16546
16504
16492
16454
16241
16192
16102
16051
16035
16008
15992
15943
15908
15886
15839
15826
15790
15749
15715
15710
15680
15581
15550
15501
15462
15454
15419
15410
15368
15279
15185
15183
15173
15153
15074
14844
14840
14734
14717
14639
14515
14509
14406
14385
14354
14321
14273
14221
14154
14153
14055
13907
13835
13702
13670
13667
13619
13532
13517
13502
13408
13362
13312
13304
13294
13147
13103
13024
12884
12863
12811
12730
12712
12573
12432
12346
12264
12191
12140
12065
12054
11907
11722
11719
11639
11637
11598
11585
11579
11481
11314
11265
11246
11245
11202
11191
11126
11077
11042
10999
10980
10972
10971
10959
10924
10842
10809
10715
10473
10355
10250
10149
10084
10039
10017
9972
9944
9785
9742
9696
9671
9650
9599
9598
9568
9553
9543
9491
9451
9449
9369
9343
9296
9194
9189
9129
9126
9019
8943
8900
8795
8768
8718
8674
8576
8529
8496
8481
8322
8241
8230
8219
8197
7943
7861
7847
7822
7783
7773
7659
7628
7403
7367
7330
7330
7329
7291
7143
7123
7087
7042
6954
6898
6885
6884
6833
6702
6699
6630
6612
6579
6542
6487
6451
6449
6448
6439
6325
6304
6276
6167
6114
6088
5925
5900
5802
5769
5750
5697
5676
5581
5561
5529
5427
5365
5318
5218
5209
5198
5149
4975
4953
4886
4873
4705
4600
4569
4558
4504
4477
4462
4461
4337
4247
4243
4169
4148
4004
3999
3951
3912
3667
3554
3539
3505
3345
3228
3217
3107
3084
2969
2824
2819
2816
2703
2688
2676
2477
2467
2465
2440
2366
2350
2338
2304
2291
2286
2255
2220
2210
2177
2102
1986
1966
1929
1841
1829
1802
1710
1665
1556
1536
1533
1526
1521
1493
1402
1374
1366
1354
1336
1318
1244
1201
1164
1159
1139
980
807
791
679
549
530
519
512
463
440
423
339
251
178
147
19
13
