99976
99963
99956
99950
99940
99901
99868
99865
99853
99829
99814
99810
99809
99804
99787
99610
99608
99600
99543
99446
99402
99386
99327
99256
99242
99241
99190
99064
99060
99048
99035
98851
98836
98544
98526
98417
98411
98361
98269
98259
98179
98166
98119
98116
98084
97998
97935
97793
97678
97671
97593
97559
97540
97411
97356
97280
97270
97218
97182
96984
96976
96765
96745
96690
96675
96640
96619
96615
96607
96555
96340
96231
96196
96005
95966
95906
95880
95769
95764
95643
95637
95614
95582
95578
95574
95499
95489
95450
95413
95396
95390
95295
95237
95226
95211
95206
95172
95034
94934
94925
94919
94898
94751
94703
94671
94566
94558
94424
94402
94399
94383
94370
94357
94298
94289
94267
94261
94231
94182
94166
94153
94105
93968
93964
93947
93936
93931
93898
93861
93805
93791
93713
93689
93684
93684
93651
93637
93635
93616
93586
93519
93484
93130
93080
92963
92923
92768
92725
92615
92598
92589
92578
92554
92553
92515
92359
92306
92302
92219
92189
92180
92126
91981
91951
91919
91879
91851
91806
91803
91661
91636
91507
91454
91214
91209
91122
90927
90906
90845
90798
90723
90712
90608
90554
90544
90472
90460
90369
90342
90226
90221
90216
90023
89979
89928
89875
89872
89861
89822
89816
89804
89760
89723
89648
89581
89492
89374
89361
89346
89200
89198
89155
89136
88977
88956
88930
88910
88880
88851
88791
88755
88658
88641
88604
88387
88333
88320
88303
88300
88264
88258
88233
88121
88022
88015
88002
87916
87778
87687
87680
87470
87428
87335
87248
87238
87229
87177
87103
86944
86918
86833
86826
86773
86770
86663
86663
86600
86411
86382
86372
86366
86328
86272
86243
86202
86164
86155
86126
86011
85971
85924
85847
85814
85754
85712
85710
85600
85578
85563
85547
85521
85485
85399
85151
85144
85070
84911
84889
84717
84717
84649
84570
84518
84515
84446
84364
84362
84326
84289
84288
84284
84244
84243
84195
84181
84153
84115
84093
84087
84049
83987
83912
83858
83847
83844
83755
83705
83700
83689
83683
83577
83388
83381
83233
83085
83076
83018
83008
82996
82986
82981
82941
82899
82837
82822
82704
82699
82651
82631
82625
82461
82350
82309
82262
82252
82215
82158
82029
82004
81935
81911
81909
81904
81892
81864
81830
81821
81774
81749
81623
81610
81506
81496
81437
81311
81210
81197
80955
80928
80852
80847
80824
80791
80781
80633
80619
80602
80567
80559
80544
80513
80453
80402
80399
80302
80243
80221
80182
80135
80101
80065
80065
80022
80021
79968
79960
79938
79880
79872
79828
79788
79773
79616
79581
79552
79523
79485
79467
79455
79439
79422
79318
79308
79248
79230
79082
79032
79004
78977
78919
78916
78904
78891
78854
78802
78774
78760
78748
78746
78638
78492
78432
78418
78418
78367
78293
78270
78234
78172
78143
78080
77939
77906
77843
77655
77645
77616
77577
77557
77557
77552
77483
77464
77420
77419
77409
77223
77210
77192
77191
77044
77026
76992
76992
76932
76931
76926
76882
76823
76782
76740
76608
76604
76549
76546
76485
76427
76415
76323
76267
76127
76098
76096
76074
76057
75990
75861
75637
75608
75437
75416
75263
75250
75197
75178
75145
75127
75071
74981
74978
74969
74927
74911
74895
74872
74862
74857
74842
74704
74700
74700
74647
74642
74626
74438
74425
74414
74310
74246
74214
74109
74097
74068
74067
74062
74010
73936
73889
73836
73826
73807
73769
73761
73718
73711
73660
73539
73497
73491
73468
73402
73342
73270
73256
73162
73158
73128
73084
73017
72896
72715
72701
72700
72663
72643
72638
72625
72483
72401
72348
72260
72165
72038
71840
71836
71659
71611
71525
71521
71469
71436
71385
71379
71342
71327
71324
71230
71162
71145
71072
71039
70972
70955
70927
70913
70890
70882
70818
70686
70685
70605
70605
70581
70567
70456
70426
70400
70396
70330
70287
70169
70152
70147
70102
70039
69992
69822
69765
69759
69691
69608
69478
69397
69370
69271
69239
69203
69182
69142
69127
69120
69109
69073
69019
68975
68923
68915
68887
68818
68790
68776
68701
68701
68595
68529
68495
68492
68427
68243
68212
68112
68012
68007
67982
67951
67908
67881
67856
67811
67802
67705
67614
67605
67585
67538
67513
67412
67405
67368
67368
67357
67296
67234
67212
67179
67107
67033
66901
66897
66894
66783
66647
66566
66499
66482
66470
66470
66345
66173
66131
66122
66111
65969
65853
65703
65693
65661
65651
65649
65556
65542
65453
65433
65411
65313
65309
65250
65227
65132
65114
64980
64864
64793
64778
64730
64693
64682
64672
64634
64630
64629
64608
64550
64470
64351
64300
64292
64286
64232
64145
64123
63974
63875
63873
63813
63803
63796
63787
63744
63724
63692
63669
63574
63564
63537
63444
63378
63274
63159
63113
63090
63048
63042
63029
62975
62907
62888
62824
62784
62719
62543
62512
62437
62329
62327
62272
62255
62183
62181
62132
62123
62093
62060
62052
61997
61932
61926
61855
61822
61786
61744
61731
61726
61628
61557
61550
61530
61484
61475
61374
61351
61300
61268
61244
61217
61167
61155
61117
61115
61098
61096
61089
61073
60961
60908
60892
60855
60850
60847
60816
60811
60803
60777
60705
60625
60616
60616
60610
60608
60605
60547
60424
60405
60354
60339
60266
60229
60214
60203
60160
60029
59997
59927
59926
59857
59831
59819
59654
59588
59578
59474
59424
59406
59405
59183
59183
59162
59152
59151
59147
59063
59029
59029
59016
58979
58949
58942
58938
58826
58818
58766
58744
58711
58682
58633
58578
58564
58528
58438
58340
58338
58312
58267
58221
58179
58137
58087
58013
57932
57930
57850
57817
57762
57760
57667
57610
57609
57540
57509
57475
57464
57425
57389
57342
57337
57301
57266
57242
57235
57214
57190
57099
57070
57028
56888
56787
56731
56670
56666
56659
56654
56580
56562
56341
56330
56270
56167
56149
56087
56064
56015
55980
55945
55877
55827
55761
55639
55604
55600
55553
55520
55470
55441
55436
55408
55331
55315
55269
55188
55161
55118
55095
55046
55045
55036
54970
54961
54939
54830
54739
54731
54674
54650
54568
54526
54442
54423
54386
54376
54350
54348
54330
54291
54283
54268
54147
54122
54107
54066
54007
53956
53866
53847
53845
53683
53655
53616
53588
53548
53456
53405
53321
53316
53268
53267
53264
53246
53244
53184
53104
52997
52971
52960
52948
52941
52934
52930
52919
52871
52759
52752
52702
52572
52560
52547
52520
52472
52287
52224
52128
52113
52092
52082
52024
51904
51683
51628
51533
51517
51490
51328
51247
51200
51173
51152
51126
51097
51004
50873
50838
50837
50651
50648
50491
50401
50361
50302
50246
50111
49961
49940
49823
49817
49792
49750
49720
49709
49599
49584
49455
49427
49375
49306
49248
49168
49160
49150
49146
49115
48955
48948
48948
48888
48888
48888
48853
48751
48658
48576
48479
48445
48432
48401
48390
48327
48318
48305
48239
48216
48137
47929
47839
47829
47828
47821
47735
47704
47701
47655
47646
47629
47627
47572
47518
47513
47498
47458
47451
47447
47363
47335
47304
47283
47274
47248
47245
47211
47198
47197
46836
46819
46783
46661
46660
46628
46604
46574
46566
46527
46523
46491
46446
46440
46437
46394
46323
46287
46278
46277
46197
46183
46076
46060
46018
45958
45624
45617
45569
45534
45513
45456
45422
45402
45374
45290
45183
45156
45061
45013
45011
45007
44885
44783
44706
44591
44555
44519
44426
44414
44354
44353
44276
44267
44241
44177
44101
43998
43942
43927
43890
43842
43817
43765
43721
43667
43593
43551
43482
43480
43343
43181
43069
43016
42992
42948
42842
42832
42766
42619
42483
42442
42358
42342
42310
42240
42203
42183
42119
42079
42052
41954
41940
41849
41764
41695
41678
41589
41397
41305
41291
41289
41273
41105
41068
41063
41052
41017
40909
40842
40722
40688
40687
40619
40592
40581
40579
40521
40493
40468
40440
40439
40431
40417
40365
40315
40259
40246
40188
40173
40153
39916
39901
39705
39648
39585
39577
39574
39562
39555
39508
39503
39494
39406
39370
39361
39271
39238
39156
39095
39085
39044
39032
38985
38965
38917
38704
38692
38579
38505
38464
38377
38294
38235
38232
38221
38218
38182
38181
38145
38135
38125
38096
38082
38081
37976
37913
37818
37732
37689
37536
37532
37531
37523
37415
37367
37345
37333
37331
37287
37247
37217
37135
37129
37061
36978
36972
36955
36941
36925
36851
36841
36738
36608
36541
36510
36417
36402
36358
36348
36347
36259
36246
36225
36083
35920
35903
35841
35806
35725
35695
35659
35531
35522
35512
35493
35336
35242
35208
35155
35142
35072
35042
34908
34879
34815
34683
34677
34537
34374
34372
34284
34207
34197
34036
33922
33813
33668
33665
33625
33584
33559
33559
33526
33497
33487
33467
33465
33459
33362
33174
33174
33119
33109
32912
32911
32824
32724
32660
32539
32489
32356
32353
32332
32331
32287
32264
32065
32063
31961
31904
31848
31823
31820
31794
31719
31676
31647
31628
31565
31491
31479
31405
31327
31241
31055
31044
31040
31007
31003
30985
30984
30983
30978
30871
30783
30768
30757
30749
30749
30739
30679
30654
30433
30337
30240
30154
30062
29929
29859
29785
29743
29699
29681
29666
29602
29551
29524
29485
29363
29302
29262
29079
29065
29054
28874
28848
28771
28719
28486
28436
28433
28420
28331
28280
28259
28099
28096
28071
27987
27951
27943
27925
27921
27890
27870
27854
27780
27768
27724
27683
27681
27599
27546
27519
27501
27357
27347
27333
27248
27248
27229
27222
27207
27113
26935
26602
26545
26473
26467
26464
26347
26344
26218
26210
26128
26113
26086
25973
25967
25959
25892
25868
25852
25752
25721
25663
25660
25586
25524
25513
25453
25377
25305
25297
25287
25207
25094
25064
25062
24994
24964
24961
24937
24910
24874
24756
24714
24631
24602
24574
24403
24326
24313
24255
24241
24183
24128
24060
24055
24050
24028
24003
23882
23869
23802
23785
23716
23685
23648
23642
23591
23581
23578
23435
23368
23359
23349
23345
23341
23235
23221
23113
23071
23069
23062
22990
22970
22936
22872
22859
22858
22824
22807
22723
22656
22652
22625
22513
22466
22430
22367
22341
22230
22126
22125
22117
22103
22101
22032
21909
21810
21696
21548
21541
21374
21369
21346
21103
21098
21074
21038
21018
21010
20966
20966
20952
20950
20865
20761
20736
20617
20557
20486
20466
20314
20291
20288
20257
20212
20160
20081
20057
20037
19980
19960
19823
19700
19613
19472
19458
19452
19379
19350
19288
19270
19237
19201
19145
19143
19123
19085
19065
18996
18927
18863
18807
18794
18690
18680
18648
18620
18576
18518
18404
18389
18387
18302
18271
18145
18139
18120
18081
17992
17962
17904
17893
17792
17719
17655
17652
17618
17607
17523
17520
17509
17472
17459
17431
17423
17364
17348
17333
17321
17283
17274
17225
17035
16879
16824
16813
16760
16652
16648
16605
16436
16396
16287
16274
16194
15985
15814
15735
15648
15598
15481
15384
15377
15242
15154
15115
15097
14944
14935
14866
14854
14812
14788
14767
14677
14663
14628
14483
14310
14244
14214
14195
14091
13966
13866
13855
13684
13677
13659
13649
13620
13591
13585
13487
13438
13358
13347
13280
13280
13259
13197
13185
13172
12926
12874
12825
12800
12789
12749
12714
12682
12587
12583
12541
12532
12366
12229
12079
12065
12044
12036
11946
11732
11621
11535
11522
11152
11109
11069
11036
10993
10932
10918
10918
10906
10904
10863
10825
10824
10798
10732
10717
10673
10671
10670
10633
10447
10420
10355
10309
10297
10264
10219
10199
10165
10040
10018
9780
9729
9710
9656
9623
9614
9583
9567
9533
9506
9501
9462
9444
9435
9419
9354
9218
9160
9141
9117
8964
8873
8788
8785
8697
8550
8528
8509
8361
8354
8252
8249
8246
8243
8228
8220
8203
8117
8102
8095
8091
8082
8014
8012
8012
8003
7987
7985
7977
7958
7953
7932
7797
7761
7761
7689
7641
7613
7528
7382
7375
7350
7290
7287
7190
7151
7114
7034
7030
6966
6960
6894
6865
6825
6795
6760
6702
6623
6601
6575
6522
6262
6258
6255
6219
6214
6193
6174
6114
6100
6091
6066
6040
5990
5965
5953
5926
5911
5899
5898
5858
5820
5740
5736
5716
5667
5616
5581
5559
5527
5510
5407
5258
5236
5235
5199
5124
5054
4996
4928
4915
4840
4781
4758
4663
4643
4581
4576
4568
4566
4557
4407
4382
4299
4258
4151
4067
4045
3885
3808
3807
3720
3664
3654
3625
3576
3350
3239
3179
3162
3131
3049
3032
2997
2991
2989
2856
2826
2762
2637
2633
2625
2476
2407
2377
2326
2279
2253
2243
2203
2173
2169
2146
2018
1997
1982
1970
1954
1883
1859
1607
1605
1395
1335
1334
1333
1319
1161
1136
1049
1018
992
952
918
762
751
706
676
599
586
569
569
500
487
317
272
138
127
30
