99950
99846
99845
99817
99534
99481
99383
99332
99314
99256
99256
99247
99227
99120
99048
98847
98739
98732
98614
98594
98481
98445
98441
98434
98416
98409
98376
98355
98350
98347
98346
98234
98166
98156
98096
98080
98018
97998
97943
97839
97708
97608
97567
97525
97361
97351
97322
97274
97214
97108
97005
96972
96923
96875
96871
96808
96797
96615
96589
96543
96540
96502
96467
96446
96445
96433
96378
96352
96336
96323
96312
96305
96286
96255
96153
96152
96146
96046
95912
95892
95891
95851
95820
95798
95797
95767
95709
95697
95693
95582
95524
95459
95414
95370
95268
95215
95144
95064
94956
94949
94793
94772
94717
94659
94642
94628
94573
94495
94495
94461
94414
94394
94067
94049
93984
93922
93900
93846
93820
93791
93769
93591
93576
93540
93517
93503
93454
93422
93405
93366
93365
93352
93321
93268
93266
93215
93104
92990
92919
92821
92755
92650
92647
92514
92479
92424
92419
92368
92319
92307
92277
92235
92197
92172
92095
92039
92018
91890
91854
91809
91808
91799
91770
91716
91598
91542
91538
91468
91432
91413
91409
91408
91305
91270
91203
91146
91110
91091
91066
91043
91004
90968
90914
90871
90833
90776
90755
90748
90658
90634
90622
90605
90600
90544
90505
90503
90448
90345
90289
90265
90192
90147
90094
89991
89928
89842
89749
89614
89583
89555
89547
89510
89491
89454
89434
89388
89208
89105
88941
88884
88664
88635
88588
88508
88497
88401
88266
88250
88219
88199
88151
88009
87986
87959
87872
87801
87754
87709
87669
87573
87413
87388
87267
87157
87121
87111
87075
87021
86994
86987
86984
86937
86841
86829
86801
86772
86762
86762
86742
86463
86410
86335
86200
86106
86073
85999
85858
85825
85822
85644
85589
85587
85496
85471
85432
85418
85383
85352
85330
85323
85248
85210
85202
85148
85136
85133
85132
85105
85077
85020
84873
84784
84714
84691
84686
84612
84595
84537
84534
84523
84497
84488
84479
84321
84297
84261
84252
84199
84131
84131
84123
84113
84094
84074
84035
83974
83936
83901
83751
83690
83616
83545
83402
83354
83320
83233
83210
83145
83078
83054
83036
82865
82758
82716
82711
82475
82408
82381
82357
82319
82280
82234
82144
82124
82065
82034
81977
81840
81807
81801
81781
81706
81685
81678
81669
81663
81642
81637
81621
81556
81530
81504
81498
81448
81426
81425
81419
81410
81203
81072
81061
81044
80958
80928
80921
80913
80910
80874
80841
80837
80778
80764
80723
80702
80634
80617
80616
80591
80582
80436
80424
80414
80365
80285
80280
80243
80187
80156
80112
80064
80048
80039
80030
79985
79949
79924
79907
79840
79729
79691
79690
79632
79561
79555
79369
79270
79170
79125
79057
78953
78942
78930
78848
78847
78817
78730
78671
78504
78346
78292
78292
78288
78274
78142
78114
78047
78030
78020
77958
77918
77896
77882
77810
77808
77763
77760
77750
77668
77540
77474
77404
77353
77329
77216
77161
77112
77007
76981
76924
76922
76856
76805
76802
76721
76709
76645
76529
76498
76478
76356
76351
76303
76302
76301
76285
76256
76166
76115
76078
76064
76057
75962
75925
75817
75689
75656
75652
75621
75568
75529
75505
75417
75384
75286
75256
75215
75152
75120
75102
75030
74932
74916
74765
74668
74518
74468
74442
74411
74393
74333
74315
74285
74191
74141
74114
74089
74055
74036
73947
73926
73879
73838
73781
73780
73737
73737
73722
73715
73691
73620
73567
73551
73455
73398
73366
73274
73264
73234
73196
73122
73077
73035
72999
72889
72886
72867
72818
72805
72766
72748
72736
72733
72723
72653
72571
72566
72485
72445
72417
72328
72177
72076
72048
71871
71838
71817
71809
71745
71654
71560
71384
71247
71138
71128
71064
71024
70841
70813
70771
70696
70690
70646
70600
70579
70554
70508
70500
70475
70412
70391
70333
70316
70263
70260
70229
70189
70141
70094
70069
70053
70003
69931
69787
69646
69634
69585
69584
69582
69581
69435
69417
69390
69384
69293
69101
68993
68843
68764
68733
68714
68706
68695
68623
68536
68298
68249
68233
68083
68063
68036
68035
67909
67893
67678
67581
67550
67356
67148
67113
67098
67057
67015
66933
66865
66859
66795
66776
66766
66697
66581
66580
66507
66495
66491
66431
66422
66402
66344
66306
66288
66202
66199
66184
66177
66088
66057
65952
65949
65931
65923
65889
65649
65437
65413
65364
65347
65331
65170
65066
65038
64999
64981
64949
64943
64930
64885
64805
64790
64769
64709
64685
64662
64551
64508
64438
64425
64323
64310
64302
64209
64154
64087
63987
63946
63926
63883
63813
63760
63700
63689
63527
63491
63372
63360
63352
63273
63156
63146
63113
63106
63051
63041
63014
62929
62884
62781
62688
62676
62593
62518
62464
62430
62293
62275
62228
62215
62195
62128
62106
62045
62004
61987
61968
61919
61896
61720
61687
61669
61619
61496
61403
61373
61336
61334
61333
61236
61128
61102
61030
60922
60819
60764
60762
60711
60648
60514
60469
60384
60223
60190
60176
60153
60125
60057
60054
59998
59899
59804
59793
59763
59760
59757
59705
59697
59534
59452
59395
59350
59294
59277
59219
59215
59098
59021
59004
58905
58764
58730
58722
58705
58667
58603
58594
58560
58548
58548
58513
58498
58339
58333
58302
58291
58268
58199
58103
58002
57939
57937
57828
57714
57675
57462
57239
57175
57113
57089
56942
56914
56870
56843
56677
56657
56641
56589
56479
56382
56348
56297
56279
56263
56248
56150
56034
56019
56014
55930
55840
55757
55642
55564
55556
55554
55502
55497
55493
55490
55488
55450
55356
55329
55287
55272
55242
55211
55160
55033
55010
54947
54944
54763
54751
54682
54650
54534
54386
54357
54343
54232
54133
54108
54087
54035
54029
54003
54000
53902
53782
53762
53762
53702
53618
53581
53500
53498
53374
53305
53253
53251
53222
53184
53151
53136
52950
52916
52914
52904
52750
52741
52723
52713
52682
52641
52623
52592
52573
52524
52388
52355
52265
52225
52048
52033
51994
51940
51918
51898
51843
51754
51738
51710
51702
51694
51673
51667
51622
51553
51424
51392
51360
51359
51335
51327
51205
51159
51143
51130
51063
50948
50912
50810
50790
50742
50695
50655
50635
50603
50563
50556
50534
50480
50449
50447
50421
50414
50352
50330
50316
50238
49999
49997
49988
49980
49955
49951
49946
49915
49896
49787
49754
49685
49680
49618
49584
49553
49537
49535
49501
49498
49419
49296
49268
49242
49183
49152
49109
49030
48927
48927
48882
48794
48774
48766
48724
48716
48670
48663
48565
48534
48485
48412
48360
48342
48311
48253
48139
48038
48024
47776
47629
47579
47543
47478
47428
47406
47397
47369
47333
47253
47220
47211
47135
47119
47080
46979
46965
46931
46921
46909
46866
46846
46821
46756
46547
46495
46464
46326
46324
46038
46017
45927
45922
45881
45881
45843
45722
45691
45670
45644
45563
45557
45556
45425
45361
45323
45268
45208
45178
45145
45120
45096
44964
44912
44819
44801
44736
44724
44657
44649
44633
44506
44473
44456
44434
44366
44293
44230
44078
44070
44019
43988
43967
43945
43872
43857
43762
43664
43622
43611
43586
43521
43488
43324
43231
43134
43110
43087
42998
42809
42747
42728
42717
42683
42651
42613
42602
42565
42503
42500
42477
42410
42375
42306
42247
42229
42151
42066
42020
41952
41948
41879
41877
41849
41824
41765
41713
41613
41563
41517
41503
41491
41403
41376
41310
41295
41294
41112
40971
40900
40826
40825
40802
40792
40786
40766
40664
40613
40504
40377
40364
40231
40167
40118
40052
40011
39971
39955
39873
39749
39729
39620
39616
39589
39532
39496
39477
39447
39444
39413
39352
39350
39289
39257
39040
39018
39015
39001
38796
38691
38641
38628
38623
38614
38581
38527
38490
38483
38474
38459
38449
38446
38324
38289
38277
38207
38150
38140
38123
38085
38041
37969
37935
37933
37901
37868
37827
37707
37645
37644
37611
37590
37555
37547
37545
37532
37531
37504
37471
37384
37368
37368
37267
37253
37225
37147
37146
37036
37002
36945
36937
36932
36911
36895
36894
36816
36669
36609
36529
36494
36494
36491
36489
36475
36385
36287
36244
36226
36182
36158
36144
36103
36103
36074
36053
36046
36026
36010
35998
35960
35740
35726
35723
35650
35646
35571
35566
35560
35450
35390
35347
35300
35237
35197
35130
35118
35116
35104
35028
35018
35011
34969
34952
34951
34923
34847
34671
34621
34619
34604
34599
34435
34434
34396
34282
34176
34163
34059
33988
33946
33689
33687
33646
33640
33630
33625
33468
33458
33440
33367
33319
33318
33277
33220
33216
33199
33194
33162
33010
32986
32985
32822
32794
32785
32771
32744
32743
32740
32727
32502
32424
32419
32360
32299
32275
32244
32197
32160
32154
32127
32105
32029
31967
31912
31899
31829
31817
31750
31687
31684
31601
31466
31454
31450
31419
31212
31107
31092
31055
31014
30974
30960
30915
30900
30891
30800
30671
30642
30537
30523
30515
30493
30458
30373
30372
30296
30238
30213
30209
30198
30178
30160
30150
30111
30107
30058
30037
30018
29999
29992
29988
29966
29931
29923
29922
29914
29852
29815
29693
29691
29688
29669
29580
29564
29556
29548
29520
29511
29471
29468
29461
29448
29359
29357
29349
29341
29320
29301
29163
29154
29039
29019
28960
28956
28952
28927
28873
28867
28859
28849
28820
28673
28671
28655
28592
28541
28536
28519
28451
28399
28364
28281
28145
28118
28082
28023
28002
27997
27848
27846
27815
27779
27707
27666
27660
27641
27633
27557
27534
27506
27475
27416
27407
27395
27249
27021
27015
26914
26908
26901
26820
26769
26722
26704
26693
26656
26542
26499
26264
26212
26120
26106
26071
26045
26021
25977
25958
25783
25761
25697
25665
25664
25662
25580
25574
25571
25553
25535
25496
25459
25376
25364
25341
25298
25238
25228
25227
25218
25116
25051
25020
24931
24889
24870
24868
24685
24516
24484
24457
24433
24409
24395
24386
24282
24246
24171
24156
24139
24130
24124
24050
24038
23959
23959
23914
23904
23881
23839
23808
23783
23737
23684
23433
23361
23333
23259
23096
23084
23065
23047
22999
22897
22880
22717
22687
22616
22582
22570
22351
22283
22198
22188
22074
22038
21991
21972
21846
21834
21832
21800
21727
21719
21686
21663
21639
21378
21317
21114
21081
21019
21006
20977
20945
20884
20777
20741
20734
20717
20716
20542
20532
20494
20074
20065
20002
19943
19895
19893
19873
19755
19693
19686
19677
19647
19585
19576
19523
19463
19455
19420
19352
19227
19225
19221
19171
19142
19106
19080
19048
19008
18962
18956
18933
18856
18847
18754
18708
18650
18637
18629
18553
18546
18535
18489
18476
18432
18429
18318
18283
18189
18171
17932
17911
17907
17821
17813
17742
17679
17431
17425
17288
17277
17166
16992
16979
16967
16908
16893
16879
16845
16838
16796
16663
16640
16595
16589
16478
16476
16437
16423
16352
16268
16263
16258
16236
16193
16064
16011
15992
15976
15970
15946
15883
15861
15609
15539
15523
15521
15505
15359
15359
15338
15291
15221
15197
15132
15069
14981
14977
14967
14922
14889
14794
14743
14739
14696
14685
14595
14569
14475
14454
14417
14409
14408
14365
14335
14332
14327
14280
14226
14203
14175
14101
14047
14030
14004
13984
13976
13936
13922
13815
13714
13682
13659
13625
13590
13518
13493
13288
13123
13035
12876
12829
12756
12740
12700
12696
12611
12565
12556
12505
12447
12295
12201
12167
12155
12150
12054
12021
12019
11973
11871
11863
11845
11729
11652
11635
11626
11581
11572
11540
11494
11433
11427
11383
11303
11288
11253
11216
11198
11112
11110
10953
10870
10690
10635
10559
10484
10433
10428
10234
10110
10068
9985
9985
9981
9892
9861
9770
9714
9700
9678
9642
9629
9613
9568
9562
9557
9523
9511
9448
9376
9360
9307
9273
9263
9214
9196
9101
9092
9081
9073
9024
8802
8701
8637
8613
8587
8568
8530
8476
8409
8390
8298
8218
8152
8148
8144
8098
8003
7975
7932
7732
7725
7611
7576
7511
7450
7441
7423
7382
7349
7310
7271
7213
7213
6999
6924
6806
6741
6685
6675
6656
6645
6644
6599
6580
6551
6520
6423
6397
5966
5952
5901
5883
5876
5844
5787
5697
5695
5674
5639
5576
5563
5518
5435
5409
5334
5167
5120
5077
5059
5056
5020
5008
4989
4971
4854
4774
4588
4571
4503
4434
4433
4416
4371
4363
4296
4274
4253
4174
4057
4036
4023
4012
3943
3929
3708
3704
3614
3612
3597
3541
3517
3499
3472
3429
3350
3300
3248
3210
3186
3170
3059
2991
2960
2960
2947
2941
2923
2810
2782
2693
2646
2595
2521
2499
2490
2387
2373
2358
2305
2248
2232
2205
2174
2167
2138
1895
1866
1755
1754
1657
1598
1584
1523
1489
1472
1424
1353
1325
1302
1299
1285
1176
1154
1145
1016
981
967
886
857
802
760
667
305
291
285
151
122
50
48
