99964
99917
99896
99895
99886
99857
99799
99793
99684
99584
99556
99463
99436
99393
99382
99341
99247
99241
99179
99179
99163
99149
98943
98868
98694
98645
98543
98466
98341
98331
98310
98215
98177
98006
97972
97946
97918
97896
97890
97762
97744
97608
97593
97517
97504
97498
97481
97159
97112
97056
97034
96984
96899
96775
96680
96665
96646
96459
96385
96356
96293
96245
96157
96069
95955
95944
95933
95875
95756
95739
95673
95628
95543
95490
95468
95421
95341
95246
95163
95138
95122
94833
94761
94722
94716
94713
94619
94551
94526
94381
94369
94351
94122
94043
94022
93996
93994
93940
93919
93817
93781
93740
93725
93721
93662
93556
93551
93483
93439
93278
93167
93047
92990
92923
92904
92825
92797
92766
92705
92652
92649
92649
92639
92583
92500
92453
92417
92351
92181
92165
92154
92138
92052
92020
91904
91855
91852
91760
91754
91749
91724
91624
91614
91601
91486
91479
91368
91363
91316
91293
90968
90967
90963
90939
90935
90919
90709
90700
90634
90620
90580
90501
90481
90465
90404
90392
90261
90224
90205
90166
90074
90073
90013
89943
89823
89781
89763
89743
89625
89606
89547
89533
89525
89502
89475
89307
89307
89299
89297
89290
89277
89274
89241
89227
89202
89170
89115
89080
89050
89019
88903
88733
88710
88696
88675
88487
88426
88417
88392
88341
88294
88138
88097
88056
88012
88002
87985
87931
87911
87906
87894
87891
87847
87843
87801
87767
87753
87717
87683
87670
87622
87618
87612
87602
87552
87500
87499
87478
87464
87458
87406
87337
87318
87318
87274
87262
87256
87228
87144
87137
87080
87062
87036
87032
86961
86904
86812
86693
86661
86363
86336
86276
86184
86124
86053
86033
85914
85905
85856
85854
85762
85762
85743
85573
85561
85558
85552
85484
85438
85395
85380
85354
85354
85254
85146
85071
85054
85015
84950
84924
84912
84878
84826
84796
84698
84664
84548
84546
84526
84517
84496
84411
84398
84373
84325
84300
84293
84178
84169
84133
83988
83858
83833
83807
83756
83665
83661
83652
83511
83420
83346
83311
83285
83278
83249
83169
83099
83092
83061
83023
82968
82949
82927
82718
82717
82608
82540
82535
82501
82251
82172
82162
82120
82058
81963
81946
81920
81785
81724
81680
81625
81624
81622
81560
81458
81433
81428
81362
81331
81183
81060
80949
80908
80816
80777
80732
80701
80677
80645
80597
80570
80549
80542
80474
80457
80426
80402
80375
80292
80175
80102
80102
80069
80035
79960
79943
79892
79774
79694
79655
79604
79535
79526
79518
79457
79429
79297
79292
79249
79139
79132
79102
79061
79052
79045
78998
78986
78977
78948
78858
78858
78795
78759
78653
78625
78615
78571
78559
78520
78501
78488
78431
78323
78194
78062
78060
77988
77972
77806
77621
77601
77569
77542
77535
77511
77497
77387
77332
77209
77196
77187
77161
76941
76826
76802
76776
76728
76693
76662
76636
76547
76516
76454
76442
76436
76354
76276
76232
76196
76173
76050
76041
75983
75918
75869
75850
75845
75837
75835
75802
75798
75702
75661
75620
75611
75598
75512
75320
75303
75120
75087
75071
75023
74950
74938
74847
74842
74801
74798
74785
74766
74752
74708
74631
74615
74577
74508
74430
74425
74416
74337
74300
74260
74225
74219
74082
73930
73910
73899
73894
73862
73813
73750
73747
73694
73601
73597
73554
73530
73512
73509
73487
73192
73161
73146
73134
73125
73123
73109
73091
73078
72995
72987
72937
72915
72894
72738
72714
72646
72621
72596
72524
72340
72326
72307
72248
72213
72188
72178
72166
72164
72140
72007
71989
71974
71967
71956
71782
71728
71726
71685
71642
71640
71638
71612
71582
71539
71474
71454
71452
71443
71345
71314
71244
71215
71080
71024
71020
71010
70947
70864
70836
70762
70733
70718
70643
70637
70632
70624
70593
70587
70584
70566
70500
70481
70438
70437
70431
70338
70316
70171
70156
69845
69844
69799
69779
69746
69728
69700
69677
69518
69483
69466
69399
69233
69163
69150
69113
69000
68994
68984
68946
68843
68800
68800
68794
68733
68597
68522
68507
68463
68382
68375
68373
68311
68293
68248
68235
68220
68179
68129
68128
68121
68076
68043
68033
67894
67870
67799
67798
67785
67779
67776
67770
67677
67569
67562
67356
67315
67292
67273
67268
67268
67238
67139
67114
67035
67018
66911
66719
66560
66530
66497
66439
66417
66383
66383
66312
66260
66256
66199
66123
65968
65928
65921
65824
65709
65679
65639
65620
65494
65480
65458
65442
65340
65333
65298
65283
65109
64839
64778
64704
64614
64504
64421
64420
64076
64076
64062
64059
63797
63703
63665
63619
63559
63546
63512
63510
63482
63450
63429
63409
63406
63390
63373
63373
63258
63222
63168
63163
63115
63089
63075
63054
62744
62718
62639
62625
62584
62561
62559
62535
62421
62360
62345
62343
62321
62256
62131
62088
62075
62060
62047
61975
61900
61900
61848
61685
61491
61342
61280
61184
61168
61159
61124
61109
61109
61095
61093
61030
61004
61004
60935
60925
60671
60661
60642
60589
60328
60302
60210
60065
59960
59877
59818
59793
59681
59634
59621
59600
59589
59574
59529
59490
59375
59360
59353
59274
59165
59052
58958
58896
58808
58799
58786
58763
58760
58673
58534
58532
58530
58460
58356
58303
58110
58094
57853
57850
57839
57746
57702
57690
57611
57556
57528
57473
57462
57462
57448
57430
57205
57202
57153
57150
57083
57020
57014
56909
56900
56870
56864
56863
56719
56713
56701
56626
56623
56541
56538
56470
56335
56280
56201
56176
56169
56050
55947
55928
55857
55824
55797
55691
55584
55529
55520
55478
55441
55417
55342
55333
55175
55157
55148
55110
55105
55098
55017
55015
55008
54960
54955
54922
54861
54715
54682
54507
54474
54440
54309
54228
54209
54179
54127
54049
54033
54010
53938
53929
53875
53720
53717
53692
53619
53615
53517
53478
53460
53314
53223
53190
53049
53028
53001
52935
52912
52886
52865
52739
52715
52689
52586
52561
52528
52427
52325
52293
52245
52167
52134
52128
52019
51879
51849
51823
51781
51743
51740
51733
51687
51587
51570
51556
51462
51426
51360
51294
51174
51158
51145
51068
51050
51045
51012
50891
50837
50756
50744
50708
50647
50510
50507
50482
50423
50320
50259
50153
50062
49996
49983
49971
49842
49784
49696
49636
49623
49597
49579
49472
49441
49414
49412
49407
49339
49264
49259
49204
49196
49127
49073
49006
48951
48922
48911
48907
48904
48860
48840
48639
48623
48603
48475
48446
48431
48338
48302
48292
48261
48257
48144
48108
48097
48071
47989
47984
47865
47855
47807
47790
47732
47637
47604
47586
47575
47541
47509
47501
47424
47294
47282
47194
47089
47006
46979
46976
46897
46850
46766
46579
46424
46400
46393
46387
46328
46303
46209
46193
46161
46109
46087
46020
46005
45929
45888
45852
45784
45664
45504
45439
45421
45345
45271
45250
45230
45116
45097
44984
44942
44808
44758
44654
44605
44567
44561
44409
44362
44235
44162
44118
44079
44032
43855
43820
43809
43800
43778
43746
43532
43524
43451
43446
43441
43436
43365
43261
43158
43154
43130
43077
42984
42895
42784
42675
42643
42533
42467
42362
42351
42294
42276
42237
42214
42206
42198
42158
42147
42108
42026
41963
41930
41844
41801
41755
41741
41737
41628
41617
41600
41520
41423
41400
41398
41283
41261
41203
41188
41111
41097
41083
40896
40822
40755
40613
40471
40455
40447
40441
40372
40276
40251
40236
40156
40128
39922
39779
39774
39722
39709
39692
39631
39623
39608
39604
39580
39560
39419
39415
39379
39367
39279
39154
39123
39109
39079
39069
38924
38917
38907
38836
38731
38719
38705
38703
38678
38669
38668
38661
38656
38589
38572
38570
38537
38492
38485
38424
38414
38227
38202
38152
38122
38121
38007
37991
37963
37944
37839
37812
37804
37775
37742
37720
37706
37704
37635
37515
37495
37445
37413
37379
37307
37275
37263
37174
37166
37153
36965
36847
36749
36741
36735
36653
36489
36485
36339
36319
36309
36292
36222
36209
36115
36107
36005
35969
35755
35660
35643
35640
35631
35566
35536
35529
35523
35447
35447
35441
35426
35413
35406
35384
35372
35278
35273
35206
35171
35136
35135
35080
34916
34908
34848
34827
34796
34789
34629
34607
34550
34533
34474
34458
34388
34384
34320
34209
34159
34068
34046
34044
34017
33879
33872
33870
33811
33744
33734
33721
33689
33588
33582
33456
33420
33379
33361
33352
33339
33333
33318
33317
33201
33198
33142
33072
33054
33048
32963
32933
32929
32890
32823
32804
32748
32680
32645
32631
32600
32538
32438
32396
32343
32303
32253
32160
32145
32102
32067
32003
31989
31925
31922
31898
31887
31873
31844
31836
31542
31464
31433
31402
31266
31261
31155
31128
31122
31112
31090
31058
31037
30986
30951
30750
30708
30707
30665
30658
30647
30607
30600
30591
30502
30464
30382
30363
30355
30347
30181
30180
30097
30054
30051
30027
29906
29843
29831
29812
29738
29728
29694
29684
29627
29540
29518
29499
29492
29487
29480
29445
29436
29294
29287
29153
29142
29099
29072
29030
29018
29006
28981
28979
28919
28643
28568
28523
28456
28411
28397
28366
28361
28355
28353
28256
28225
28214
28160
28146
28087
28008
27979
27924
27897
27850
27822
27704
27693
27552
27551
27458
27402
27357
27353
27335
27190
27066
26994
26945
26944
26909
26897
26889
26857
26834
26794
26786
26773
26739
26712
26686
26664
26527
26516
26507
26498
26310
26248
26238
26099
25973
25915
25882
25840
25826
25814
25755
25743
25733
25721
25685
25681
25607
25545
25495
25435
25398
25367
25333
24870
24774
24766
24738
24729
24698
24678
24579
24555
24523
24415
24371
24350
24340
24169
24044
24030
23975
23937
23803
23795
23753
23701
23666
23536
23529
23477
23393
23304
23215
23208
23188
23144
23138
23129
23103
23091
23041
22825
22815
22770
22670
22663
22662
22452
22416
22361
22309
22296
22226
22226
22208
22179
22158
22121
22065
21840
21811
21786
21743
21559
21540
21509
21501
21375
21371
21318
21307
21241
21164
21103
21052
21029
20915
20893
20819
20770
20764
20592
20476
20368
20365
20334
20227
20147
20038
20023
19972
19936
19847
19829
19824
19692
19516
19466
19426
19403
19370
19357
19332
19237
19155
19116
19081
19040
19003
18949
18858
18780
18763
18729
18711
18692
18668
18614
18560
18498
18484
18422
18338
18331
18327
18322
18305
18283
18156
18133
17988
17988
17981
17976
17966
17961
17768
17746
17656
17612
17578
17553
17504
17489
17327
17158
17154
17126
17097
17088
17083
17004
16914
16894
16878
16821
16753
16736
16721
16713
16706
16684
16635
16632
16629
16564
16445
16437
16329
16195
16169
16145
16131
16012
15999
15880
15819
15687
15674
15611
15563
15522
15441
15333
15331
15319
15306
15305
15289
15242
15170
15099
15092
14980
14913
14864
14844
14741
14630
14567
14565
14518
14503
14487
14466
14440
14420
14406
14286
14242
14210
14161
14146
14087
14065
14053
14018
13973
13965
13887
13869
13815
13799
13733
13640
13404
13365
13364
13347
13339
13266
13240
13048
12994
12991
12959
12952
12895
12846
12823
12802
12760
12758
12703
12697
12697
12633
12630
12572
12494
12413
12343
12279
12246
12201
12170
12127
12031
12021
11991
11930
11847
11830
11798
11686
11601
11565
11465
11363
11351
11267
11246
11133
11083
11057
11044
10891
10858
10699
10638
10471
10453
10448
10447
10323
10281
10240
10217
10209
10187
10163
10141
10128
10119
10087
10041
10006
9990
9974
9968
9962
9901
9857
9833
9819
9792
9743
9722
9628
9627
9599
9584
9518
9508
9418
9394
9362
9269
9240
9231
9179
9148
9140
9029
8950
8906
8872
8854
8837
8828
8827
8807
8724
8413
8022
8015
8004
7851
7809
7736
7700
7666
7665
7643
7536
7534
7431
7166
7157
7156
7145
6945
6912
6900
6882
6826
6794
6785
6781
6756
6599
6553
6536
6431
6411
6405
6394
6350
6304
6301
6029
6021
5948
5895
5862
5813
5766
5703
5563
5553
5545
5515
5513
5502
5400
5395
5386
5383
5326
5319
5105
5104
5093
5086
5070
5056
5038
4988
4978
4970
4932
4915
4897
4895
4888
4836
4807
4769
4765
4725
4723
4624
4620
4560
4407
4360
4343
4262
4246
4211
4201
4154
4144
4064
3977
3926
3917
3897
3888
3821
3816
3806
3732
3697
3657
3649
3630
3621
3576
3560
3559
3467
3461
3460
3438
3383
3345
3344
3337
3283
3235
3219
3179
3098
3054
3000
2912
2869
2863
2823
2735
2638
2375
2349
2239
2216
2131
2116
1953
1920
1873
1834
1818
1756
1746
1702
1612
1582
1554
1526
1514
1510
1502
1486
1470
1461
1443
1439
1390
1347
1304
1263
1261
1204
1168
1133
1086
1082
1057
972
927
870
857
817
792
624
621
563
531
513
467
467
461
411
411
405
366
217
171
137
83
