99982
99955
99855
99748
99635
99584
99538
99520
99434
99416
99405
99365
99319
99314
99273
99261
99204
99184
99102
99051
98849
98819
98688
98681
98679
98567
98402
98348
98336
98323
98273
98220
98138
98125
98024
98010
97996
97995
97992
97922
97919
97910
97898
97819
97743
97740
97638
97598
97576
97570
97563
97562
97537
97470
97264
97263
97251
97201
97149
97143
97142
97113
97112
97105
97029
97003
96976
96810
96794
96786
96766
96673
96612
96584
96557
96414
96385
96291
96283
96270
96250
96248
96224
96219
96125
96099
96056
95987
95984
95914
95910
95727
95591
95550
95530
95512
95492
95399
95365
95343
95309
95308
95292
95237
95149
94860
94857
94766
94733
94698
94676
94546
94543
94538
94527
94526
94447
94247
94226
94221
94104
94076
93969
93904
93846
93649
93632
93558
93533
93144
93094
93092
92850
92838
92788
92737
92733
92725
92693
92691
92683
92592
92553
92541
92510
92425
92392
92252
92220
92215
92107
92010
92006
91974
91791
91684
91660
91516
91335
91275
91252
91227
91220
91140
91112
91067
91058
90919
90901
90688
90625
90527
90487
90392
90333
90272
90226
90157
90116
90115
90114
90077
90046
90003
89927
89913
89659
89656
89606
89601
89568
89566
89540
89537
89495
89413
89336
89319
89302
89233
89190
89129
89082
88985
88969
88941
88864
88798
88758
88589
88568
88496
88408
88374
88338
88325
88283
88279
88244
88228
88190
88096
88069
88046
88035
87927
87917
87898
87851
87834
87740
87508
87502
87397
87394
87284
87251
87211
87209
87200
87194
87101
87092
87082
86893
86887
86742
86633
86623
86575
86551
86381
86301
86146
86117
86011
85993
85917
85787
85776
85728
85686
85660
85654
85576
85567
85564
85519
85405
85278
85189
85150
85134
85119
85107
85037
84959
84920
84900
84898
84882
84871
84850
84798
84746
84732
84727
84699
84636
84600
84572
84560
84488
84363
84297
84251
84243
84239
84149
83867
83857
83856
83789
83768
83733
83712
83670
83518
83489
83477
83473
83393
83313
83154
83111
83085
83017
83002
82945
82911
82898
82893
82848
82702
82655
82546
82420
82351
82309
82258
82244
82192
82189
82188
82099
82080
82078
82009
81997
81888
81809
81796
81724
81724
81677
81661
81646
81578
81559
81484
81417
81353
81346
81284
81244
81224
81217
81203
81180
81130
81122
80925
80925
80908
80837
80824
80750
80737
80733
80702
80681
80676
80610
80605
80603
80578
80452
80417
80385
80373
80315
80212
80146
80110
80062
80057
80040
79997
79961
79920
79899
79892
79858
79835
79782
79720
79667
79636
79552
79505
79497
79462
79333
79201
79088
79066
78923
78897
78742
78700
78605
78545
78394
78344
78278
78267
78260
78171
77931
77848
77834
77805
77728
77698
77570
77504
77475
77220
77141
77078
77075
76980
76804
76788
76721
76671
76614
76542
76381
76370
76346
76263
76254
76236
76138
76125
76095
76090
76071
76071
76019
76011
75994
75942
75921
75879
75777
75713
75558
75527
75511
75433
75252
75224
75193
75188
75151
75027
75001
74967
74856
74656
74629
74623
74616
74599
74595
74522
74520
74407
74324
74308
74306
74263
74167
74167
74081
74060
74059
74042
73871
73854
73804
73754
73751
73750
73747
73691
73687
73650
73646
73605
73601
73550
73524
73524
73502
73464
73401
73383
73370
73327
73280
73260
73210
73197
73182
73125
73079
73031
73021
72965
72917
72893
72874
72785
72782
72763
72727
72586
72459
72417
72263
72214
72204
72155
72095
72089
72006
71995
71970
71785
71755
71742
71730
71528
71527
71494
71486
71435
71209
71102
71040
71014
70955
70905
70859
70813
70805
70779
70759
70701
70700
70657
70618
70608
70594
70576
70560
70560
70520
70474
70439
70385
70350
70345
70327
70268
70268
70243
70201
70198
70134
70028
70027
70024
69981
69976
69951
69949
69907
69852
69843
69805
69778
69751
69743
69700
69691
69631
69616
69579
69576
69487
69481
69399
69381
69314
69281
69261
69261
69218
69216
69203
69175
69174
69096
69068
68983
68967
68823
68731
68723
68668
68625
68544
68390
68345
68302
68279
68196
68172
68168
68062
67960
67943
67917
67891
67855
67832
67740
67611
67564
67536
67513
67510
67483
67458
67320
67243
67218
67207
67165
67076
67021
66967
66963
66864
66824
66810
66785
66742
66600
66501
66369
66310
66303
66278
66262
66136
66067
66016
65993
65979
65940
65875
65866
65841
65827
65697
65660
65616
65400
65356
65259
65150
65091
64983
64952
64891
64824
64792
64759
64636
64626
64517
64476
64464
64352
64347
64270
64178
64153
64138
64069
64067
64029
64023
63954
63950
63842
63771
63762
63735
63677
63656
63493
63435
63429
63426
63387
63382
63302
63222
63210
63206
63194
63163
63152
63121
63120
63115
63094
63079
62961
62919
62891
62794
62707
62640
62500
62491
62429
62411
62351
62301
62291
62267
62237
62231
62116
62099
61946
61916
61876
61852
61833
61771
61715
61474
61372
61371
61368
61234
61227
61206
61181
61162
61151
61128
61112
61075
60971
60830
60734
60720
60720
60696
60549
60474
60462
60443
60376
60231
60081
60028
60027
60025
60000
59988
59987
59972
59962
59947
59934
59850
59752
59746
59687
59677
59585
59546
59533
59506
59501
59492
59482
59466
59390
59360
59234
59224
59150
59137
59100
59092
58999
58974
58793
58703
58641
58432
58222
58137
58121
58057
58056
57913
57839
57816
57805
57790
57663
57593
57585
57529
57314
57293
57282
57171
57107
57031
56964
56947
56878
56861
56703
56640
56420
56305
56272
56170
56151
56099
56069
56035
56001
55950
55942
55898
55807
55712
55650
55629
55628
55597
55582
55500
55494
55316
55247
55220
55213
55210
55137
55117
55057
55054
54934
54898
54801
54723
54712
54575
54562
54550
54505
54503
54483
54477
54459
54440
54439
54411
54346
54243
54184
54134
54087
54073
54039
54024
53922
53874
53802
53752
53677
53585
53572
53269
53233
53189
53185
53164
53124
52976
52929
52924
52911
52908
52855
52852
52537
52387
52376
52338
52264
52250
52091
52062
51996
51971
51951
51929
51897
51874
51803
51799
51702
51609
51600
51587
51408
51343
51268
51209
51175
51171
51091
51026
51024
50948
50904
50767
50693
50590
50484
50473
50454
50377
50232
50083
50032
50004
49999
49904
49841
49831
49827
49728
49671
49631
49562
49393
49365
49364
49337
49323
49284
49278
49249
49238
49190
49109
49069
48965
48916
48872
48870
48817
48694
48590
48551
48491
48491
48473
48401
48383
48377
48303
48263
48173
48121
48108
48087
48021
47860
47858
47844
47790
47788
47725
47711
47670
47624
47587
47584
47556
47540
47474
47459
47432
47411
47401
47318
47307
47303
47241
47150
47108
47082
46985
46957
46864
46797
46793
46782
46778
46751
46728
46624
46621
46590
46560
46426
46310
46157
46129
46011
45963
45882
45861
45854
45849
45839
45763
45739
45724
45649
45633
45632
45544
45517
45508
45450
45410
45331
45254
45081
45046
45029
44975
44933
44886
44881
44839
44812
44770
44702
44687
44676
44498
44399
44381
44376
44317
44293
44222
44112
44082
44066
43941
43941
43905
43883
43841
43830
43808
43796
43739
43734
43729
43618
43598
43571
43527
43515
43509
43471
43461
43460
43302
43203
43162
43087
43024
42987
42898
42818
42807
42801
42714
42688
42636
42562
42540
42477
42433
42430
42390
42355
42339
42310
42232
42078
41944
41885
41708
41655
41635
41599
41569
41515
41502
41408
41381
41351
41350
41338
41266
41150
41067
40985
40929
40885
40860
40674
40616
40549
40544
40373
40350
40307
40249
40235
40233
40228
40155
40148
40077
40076
40064
40060
39995
39992
39977
39870
39822
39815
39662
39650
39504
39495
39487
39438
39422
39415
39368
39350
39345
39311
39311
39189
39177
39123
39119
39090
39059
38995
38982
38953
38951
38944
38897
38884
38862
38768
38564
38532
38482
38442
38435
38278
38253
38202
38199
38085
38064
38057
37978
37945
37927
37868
37858
37819
37740
37738
37704
37685
37653
37545
37529
37513
37497
37428
37420
37344
37286
37270
37247
37186
37180
37165
37163
37161
37151
37083
37023
36978
36927
36919
36910
36892
36885
36826
36764
36645
36637
36622
36563
36562
36543
36521
36492
36403
36386
36138
35974
35938
35755
35734
35656
35647
35625
35597
35588
35554
35532
35440
35425
35340
35297
35237
35206
35126
35084
35041
35002
35001
34981
34940
34931
34856
34787
34782
34779
34772
34648
34542
34500
34468
34392
34317
34310
34068
34067
34031
33993
33979
33875
33765
33697
33683
33578
33534
33484
33469
33465
33373
33370
33358
33341
33262
33145
33116
33061
33052
32962
32942
32884
32841
32834
32830
32828
32792
32653
32638
32587
32557
32554
32524
32509
32493
32446
32322
32298
32255
32167
32155
32143
32107
32077
32016
32013
31835
31799
31771
31736
31727
31686
31684
31672
31618
31511
31470
31459
31383
31281
31128
31116
31029
30999
30943
30890
30875
30720
30643
30553
30534
30415
30320
30304
30302
30293
30221
30189
30179
30113
30107
30066
29974
29935
29928
29769
29757
29688
29638
29600
29596
29571
29569
29370
29363
29251
29240
29220
29203
29193
29189
29185
29120
29092
28945
28940
28850
28831
28826
28788
28691
28684
28659
28637
28455
28383
28292
28265
28258
28158
28127
28079
28054
27903
27863
27847
27794
27785
27769
27738
27696
27692
27668
27668
27633
27612
27605
27483
27481
27387
27384
27354
27343
27311
27225
27147
27124
27112
27084
26951
26785
26780
26714
26680
26631
26590
26578
26551
26403
26381
26353
26284
26263
26262
26260
26225
26210
26165
26006
25949
25900
25891
25747
25695
25506
25442
25414
25412
25375
25374
25347
25237
25187
25074
24954
24915
24904
24902
24901
24893
24836
24830
24774
24703
24677
24518
24467
24402
24359
24282
24101
23894
23872
23807
23780
23762
23717
23695
23660
23642
23600
23577
23422
23409
23407
23385
23383
23353
23337
23234
23232
23187
23168
23082
23065
23045
23044
22975
22891
22874
22870
22786
22744
22709
22695
22689
22567
22485
22371
22303
22272
22221
22219
22187
22164
22126
22122
22111
22001
21918
21839
21831
21813
21705
21674
21661
21528
21500
21431
21412
21396
21395
21306
21242
21154
21037
20917
20847
20756
20721
20677
20601
20578
20458
20446
20443
20310
20092
20079
19995
19974
19914
19908
19754
19752
19740
19691
19557
19520
19483
19466
19460
19431
19259
19151
19059
19020
19008
18941
18928
18860
18821
18669
18629
18562
18560
18512
18493
18472
18451
18436
18325
18292
18168
18154
18140
18129
18033
18031
18025
17995
17984
17965
17923
17900
17808
17793
17681
17551
17541
17455
17414
17397
17359
17329
17279
17124
17117
17068
16905
16870
16857
16835
16718
16674
16586
16551
16469
16414
16400
16233
16179
16077
16075
16074
16018
16010
16002
15994
15979
15923
15766
15749
15722
15608
15592
15592
15540
15536
15501
15407
15340
15309
15286
15273
15271
15141
15116
15116
15043
15013
15003
14992
14976
14931
14910
14877
14564
14528
14512
14497
14477
14426
14426
14415
14413
14407
14406
14378
14330
14327
14245
14230
14229
14192
14152
14012
13996
13991
13927
13883
13833
13722
13720
13632
13630
13616
13612
13605
13571
13554
13523
13316
13288
13261
13252
13199
13124
13029
13022
12990
12988
12955
12948
12810
12807
12761
12733
12705
12612
12552
12469
12357
12323
12320
11999
11979
11919
11815
11794
11786
11774
11734
11703
11675
11657
11646
11546
11480
11442
11341
11273
11214
11182
11082
11077
11026
10976
10974
10937
10890
10878
10821
10766
10751
10745
10736
10710
10627
10398
10358
10323
10322
10219
9965
9945
9834
9790
9777
9755
9709
9705
9684
9549
9499
9484
9414
9342
9278
9259
9249
9144
9091
9084
9050
9046
8983
8933
8883
8882
8762
8691
8681
8644
8422
8288
8268
8267
8243
8202
8159
8083
8052
8051
7990
7931
7878
7870
7735
7695
7629
7500
7491
7489
7484
7343
7326
7305
7264
7099
7071
7006
6956
6951
6894
6835
6827
6811
6796
6795
6689
6633
6592
6591
6566
6546
6534
6510
6501
6500
6481
6408
6300
6288
6279
6133
6113
5962
5907
5879
5780
5661
5529
5486
5445
5433
5360
5337
5297
5215
5172
4930
4894
4880
4778
4672
4633
4565
4518
4446
4308
4249
4241
4161
4097
4085
4063
4006
3999
3935
3907
3858
3826
3748
3707
3659
3649
3603
3584
3495
3371
3329
3252
3220
3208
3159
3140
3084
3055
3022
3018
2999
2959
2952
2914
2905
2889
2830
2771
2763
2715
2649
2571
2498
2489
2432
2381
2288
2283
2269
2231
2201
2049
2017
1984
1977
1961
1949
1938
1907
1864
1860
1841
1829
1814
1808
1805
1742
1719
1596
1495
1484
1456
1445
1284
1259
1225
1220
1193
1051
975
943
867
826
824
770
749
711
624
553
507
456
376
368
254
239
189
186
184
117
82
9
