99991
99980
99950
99903
99889
99884
99859
99796
99760
99691
99579
99564
99505
99488
99379
99262
99188
99172
99145
99022
98973
98970
98866
98822
98820
98787
98766
98764
98739
98686
98439
98433
98419
98411
98328
98324
98225
98223
98128
98061
98009
97964
97905
97894
97821
97636
97590
97584
97575
97565
97280
97218
97159
97130
97123
97115
96903
96821
96729
96714
96660
96642
96634
96626
96623
96589
96537
96535
96446
96433
96314
96174
96141
96064
96043
96035
96026
95931
95920
95911
95821
95809
95800
95785
95761
95742
95734
95664
95547
95397
95362
95360
95326
95246
95220
95159
95074
95070
94947
94926
94897
94795
94791
94782
94661
94660
94635
94581
94558
94514
94469
94437
94382
94323
94296
94147
94146
94078
93863
93863
93846
93831
93631
93482
93449
93432
93395
93384
93375
93329
93327
93082
93068
93032
92978
92954
92917
92882
92869
92760
92757
92727
92706
92684
92584
92571
92561
92559
92545
92534
92457
92431
92427
92398
92334
92332
92315
92238
92233
92183
92174
91945
91932
91849
91835
91737
91660
91656
91644
91513
91386
91262
91217
91185
91065
90994
90811
90786
90763
90688
90643
90625
90557
90527
90517
90483
90374
90365
90362
90348
90125
90037
89921
89881
89876
89859
89825
89780
89604
89590
89569
89538
89510
89443
89437
89407
89348
89328
89260
89214
89090
89060
88972
88941
88887
88877
88822
88809
88805
88754
88743
88689
88688
88566
88352
88219
88204
88159
88136
87985
87894
87880
87880
87842
87796
87733
87707
87673
87601
87502
87491
87420
87402
87365
87297
87296
87143
87111
87023
86941
86840
86827
86742
86647
86642
86559
86410
86354
86349
86331
86227
86219
86150
86057
85859
85803
85775
85708
85636
85627
85615
85494
85385
85198
85189
85189
85169
85034
84960
84868
84848
84793
84772
84750
84748
84745
84708
84654
84647
84641
84594
84538
84284
84249
84194
84128
84074
84071
84061
83800
83681
83674
83624
83597
83565
83557
83505
83493
83312
83298
83216
83188
83154
83142
83094
82903
82777
82625
82619
82607
82578
82573
82556
82556
82523
82506
82460
82439
82398
82360
82277
82234
82194
82171
82153
82151
82138
82068
82051
82046
82025
81994
81931
81766
81748
81519
81485
81447
81430
81371
81350
81313
81301
81242
81226
81097
81067
81012
80973
80948
80855
80815
80744
80743
80725
80695
80684
80558
80490
80490
80360
80312
80280
80120
80100
80097
80031
80028
80019
79972
79954
79888
79830
79793
79754
79752
79732
79623
79540
79481
79427
79332
79330
79303
79268
79250
79226
79207
79202
79129
79096
79046
78865
78795
78770
78744
78708
78678
78491
78409
78351
78345
78237
78081
78078
78060
78050
78002
77975
77945
77899
77883
77804
77798
77693
77672
77653
77501
77366
77296
77212
77094
77049
77046
77008
76921
76888
76876
76847
76749
76736
76712
76650
76640
76630
76620
76574
76552
76517
76501
76461
76404
76395
76317
76314
76261
76254
76246
76176
76148
76143
76136
76051
76036
76025
76006
75965
75893
75868
75785
75684
75680
75600
75577
75555
75503
75339
75330
75300
75280
75274
75267
75266
75261
75245
75036
74892
74788
74779
74753
74747
74660
74634
74626
74438
74365
74362
74303
74252
74224
74182
74098
74085
73956
73789
73628
73585
73470
73425
73364
73286
73234
73201
73192
73176
73069
73057
72935
72847
72813
72788
72776
72626
72603
72589
72468
72449
72348
72320
72275
72243
72219
72184
72073
72021
72008
71999
71999
71983
71973
71930
71869
71740
71726
71665
71641
71537
71534
71510
71506
71393
71384
71308
71234
71068
70866
70819
70763
70752
70717
70706
70658
70627
70599
70573
70552
70504
70483
70402
70340
70268
70267
70161
70130
69967
69914
69876
69862
69849
69812
69754
69725
69626
69517
69501
69499
69470
69379
69342
69315
69279
69252
69184
69162
69061
68917
68899
68896
68856
68734
68669
68634
68598
68499
68474
68455
68328
68324
68166
68040
68024
67930
67914
67873
67783
67749
67692
67561
67553
67551
67541
67512
67471
67425
67424
67417
67316
67315
67288
67216
67191
67094
67084
67076
67025
67014
67001
66944
66826
66816
66796
66770
66752
66741
66658
66602
66546
66484
66454
66404
66384
66354
66300
66283
66206
66137
66042
65905
65903
65821
65811
65808
65684
65648
65611
65443
65406
65335
65313
65237
65230
65216
65197
65031
64993
64983
64974
64962
64759
64712
64699
64663
64657
64600
64590
64528
64510
64459
64378
64338
64304
64296
64277
64202
64121
64101
64093
63931
63850
63586
63525
63498
63477
63450
63421
63377
63368
63260
63232
63200
63170
63123
63117
63078
63042
63034
63028
62983
62867
62818
62740
62720
62601
62599
62474
62446
62364
62345
62190
62182
62173
62155
62071
61953
61952
61939
61886
61808
61641
61632
61622
61610
61571
61567
61502
61444
61366
61304
61195
61193
61144
61069
61051
61037
61024
61010
60978
60909
60892
60864
60819
60714
60672
60571
60569
60563
60536
60460
60357
60235
60196
60191
60189
60131
60118
60103
60072
60033
60025
59960
59958
59884
59799
59787
59694
59690
59572
59546
59528
59483
59455
59314
59289
59261
59229
59149
59142
59110
59069
59044
59044
59003
58986
58945
58897
58878
58871
58832
58806
58783
58727
58680
58666
58616
58585
58579
58578
58504
58495
58478
58477
58474
58359
58257
58183
58137
58084
58051
58050
57974
57938
57738
57722
57626
57619
57559
57492
57444
57371
57347
57340
57333
57223
57138
57070
57048
57044
56942
56837
56747
56586
56522
56488
56420
56321
56238
56218
56202
56168
56137
56136
56135
56084
56041
55918
55839
55790
55771
55765
55728
55724
55716
55708
55691
55613
55505
55503
55453
55441
55411
55368
55310
55278
55173
55163
55156
55151
55128
55012
54910
54856
54842
54828
54711
54678
54654
54437
54432
54302
54284
54265
54257
54231
54131
54074
54042
53995
53938
53861
53802
53790
53764
53721
53700
53666
53623
53270
53220
53214
53174
53126
53118
53008
53005
52975
52913
52883
52859
52857
52777
52748
52733
52705
52631
52591
52586
52559
52501
52473
52374
52344
52309
52253
52238
52187
52173
52165
52010
51936
51931
51903
51900
51858
51835
51759
51758
51755
51750
51707
51664
51523
51521
51493
51444
51420
51333
51301
51261
51195
51144
51143
51121
51105
51088
51081
51025
51021
50974
50892
50812
50809
50662
50614
50527
50489
50469
50399
50347
50163
50148
50101
50004
49971
49891
49874
49852
49850
49781
49776
49737
49682
49628
49444
49387
49332
49265
49263
49250
49191
49181
49129
49111
49089
49033
48986
48917
48882
48867
48824
48809
48766
48756
48752
48733
48716
48702
48662
48659
48535
48518
48517
48457
48439
48423
48397
48386
48288
48270
48259
48179
48060
48007
47994
47914
47909
47908
47901
47803
47720
47669
47634
47633
47478
47451
47366
47318
47261
47212
47193
47166
47134
47084
47028
46956
46952
46912
46858
46792
46690
46684
46678
46675
46667
46606
46560
46503
46411
46296
46210
46194
46025
45957
45955
45941
45935
45906
45885
45877
45799
45773
45767
45753
45663
45573
45552
45539
45503
45452
45411
45404
45371
45229
45214
45082
45041
45014
44977
44951
44877
44815
44775
44760
44707
44612
44384
44375
44342
44333
44224
44109
44031
44025
43725
43657
43636
43629
43624
43594
43584
43570
43558
43524
43426
43397
43321
43288
43249
43200
43188
43153
43040
42999
42943
42890
42757
42663
42600
42529
42525
42432
42400
42397
42377
42369
42317
42281
42095
42088
42048
41996
41913
41778
41731
41721
41711
41690
41585
41539
41514
41498
41453
41416
41400
41342
41233
41203
41139
41104
40973
40918
40693
40647
40574
40553
40503
40378
40373
40365
40313
40279
40275
40264
40248
40213
40198
40102
40017
40002
40002
39990
39898
39883
39864
39856
39690
39596
39596
39586
39342
39323
39235
39230
39219
39205
39123
39107
38993
38982
38904
38800
38777
38738
38656
38611
38591
38582
38564
38556
38526
38385
38376
38369
38362
38304
38277
38215
38177
38118
38095
38015
37973
37864
37815
37800
37723
37702
37651
37615
37559
37491
37477
37471
37470
37436
37359
37261
37228
37207
37032
36971
36966
36874
36841
36764
36757
36573
36468
36455
36418
36380
36371
36323
36278
36235
36232
36061
36031
35894
35715
35707
35641
35569
35557
35487
35448
35397
35357
35318
35308
35254
35192
35122
35112
35100
35043
35026
34974
34917
34808
34750
34741
34602
34509
34498
34393
34334
34103
34009
33955
33949
33931
33915
33909
33760
33667
33632
33519
33505
33505
33445
33425
33367
33343
33341
33250
33227
33208
33174
33124
33087
33081
32908
32892
32823
32765
32764
32731
32726
32689
32684
32673
32636
32628
32578
32556
32523
32450
32419
32340
32328
32309
32298
32289
32232
32224
32216
32164
32156
31898
31811
31755
31716
31649
31629
31619
31576
31440
31412
31364
31234
31224
31210
31071
31030
31027
30884
30855
30796
30755
30650
30585
30580
30573
30512
30430
30395
30310
30241
30171
30111
29948
29891
29874
29850
29695
29655
29641
29634
29603
29599
29584
29442
29373
29319
29263
29263
29162
29148
29100
29061
29020
29012
28926
28925
28892
28888
28867
28771
28694
28565
28509
28504
28424
28361
28350
28331
28324
28305
28259
28097
28081
27985
27889
27888
27833
27755
27714
27695
27645
27636
27572
27555
27520
27517
27482
27463
27435
27381
27341
27316
27293
27277
27271
27263
27251
27250
27218
27202
27156
27140
27067
27003
26851
26824
26735
26734
26711
26623
26576
26569
26554
26533
26504
26446
26439
26375
26368
26350
26342
26290
26277
26261
26240
26233
26232
26202
26186
26165
26156
26093
25954
25896
25866
25822
25541
25397
25381
25295
25239
25183
25110
25061
25020
24962
24958
24956
24945
24925
24893
24882
24791
24789
24783
24771
24765
24731
24700
24654
24634
24556
24533
24424
24348
24344
24154
24134
24071
24058
24037
24007
23983
23945
23887
23882
23858
23799
23711
23698
23689
23669
23639
23616
23607
23569
23546
23473
23322
23317
23265
23233
23221
23195
23189
23187
23167
23145
23137
23134
23130
23086
23069
23043
23038
22945
22902
22767
22767
22754
22641
22636
22632
22607
22558
22552
22492
22440
22392
22378
22218
22216
22205
22196
22134
22101
22096
22012
22010
21897
21852
21848
21814
21697
21624
21577
21555
21530
21510
21400
21390
21329
21287
21249
21225
21192
21183
21142
21048
20919
20890
20868
20859
20783
20773
20737
20722
20721
20682
20452
20445
20444
20402
20313
20124
20106
19981
19857
19851
19727
19614
19496
19422
19302
19023
18978
18846
18784
18727
18654
18630
18621
18555
18527
18376
18135
18047
17992
17984
17969
17952
17917
17907
17905
17888
17879
17800
17764
17750
17749
17732
17687
17617
17588
17588
17581
17556
17445
17328
17313
16954
16952
16947
16883
16835
16725
16725
16699
16605
16554
16476
16474
16446
16439
16433
16423
16397
16384
16384
16290
16263
16259
16238
16050
16021
15995
15888
15886
15878
15846
15841
15597
15458
15440
15382
15299
15286
15286
15224
15075
15015
14888
14852
14835
14666
14663
14650
14568
14522
14515
14454
14355
14321
14304
14267
14260
14243
14237
14180
14145
14038
14029
14017
13984
13732
13701
13528
13509
13495
13494
13491
13464
13434
13388
13378
13377
13338
13338
13338
13230
13211
13172
13102
13100
13073
13046
13010
12980
12891
12883
12868
12862
12828
12781
12766
12712
12698
12663
12375
12375
12339
12316
12265
12245
12070
11936
11917
11900
11898
11863
11859
11771
11719
11662
11614
11573
11565
11540
11521
11501
11473
11427
11404
11384
11288
11198
11170
11100
11086
11040
10951
10858
10850
10711
10677
10666
10641
10591
10515
10463
10404
10354
10348
10338
10238
10121
10111
10070
10068
10041
9984
9925
9910
9895
9880
9836
9813
9777
9776
9689
9684
9671
9649
9554
9554
9508
9480
9434
9397
9388
9386
9382
9194
9043
8952
8939
8896
8889
8867
8848
8824
8770
8759
8715
8594
8469
8442
8438
8378
8361
8349
8347
8321
8301
8050
8011
7954
7931
7870
7797
7796
7686
7669
7655
7609
7438
7323
7306
7298
7281
7267
7263
7077
7020
7018
6996
6968
6960
6767
6756
6693
6661
6648
6420
6418
6404
6309
6286
6277
6134
6126
6066
6048
6020
5959
5947
5922
5892
5833
5786
5742
5637
5526
5491
5276
5187
5087
5055
5002
5001
4986
4866
4824
4687
4674
4577
4537
4499
4483
4426
4355
4274
4198
4139
4107
3988
3926
3906
3834
3762
3495
3417
3408
3378
3310
3178
3172
3155
3137
3105
2932
2890
2755
2695
2595
2575
2575
2530
2416
2393
2383
2334
2178
2169
2097
1996
1978
1857
1838
1789
1782
1693
1634
1491
1464
1339
1318
1273
1173
1166
1064
997
994
985
842
829
822
797
698
612
584
416
346
308
206
201
80
56
50
35
13
12
