99930
99799
99796
99714
99599
99495
99432
99426
99410
99379
99334
99333
99274
99203
99129
99069
99053
98970
98859
98805
98704
98640
98617
98609
98609
98598
98575
98533
98525
98515
98429
98418
98385
98360
98346
98328
98194
98155
98047
98041
97973
97847
97845
97783
97709
97626
97589
97568
97488
97467
97445
97411
97220
97104
97102
97090
97051
97002
96959
96902
96840
96793
96768
96673
96606
96465
96434
96396
96389
96269
96075
95995
95856
95732
95678
95655
95598
95566
95316
95283
95206
95189
95148
95100
95098
95070
95034
95022
94945
94941
94934
94804
94674
94650
94556
94515
94506
94463
94403
94325
94107
94048
94042
94004
93981
93924
93847
93818
93727
93709
93698
93676
93573
93550
93448
93377
93352
93282
93279
93265
93059
93054
93041
93030
92925
92908
92834
92780
92761
92679
92646
92610
92539
92509
92482
92440
92434
92046
92022
91680
91667
91655
91630
91580
91545
91524
91496
91407
91405
91400
91274
91229
91148
91138
91118
91100
90997
90986
90973
90928
90913
90854
90852
90837
90812
90732
90727
90603
90595
90481
90426
90373
90357
90203
90090
90065
90020
89976
89859
89820
89722
89691
89520
89518
89506
89436
89421
89404
89301
89164
89134
88998
88853
88833
88829
88635
88629
88568
88543
88520
88506
88453
88411
88391
88341
88293
88289
88177
88132
88075
88027
88021
88014
88000
87992
87916
87808
87774
87733
87724
87705
87678
87614
87602
87493
87433
87325
87259
87258
87227
87217
87216
87111
87111
87081
86956
86944
86894
86634
86630
86620
86596
86501
86365
86338
86319
86270
86251
86203
86146
86119
86073
86051
86028
85995
85965
85965
85937
85907
85895
85811
85783
85678
85638
85617
85558
85551
85523
85412
85310
85255
85239
85231
85210
85203
85188
85176
85148
85142
85126
85098
85082
85074
85071
85065
85031
84916
84878
84863
84810
84751
84707
84701
84695
84566
84554
84521
84490
84474
84472
84434
84375
84347
84326
84296
84289
84204
84138
84098
84090
84038
83970
83916
83806
83775
83774
83680
83633
83632
83570
83564
83396
83328
83228
83158
83081
83006
83001
82981
82977
82940
82811
82756
82615
82610
82594
82519
82504
82498
82467
82422
82206
82124
81836
81805
81749
81712
81603
81598
81596
81519
81505
81381
81314
81233
81217
81091
80999
80972
80942
80897
80858
80855
80803
80751
80724
80714
80657
80652
80590
80514
80472
80396
80374
80293
80279
80259
80215
80214
80185
80142
80061
80055
79890
79782
79709
79555
79510
79455
79340
79310
79304
79267
79150
79074
79074
79053
78995
78937
78897
78806
78779
78756
78734
78538
78488
78428
78366
78314
78313
78304
78282
78234
78160
78124
78112
78090
78068
78001
77997
77990
77964
77910
77857
77849
77818
77624
77533
77525
77498
77325
77241
77231
77029
77000
76996
76959
76846
76838
76821
76803
76787
76709
76615
76589
76584
76565
76488
76454
76413
76323
76137
76016
76014
75986
75976
75948
75872
75719
75674
75597
75587
75544
75528
75465
75437
75400
75371
75307
75295
75155
75146
75042
75041
75035
75029
75014
74942
74894
74878
74815
74802
74784
74773
74676
74635
74586
74523
74464
74440
74436
74203
74184
74151
74085
74030
73919
73919
73892
73734
73731
73728
73689
73565
73563
73482
73481
73476
73433
73350
73321
73262
73243
73232
73194
73083
73002
72901
72900
72826
72775
72710
72709
72686
72657
72605
72456
72424
72398
72365
72355
72253
72200
72169
71957
71932
71905
71888
71696
71643
71554
71502
71473
71339
71297
71296
71281
71164
70988
70942
70886
70884
70808
70635
70557
70513
70433
70419
70410
70362
70328
70302
70293
70267
70242
70237
70186
70179
70151
70140
70136
70087
70019
69992
69964
69887
69875
69870
69848
69833
69816
69761
69757
69638
69629
69578
69507
69426
69421
69372
69355
69353
69275
69248
69245
69245
69160
69151
69148
69089
68998
68922
68765
68753
68752
68713
68636
68528
68502
68434
68424
68398
68366
68329
68304
68193
68190
68173
68164
68158
68143
68095
68084
68013
67958
67865
67792
67792
67715
67680
67646
67643
67620
67609
67530
67518
67497
67488
67465
67419
67403
67370
67308
67270
67251
67251
67184
67142
67045
66884
66845
66834
66722
66676
66634
66561
66521
66460
66450
66426
66420
66392
66348
66337
66336
66319
66265
66185
66155
66154
66116
66094
66046
66021
65937
65908
65878
65740
65657
65645
65644
65636
65586
65520
65503
65490
65460
65295
65147
65106
65092
64998
64995
64986
64907
64862
64852
64731
64719
64523
64489
64455
64434
64342
64295
64222
64189
64122
63954
63878
63836
63835
63823
63818
63593
63554
63364
63323
63300
62976
62974
62843
62826
62822
62745
62644
62535
62437
62432
62285
62193
62183
62083
61950
61854
61807
61786
61759
61758
61686
61652
61639
61609
61498
61481
61386
61385
61377
61359
61332
61306
61219
61204
61103
61097
61087
61061
61008
60994
60991
60987
60964
60956
60943
60942
60929
60907
60905
60898
60697
60561
60540
60312
60278
60258
60191
60143
60128
60115
60102
60057
59924
59894
59850
59832
59797
59653
59560
59529
59240
59217
59187
59151
58996
58991
58917
58903
58885
58871
58780
58744
58652
58649
58623
58520
58488
58407
58359
58316
58287
58275
58220
58213
58110
58028
58018
57995
57978
57910
57862
57770
57700
57595
57518
57458
57404
57373
57289
57269
57253
57243
57201
57192
57107
57076
56983
56935
56874
56827
56807
56774
56750
56678
56563
56437
56427
56395
56231
56120
56010
55844
55791
55753
55728
55704
55618
55612
55563
55450
55357
55354
55318
55312
55272
55263
55228
55213
55115
55069
54997
54920
54892
54810
54657
54648
54648
54643
54610
54572
54374
54301
54239
54197
54127
54103
54010
53844
53838
53774
53740
53705
53689
53679
53667
53631
53618
53503
53422
53345
53196
53184
53174
53167
53165
53115
53114
53071
53067
53021
53018
52940
52932
52930
52907
52877
52839
52829
52810
52763
52697
52687
52675
52673
52649
52564
52433
52409
52365
52345
52332
52317
52305
52301
52295
52278
52182
52123
52060
52045
51953
51953
51901
51864
51688
51686
51546
51525
51490
51468
51462
51407
51381
51345
51202
51197
51194
51079
50960
50811
50740
50681
50675
50611
50588
50527
50492
50480
50450
50435
50238
50130
50111
50110
50056
50015
49978
49950
49925
49907
49881
49866
49835
49764
49506
49454
49329
49188
49130
49088
49082
49056
49000
48870
48819
48636
48618
48571
48524
48495
48485
48483
48467
48387
48381
48293
48091
48038
48032
47928
47928
47918
47909
47690
47540
47519
47490
47457
47448
47444
47329
47267
47257
47253
47246
47119
47084
47016
47014
46958
46937
46900
46825
46739
46671
46670
46632
46607
46607
46600
46563
46530
46468
46401
46333
46292
46287
46190
46171
46162
46123
45952
45868
45806
45792
45712
45708
45556
45489
45361
45357
45265
45243
45139
45116
45091
45070
45047
44951
44944
44856
44852
44847
44826
44694
44563
44554
44542
44521
44520
44517
44511
44453
44384
44312
44214
44197
44196
44173
44152
44066
44043
44026
43924
43893
43756
43716
43682
43638
43605
43585
43522
43431
43413
43299
43264
43249
43240
43159
43114
43095
43081
42941
42876
42833
42828
42775
42772
42748
42712
42676
42514
42497
42444
42438
42282
42238
42228
42144
42134
42074
42044
41992
41965
41903
41900
41812
41801
41755
41744
41739
41681
41671
41595
41593
41526
41522
41299
41283
41261
41218
41142
41099
40985
40919
40917
40795
40721
40720
40718
40671
40633
40556
40405
40345
40248
40227
40180
40175
40149
40138
40098
40066
40060
40047
39926
39921
39855
39834
39826
39800
39768
39573
39433
39375
39314
39247
39167
39120
39119
39095
39031
39009
38942
38903
38875
38860
38842
38805
38796
38788
38769
38689
38670
38633
38621
38542
38531
38524
38411
38369
38318
38275
38268
38265
38254
38250
38146
38097
38084
38078
37931
37835
37820
37739
37690
37634
37624
37580
37542
37533
37530
37525
37446
37439
37435
37378
37356
37160
37148
37089
37027
37015
36860
36854
36743
36700
36608
36532
36528
36522
36469
36345
36340
36307
36284
36269
36260
36207
36140
36139
35957
35929
35834
35802
35802
35786
35785
35719
35688
35565
35546
35532
35528
35482
35453
35427
35421
35406
35306
35230
35196
35150
34972
34967
34930
34898
34853
34852
34759
34718
34577
34546
34471
34465
34431
34407
34331
34239
34201
34143
34132
34110
34037
33963
33941
33811
33720
33685
33625
33602
33598
33569
33529
33369
33338
33325
33316
33310
33268
33199
33139
33101
33073
33061
32736
32675
32551
32530
32496
32439
32371
32354
32354
32337
32320
32282
32156
32102
32097
32053
32021
31981
31969
31956
31904
31901
31890
31888
31870
31856
31804
31773
31699
31566
31533
31521
31495
31494
31438
31363
31306
31258
31199
31169
31167
31166
31126
31123
31065
31053
31026
30979
30949
30926
30900
30790
30631
30571
30528
30516
30513
30510
30489
30440
30437
30416
30356
30262
30257
30200
30167
30148
30116
30091
30085
30027
30001
29944
29720
29689
29571
29568
29501
29440
29404
29365
29347
29334
29263
29178
29169
29129
29084
29083
29075
28976
28951
28903
28771
28693
28637
28627
28392
28361
28279
28216
28151
28108
28007
27913
27860
27848
27804
27774
27619
27518
27514
27488
27477
27287
26951
26902
26862
26842
26814
26725
26642
26606
26570
26557
26519
26492
26464
26427
26426
26353
26340
26320
26316
26248
26212
26177
26145
26144
26131
25937
25922
25861
25851
25796
25796
25793
25753
25737
25667
25621
25592
25592
25504
25471
25429
25421
25390
25369
25352
25294
25261
25089
25082
25058
24992
24934
24875
24811
24783
24694
24693
24661
24654
24588
24574
24560
24501
24500
24496
24470
24428
24408
24377
24354
24339
24303
24159
24132
24068
24031
24005
23966
23958
23948
23905
23895
23849
23843
23787
23719
23692
23627
23616
23588
23520
23477
23445
23380
23294
23289
23163
23142
23061
22998
22850
22812
22668
22509
22376
22370
22343
22304
22258
22220
22208
22157
22150
22129
22126
22105
22087
22080
22018
21953
21931
21856
21782
21768
21765
21575
21525
21506
21500
21465
21421
21288
21250
21232
21203
21190
21184
21143
21118
20932
20927
20917
20891
20786
20769
20715
20703
20658
20635
20561
20519
20485
20337
20262
20206
20121
20104
20030
20025
19982
19894
19807
19778
19674
19547
19512
19471
19391
19377
19341
19319
19181
19134
19119
19033
18937
18887
18829
18672
18485
18462
18389
18369
18178
18175
18174
18149
18138
18131
17974
17898
17822
17768
17707
17600
17404
17349
17299
17276
17215
17156
17094
17072
17042
17014
17005
17005
16967
16922
16878
16823
16607
16605
16592
16568
16564
16540
16456
16393
16379
16332
16279
16275
16274
16262
16254
16240
16239
16212
16205
16192
16188
16164
16098
16059
15972
15908
15902
15858
15784
15707
15612
15599
15553
15188
15133
15122
15118
15071
15023
15016
14975
14930
14790
14790
14743
14714
14628
14620
14615
14532
14492
14408
14405
14401
14096
14005
13987
13979
13968
13801
13797
13786
13759
13745
13663
13661
13429
13329
13103
13091
13063
13033
13004
12888
12866
12851
12833
12826
12823
12797
12780
12764
12728
12566
12556
12429
12339
12287
12282
12243
12231
12230
12180
12116
12104
12027
11966
11903
11897
11886
11810
11768
11697
11673
11518
11482
11462
11447
11394
11383
11378
11350
11331
11323
11302
11172
11169
11136
11046
11018
11013
10963
10955
10933
10897
10827
10794
10764
10710
10706
10605
10574
10549
10531
10448
10406
10404
10400
10346
10263
10177
10141
10102
10076
10006
9953
9880
9875
9831
9716
9696
9682
9645
9544
9474
9458
9434
9303
9291
9255
9209
9182
9182
9178
9156
9059
9026
9018
9002
8956
8947
8898
8839
8832
8812
8782
8675
8660
8617
8516
8499
8415
8309
8210
8207
8157
8137
8094
8066
7992
7985
7890
7881
7817
7702
7513
7498
7496
7491
7396
7389
7368
7199
7198
7171
7167
7163
7128
7080
7056
6876
6847
6762
6693
6674
6642
6624
6594
6558
6507
6475
6436
6400
6289
6202
6178
6160
6155
6078
6042
6005
5993
5986
5947
5908
5895
5828
5777
5726
5587
5575
5491
5464
5415
5374
5281
5277
5197
5190
5162
5103
5098
5067
5061
5019
4987
4945
4927
4906
4796
4758
4551
4535
4425
4415
4309
4179
4169
4131
4019
3985
3919
3851
3729
3696
3670
3601
3562
3561
3496
3496
3471
3413
3412
3388
3363
3138
3135
3132
3084
2953
2943
2864
2751
2731
2730
2652
2637
2599
2506
2420
2212
2095
2082
2058
2041
1917
1891
1851
1778
1715
1685
1612
1537
1521
1459
1456
1417
1404
1348
1241
1189
1168
1141
1057
975
970
964
952
851
779
776
678
588
552
544
532
489
470
430
406
308
230
199
190
175
70
54
31
