99997
99994
99980
99962
99913
99892
99819
99768
99705
99609
99580
99542
99345
99337
99307
99206
99044
98871
98832
98752
98687
98685
98550
98455
98440
98429
98400
98310
98156
98147
98146
98112
98031
98018
97995
97960
97932
97891
97873
97770
97760
97687
97635
97405
97249
97243
97231
97224
96936
96926
96901
96859
96749
96691
96605
96580
96543
96506
96477
96475
96292
96279
96242
96119
96116
96104
96021
95916
95810
95731
95701
95666
95605
95587
95577
95573
95559
95473
95453
95408
95325
95251
95230
95144
95114
95111
95062
95032
94995
94909
94863
94848
94822
94721
94710
94660
94624
94607
94560
94508
94474
94470
94345
94298
94185
94184
94141
94134
94067
94035
93964
93921
93873
93843
93834
93730
93705
93691
93684
93587
93523
93474
93431
93329
93307
93283
93283
93242
93128
93123
93077
93047
93033
92985
92920
92916
92899
92899
92806
92716
92706
92655
92653
92634
92622
92491
92457
92376
92374
92370
92326
92252
92247
92195
92171
92145
92119
92118
92015
91991
91985
91931
91927
91897
91886
91883
91731
91731
91570
91524
91513
91477
91409
91393
91386
91370
91337
91234
91225
91213
91212
91167
91127
91109
91069
91069
91041
91029
91007
90964
90930
90925
90770
90736
90628
90617
90608
90474
90397
90388
90351
90324
90273
90213
90169
90157
90090
90066
89990
89981
89980
89953
89952
89912
89898
89842
89826
89812
89760
89680
89649
89602
89560
89549
89538
89525
89439
89370
89330
89126
89110
89036
89003
88914
88858
88839
88833
88759
88723
88648
88634
88504
88463
88449
88436
88361
88345
88255
88223
88175
87943
87874
87838
87798
87706
87700
87660
87546
87520
87516
87486
87352
87293
87260
87209
87182
87140
87115
87064
87033
87013
87012
86976
86872
86809
86788
86702
86627
86537
86524
86461
86450
86394
86230
86222
86216
86174
86131
86124
85988
85843
85785
85494
85432
85376
85373
85352
85260
85232
85202
85121
85116
84970
84814
84802
84779
84773
84724
84723
84715
84702
84664
84645
84641
84590
84513
84484
84447
84431
84351
84275
84263
84186
84145
84124
84098
84081
83970
83936
83936
83926
83787
83770
83660
83621
83596
83591
83531
83344
83325
83271
83208
83170
83134
83123
83035
82963
82911
82762
82719
82565
82503
82491
82487
82448
82363
82200
82177
81990
81969
81914
81907
81883
81873
81846
81844
81803
81786
81754
81728
81630
81588
81488
81406
81400
81377
81323
81236
81206
81202
81183
80997
80983
80979
80809
80806
80785
80738
80624
80557
80536
80525
80522
80516
80469
80446
80438
80359
80340
80243
80233
80168
80004
79871
79768
79724
79636
79603
79594
79570
79511
79462
79452
79434
79397
79354
79346
79258
79255
79247
79229
79205
79129
79070
78960
78902
78806
78733
78682
78663
78657
78621
78576
78537
78476
78440
78362
78335
78330
78298
78213
78207
78152
78049
78042
77954
77911
77893
77876
77640
77602
77420
77358
77301
77183
77161
77074
77071
77023
76983
76945
76890
76847
76763
76718
76700
76614
76439
76378
76330
76317
76290
76259
76113
76082
76028
75961
75858
75815
75734
75676
75601
75584
75525
75464
75461
75446
75373
75307
75173
75085
74984
74977
74854
74735
74658
74656
74572
74527
74514
74493
74452
74451
74428
74334
74317
74275
74220
74198
74178
74151
74119
74091
74047
74046
74008
73948
73897
73789
73769
73674
73644
73612
73603
73595
73492
73489
73456
73312
73309
73289
73268
73241
73152
73138
73135
73092
73076
73074
73009
72945
72902
72807
72762
72570
72522
72494
72478
72422
72399
72392
72382
72371
72308
72302
72226
72152
72133
71916
71911
71885
71706
71671
71595
71548
71525
71522
71518
71487
71378
71220
71187
71071
71035
71018
70840
70788
70669
70657
70566
70553
70553
70527
70477
70291
70275
70169
70136
70060
70031
69831
69794
69764
69744
69598
69597
69539
69525
69467
69379
69332
69286
69280
69246
69177
69157
69064
68891
68771
68759
68679
68539
68530
68466
68365
68357
68224
68219
68179
68162
68068
68051
68050
68044
68037
67889
67870
67869
67841
67831
67824
67801
67744
67615
67612
67557
67512
67346
67328
67297
67292
67285
67279
67201
67185
67077
67041
66911
66867
66748
66593
66542
66520
66445
66372
66335
66299
66290
66274
66162
66147
66142
66040
66025
65955
65919
65763
65746
65630
65616
65611
65609
65461
65371
65366
65349
65299
65249
65223
65190
65177
65171
65145
65090
65047
64874
64711
64664
64602
64591
64589
64584
64583
64576
64549
64513
64296
64284
64113
64093
64063
64050
63982
63966
63800
63797
63790
63749
63744
63624
63582
63356
63165
63160
63068
63056
63048
63048
63019
63016
62974
62955
62941
62925
62924
62914
62898
62812
62681
62628
62606
62557
62496
62468
62457
62420
62390
62361
62354
62313
62303
62282
62262
62242
62237
62140
62122
62057
62053
62023
61983
61961
61626
61606
61578
61477
61464
61425
61416
61351
61305
61301
61220
61161
61093
60863
60821
60709
60670
60428
60359
60359
60310
60290
60216
60212
60124
60103
60086
60084
60051
59999
59986
59839
59815
59791
59658
59324
59318
59308
59262
59142
59132
59033
59013
58903
58615
58561
58529
58522
58470
58429
58346
58324
58296
58149
58090
58072
58046
57938
57934
57893
57864
57689
57680
57659
57654
57638
57628
57550
57490
57405
57404
57367
57358
57317
57281
57225
57102
57079
57041
57006
56965
56874
56756
56749
56743
56734
56717
56561
56497
56343
56285
56248
56244
56083
56022
56013
55964
55921
55917
55914
55907
55874
55871
55824
55783
55770
55754
55653
55642
55595
55542
55527
55504
55471
55297
55261
55196
55114
55067
54960
54944
54893
54886
54829
54669
54669
54617
54508
54363
54360
54345
54338
54294
54266
54179
54168
54154
54153
54104
54026
53963
53962
53956
53909
53879
53855
53842
53772
53700
53614
53612
53541
53537
53515
53484
53469
53448
53355
53245
53186
53183
53180
53129
53101
53088
53053
53044
53028
53008
52948
52948
52871
52856
52787
52768
52733
52723
52723
52706
52607
52601
52569
52535
52519
52470
52433
52425
52295
52202
52162
52150
52144
52106
52099
52040
52022
52021
51875
51826
51547
51387
51379
51371
51348
51182
51177
51131
51127
51117
51109
51070
51043
51022
51013
50991
50930
50915
50902
50797
50783
50664
50661
50623
50517
50460
50416
50363
50289
50264
50253
50253
50209
50171
50142
50123
50062
50043
50000
49990
49973
49965
49962
49942
49925
49858
49850
49812
49774
49771
49754
49574
49574
49567
49541
49466
49385
49323
49185
49027
49022
48945
48843
48772
48741
48725
48679
48571
48545
48535
48520
48514
48489
48434
48409
48405
48399
48385
48350
48312
48270
48148
48103
48069
48057
48030
47997
47943
47891
47876
47849
47757
47628
47560
47542
47513
47430
47380
47359
47303
47226
47216
47213
47154
47094
47055
47033
47012
46997
46984
46971
46916
46904
46865
46822
46687
46682
46668
46556
46424
46319
46312
46276
46225
46203
46203
46137
46076
46068
45820
45795
45741
45663
45489
45309
45294
45261
45120
45105
45101
45055
45009
44944
44867
44863
44825
44811
44789
44782
44737
44690
44675
44581
44525
44465
44445
44367
44357
44323
44239
44217
44129
44117
44020
43936
43826
43766
43747
43739
43659
43549
43539
43412
43268
43250
43163
43103
43069
42957
42851
42816
42799
42793
42745
42687
42674
42657
42632
42467
42446
42385
42348
42330
42309
42275
42229
42204
42193
42181
42046
42014
41997
41939
41937
41797
41764
41701
41645
41632
41601
41559
41431
41395
41326
41261
41224
41208
41184
41060
41012
40973
40828
40816
40758
40700
40670
40647
40527
40476
40474
40461
40435
40355
40354
40187
40140
39984
39978
39968
39891
39874
39858
39774
39597
39531
39438
39392
39381
39329
39283
39249
39134
39095
39022
39012
38962
38957
38924
38860
38832
38791
38762
38740
38728
38686
38564
38538
38523
38362
38286
38258
38222
38220
38210
38153
38148
38126
38082
38074
38062
38033
38000
37895
37751
37738
37700
37605
37573
37526
37497
37409
37280
37200
37088
37038
37010
36950
36922
36852
36799
36775
36768
36695
36681
36624
36454
36417
36364
36362
36345
36298
36205
36134
36096
36050
36038
36027
36016
35982
35969
35959
35930
35898
35890
35853
35772
35714
35684
35607
35592
35540
35508
35404
35397
35293
35272
35229
35208
35131
35098
35086
35062
35039
35021
34967
34869
34841
34799
34784
34650
34641
34533
34512
34476
34463
34421
34291
34227
34171
34158
34141
34103
34055
34047
34010
33991
33982
33944
33918
33890
33866
33864
33822
33732
33676
33662
33632
33623
33609
33547
33531
33490
33465
33427
33420
33420
33379
33367
33333
33292
33268
33227
33226
33086
33079
33057
33029
33009
32996
32906
32892
32885
32879
32848
32797
32756
32715
32535
32528
32399
32392
32348
32279
32221
32210
32195
31990
31870
31869
31858
31851
31834
31769
31703
31619
31611
31553
31472
31450
31431
31400
31316
31295
31288
31241
31235
31161
31149
31144
31130
31054
31007
30962
30723
30716
30652
30615
30593
30568
30562
30533
30521
30477
30216
30127
30065
30004
29959
29925
29871
29829
29790
29702
29658
29617
29529
29496
29471
29459
29458
29402
29360
29352
29300
29272
29235
29217
29159
29153
29067
29050
29041
29038
29012
28988
28931
28907
28789
28739
28715
28712
28666
28612
28607
28607
28589
28530
28443
28289
28249
28161
28109
28073
28069
28050
28021
28021
28003
27962
27956
27924
27872
27830
27802
27793
27764
27722
27715
27632
27567
27545
27352
27301
27183
27146
27132
27049
26790
26759
26748
26662
26647
26544
26488
26338
26328
26328
26293
26151
26088
26082
26066
26038
25933
25763
25734
25648
25584
25407
25385
25341
25241
25173
25149
25100
25068
25066
25021
24923
24886
24843
24835
24828
24655
24647
24638
24623
24620
24593
24590
24524
24509
24484
24469
24417
24320
24320
24309
24156
24088
23997
23885
23879
23822
23802
23778
23767
23732
23671
23569
23534
23525
23474
23383
23376
23366
23275
23269
23241
23233
23219
23217
23064
23019
22899
22874
22854
22720
22692
22594
22562
22498
22498
22434
22431
22427
22328
22299
22285
22238
22226
22218
22119
22112
22079
22058
21840
21788
21766
21737
21672
21531
21439
21391
21369
21365
21353
21313
21312
21308
21185
21157
21154
21109
20897
20783
20661
20650
20609
20576
20542
20536
20529
20453
20445
20420
20292
20274
20084
20049
19953
19942
19878
19831
19809
19761
19681
19648
19536
19532
19531
19501
19465
19392
19387
19277
19258
19251
19158
19030
19018
18997
18916
18915
18876
18838
18806
18796
18736
18735
18684
18615
18567
18498
18418
18407
18395
18390
18375
18374
18370
18344
18339
18335
18227
18214
18173
18161
18123
18118
18096
18047
17948
17912
17912
17859
17676
17624
17622
17560
17497
17483
17461
17387
17230
17200
17192
17052
17009
16924
16846
16823
16791
16780
16743
16674
16591
16585
16541
16536
16535
16477
16469
16345
16286
16222
16209
16206
16072
16057
16021
16008
15966
15919
15863
15696
15672
15672
15623
15597
15508
15400
15375
15300
15222
15172
15048
15001
14974
14958
14943
14918
14808
14580
14552
14551
14446
14437
14408
14353
14320
14308
14238
14236
14187
14042
14009
13908
13860
13851
13839
13809
13769
13628
13596
13580
13555
13537
13511
13507
13457
13423
13177
13074
13070
13006
12967
12922
12857
12719
12526
12521
12489
12460
12441
12301
12211
12189
12151
12105
12005
11982
11974
11943
11713
11704
11621
11605
11586
11562
11546
11520
11392
11371
11319
11246
11245
11202
11186
11170
11036
10907
10899
10883
10826
10816
10743
10653
10575
10567
10532
10491
10469
10448
10401
10339
10326
10305
10275
10266
10208
10195
10191
10144
10111
10097
10034
9967
9904
9886
9583
9583
9531
9467
9459
9358
9313
9212
9187
9119
9118
9112
9085
9001
8967
8887
8775
8682
8644
8640
8579
8546
8504
8497
8471
8462
8224
8220
8073
7964
7961
7959
7812
7771
7580
7569
7374
7347
7318
7158
7141
7066
7041
7007
6993
6993
6949
6911
6870
6808
6676
6644
6569
6541
6467
6466
6457
6326
6296
6262
6177
6141
6128
6047
5975
5959
5934
5902
5885
5861
5843
5671
5641
5503
5489
5456
5407
5387
5364
5280
5262
5214
5121
5039
4992
4974
4839
4833
4815
4798
4783
4734
4728
4635
4539
4523
4467
4461
4439
4415
4414
4369
4361
4344
4338
4251
4247
4228
4202
4141
4117
4073
4025
3946
3939
3891
3709
3702
3678
3627
3502
3383
3324
3197
2860
2841
2765
2682
2673
2609
2440
2343
2258
2195
2180
2172
2168
2164
2160
2073
1959
1942
1780
1759
1729
1717
1641
1552
1421
1407
1339
1269
1261
1179
1174
1136
1110
1097
1074
1059
1005
940
905
900
869
868
736
726
580
519
439
327
296
280
202
185
157
137
67
