99977
99976
99878
99777
99719
99708
99588
99586
99479
99414
99355
99293
99193
99096
99075
99031
98983
98978
98912
98866
98790
98750
98658
98579
98556
98499
98471
98469
98436
98279
98252
97960
97957
97905
97889
97872
97822
97769
97709
97706
97662
97594
97563
97550
97548
97495
97490
97476
97423
97408
97306
97291
97285
97244
97212
97200
97164
97163
97142
97131
97054
96965
96950
96907
96906
96892
96890
96890
96873
96862
96833
96792
96735
96717
96641
96618
96516
96514
96442
96408
96373
96308
96200
96190
96101
96086
96038
95988
95944
95944
95887
95865
95826
95818
95808
95768
95754
95622
95546
95466
95443
95439
95346
95310
95248
95235
95227
95194
95121
95115
95078
95069
94822
94811
94674
94630
94596
94595
94569
94539
94494
94466
94449
94421
94414
94413
94400
94391
94201
94123
93998
93993
93967
93812
93779
93778
93680
93561
93547
93512
93484
93464
93380
93324
93322
93316
93232
93209
93189
93142
93134
93085
93075
93020
92913
92874
92825
92802
92775
92677
92653
92625
92624
92607
92525
92501
92452
92439
92373
92303
92214
92185
92148
92078
92033
92025
91892
91823
91746
91699
91575
91567
91558
91522
91426
91392
91212
91200
91189
91174
91159
91123
91117
91047
90991
90979
90962
90938
90937
90771
90732
90721
90702
90688
90679
90536
90500
90481
90453
90393
90183
90045
90013
89972
89958
89793
89723
89682
89559
89558
89541
89450
89431
89414
89355
89335
89329
89292
89288
89231
89201
89187
89137
89124
89106
89057
88983
88935
88922
88900
88896
88870
88864
88848
88824
88817
88754
88705
88630
88567
88563
88517
88448
88399
88360
88281
88267
88245
88242
88112
87938
87895
87823
87798
87732
87638
87527
87515
87512
87256
87244
87226
87199
87192
87184
87161
87033
86972
86958
86922
86910
86905
86874
86859
86783
86751
86680
86661
86540
86530
86480
86440
86414
86399
86226
86217
86126
86093
86019
85818
85742
85741
85697
85694
85619
85610
85599
85588
85550
85550
85534
85522
85522
85506
85463
85342
85322
85276
85207
85154
85060
85058
84990
84950
84833
84811
84805
84708
84567
84487
84261
84251
84233
84206
84166
84137
84135
84096
84037
83979
83910
83892
83888
83862
83805
83801
83768
83525
83516
83493
83478
83461
83436
83435
83395
83270
83250
83238
83175
83145
83107
83104
83056
83043
82967
82925
82848
82837
82698
82687
82683
82519
82515
82394
82232
82187
81966
81914
81911
81877
81682
81634
81590
81590
81585
81565
81546
81519
81456
81453
81441
81432
81423
81422
81412
81212
81147
81106
81106
81085
81052
80941
80929
80866
80795
80755
80740
80697
80684
80610
80588
80412
80254
80239
80222
80168
80095
79998
79885
79838
79803
79773
79660
79653
79486
79481
79220
79203
79078
79024
79006
78943
78933
78911
78843
78702
78689
78610
78529
78468
78437
78422
78346
78328
78295
78278
77977
77860
77832
77828
77776
77734
77712
77675
77671
77658
77653
77617
77576
77491
77417
77411
77383
77382
77326
77262
77256
77126
77120
77093
77083
77067
76947
76902
76895
76871
76829
76828
76822
76818
76800
76781
76672
76651
76611
76570
76411
76283
76218
76159
76043
75964
75895
75883
75874
75860
75860
75825
75733
75726
75656
75550
75550
75545
75527
75477
75442
75372
75359
75339
75327
75300
75259
75233
75229
75155
75125
75084
75011
74876
74861
74819
74797
74753
74679
74673
74622
74615
74430
74423
74383
74371
74360
74257
74242
74195
74096
74073
74062
74026
74007
73960
73851
73776
73724
73655
73546
73484
73438
73404
73395
73344
73341
73156
73147
73144
73124
73081
73059
73038
72823
72819
72772
72698
72635
72567
72520
72519
72478
72469
72450
72380
72348
72308
72302
72216
72186
72183
72181
72166
72148
72118
72095
72079
72075
72017
72012
71950
71864
71799
71793
71776
71676
71652
71574
71486
71483
71419
71368
71316
71179
71162
71110
71050
70990
70911
70791
70731
70713
70675
70667
70644
70614
70583
70446
70440
70385
70250
70205
70181
69953
69930
69830
69823
69780
69636
69616
69611
69567
69475
69461
69286
69274
69253
69250
69241
69196
69189
69172
69149
69036
68984
68967
68782
68781
68758
68700
68681
68646
68579
68547
68513
68506
68475
68366
68311
68274
68223
68183
67931
67921
67844
67809
67778
67561
67533
67506
67448
67445
67353
67338
67263
67239
67229
67207
67167
67150
67117
66985
66934
66918
66891
66719
66708
66642
66604
66545
66352
66291
66254
66243
66193
66178
66117
66077
65942
65783
65779
65769
65768
65694
65689
65543
65541
65164
65130
65083
65036
65035
64981
64924
64922
64897
64895
64668
64663
64609
64544
64485
64401
64318
64230
64224
64204
64175
64174
64137
64074
64021
63950
63839
63837
63836
63780
63703
63662
63620
63620
63476
63442
63392
63368
63145
63105
63036
62961
62767
62725
62716
62714
62582
62545
62539
62386
62328
62266
62187
62150
62051
62029
61956
61791
61721
61714
61666
61592
61562
61488
61422
61402
61393
61292
61282
61281
61221
61216
61216
61071
61058
61055
60879
60870
60862
60772
60616
60598
60545
60423
60385
60314
60311
60264
60257
60121
60023
59969
59869
59815
59742
59691
59681
59666
59590
59590
59573
59568
59469
59412
59395
59359
59358
59353
59337
59300
59266
59243
59225
59223
59219
59158
59153
59134
59096
58960
58908
58882
58715
58681
58659
58642
58639
58630
58528
58510
58487
58392
58308
58242
58147
58099
58040
58038
58004
58000
57930
57917
57908
57819
57799
57758
57733
57706
57693
57663
57477
57448
57372
57333
57121
57121
57101
57085
57020
56951
56879
56860
56765
56753
56745
56724
56626
56555
56540
56504
56491
56395
56284
56244
56218
56210
56126
56068
56043
56033
55998
55941
55924
55871
55748
55649
55639
55622
55602
55554
55538
55454
55432
55282
55230
55195
55181
55167
55160
55054
54978
54956
54949
54916
54861
54796
54729
54718
54705
54698
54630
54466
54399
54376
54282
54268
54255
54161
54019
53910
53890
53869
53740
53695
53693
53611
53605
53512
53427
53368
53347
53328
53268
53193
53155
53137
53136
53107
52953
52945
52848
52785
52757
52707
52664
52652
52622
52621
52601
52591
52522
52467
52386
52353
52296
52258
52093
52083
52062
52011
51981
51935
51934
51897
51888
51880
51870
51866
51824
51819
51708
51691
51632
51591
51535
51522
51425
51412
51323
51319
51277
51277
51273
51222
51141
51119
51106
51065
51031
51002
50994
50992
50958
50946
50943
50888
50883
50882
50857
50846
50837
50803
50719
50533
50508
50339
50289
50228
50218
50194
50156
50086
50043
49959
49956
49942
49888
49885
49854
49854
49723
49669
49637
49572
49463
49455
49424
49401
49189
49081
49077
49071
49040
49026
49025
48910
48899
48887
48876
48876
48859
48751
48702
48679
48679
48634
48615
48589
48575
48550
48498
48466
48436
48436
48433
48423
48405
48300
48215
48129
48082
48074
48054
48039
47984
47970
47796
47791
47738
47629
47628
47581
47552
47521
47471
47437
47352
47292
47281
47272
47195
47177
47162
47095
47032
47030
47029
47025
47011
47000
46896
46860
46844
46804
46794
46776
46741
46682
46615
46529
46474
46467
46382
46243
46197
46171
46145
46131
46125
46053
46048
46033
45955
45882
45837
45808
45779
45763
45623
45555
45467
45465
45422
45402
45350
45247
45224
45178
45040
44920
44913
44820
44760
44696
44685
44602
44515
44474
44411
44317
44266
44135
44082
44066
44060
43976
43879
43869
43865
43832
43767
43743
43719
43654
43646
43601
43495
43491
43348
43329
43287
43283
43250
43216
43106
43088
42847
42755
42647
42610
42574
42540
42537
42465
42413
42405
42328
42292
42242
42221
42205
42134
42103
42087
41856
41795
41783
41738
41737
41725
41690
41679
41660
41645
41621
41609
41509
41446
41241
41230
41157
41147
41051
41040
41031
40966
40844
40813
40791
40735
40693
40661
40588
40564
40554
40541
40518
40470
40453
40435
40428
40299
40287
40208
40172
40159
40092
40059
40025
39962
39950
39845
39724
39671
39598
39576
39558
39533
39480
39221
39191
39149
39015
38988
38748
38700
38654
38652
38638
38628
38580
38520
38402
38393
38387
38357
38317
38306
38209
38149
38094
38069
38052
37994
37986
37940
37846
37840
37810
37807
37784
37707
37689
37683
37482
37392
37368
37349
37240
37239
37226
36977
36926
36714
36607
36590
36538
36442
36425
36400
36334
36273
36249
36213
36197
36186
36178
36143
36108
36068
36041
36039
36023
36014
36014
35979
35960
35886
35837
35721
35680
35604
35553
35495
35474
35421
35397
35371
35344
35312
35309
35270
35261
35232
35225
35221
35213
35181
35050
35034
35024
34863
34792
34698
34660
34643
34608
34576
34550
34490
34488
34476
34456
34406
34401
34355
34300
34094
33979
33969
33928
33886
33786
33605
33500
33433
33387
33383
33339
33288
33207
33189
33047
33011
32955
32921
32879
32843
32802
32786
32781
32752
32710
32700
32691
32686
32664
32659
32612
32605
32595
32568
32381
32337
32264
32225
32143
32038
31995
31844
31835
31816
31774
31768
31676
31672
31657
31645
31546
31496
31493
31477
31475
31422
31395
31389
31378
31310
31307
31212
31062
30999
30896
30872
30863
30824
30752
30711
30709
30678
30663
30658
30647
30635
30557
30554
30434
30369
30284
30262
30262
30260
30220
30109
30078
30017
30007
29943
29929
29912
29753
29745
29645
29593
29404
29394
29271
29259
29204
29203
28998
28961
28906
28889
28876
28788
28687
28654
28630
28484
28405
28385
28371
28291
28272
28243
28241
28187
28117
28103
28033
27988
27891
27805
27788
27787
27664
27600
27554
27509
27443
27345
27239
27215
27205
27093
27092
27088
27007
26981
26975
26951
26896
26796
26795
26775
26740
26629
26617
26559
26558
26512
26431
26214
26191
26121
26057
25878
25856
25801
25794
25755
25734
25671
25643
25631
25594
25495
25378
25342
25334
25288
25278
25213
25094
25081
25052
25029
24991
24945
24942
24904
24889
24871
24801
24717
24677
24665
24662
24657
24639
24588
24531
24505
24489
24458
24407
24374
24184
24182
24147
24124
24065
23991
23854
23824
23740
23676
23641
23485
23484
23128
23005
23003
22998
22983
22940
22893
22662
22634
22602
22579
22528
22477
22468
22460
22383
22330
22274
22229
22170
22170
22169
22121
21957
21907
21840
21741
21701
21690
21566
21515
21491
21366
21344
21332
21315
21154
21154
21134
21124
21068
21044
21041
21028
20931
20889
20877
20862
20801
20779
20759
20739
20722
20693
20689
20646
20614
20556
20541
20529
20497
20492
20467
20463
20430
20412
20400
20348
20293
20285
20092
20076
19922
19821
19678
19587
19526
19519
19474
19459
19315
19233
19224
19166
19106
19087
19033
19027
18893
18869
18849
18805
18741
18739
18713
18682
18636
18635
18614
18589
18471
18407
18407
18399
18356
18339
18298
18203
18183
18099
18050
18001
17908
17908
17854
17658
17386
17314
17311
17307
16979
16955
16905
16786
16760
16699
16603
16463
16414
16292
16112
16078
16058
16047
16030
16011
15906
15768
15753
15695
15542
15539
15480
15469
15442
15363
15329
15315
15243
15192
15148
15134
15074
15067
15024
14987
14936
14862
14836
14782
14723
14707
14694
14673
14651
14631
14537
14274
14244
14188
14186
14079
14077
13940
13857
13841
13777
13671
13661
13585
13557
13547
13537
13417
13357
13352
13322
13132
13131
13068
13054
13049
12841
12805
12797
12775
12724
12690
12688
12654
12556
12542
12428
12408
12403
12245
12209
12186
12132
12089
11965
11891
11874
11863
11824
11795
11775
11739
11732
11624
11560
11536
11497
11495
11453
11418
11353
11235
11140
11084
11072
11009
10925
10860
10698
10665
10600
10358
10302
10286
10283
10098
10034
10031
9986
9851
9841
9748
9717
9529
9479
9477
9426
9424
9404
9307
9287
9270
9242
9178
9152
9125
9112
9106
9048
9011
9007
9000
8996
8994
8988
8939
8889
8884
8872
8859
8823
8780
8776
8739
8698
8654
8646
8549
8404
8376
8369
8351
8306
8292
8236
8130
7993
7913
7837
7817
7805
7756
7704
7675
7611
7596
7519
7472
7352
7341
7280
7266
7266
7206
7088
7074
7037
6967
6954
6844
6725
6719
6673
6637
6596
6433
6336
6241
6179
6130
6111
6059
5867
5794
5742
5657
5625
5439
5392
5201
5190
5131
5033
5026
4928
4875
4874
4856
4751
4666
4661
4592
4572
4512
4494
4465
4428
4386
4370
4321
4285
4266
4195
4144
4121
3971
3943
3915
3898
3803
3731
3707
3672
3569
3545
3527
3521
3470
3359
3330
3323
3265
3151
3070
3055
3034
2899
2893
2871
2808
2744
2696
2436
2420
2360
2359
2354
2279
2240
2092
2070
1868
1797
1677
1655
1636
1633
1548
1479
1439
1406
1150
921
902
781
765
747
730
693
677
672
549
530
496
492
444
436
417
415
318
303
295
267
237
218
217
132
125
12
