99972
99888
99872
99856
99829
99791
99710
99656
99644
99618
99597
99590
99456
99452
99410
99259
99240
99130
98987
98916
98714
98705
98680
98680
98649
98525
98472
98459
98415
98413
98374
98363
98343
98231
98229
98190
98086
98063
98037
98036
97988
97956
97947
97891
97874
97807
97734
97733
97729
97648
97626
97586
97472
97456
97456
97439
97411
97385
97373
97299
97237
97228
97222
97218
97165
97139
97134
97116
97072
96885
96862
96561
96558
96510
96474
96336
96253
96203
96149
95934
95898
95816
95784
95743
95716
95699
95669
95649
95630
95626
95559
95411
95389
95374
95270
95249
95166
95143
95046
94948
94824
94815
94793
94780
94735
94686
94673
94671
94630
94554
94544
94524
94508
94494
94461
94401
94323
94291
94284
94247
94160
94145
94091
94063
93912
93892
93857
93683
93682
93680
93643
93556
93548
93530
93509
93487
93485
93438
93437
93349
93337
93291
93159
93122
93034
92934
92909
92908
92823
92697
92674
92651
92431
92385
92353
92342
92281
92257
92228
92193
92138
92112
92069
92042
92034
91976
91951
91949
91913
91903
91869
91838
91715
91617
91600
91582
91569
91522
91467
91459
91448
91446
91398
91310
91289
91181
91156
91146
91110
91085
91060
90976
90968
90966
90923
90912
90893
90853
90826
90754
90639
90552
90533
90529
90516
90397
90356
90306
90223
90160
90041
89959
89955
89941
89935
89850
89790
89781
89767
89735
89628
89565
89525
89514
89500
89466
89458
89363
89349
89286
89164
89133
89118
89068
89044
88989
88803
88769
88731
88653
88640
88536
88523
88513
88438
88409
88254
88243
88192
88187
88173
88166
88157
88144
88008
87953
87934
87886
87831
87822
87798
87788
87756
87691
87673
87654
87595
87564
87560
87523
87503
87487
87307
87292
87289
87282
87253
87230
87176
87160
86989
86975
86969
86848
86776
86751
86716
86680
86665
86462
86455
86386
86320
86251
86091
86029
85942
85899
85806
85760
85698
85593
85438
85353
85350
85275
85267
85236
85199
85133
85086
85061
85037
85020
84972
84940
84893
84867
84790
84750
84682
84645
84563
84529
84528
84510
84455
84375
84252
84168
84090
83895
83881
83771
83769
83760
83704
83687
83680
83670
83613
83540
83508
83501
83352
83335
83186
83160
83143
83100
82934
82932
82926
82918
82908
82814
82714
82666
82644
82397
82331
82285
82226
82219
82088
81791
81773
81768
81661
81623
81568
81559
81461
81425
81336
81291
81224
81168
81123
81043
80987
80984
80971
80968
80967
80849
80783
80633
80576
80560
80553
80531
80505
80423
80420
80355
80348
80325
80038
80030
79964
79933
79857
79848
79839
79810
79768
79730
79705
79669
79465
79416
79399
79379
79265
79262
79255
79103
79024
78996
78905
78813
78623
78521
78484
78393
78381
78296
78272
78271
78204
78109
78063
78056
78025
78015
77860
77855
77825
77815
77811
77790
77761
77726
77698
77669
77646
77637
77457
77373
77371
77346
77329
77263
77246
77142
77021
76936
76933
76750
76710
76706
76703
76654
76598
76587
76565
76506
76423
76340
76312
76264
76242
76215
76136
76119
76063
75880
75852
75769
75759
75710
75492
75402
75367
75328
75287
75248
75192
75175
75147
75014
74984
74928
74897
74885
74856
74851
74848
74846
74825
74818
74817
74784
74721
74663
74610
74598
74544
74496
74470
74453
74391
74354
74290
74287
74247
74232
74075
74047
74019
74005
73965
73956
73887
73855
73800
73784
73777
73773
73753
73668
73532
73488
73399
73339
73135
73111
73033
73016
72969
72953
72853
72828
72793
72786
72730
72634
72607
72604
72593
72517
72515
72487
72483
72418
72384
72282
72273
72262
72228
72195
72152
72063
72051
72034
72033
72030
72024
71981
71867
71814
71808
71783
71627
71609
71571
71562
71471
71396
71343
71300
71189
71079
71060
70938
70936
70861
70821
70784
70738
70724
70597
70562
70522
70517
70503
70485
70376
70343
70293
70233
70180
70130
70110
70072
70044
69956
69832
69796
69771
69655
69645
69639
69586
69577
69562
69557
69331
69325
69280
69277
69277
69151
69081
69077
69041
68885
68835
68826
68766
68757
68700
68687
68600
68599
68586
68577
68528
68502
68497
68487
68348
68343
68198
68188
68177
68168
68119
68065
68054
68022
67994
67847
67821
67783
67782
67768
67750
67683
67683
67616
67608
67552
67495
67490
67460
67426
67426
67344
67284
67277
67241
67227
67199
67163
67089
66998
66990
66961
66902
66892
66882
66801
66797
66683
66443
66404
66384
66094
66076
66071
66052
66035
65956
65917
65788
65773
65768
65651
65615
65594
65501
65379
65260
65258
65242
65202
65191
65175
65129
65080
65077
65066
65001
64959
64941
64922
64887
64687
64672
64654
64652
64569
64500
64440
64428
64426
64407
64388
64307
64278
64237
64210
64081
64053
63858
63850
63818
63769
63726
63726
63707
63639
63608
63416
63347
63267
63207
63101
63016
62926
62893
62872
62796
62723
62704
62698
62648
62544
62499
62469
62456
62414
62375
62365
62297
62131
62117
62041
61979
61947
61920
61916
61894
61827
61823
61741
61733
61712
61698
61660
61626
61598
61590
61548
61481
61477
61419
61363
61311
61269
61245
61235
61166
61022
61016
60987
60908
60876
60840
60832
60754
60705
60703
60634
60623
60621
60558
60553
60504
60473
60436
60328
60320
60118
60001
59967
59948
59893
59889
59841
59795
59789
59762
59743
59695
59646
59586
59534
59505
59469
59467
59434
59434
59417
59250
59152
59125
59000
58877
58744
58741
58651
58507
58504
58492
58489
58486
58453
58364
58333
58314
58262
58259
58114
58021
58015
57999
57901
57872
57830
57732
57615
57600
57586
57537
57530
57484
57460
57451
57440
57406
57386
57338
57293
57265
57254
57122
57050
57042
56908
56866
56789
56709
56604
56490
56472
56461
56429
56381
56300
56222
56194
56152
56119
56110
56035
56025
56020
55916
55883
55785
55714
55688
55685
55656
55623
55564
55424
55346
55342
55331
55233
55197
55092
54917
54826
54816
54758
54709
54696
54631
54482
54458
54182
54116
54027
53991
53873
53870
53803
53768
53737
53693
53651
53591
53509
53473
53361
53334
53326
53262
53250
53225
53172
53164
53094
53083
53008
52972
52954
52933
52851
52762
52732
52732
52695
52623
52617
52502
52468
52392
52389
52353
52336
52200
52189
52186
52087
52022
51996
51976
51952
51928
51909
51850
51607
51569
51534
51522
51500
51489
51473
51445
51436
51395
51324
51302
51265
51178
51171
51112
51060
50944
50938
50778
50748
50564
50554
50469
50404
50398
50385
50331
50310
50232
50219
50193
50183
50066
50057
49973
49875
49870
49686
49657
49632
49478
49458
49434
49413
49408
49407
49316
49297
49048
49018
48957
48763
48513
48507
48413
48383
48233
48230
48181
48095
48081
48060
48038
47898
47846
47784
47781
47692
47637
47635
47633
47437
47368
47365
47275
47263
47199
47052
47023
46677
46675
46533
46508
46499
46496
46464
46453
46360
46299
46255
46228
46183
46144
46111
46097
46092
45935
45870
45812
45593
45449
45433
45432
45409
45296
45114
45052
45031
45009
44961
44913
44891
44860
44852
44838
44721
44565
44429
44347
44297
44277
44266
44259
44210
44131
44131
43996
43874
43811
43811
43805
43797
43756
43708
43667
43596
43587
43510
43470
43465
43363
43344
43144
43130
42981
42934
42860
42852
42842
42814
42808
42757
42690
42689
42671
42646
42618
42597
42528
42483
42427
42401
42350
42291
42191
42160
42156
42061
41932
41886
41796
41789
41677
41664
41651
41596
41552
41502
41500
41491
41457
41271
41271
41187
41094
41077
41013
40992
40958
40919
40841
40838
40809
40794
40716
40707
40668
40586
40534
40534
40485
40393
40382
40347
40294
40279
40168
40115
40059
39924
39886
39869
39803
39780
39639
39566
39485
39431
39411
39356
39334
39320
39182
39157
38988
38837
38731
38571
38548
38505
38437
38399
38358
38269
38160
38160
38120
38111
38083
38061
38017
38013
37907
37872
37715
37705
37700
37662
37626
37360
37303
37264
37233
37232
37207
37097
36925
36918
36886
36856
36724
36681
36625
36579
36509
36459
36325
36304
36298
36272
36254
36235
36229
36012
35996
35843
35837
35678
35599
35569
35428
35185
35156
35096
35080
35034
35030
34932
34826
34800
34751
34751
34716
34690
34643
34614
34592
34513
34485
34448
34445
34272
34256
34229
34185
34086
34059
34016
34011
34001
33985
33969
33950
33945
33936
33915
33881
33847
33838
33809
33805
33794
33770
33481
33430
33394
33273
33238
33203
33192
33181
33179
33095
33071
33058
33040
32949
32939
32934
32933
32928
32919
32856
32756
32756
32629
32594
32474
32425
32422
32363
32337
32272
32204
32107
32089
32061
32049
31997
31939
31906
31864
31823
31818
31756
31670
31592
31584
31547
31426
31199
31177
31172
31158
31125
31102
31014
30997
30987
30942
30926
30922
30839
30784
30777
30756
30680
30652
30639
30612
30503
30502
30492
30462
30443
30358
30352
30173
30171
30139
30093
30047
30036
30018
30007
29967
29942
29921
29888
29794
29636
29608
29601
29582
29579
29541
29439
29315
29269
29243
29214
29188
29140
29118
29083
29045
29034
28975
28870
28825
28765
28648
28479
28387
28380
28316
28256
28243
28188
27939
27853
27825
27751
27698
27671
27641
27615
27480
27375
27357
27349
27312
27308
27192
26992
26990
26970
26955
26880
26803
26788
26765
26712
26671
26596
26561
26442
26372
26362
26339
26176
26120
26090
26087
26034
26030
25970
25966
25855
25760
25730
25728
25703
25655
25585
25560
25558
25534
25514
25473
25461
25421
25394
25341
25318
25303
25276
25233
25224
25209
25183
25047
25032
24901
24896
24869
24858
24840
24828
24804
24787
24724
24532
24501
24461
24363
24293
24210
24155
24082
24082
23988
23968
23940
23898
23879
23802
23739
23717
23715
23626
23624
23621
23592
23565
23516
23480
23458
23454
23421
23402
23378
23284
23275
23271
23240
23215
23203
23183
23165
23098
23074
23030
23029
22968
22962
22957
22933
22864
22822
22780
22720
22544
22484
22458
22456
22380
22356
22289
22234
22150
22044
21978
21963
21881
21844
21772
21730
21719
21671
21666
21646
21613
21596
21585
21475
21345
21339
21335
21237
21231
21228
21175
21135
21097
21087
21032
21004
20954
20919
20810
20806
20730
20729
20726
20674
20640
20596
20546
20474
20411
20400
20368
20300
20275
20231
20226
20222
20125
20096
20074
20067
20007
20006
19942
19941
19800
19647
19589
19521
19376
19313
19262
19195
19185
19119
18900
18891
18887
18855
18839
18776
18614
18610
18604
18500
18415
18411
18388
18374
18239
18213
18185
18178
18150
18085
17983
17972
17949
17908
17782
17729
17702
17622
17614
17590
17568
17531
17407
17281
17227
17177
17105
17035
17029
17017
16966
16860
16855
16742
16589
16504
16499
16498
16484
16478
16461
16452
16445
16424
16230
16183
16172
16132
16120
16094
16053
15976
15969
15844
15821
15782
15778
15771
15752
15714
15667
15620
15610
15608
15524
15445
15402
15384
15333
15310
15244
15228
15108
15090
14991
14973
14912
14874
14855
14832
14817
14810
14795
14775
14585
14583
14485
14457
14388
14340
14314
14312
14269
14237
14181
14180
14168
14063
13973
13956
13889
13833
13744
13721
13721
13684
13660
13645
13606
13453
13447
13446
13217
13170
13166
13155
13149
13123
13083
13051
13040
12954
12873
12846
12717
12688
12657
12606
12485
12419
12413
12260
12250
12150
12116
12088
12000
11986
11925
11920
11918
11879
11858
11839
11685
11661
11636
11576
11511
11500
11444
11402
11370
11318
11206
11144
11081
10988
10876
10814
10792
10789
10766
10763
10735
10667
10623
10588
10566
10543
10507
10421
10343
10277
10235
10189
10181
10162
10158
10112
10014
9953
9926
9919
9918
9914
9696
9499
9482
9479
9468
9402
9353
9298
9279
9265
9191
9154
9142
9110
9083
9070
8835
8803
8756
8750
8713
8649
8643
8506
8492
8478
8423
8396
8376
8361
8342
8318
8300
8208
8185
8164
8161
7942
7938
7864
7843
7788
7582
7536
7484
7435
7417
7278
7243
7228
7208
7161
7067
6983
6971
6963
6880
6875
6856
6848
6848
6821
6796
6695
6659
6606
6537
6477
6348
6304
6302
6274
6223
6221
6150
6096
6095
6007
5929
5780
5775
5728
5679
5540
5540
5537
5394
5325
5233
5145
5144
5142
5069
5011
4939
4876
4799
4767
4758
4715
4692
4502
4418
4387
4377
4313
4281
4254
4160
4128
4113
4108
4061
4008
4005
3851
3746
3698
3685
3644
3543
3533
3506
3434
3430
3355
3340
3336
3323
3234
3171
3145
3133
3079
2938
2862
2806
2779
2513
2509
2497
2433
2411
2385
2384
2375
2321
2289
2219
2062
2027
1810
1774
1771
1760
1741
1589
1286
1238
1232
1227
1203
1146
1145
1138
1131
1084
1047
969
931
911
888
829
729
703
632
613
572
503
479
395
368
326
319
237
148
124
66
66
11
