99962
99934
99923
99736
99695
99671
99552
99460
99419
99379
99365
99335
99333
99260
99259
99207
99201
99179
99020
99019
98981
98887
98813
98809
98733
98706
98378
98355
98304
98250
98078
98007
97930
97917
97881
97861
97820
97800
97789
97756
97712
97648
97610
97553
97549
97515
97481
97473
97443
97257
97148
97148
97033
96993
96983
96962
96939
96864
96822
96776
96749
96682
96617
96558
96542
96439
96401
96371
96338
96325
96268
96261
96235
96229
96212
96154
96123
96116
96072
95997
95909
95877
95840
95822
95795
95785
95741
95721
95683
95675
95645
95610
95575
95574
95555
95515
95510
95508
95495
95466
95401
95324
95200
95137
95117
95077
95017
95013
94984
94901
94770
94638
94592
94587
94537
94466
94453
94376
94178
94170
94128
94097
94033
94032
94031
94006
93954
93848
93833
93813
93747
93700
93698
93690
93557
93554
93548
93512
93398
93364
93272
93249
93208
93120
93096
93071
93042
93008
92961
92859
92701
92699
92678
92644
92634
92493
92429
92424
92354
92329
92326
92274
92029
91977
91919
91912
91886
91861
91837
91830
91756
91702
91660
91600
91599
91548
91421
91368
91362
91311
91208
91101
90990
90952
90881
90870
90862
90816
90791
90751
90720
90719
90714
90704
90651
90618
90421
90348
90254
90212
90180
90138
90130
90086
90070
90050
90050
90036
90015
89899
89845
89816
89751
89687
89673
89648
89598
89563
89558
89519
89512
89505
89389
89386
89385
89294
89294
89201
89195
89147
89091
88965
88861
88806
88777
88750
88734
88626
88610
88500
88415
88324
88234
88197
88169
88159
88082
88059
88048
88043
88004
87964
87860
87776
87713
87695
87650
87632
87620
87618
87616
87615
87566
87564
87520
87509
87481
87362
87195
87148
87124
87087
87039
86871
86807
86719
86704
86536
86528
86465
86241
86231
86205
86170
86043
86037
86020
85895
85891
85866
85830
85802
85756
85732
85617
85470
85465
85464
85429
85383
85324
85286
85244
85194
84962
84922
84915
84842
84807
84758
84714
84643
84575
84572
84513
84512
84509
84484
84476
84449
84414
84317
84288
84251
84222
84184
84183
84158
84132
84104
84102
84082
84056
84054
83984
83979
83966
83883
83797
83683
83615
83484
83439
83401
83160
83099
83076
83068
83023
82923
82872
82864
82822
82805
82782
82630
82598
82572
82498
82478
82412
82344
82137
82134
82084
82065
81998
81962
81961
81926
81905
81876
81831
81765
81693
81561
81557
81551
81536
81518
81408
81395
81362
81303
81272
81263
81245
81204
81197
81194
81192
81033
81006
80928
80907
80852
80760
80744
80716
80700
80644
80555
80553
80546
80448
80448
80440
80350
80311
80299
80201
80156
80008
80001
79950
79803
79797
79759
79725
79659
79659
79560
79548
79515
79452
79429
79311
79210
79171
79103
79097
79087
78980
78951
78905
78898
78877
78861
78831
78811
78641
78562
78451
78449
78440
78397
78351
78299
78245
78243
78217
78208
78197
78025
77979
77914
77834
77752
77722
77703
77671
77640
77446
77316
77304
77222
77214
77152
77126
77043
77021
76981
76936
76881
76848
76817
76811
76797
76763
76688
76675
76661
76598
76583
76560
76500
76476
76422
76330
76269
76055
75952
75912
75820
75807
75799
75768
75747
75737
75732
75728
75727
75700
75681
75641
75615
75584
75562
75535
75529
75526
75509
75469
75429
75387
75290
75278
75241
75203
75086
75045
74995
74801
74788
74783
74645
74533
74418
74407
74323
74245
74205
74171
74070
73948
73909
73832
73735
73655
73544
73530
73516
73472
73356
73287
73198
73082
73057
72835
72830
72787
72767
72762
72745
72641
72582
72563
72358
72346
72268
72265
72243
72225
72100
71984
71848
71839
71809
71779
71771
71755
71746
71669
71649
71642
71576
71548
71542
71451
71392
71335
71270
71261
71256
71196
71104
71030
70908
70845
70827
70654
70640
70599
70500
70429
70331
70329
70309
70297
70292
70282
70268
70231
70223
70174
70147
69987
69974
69941
69903
69896
69856
69808
69808
69720
69685
69626
69519
69480
69378
69283
69282
69185
69109
69082
69074
69045
68985
68982
68859
68791
68773
68752
68749
68741
68659
68481
68475
68427
68398
68390
68355
68249
68210
68161
68125
68042
67990
67938
67937
67885
67839
67748
67701
67593
67590
67585
67579
67538
67532
67521
67452
67397
67386
67334
67300
67281
67123
67097
67057
66951
66941
66923
66918
66894
66821
66789
66786
66659
66592
66580
66450
66370
66349
66341
66300
66255
66219
66161
66088
66087
66086
66061
66051
65952
65938
65905
65851
65843
65717
65699
65673
65663
65508
65489
65488
65430
65430
65379
65338
65323
65254
65233
65122
65019
64924
64868
64724
64651
64574
64557
64527
64419
64419
64414
64371
64238
64234
64083
64064
63978
63932
63862
63823
63744
63670
63663
63601
63543
63539
63508
63508
63453
63438
63337
63316
63282
63199
63081
62987
62946
62935
62910
62823
62679
62645
62547
62498
62461
62457
62447
62432
62350
62347
62302
62105
62078
61992
61815
61800
61782
61768
61749
61564
61547
61524
61477
61437
61437
61424
61215
61182
61171
61052
60997
60983
60919
60902
60891
60728
60666
60629
60597
60507
60354
60262
60188
60171
60166
60106
60073
60055
59960
59943
59897
59797
59737
59613
59548
59540
59493
59475
59315
59264
59256
59135
59067
58974
58967
58902
58859
58751
58675
58647
58604
58579
58521
58399
58350
58335
58302
58219
58097
58045
58041
57971
57891
57885
57794
57683
57648
57613
57599
57551
57430
57380
57374
57361
57348
57306
57220
57214
57210
57206
57202
57197
57193
57054
57045
57040
57019
56994
56986
56974
56875
56860
56837
56821
56743
56728
56704
56699
56694
56688
56667
56636
56576
56570
56508
56451
56418
56373
56255
56249
56245
56184
56182
56178
56164
56136
56104
55984
55846
55839
55809
55763
55692
55655
55651
55545
55393
55386
55351
55273
55211
55210
55207
55186
55182
55039
54880
54850
54844
54685
54644
54589
54581
54574
54478
54471
54466
54443
54398
54350
54292
54219
54183
54162
54121
53917
53891
53872
53815
53775
53766
53719
53705
53688
53611
53600
53566
53551
53545
53414
53372
53270
53251
53191
53182
53154
53149
53097
53089
53007
52973
52894
52780
52780
52752
52680
52620
52617
52594
52474
52328
52311
52292
52235
52225
52198
52126
52112
52106
52105
52089
52078
51928
51916
51890
51871
51783
51676
51439
51420
51386
51385
51360
51342
51318
51269
51260
51159
51145
51085
51076
51019
50932
50813
50758
50728
50701
50671
50613
50597
50592
50359
50315
50298
50289
50239
50198
50150
50140
50102
50061
50027
49977
49961
49874
49788
49739
49733
49708
49699
49677
49518
49472
49462
49456
49453
49397
49384
49365
49314
49135
49130
49092
49057
48986
48971
48917
48780
48773
48771
48726
48699
48676
48646
48606
48605
48601
48537
48523
48514
48470
48406
48373
48367
48272
48205
48193
48089
48039
48008
47985
47978
47955
47934
47904
47845
47831
47798
47645
47575
47497
47474
47465
47411
47374
47339
47148
47117
47083
47064
47045
47039
47038
47023
46959
46922
46821
46750
46707
46680
46657
46643
46508
46508
46413
46393
46378
46335
46254
46229
46192
46090
46073
46066
45907
45876
45827
45811
45767
45688
45688
45672
45651
45514
45373
45318
45302
45201
45115
45038
45019
44960
44906
44904
44868
44822
44760
44754
44734
44725
44699
44627
44606
44558
44405
44345
44287
44283
44257
44239
44203
44097
44024
44014
43994
43891
43758
43753
43685
43658
43611
43555
43428
43413
43282
43204
43157
43137
43068
43049
43043
42914
42913
42903
42885
42807
42689
42650
42583
42535
42522
42485
42437
42435
42434
42421
42395
42351
42194
42193
42116
42105
41980
41973
41864
41839
41764
41754
41728
41662
41645
41632
41519
41331
41194
41181
41165
41139
41045
40978
40920
40825
40805
40793
40785
40735
40695
40626
40616
40614
40536
40461
40455
40421
40376
40315
40212
40202
40173
40163
40147
40117
40085
39972
39924
39872
39822
39762
39731
39729
39722
39635
39633
39629
39576
39570
39432
39366
39353
39341
39255
39242
39190
39114
39108
39081
39080
39066
39022
38949
38864
38828
38815
38811
38607
38546
38544
38523
38508
38489
38331
38285
38232
38195
38126
38109
38040
38015
37805
37797
37796
37581
37550
37446
37374
37333
37293
37267
37257
37247
37240
37188
37152
37129
37070
37058
36921
36853
36842
36837
36771
36723
36698
36599
36528
36496
36452
36435
36314
36272
36030
36004
35999
35972
35908
35858
35811
35779
35760
35746
35733
35585
35580
35527
35523
35503
35421
35399
35332
35323
35319
35261
35220
35152
35148
35095
34969
34964
34952
34948
34857
34728
34711
34658
34636
34635
34624
34554
34437
34420
34379
34320
34108
34061
34029
33957
33948
33919
33907
33874
33837
33772
33701
33701
33661
33655
33622
33604
33603
33563
33354
33214
33212
33205
33186
33157
32955
32940
32912
32908
32818
32718
32462
32451
32429
32412
32410
32388
32387
32348
32299
32243
32187
32178
32161
32040
31995
31980
31946
31881
31824
31788
31678
31636
31566
31482
31471
31430
31387
31365
31356
31336
31264
31247
31238
31208
31155
31057
31003
30918
30881
30855
30812
30776
30776
30775
30709
30706
30686
30586
30514
30463
30411
30382
30382
30356
30313
30267
30183
30131
30101
30076
30034
30007
29985
29964
29859
29852
29828
29644
29631
29630
29576
29470
29458
29457
29425
29339
29278
29221
29085
28941
28938
28904
28892
28887
28883
28849
28830
28826
28810
28776
28760
28741
28682
28609
28504
28331
28214
28213
28163
28122
28122
28095
27984
27752
27727
27692
27669
27642
27577
27554
27490
27481
27456
27375
27352
27337
27225
27119
27106
27084
27003
26858
26838
26833
26764
26744
26729
26684
26567
26563
26524
26445
26421
26375
26349
26295
26271
26239
26207
26197
26175
26082
25978
25757
25650
25647
25639
25629
25610
25442
25390
25273
25246
25233
25152
24900
24890
24856
24854
24710
24684
24605
24596
24583
24494
24342
24332
24260
24244
24196
24103
24094
23894
23855
23829
23809
23800
23792
23742
23580
23545
23539
23393
23314
23311
23298
23297
23273
23204
23155
23142
23136
23135
23107
23096
23031
22928
22841
22802
22773
22746
22664
22654
22645
22545
22545
22478
22460
22457
22271
22259
22158
22109
22032
21985
21984
21867
21710
21591
21591
21300
21225
21201
21165
21115
21110
21052
20787
20714
20703
20666
20656
20597
20568
20564
20554
20487
20284
20267
20036
20000
19963
19917
19907
19664
19582
19555
19439
19380
19374
19341
19323
19290
19222
19159
19074
19053
19038
18899
18886
18848
18656
18623
18525
18515
18504
18387
18363
18359
18325
18320
18244
18223
18176
18141
18133
18086
18039
18025
17982
17872
17719
17701
17523
17518
17416
17387
17360
17344
17328
17326
17301
17284
17266
17261
17258
17248
17230
17139
17137
17032
16999
16999
16941
16907
16892
16860
16826
16811
16807
16761
16752
16730
16715
16641
16613
16541
16537
16482
16404
16381
16358
16246
16212
16128
16118
16060
15866
15693
15676
15672
15639
15616
15603
15591
15581
15547
15498
15450
15449
15401
15323
15305
15293
15290
15197
15129
15013
14895
14724
14613
14430
14346
14191
14186
14142
14138
14118
14110
14076
13996
13934
13799
13763
13689
13514
13513
13505
13445
13383
13372
13346
13346
13288
13282
13273
13235
13226
13148
13121
13090
12976
12964
12873
12858
12835
12784
12784
12783
12677
12657
12492
12436
12422
12386
12174
12067
12055
12011
11989
11969
11934
11789
11725
11723
11702
11617
11607
11598
11528
11527
11503
11503
11453
11433
11345
11188
10984
10956
10947
10811
10730
10678
10630
10546
10529
10501
10440
10403
10401
10302
10259
10243
10233
10206
10167
10095
10090
10013
9951
9918
9887
9806
9780
9741
9664
9645
9625
9594
9560
9526
9454
9444
9441
9417
9385
9377
9368
9340
9169
9077
9071
9065
9006
8875
8871
8869
8791
8770
8731
8709
8626
8605
8535
8432
8351
8244
8238
8201
8107
8035
7989
7938
7921
7731
7550
7549
7533
7514
7493
7488
7411
7331
7329
7298
7294
7243
7115
7049
6974
6826
6782
6700
6657
6499
6470
6415
6338
6229
6082
6062
5997
5878
5849
5839
5633
5555
5516
5475
5366
5350
5256
5235
5088
5030
5016
4940
4861
4846
4661
4657
4478
4450
4425
4401
4395
4355
4207
4199
4141
4105
4084
4034
3988
3968
3937
3870
3866
3666
3543
3542
3384
3365
3358
3314
3240
3225
3196
3192
3136
3081
3079
2979
2953
2929
2926
2870
2845
2834
2794
2759
2734
2630
2525
2448
2419
2377
2161
2111
2101
2100
2076
2038
2024
1908
1788
1781
1746
1717
1650
1637
1601
1600
1522
1504
1463
1452
1434
1318
1299
1292
1259
1256
1151
1147
1128
1104
1011
889
853
658
645
644
586
517
448
335
321
217
186
161
70
43
38
