99986
99969
99946
99942
99921
99905
99885
99815
99678
99667
99517
99517
99484
99357
99351
99331
99310
99296
99257
99205
99085
99060
99052
99045
99026
98887
98752
98738
98656
98608
98592
98487
98331
98320
98084
98015
97937
97898
97762
97724
97631
97610
97588
97578
97558
97550
97545
97443
97303
97279
97232
97225
97201
97148
97140
97026
96972
96949
96920
96860
96846
96813
96810
96727
96584
96582
96518
96481
96435
96414
96361
96346
96340
96270
96230
96104
96090
95930
95911
95879
95779
95744
95700
95616
95525
95450
95422
95397
95354
95253
95212
95170
95154
95145
95128
95056
95017
94996
94866
94848
94828
94792
94774
94766
94763
94732
94675
94661
94412
94399
94315
94213
94188
94156
94102
94049
94034
93909
93830
93780
93775
93739
93652
93617
93479
93453
93418
93302
93180
93153
93081
93047
93013
92982
92976
92972
92919
92914
92910
92851
92827
92731
92691
92685
92673
92640
92582
92576
92559
92548
92519
92412
92384
92315
92280
92164
92155
92049
91904
91892
91833
91708
91661
91628
91578
91477
91473
91473
91368
91341
91335
91264
91255
91229
91206
91117
91089
91076
91072
91060
91015
90844
90712
90653
90606
90585
90584
90560
90556
90547
90471
90445
90423
90419
90418
90317
90269
90251
90238
90057
90035
90026
89989
89983
89896
89762
89708
89659
89623
89562
89548
89544
89539
89516
89511
89312
89271
89220
89016
88927
88917
88871
88844
88813
88772
88715
88682
88645
88636
88608
88579
88549
88537
88463
88416
88339
88323
88293
88275
88218
88164
88140
88124
88087
88005
87972
87894
87864
87839
87795
87772
87766
87730
87729
87650
87548
87494
87407
87406
87368
87320
87312
87295
87267
87224
87209
87160
87131
87055
86974
86814
86798
86652
86633
86595
86579
86577
86474
86430
86416
86179
86147
86099
86070
86049
86023
85997
85984
85944
85941
85930
85880
85854
85836
85782
85678
85664
85657
85649
85608
85493
85478
85444
85389
85314
85223
85074
85041
85037
84966
84894
84889
84866
84774
84760
84694
84611
84564
84548
84542
84529
84508
84500
84482
84426
84380
84371
84362
84281
84207
84169
84050
84040
84012
83793
83736
83724
83666
83496
83422
83338
83295
83250
83221
83106
83078
83078
82919
82901
82887
82802
82764
82735
82720
82699
82633
82586
82570
82567
82460
82422
82393
82382
82301
82248
82238
82165
82129
82119
82114
82048
82044
81922
81915
81829
81793
81720
81657
81541
81536
81536
81489
81447
81367
81350
81202
81202
81184
81078
81077
81015
80997
80930
80886
80880
80845
80803
80799
80756
80546
80539
80524
80498
80486
80402
80366
80306
80291
80276
80231
80153
80145
80142
80024
79978
79970
79961
79915
79905
79745
79729
79623
79536
79403
79350
79330
79226
79123
79096
79045
79035
78894
78881
78841
78816
78781
78733
78730
78616
78609
78566
78487
78434
78346
78277
78261
78234
78232
78225
78223
78132
78132
78130
78034
77986
77986
77876
77756
77747
77693
77612
77579
77570
77469
77437
77398
77361
77347
77297
77247
77045
76924
76864
76835
76826
76814
76730
76696
76688
76649
76585
76460
76419
76417
76368
76363
76359
76303
76220
76215
76178
76162
76128
76051
75943
75943
75878
75835
75835
75814
75755
75695
75626
75618
75591
75538
75494
75474
75454
75437
75337
75267
75259
75111
75067
75035
74939
74933
74812
74789
74680
74675
74547
74521
74521
74395
74314
74268
74115
74010
73998
73971
73930
73920
73884
73844
73827
73819
73791
73692
73690
73650
73593
73546
73516
73514
73512
73407
73392
73307
73280
73252
73170
73050
73048
72995
72938
72884
72800
72799
72785
72659
72624
72598
72560
72514
72376
72369
72298
72200
72114
72074
72071
71993
71918
71911
71862
71804
71793
71747
71721
71642
71615
71567
71509
71488
71457
71441
71439
71408
71393
71350
71222
71147
71127
71120
70905
70850
70816
70805
70784
70778
70623
70523
70508
70482
70325
70310
70283
70229
70163
70154
70072
70055
70048
69929
69871
69800
69527
69456
69277
69240
69226
69219
69204
69189
68968
68933
68843
68834
68803
68735
68651
68608
68580
68550
68528
68528
68515
68437
68431
68362
68217
68127
68102
68006
67971
67966
67906
67811
67769
67761
67638
67635
67634
67576
67541
67492
67448
67410
67389
67381
67350
67339
67296
67292
67232
67197
67154
67145
66990
66961
66928
66871
66859
66856
66837
66827
66772
66756
66710
66699
66681
66660
66626
66580
66536
66504
66498
66485
66484
66447
66354
66238
66170
66164
66137
66128
66083
66076
66033
66029
66028
66009
65989
65922
65898
65876
65655
65650
65566
65548
65512
65508
65422
65412
65339
65295
65290
65246
65198
65185
65158
65115
65084
65079
64903
64789
64755
64734
64727
64677
64617
64558
64449
64329
64244
64203
64157
64050
63990
63954
63939
63919
63902
63780
63771
63587
63584
63534
63501
63495
63455
63297
63219
63105
63085
63080
63069
63062
63045
62986
62906
62817
62787
62726
62721
62708
62701
62659
62644
62584
62576
62556
62527
62523
62459
62437
62293
62293
62230
62143
62090
62076
62023
61871
61416
61364
61277
61242
61230
61199
61163
60942
60919
60872
60771
60768
60758
60677
60419
60388
60229
60202
60197
60185
60166
60148
60110
59996
59897
59740
59733
59715
59711
59673
59625
59564
59354
59289
59285
59272
59163
59136
58973
58818
58802
58783
58695
58672
58653
58627
58611
58548
58531
58518
58509
58427
58389
58370
58350
58336
58245
58180
58094
58073
57985
57969
57934
57919
57805
57683
57676
57606
57566
57550
57370
57364
57360
57288
57287
57192
57079
57054
56969
56920
56895
56787
56749
56673
56646
56643
56558
56517
56378
56357
56303
56290
56275
56155
56153
56094
56070
55869
55716
55709
55674
55568
55518
55458
55452
55419
55415
55394
55265
55238
55197
55155
55116
55033
54983
54965
54792
54704
54692
54669
54586
54492
54444
54403
54342
54321
54303
54290
54265
54261
54246
54200
54193
54023
53889
53884
53829
53795
53714
53699
53660
53653
53565
53543
53534
53451
53386
53340
53059
53032
52965
52891
52750
52681
52652
52622
52487
52388
52386
52385
52294
52272
52265
52240
52232
52163
52103
51983
51917
51852
51836
51724
51720
51644
51642
51641
51639
51610
51599
51561
51549
51481
51472
51426
51378
51310
51255
51200
51166
51157
51152
51088
51012
50903
50783
50750
50720
50719
50695
50684
50612
50452
50446
50421
50384
50375
50348
50306
50287
50206
50081
50047
50008
49955
49930
49919
49890
49845
49842
49824
49789
49738
49707
49672
49639
49637
49621
49612
49609
49602
49534
49508
49407
49400
49368
49273
49206
49181
49117
48943
48905
48868
48858
48796
48765
48744
48630
48599
48521
48477
48453
48441
48358
48244
48181
48148
48129
48071
47980
47933
47907
47877
47859
47779
47746
47707
47596
47585
47582
47565
47565
47553
47531
47530
47522
47522
47464
47442
47440
47344
47248
47218
47206
47098
47034
47008
46978
46837
46805
46777
46732
46725
46679
46678
46615
46596
46576
46566
46555
46525
46499
46430
46365
46325
46300
46232
46225
46187
46174
46099
46039
45960
45948
45885
45866
45856
45817
45783
45722
45706
45696
45538
45531
45522
45519
45462
45439
45343
45269
45148
45133
44979
44940
44890
44888
44655
44618
44586
44537
44488
44459
44459
44383
44373
44364
44319
44310
44254
44247
44181
44139
44116
44081
44020
44011
43958
43908
43854
43851
43768
43755
43714
43712
43709
43678
43534
43473
43471
43457
43310
43258
43256
43181
43157
43039
43036
43016
43016
42912
42905
42900
42891
42887
42866
42824
42823
42803
42695
42644
42629
42617
42590
42498
42339
42328
42298
42253
42252
42156
42144
41985
41981
41956
41911
41890
41791
41736
41701
41688
41668
41571
41501
41478
41440
41332
41310
41305
41226
41175
41174
41107
41070
41033
41023
40904
40887
40827
40763
40692
40674
40567
40553
40505
40419
40376
40352
40345
40304
40224
40213
40173
40137
40125
40113
40001
39974
39928
39863
39785
39766
39764
39707
39700
39552
39498
39414
39405
39375
39307
39257
39233
39207
39201
38968
38906
38830
38669
38614
38548
38435
38369
38352
38343
38284
38284
38195
38195
38193
38144
38140
38138
37974
37717
37663
37654
37422
37342
37325
37288
37280
37234
37220
37162
37108
37103
37017
37009
36963
36905
36815
36771
36762
36651
36641
36639
36624
36592
36536
36366
36243
36205
36157
36132
36130
36113
36100
36008
35985
35983
35970
35913
35807
35714
35645
35632
35627
35581
35573
35564
35511
35483
35401
35226
35151
35146
35130
35075
35026
35011
34997
34771
34739
34731
34694
34631
34627
34602
34555
34415
34390
34349
34347
34303
34234
34118
34094
34068
34053
33986
33972
33812
33754
33750
33725
33649
33569
33565
33553
33444
33327
33253
33244
33101
33093
33073
33041
32964
32880
32879
32732
32659
32644
32644
32626
32604
32601
32509
32434
32416
32379
32279
32265
32260
32184
32167
32123
32104
32055
32045
32020
32011
31939
31833
31736
31700
31531
31530
31500
31460
31460
31323
31270
31254
31220
31139
31123
31070
31042
30936
30904
30814
30804
30737
30698
30686
30610
30606
30514
30450
30408
30332
30251
30228
30213
30202
30120
30115
30077
30075
30056
29946
29939
29919
29901
29880
29780
29724
29676
29638
29444
29427
29426
29417
29367
29288
29277
29258
29240
29195
29167
29149
28970
28933
28910
28871
28799
28784
28755
28664
28617
28615
28612
28579
28576
28545
28460
28442
28412
28399
28360
28243
28212
28171
28122
28052
28008
27857
27840
27823
27761
27743
27646
27630
27585
27572
27559
27539
27503
27502
27464
27452
27405
27369
27172
27167
27162
27012
26990
26963
26958
26931
26873
26805
26755
26751
26745
26703
26669
26587
26510
26422
26397
26356
26199
26165
26041
26034
26022
25771
25768
25733
25715
25682
25616
25603
25556
25391
25369
25365
25308
25211
25202
25198
25099
25061
24972
24934
24840
24829
24824
24690
24405
24353
24321
24313
24242
24173
24121
24001
23979
23752
23635
23563
23552
23474
23414
23395
23393
23387
23383
23363
23326
23184
23177
23075
23074
23057
23015
22868
22837
22779
22765
22728
22707
22666
22659
22569
22514
22473
22450
22426
22423
22402
22330
22321
22315
22231
22210
22195
22188
22064
21977
21911
21907
21834
21787
21719
21697
21612
21492
21429
21423
21422
21412
21386
21352
21201
21020
21010
20989
20968
20929
20848
20810
20751
20744
20737
20723
20673
20627
20615
20554
20553
20527
20477
20454
20433
20386
20377
20223
20208
20171
20150
20141
20139
19943
19857
19829
19791
19775
19733
19718
19706
19645
19622
19533
19493
19454
19427
19341
19340
19337
19313
19289
19273
19236
19067
19054
18959
18890
18773
18726
18686
18639
18572
18535
18528
18361
18314
18293
18232
18223
18140
18045
17969
17912
17738
17599
17580
17577
17571
17482
17448
17355
17273
17262
17218
17080
17004
16909
16889
16872
16748
16556
16511
16509
16492
16375
16352
16209
16139
16134
16004
15995
15932
15923
15845
15818
15798
15778
15739
15728
15713
15713
15688
15593
15582
15581
15563
15481
15419
15237
15205
15149
15138
15065
15031
14942
14860
14855
14704
14640
14524
14484
14314
14267
14224
14161
14150
14147
14133
14088
14086
14006
13993
13924
13894
13869
13824
13757
13623
13445
13443
13421
13408
13303
13206
13183
13140
13067
12999
12901
12829
12790
12742
12676
12541
12466
12379
12358
12293
12259
12249
12226
12163
12138
12090
12025
11978
11964
11882
11872
11785
11779
11640
11561
11547
11461
11411
11310
11189
11154
11135
11126
11126
11033
11031
10979
10960
10772
10706
10445
10413
10325
10202
10148
10095
10072
10044
10015
9859
9647
9564
9543
9501
9498
9497
9493
9425
9381
9374
9304
9285
9284
9165
9030
8999
8911
8904
8901
8900
8858
8847
8821
8797
8778
8778
8748
8705
8695
8657
8635
8601
8533
8516
8462
8420
8372
8367
8251
8188
8160
8148
8102
8090
8072
7929
7910
7875
7802
7787
7768
7750
7737
7734
7688
7687
7677
7631
7604
7545
7388
7278
7264
7201
7183
7161
7146
7060
7025
7022
6834
6812
6759
6726
6726
6708
6521
6455
6455
6439
6379
6311
6280
6278
6230
6179
6073
6056
5997
5989
5929
5909
5892
5871
5868
5691
5651
5433
5359
5354
5343
5267
5198
5174
4985
4973
4945
4849
4834
4784
4765
4731
4616
4579
4499
4493
4443
4424
4392
4389
4379
4240
4207
4148
4115
4053
4042
3992
3925
3875
3828
3756
3724
3666
3654
3639
3636
3514
3499
3496
3489
3482
3383
3322
3315
3293
3258
3194
3192
3108
3104
3033
2970
2907
2873
2871
2852
2750
2715
2690
2637
2573
2476
2338
2301
2251
2196
2186
2130
2050
2032
1892
1891
1825
1775
1774
1486
1389
1311
1246
1229
1188
1101
973
742
716
701
544
537
344
295
291
0
