99932
99905
99884
99877
99862
99677
99652
99631
99575
99520
99413
99311
99268
99264
99217
99090
99007
99000
98954
98915
98910
98903
98894
98872
98862
98820
98743
98712
98663
98585
98583
98462
98398
98231
98224
98217
98102
98074
98068
98054
97873
97789
97780
97632
97503
97494
97479
97475
97464
97415
97385
97378
97370
97308
97268
97221
97157
97042
96981
96871
96815
96746
96677
96668
96629
96619
96556
96525
96485
96400
96301
96198
96173
96063
96046
95964
95877
95875
95861
95858
95839
95812
95810
95792
95759
95748
95736
95692
95684
95667
95530
95524
95512
95476
95451
95426
95396
95349
95272
95267
95180
95106
95040
94992
94953
94929
94887
94848
94766
94762
94744
94738
94687
94680
94628
94626
94585
94452
94415
94373
94317
94245
94129
94112
94091
94054
94028
93993
93965
93958
93882
93828
93800
93693
93691
93619
93542
93536
93533
93513
93501
93422
93346
93313
93260
93237
93235
93210
93083
93049
93029
92856
92787
92778
92776
92763
92736
92670
92617
92613
92524
92450
92437
92428
92423
92349
92319
92298
92230
92018
91978
91941
91871
91849
91842
91837
91789
91784
91711
91693
91590
91587
91538
91523
91514
91489
91465
91369
91234
91172
91163
91129
91112
91071
91035
91017
91010
90984
90886
90823
90748
90712
90679
90674
90652
90634
90554
90500
90484
90460
90428
90418
90384
90361
90159
90056
90015
90007
89861
89813
89727
89701
89570
89499
89473
89379
89355
89350
89322
89227
89200
89146
89141
89096
89078
89048
88999
88932
88903
88887
88805
88805
88779
88665
88617
88609
88553
88551
88465
88418
88383
88359
88325
88298
88219
88189
88087
88053
88049
88040
88027
87999
87998
87994
87833
87815
87787
87576
87564
87541
87505
87493
87421
87379
87362
87342
87328
87304
87286
87093
87036
87019
86982
86965
86941
86885
86790
86754
86681
86554
86521
86453
86413
86411
86376
86297
86246
86216
86186
86182
86121
86117
86114
86100
86090
86062
86062
86050
86047
85735
85700
85611
85608
85603
85597
85565
85525
85373
85319
85293
85285
85254
85229
85063
85059
84989
84931
84909
84875
84859
84826
84824
84715
84603
84599
84540
84488
84429
84266
84220
84210
84182
84164
84038
83926
83871
83821
83813
83745
83700
83652
83633
83630
83620
83483
83446
83392
83383
83301
83254
83202
83158
83113
82801
82679
82657
82604
82535
82482
82457
82354
82326
82315
82281
82269
82266
82207
82185
82170
82155
82105
82098
82073
81946
81916
81840
81753
81534
81518
81352
81326
81135
81054
81017
80994
80969
80884
80783
80752
80746
80662
80566
80428
80367
80332
80276
80209
80177
80151
80150
80141
80141
80091
80078
80057
80009
80009
79979
79966
79772
79763
79706
79702
79633
79619
79500
79399
79382
79300
79238
79114
79040
79039
79033
78927
78911
78893
78833
78736
78716
78581
78522
78476
78456
78428
78333
78326
78320
78306
78245
78195
77993
77983
77967
77947
77918
77859
77854
77809
77808
77778
77768
77755
77612
77601
77538
77359
77289
77245
77140
77062
77034
76887
76871
76833
76703
76701
76674
76660
76610
76542
76420
76394
76204
76190
76028
76008
75985
75964
75896
75868
75807
75755
75681
75648
75609
75603
75556
75463
75379
75248
75203
75202
75106
75038
74997
74981
74911
74843
74820
74810
74805
74668
74603
74602
74500
74461
74425
74368
74301
74276
74276
74273
74231
74225
74145
74012
73710
73675
73581
73529
73495
73469
73457
73452
73412
73388
73373
73362
73347
73332
73278
73243
73227
73161
73133
73128
73060
72981
72978
72958
72911
72902
72855
72815
72743
72709
72592
72553
72553
72459
72412
72398
72212
72091
72057
71871
71807
71684
71663
71644
71565
71466
71380
71327
71226
71164
71151
71150
71142
71045
71033
71029
71009
71004
70966
70935
70912
70810
70770
70704
70674
70568
70450
70419
70345
70307
70225
70174
70060
69816
69759
69547
69542
69522
69510
69483
69438
69429
69407
69356
69355
69327
69207
69182
69157
69114
69073
68988
68971
68961
68936
68912
68908
68907
68859
68812
68725
68700
68661
68656
68591
68538
68473
68454
68449
68399
68392
68322
68306
68253
68212
68152
68104
67979
67906
67890
67769
67753
67703
67699
67561
67561
67525
67375
67357
67231
67135
67037
67017
67015
66878
66871
66735
66707
66699
66460
66388
66371
66366
66356
66351
66295
66142
66140
65883
65789
65788
65762
65718
65717
65715
65613
65609
65564
65426
65422
65332
65286
65174
65171
65093
65011
64989
64939
64923
64846
64831
64808
64718
64718
64666
64664
64643
64595
64484
64483
64444
64435
64416
64348
64255
64226
64205
64182
64062
64061
64049
64037
63902
63889
63744
63678
63645
63589
63473
63444
63416
63357
63317
63238
63236
63222
63157
63015
63011
62977
62891
62873
62827
62821
62671
62661
62645
62621
62607
62605
62379
62340
62196
62178
62148
62108
62105
62088
62051
62028
62007
62002
61904
61821
61799
61757
61689
61654
61612
61533
61473
61409
61365
61360
61332
61206
61205
61193
61148
61116
61087
60978
60952
60942
60910
60883
60873
60858
60854
60842
60807
60802
60747
60732
60726
60615
60570
60465
60434
60393
60379
60315
60248
60185
60089
60059
60034
60028
60020
59998
59934
59924
59908
59745
59637
59617
59602
59600
59595
59565
59565
59564
59556
59470
59467
59461
59452
59404
59343
59342
59325
59325
59304
59198
59182
59171
59169
59130
58988
58962
58911
58869
58861
58812
58751
58743
58738
58733
58699
58671
58669
58636
58622
58620
58596
58591
58590
58557
58413
58406
58394
58359
58334
58255
58224
58222
58084
58076
58047
57958
57927
57740
57682
57654
57649
57615
57611
57597
57507
57454
57394
57374
57284
57075
57066
57041
56984
56954
56945
56896
56758
56739
56674
56637
56578
56503
56336
56302
56298
56262
56199
56189
56088
56057
55864
55860
55752
55711
55660
55652
55631
55613
55583
55502
55477
55407
55377
55360
55194
55149
54971
54915
54866
54781
54779
54750
54747
54672
54665
54604
54582
54328
54325
54194
54171
54164
54123
54076
54063
53972
53923
53892
53846
53812
53799
53698
53689
53642
53568
53530
53522
53499
53488
53441
53417
53378
53346
53192
53192
52978
52896
52749
52729
52710
52678
52650
52531
52365
52351
52350
52232
52213
52130
52130
52081
52061
52053
52033
52002
51919
51795
51693
51684
51658
51619
51597
51461
51394
51379
51375
51340
51200
51183
51172
51150
51120
51087
50910
50810
50804
50694
50666
50659
50546
50492
50483
50393
50374
50367
50362
50328
50319
50300
50271
50197
50194
50074
50056
50050
49989
49959
49913
49909
49887
49879
49808
49712
49706
49667
49623
49606
49541
49532
49497
49488
49443
49439
49423
49399
49319
49306
49271
49196
49140
49113
49088
48993
48916
48880
48876
48840
48801
48768
48680
48654
48581
48549
48342
48259
48236
48222
48206
48081
47926
47832
47796
47690
47690
47684
47412
47398
47395
47258
47234
47212
47162
47116
47076
47075
47074
46853
46789
46680
46285
46265
46232
46176
46130
46063
46007
45986
45939
45928
45922
45818
45811
45777
45737
45712
45626
45625
45594
45468
45338
45280
45257
45250
45228
45173
45163
45151
45118
44998
44988
44982
44917
44795
44757
44752
44732
44587
44473
44374
44274
44068
43995
43803
43670
43661
43650
43552
43510
43484
43423
43382
43343
43335
43335
43296
43239
43225
43220
43073
43034
42871
42858
42821
42809
42789
42767
42767
42751
42704
42701
42666
42625
42533
42464
42233
42209
42200
42032
42017
42010
42008
41992
41962
41955
41901
41874
41858
41740
41659
41572
41554
41540
41504
41466
41377
41335
41298
41283
41257
41230
41210
41040
41020
41017
40993
40988
40931
40895
40810
40804
40802
40714
40598
40586
40518
40513
40422
40414
40366
40289
40283
40280
40277
40263
40193
40181
40150
40125
40029
39989
39977
39940
39892
39890
39834
39752
39731
39729
39682
39659
39524
39437
39330
39316
39313
39258
39244
39227
39153
39131
39120
39008
38945
38939
38938
38890
38811
38760
38745
38724
38722
38644
38632
38509
38506
38467
38412
38403
38400
38361
38306
38298
38265
38205
38151
38077
38027
37957
37918
37892
37884
37867
37799
37698
37689
37680
37670
37605
37597
37589
37482
37478
37467
37251
37142
37113
37088
37078
37048
37010
36978
36926
36874
36854
36829
36739
36728
36659
36517
36481
36460
36361
36346
36346
36103
36095
36081
36077
36007
35985
35933
35826
35825
35758
35751
35749
35677
35550
35446
35388
35348
35311
35278
35210
35171
35126
35013
34993
34988
34941
34940
34935
34892
34874
34863
34825
34688
34634
34596
34584
34467
34416
34303
34302
34149
34136
34134
34103
34077
34073
34040
33998
33948
33911
33887
33784
33747
33666
33638
33626
33512
33471
33441
33394
33352
33288
33267
33205
33037
33030
33004
32901
32859
32829
32822
32802
32789
32763
32601
32482
32451
32437
32423
32422
32300
32172
32156
32144
32133
32132
32109
32086
32021
32001
31999
31993
31958
31953
31890
31878
31712
31584
31536
31526
31499
31470
31425
31424
31372
31331
31253
31188
31170
31143
31106
30974
30936
30925
30740
30713
30663
30662
30660
30638
30612
30590
30574
30329
30260
30253
30182
30168
29988
29968
29952
29916
29836
29786
29775
29765
29764
29758
29704
29695
29677
29666
29623
29469
29464
29446
29385
29233
29209
29204
29013
28958
28907
28796
28778
28750
28730
28707
28698
28676
28661
28571
28547
28526
28517
28497
28442
28404
28207
28176
28141
28124
28119
28100
27994
27949
27927
27924
27801
27720
27699
27667
27644
27639
27570
27456
27409
27358
27337
27321
27267
27257
27254
27250
27158
27054
26909
26836
26817
26755
26737
26568
26513
26481
26460
26437
26381
26225
26150
26065
26017
25992
25958
25905
25821
25789
25730
25708
25700
25597
25492
25448
25389
25222
25017
24982
24979
24976
24946
24919
24821
24733
24612
24597
24481
24475
24473
24468
24437
24406
24395
24375
24329
24194
24186
24142
24141
24076
23980
23944
23939
23872
23833
23817
23761
23759
23743
23742
23690
23594
23579
23482
23479
23453
23165
23141
23137
23129
23111
23104
23101
23038
22966
22961
22942
22857
22804
22746
22674
22647
22548
22543
22488
22476
22225
22209
22130
22030
21987
21922
21900
21878
21840
21818
21811
21796
21770
21676
21666
21587
21574
21574
21497
21486
21458
21453
21384
21300
21291
21224
21194
21157
21068
20799
20758
20749
20739
20696
20596
20452
20430
20419
20318
20310
20292
20155
20140
20112
20105
20035
19997
19970
19968
19945
19922
19819
19809
19765
19756
19712
19614
19603
19594
19536
19525
19511
19395
19278
19245
19229
19200
19154
19134
19068
18984
18947
18877
18868
18741
18671
18533
18471
18312
18306
18287
18287
18227
18206
18126
18015
17992
17929
17873
17770
17702
17639
17595
17588
17550
17547
17455
17306
17105
17022
16977
16969
16946
16943
16936
16882
16791
16681
16634
16592
16587
16581
16547
16503
16412
16375
16329
16328
16161
16158
16144
16133
16115
16109
16091
16056
15982
15954
15863
15795
15771
15764
15762
15725
15641
15564
15528
15506
15504
15394
15327
15170
15086
15053
14893
14881
14717
14697
14695
14686
14648
14626
14618
14534
14530
14420
14405
14328
14305
14272
14208
14097
14064
14021
13962
13923
13860
13815
13706
13465
13428
13361
13323
13303
13203
13138
13136
12907
12829
12729
12728
12704
12582
12572
12445
12392
12368
12241
12212
12169
12132
12082
12049
11969
11929
11887
11879
11859
11841
11786
11751
11742
11738
11736
11722
11672
11661
11628
11618
11531
11520
11487
11441
11409
11330
11284
11252
11200
11158
11157
11137
11000
10873
10848
10830
10772
10732
10641
10502
10494
10483
10471
10453
10436
10342
10303
10292
10281
10253
10240
10171
10163
10126
10118
10018
9973
9891
9861
9832
9770
9731
9719
9685
9602
9477
9461
9442
9423
9341
9231
9189
9158
8949
8935
8926
8775
8662
8629
8606
8566
8534
8503
8494
8483
8464
8415
8357
8320
8314
8282
8236
8174
8127
8106
8034
8007
7766
7721
7680
7673
7617
7608
7600
7478
7282
7106
7098
6996
6983
6869
6742
6740
6672
6666
6645
6546
6514
6401
6360
6294
6253
6183
6146
6139
6066
5964
5882
5855
5829
5748
5627
5559
5542
5436
5423
5381
5353
5334
5177
5126
5051
5007
4967
4885
4878
4847
4708
4670
4470
4444
4439
4406
4357
4328
4214
4206
4198
4168
4123
4056
4014
3802
3801
3709
3706
3703
3619
3612
3505
3470
3444
3352
3318
3299
3268
3265
3201
3098
3093
3029
2934
2926
2852
2816
2759
2722
2700
2679
2634
2497
2397
2226
2132
2122
2115
2055
2052
1906
1823
1781
1738
1656
1639
1621
1543
1510
1435
1384
1338
1250
1123
1099
1086
1076
1026
898
855
751
745
688
511
400
358
355
306
276
276
193
120
102
12
