99973
99965
99954
99876
99684
99665
99621
99498
99485
99454
99450
99422
99173
99094
99092
99026
99016
98914
98907
98865
98854
98844
98836
98762
98733
98728
98710
98671
98652
98611
98589
98511
98498
98454
98365
98296
98227
98219
98175
98156
98139
98123
98112
97979
97965
97918
97878
97776
97773
97760
97715
97522
97461
97459
97432
97431
97401
97395
97391
97286
97158
97101
97096
97022
96979
96977
96965
96771
96655
96586
96546
96522
96519
96476
96408
96345
96323
96271
96148
96030
96012
96005
95936
95935
95870
95824
95818
95781
95764
95666
95518
95404
95392
95388
95293
95209
95126
95093
95093
94985
94903
94734
94723
94718
94679
94652
94460
94437
94429
94427
94390
94279
94194
94140
94024
94015
93884
93876
93874
93838
93808
93724
93711
93655
93652
93519
93517
93500
93477
93408
93391
93378
93370
93335
93223
93168
93116
93115
93060
93021
92992
92923
92862
92848
92631
92478
92467
92443
92364
92273
92185
92170
92128
92080
92067
92001
91987
91967
91930
91801
91488
91426
91325
91304
91249
91232
91228
91204
91197
91035
91029
90999
90960
90825
90683
90683
90624
90599
90472
90472
90467
90457
90406
90391
90279
90237
90229
90219
90173
90164
90162
90141
90069
90059
89994
89911
89905
89727
89623
89607
89605
89431
89380
89323
89280
89223
89154
88917
88916
88906
88823
88810
88759
88743
88712
88630
88617
88541
88446
88404
88394
88358
88358
88286
88257
88227
88215
88196
88032
88000
87947
87826
87796
87778
87672
87626
87621
87596
87520
87456
87452
87345
87307
87252
87242
87220
87105
87078
86928
86916
86864
86768
86609
86538
86515
86508
86435
86386
86329
86150
86148
86103
85866
85762
85752
85714
85687
85648
85609
85561
85476
85470
85455
85425
85411
85406
85340
85283
85258
85247
85188
85141
85117
85081
85057
85031
84977
84913
84876
84874
84817
84766
84745
84732
84704
84688
84686
84661
84623
84593
84557
84514
84466
84454
84452
84360
84321
84312
84284
84256
84243
84220
84112
84055
83958
83937
83928
83923
83902
83860
83856
83829
83817
83805
83756
83729
83694
83593
83582
83577
83551
83512
83429
83425
83383
83375
83318
83253
83164
83100
83075
82971
82951
82867
82863
82856
82852
82825
82823
82758
82733
82595
82541
82539
82538
82463
82457
82343
82309
82275
82264
82199
82197
82082
82054
82038
81959
81914
81875
81847
81841
81820
81773
81765
81721
81648
81630
81533
81509
81502
81433
81283
81220
81220
81218
81171
80958
80924
80884
80863
80851
80830
80805
80776
80762
80747
80724
80592
80553
80488
80486
80342
80274
80246
80216
80194
80109
80084
80034
79884
79858
79790
79712
79683
79661
79659
79653
79637
79605
79574
79478
79458
79419
79400
79382
79300
79194
79130
79001
78995
78969
78921
78889
78830
78827
78815
78793
78704
78631
78589
78583
78554
78532
78484
78459
78417
78383
78318
78313
78272
78248
78178
78081
77913
77912
77774
77724
77662
77615
77566
77507
77418
77373
77321
77280
77261
77202
77201
77196
77102
77049
76974
76936
76641
76410
76265
76263
76234
76083
76043
75993
75971
75949
75927
75891
75860
75858
75726
75628
75534
75486
75463
75382
75378
75278
75244
75239
75231
75223
75220
75148
75133
74988
74777
74727
74667
74612
74370
74316
74263
74228
74196
74161
74020
74001
73999
73981
73948
73947
73938
73837
73748
73670
73559
73528
73491
73482
73413
73371
73328
73289
73225
73096
73072
73070
72986
72933
72926
72835
72796
72773
72763
72711
72690
72661
72599
72550
72466
72382
72353
72341
72318
72315
72305
72278
72229
72220
72220
72183
72173
72087
72070
72050
71939
71920
71908
71854
71814
71799
71784
71778
71774
71656
71654
71618
71548
71439
71428
71408
71356
71331
71274
71211
71184
71122
71101
71061
71001
70999
70958
70891
70853
70799
70780
70776
70716
70686
70649
70507
70434
70405
70377
70220
70034
69927
69886
69877
69798
69791
69736
69718
69630
69610
69569
69527
69411
69379
69354
69336
69322
69216
69101
69025
68986
68942
68937
68929
68926
68820
68753
68745
68677
68628
68554
68431
68418
68395
68380
68370
68358
68317
68316
68287
68254
68200
68194
68132
68098
68046
68001
67728
67625
67507
67437
67407
67362
67278
67229
67216
67201
67151
67134
67124
67105
67100
66938
66848
66824
66644
66602
66593
66569
66558
66543
66428
66403
66292
66222
66218
66142
66127
66086
66076
66071
65974
65973
65921
65906
65845
65823
65654
65637
65635
65593
65549
65452
65377
65332
65317
65309
65261
65126
65041
65009
64944
64844
64841
64817
64807
64787
64629
64529
64462
64411
64406
63908
63906
63887
63815
63784
63778
63774
63771
63737
63695
63647
63620
63574
63478
63457
63442
63431
63414
63397
63378
63293
63183
63108
63103
63019
63012
62938
62874
62794
62781
62715
62647
62603
62589
62458
62244
62178
62178
62168
61908
61861
61837
61813
61797
61648
61597
61587
61568
61554
61548
61542
61534
61529
61438
61410
61390
61318
61244
61239
61174
60912
60851
60771
60735
60552
60520
60505
60497
60468
60403
60309
60279
60250
60210
60210
60199
60188
60092
60085
60062
60018
59967
59958
59917
59885
59831
59816
59814
59797
59752
59710
59629
59502
59432
59416
59232
59228
59198
59123
59049
58954
58905
58877
58858
58806
58739
58717
58625
58582
58481
58476
58400
58361
58289
58183
58173
57882
57763
57732
57695
57614
57596
57556
57502
57460
57458
57427
57426
57405
57201
57198
57184
57166
57098
57096
56989
56969
56894
56833
56801
56785
56757
56673
56601
56459
56439
56431
56421
56420
56404
56365
56286
56084
56078
56056
56042
55984
55909
55899
55867
55789
55786
55747
55743
55721
55683
55606
55605
55512
55473
55439
55389
55371
55331
55185
55164
55161
55136
54975
54953
54948
54923
54911
54848
54813
54797
54760
54737
54653
54628
54601
54558
54549
54490
54476
54467
54347
54295
54238
54212
54198
54107
54098
54046
54044
53973
53942
53912
53897
53882
53855
53855
53777
53771
53726
53725
53673
53659
53580
53492
53479
53410
53408
53214
53186
53097
53013
52990
52920
52918
52911
52902
52881
52853
52843
52830
52786
52753
52746
52681
52569
52561
52545
52532
52507
52474
52466
52449
52448
52423
52382
52294
52252
52124
51970
51957
51957
51913
51741
51718
51613
51602
51526
51485
51485
51420
51321
51294
51243
51152
51135
51114
51081
51009
51009
50970
50886
50866
50852
50761
50688
50677
50465
50445
50431
50335
50281
50124
50080
50020
49881
49751
49671
49642
49626
49603
49554
49537
49511
49482
49392
49392
49391
49329
49289
49255
48959
48929
48924
48852
48850
48842
48794
48690
48579
48489
48467
48461
48379
48320
48199
48171
48150
48030
48014
48001
47721
47683
47651
47574
47561
47554
47535
47493
47344
47291
47200
47113
47083
47053
46996
46967
46930
46781
46758
46706
46550
46432
46410
46408
46326
46276
46261
46248
46232
46198
45992
45970
45959
45942
45934
45927
45865
45837
45819
45797
45670
45624
45591
45576
45563
45550
45549
45529
45510
45462
45330
45271
45247
45201
45161
45137
45120
45084
45064
44882
44876
44852
44793
44750
44692
44617
44585
44553
44480
44414
44337
44336
44329
44169
44001
43891
43853
43843
43839
43797
43777
43758
43651
43552
43536
43509
43389
43341
43269
43255
43122
43112
42844
42832
42743
42734
42733
42693
42680
42658
42581
42566
42469
42453
42430
42357
42312
42273
41962
41950
41923
41893
41828
41776
41767
41730
41685
41669
41627
41492
41463
41460
41451
41381
41319
41302
41180
41173
41169
41138
41123
41086
41048
40977
40962
40922
40908
40902
40805
40787
40752
40749
40699
40646
40494
40472
40447
40324
40307
40299
40253
40182
40169
40168
40158
40097
40091
40050
39961
39870
39854
39809
39685
39640
39606
39591
39576
39525
39524
39479
39336
39330
39301
39228
39143
39124
39121
39118
39050
38967
38951
38914
38910
38905
38832
38788
38770
38713
38599
38514
38495
38482
38302
38204
38149
38077
38012
37885
37815
37804
37776
37725
37724
37693
37661
37647
37545
37401
37369
37357
37281
37063
37038
37000
36954
36953
36929
36908
36859
36820
36707
36626
36621
36555
36552
36532
36502
36336
36301
36231
36186
36177
36174
36145
36120
36096
35977
35927
35845
35776
35751
35735
35684
35646
35604
35562
35555
35531
35476
35352
35321
35299
35239
35167
35017
34986
34974
34973
34950
34857
34685
34620
34584
34549
34545
34483
34357
34335
34318
34240
34189
34126
34123
34030
33941
33924
33829
33778
33772
33765
33743
33668
33464
33401
33369
33344
33335
33280
33268
33206
33161
33154
33141
33096
32972
32805
32795
32769
32726
32708
32670
32629
32504
32473
32444
32412
32388
32292
32283
32248
32236
32215
32183
32125
32054
31984
31903
31888
31717
31705
31626
31616
31598
31568
31468
31457
31362
31332
31301
31179
31072
31035
31022
30994
30893
30884
30861
30856
30850
30838
30805
30739
30724
30699
30686
30685
30596
30438
30400
30377
30291
30284
30204
30150
30142
30047
30012
29926
29897
29855
29793
29657
29566
29557
29502
29497
29490
29488
29318
29291
29283
29255
29231
29229
28974
28933
28927
28827
28674
28644
28576
28538
28526
28503
28464
28402
28341
28331
28325
28317
28262
28193
28124
28109
28039
28006
27933
27899
27877
27861
27765
27744
27724
27649
27635
27613
27521
27520
27328
27303
27282
27033
26976
26945
26907
26879
26825
26734
26729
26652
26644
26580
26323
26296
26264
26214
26175
26166
25962
25937
25903
25882
25866
25807
25746
25688
25621
25612
25573
25557
25477
25469
25465
25448
25429
25405
25332
25278
25269
25268
25248
25242
25159
25144
25129
25111
25013
24867
24859
24741
24736
24698
24631
24597
24592
24551
24506
24417
24410
24369
24336
24315
24267
24257
24243
24163
24074
24056
23940
23909
23885
23757
23741
23586
23572
23558
23555
23488
23403
23396
23380
23374
23179
23169
23132
23077
23009
22998
22950
22942
22871
22762
22753
22736
22723
22707
22661
22632
22593
22569
22463
22377
22374
22180
22167
22154
22089
22087
22013
21877
21765
21765
21729
21685
21427
21313
21184
21162
21162
21092
21052
20974
20918
20827
20780
20711
20536
20390
20239
20168
20122
20055
19994
19965
19916
19881
19876
19819
19800
19793
19748
19723
19660
19608
19552
19464
19383
19356
19284
19219
19150
19130
19119
19042
19033
18983
18976
18967
18909
18863
18861
18802
18721
18610
18548
18500
18495
18461
18438
18341
18196
18180
18008
18000
17999
17928
17858
17835
17819
17779
17702
17676
17647
17591
17496
17396
17372
17353
17342
17331
17293
17262
17121
17083
17070
17058
17050
17040
16966
16962
16810
16724
16681
16660
16533
16526
16517
16473
16461
16426
16387
16365
16364
16331
16330
16287
16204
16143
16142
16124
16026
15996
15893
15888
15833
15791
15765
15760
15721
15711
15503
15488
15457
15382
15317
15256
15250
14896
14838
14838
14826
14769
14750
14702
14632
14613
14493
14451
14374
14372
14331
14312
14259
14212
14207
14131
14093
14081
14061
13979
13908
13845
13710
13544
13482
13458
13422
13377
13356
13343
13339
13322
13304
13254
13247
13173
13157
13132
13125
13024
12894
12828
12785
12760
12738
12706
12698
12685
12684
12684
12606
12593
12564
12514
12460
12342
12310
12248
12241
12175
12162
12156
12141
12065
11982
11971
11860
11835
11788
11759
11739
11728
11697
11630
11627
11603
11589
11579
11574
11518
11482
11403
11396
11390
11295
11276
11273
11170
11160
11154
11110
11102
10946
10656
10644
10606
10505
10503
10334
10267
10255
10209
10172
10149
9985
9982
9948
9939
9930
9834
9830
9802
9799
9789
9760
9692
9685
9684
9675
9570
9561
9561
9539
9507
9503
9469
9374
9181
9151
9083
9021
8832
8648
8643
8593
8575
8530
8486
8467
8458
8447
8376
8355
8298
8258
8242
8159
8101
8071
8005
7943
7868
7717
7684
7627
7618
7549
7510
7459
7411
7372
7350
7346
7220
6991
6979
6952
6837
6782
6746
6727
6722
6714
6629
6598
6547
6487
6450
6407
6366
6309
6280
6201
6187
6046
6030
6007
6001
5998
5805
5804
5688
5666
5614
5530
5502
5408
5335
5314
5296
5246
5224
5221
5213
5084
5049
5042
5011
4773
4770
4670
4643
4616
4492
4380
4367
4298
4295
4273
4207
4088
4073
4052
4041
3849
3811
3761
3751
3663
3633
3558
3462
3432
3429
3277
3253
3217
3155
3003
2944
2924
2918
2909
2814
2806
2775
2721
2658
2651
2529
2521
2486
2463
2461
2381
2347
2011
1995
1950
1943
1926
1902
1891
1889
1849
1830
1718
1685
1658
1657
1633
1627
1537
1499
1474
1465
1421
1418
1401
1395
1391
1350
1338
1330
1329
1298
1161
1051
1037
1028
985
943
821
773
634
633
511
510
506
499
439
271
252
198
136
122
92
23
11
