99973
99850
99745
99711
99664
99648
99623
99603
99564
99468
99310
99306
99296
99217
99154
99150
99102
99091
99039
98960
98928
98913
98841
98835
98760
98747
98705
98611
98592
98572
98535
98526
98521
98512
98478
98439
98428
98308
98268
98249
98181
98137
98132
98042
97886
97856
97822
97792
97732
97724
97698
97643
97629
97556
97551
97426
97318
97236
97192
97141
97093
97007
96973
96928
96910
96863
96713
96704
96687
96604
96589
96534
96438
96397
96338
96327
96284
96271
96196
96176
96085
96064
96058
95956
95817
95807
95726
95684
95613
95588
95583
95521
95417
95414
95316
95309
95302
95214
95213
95110
95106
95030
95015
94907
94874
94873
94842
94804
94801
94793
94755
94725
94716
94684
94677
94641
94582
94581
94580
94575
94538
94534
94528
94455
94309
94215
94208
94198
94141
94136
94046
94021
93982
93875
93870
93838
93801
93757
93756
93745
93660
93594
93592
93484
93416
93406
93326
93293
93251
93146
93073
93071
93019
93012
92969
92962
92947
92884
92786
92750
92727
92723
92721
92671
92606
92541
92477
92414
92403
92314
92200
92187
92117
92004
91967
91913
91855
91840
91771
91768
91735
91703
91693
91620
91615
91611
91591
91567
91537
91501
91346
91251
91192
91143
91130
91094
90926
90779
90778
90707
90688
90683
90638
90603
90551
90514
90381
90202
90196
90191
90167
90120
90077
90008
90008
89997
89928
89918
89870
89865
89805
89781
89771
89763
89721
89634
89580
89548
89544
89524
89515
89486
89475
89426
89310
89158
89124
89035
88946
88934
88852
88741
88729
88675
88667
88605
88564
88542
88534
88431
88400
88318
88238
88117
88024
88015
87978
87960
87891
87818
87777
87757
87617
87555
87552
87313
87226
87212
87164
87143
87129
87068
87036
87022
86966
86966
86964
86921
86853
86727
86710
86706
86649
86602
86559
86503
86489
86459
86391
86376
86280
86263
86220
86211
86195
86151
86025
86006
85951
85901
85845
85756
85716
85618
85616
85560
85492
85457
85438
85434
85405
85404
85338
85335
85295
85287
85203
85119
85038
84862
84820
84668
84513
84438
84379
84373
84346
84274
84210
84063
83988
83939
83931
83925
83893
83762
83752
83747
83717
83702
83697
83688
83645
83551
83507
83436
83394
83281
83070
83036
82985
82980
82963
82963
82912
82894
82856
82733
82719
82719
82707
82473
82423
82410
82395
82367
82260
82246
82013
82004
81871
81844
81721
81714
81671
81599
81565
81438
81399
81384
81350
81210
81176
81162
81144
81121
81093
81090
81010
80938
80853
80815
80760
80735
80634
80505
80487
80470
80386
80365
80295
80258
80253
80236
80221
80196
80168
80146
80142
80096
80095
80040
80000
79906
79859
79776
79756
79751
79492
79487
79391
79214
79150
79119
78994
78968
78878
78877
78864
78862
78763
78749
78713
78709
78566
78547
78519
78474
78385
78372
78277
78258
78242
78240
78075
78037
77988
77840
77689
77667
77656
77640
77622
77618
77574
77538
77526
77480
77376
77132
77102
77072
76940
76910
76878
76873
76815
76739
76730
76709
76676
76414
76270
76236
76236
76231
76219
76190
76156
76098
76082
75986
75950
75943
75914
75849
75847
75759
75695
75628
75577
75498
75278
75197
75099
75093
75078
74998
74990
74900
74877
74788
74712
74684
74673
74625
74596
74533
74479
74472
74469
74411
74406
74405
74391
74376
74374
74335
74317
74285
74270
74216
74205
73991
73939
73938
73841
73826
73725
73661
73658
73646
73614
73609
73584
73561
73506
73493
73491
73346
73345
73250
73201
73183
73038
73036
73036
73013
72963
72948
72869
72822
72816
72780
72778
72760
72752
72716
72684
72670
72658
72640
72615
72543
72543
72456
72387
72353
72315
72283
72249
72225
72224
72221
72138
72062
71800
71776
71617
71581
71518
71489
71480
71441
71419
71380
71379
71342
71303
71296
71287
71182
71152
71124
71090
70981
70961
70842
70797
70789
70780
70636
70554
70482
70478
70438
70437
70358
70302
70212
70191
70187
70169
70157
70155
70125
70095
70063
70039
70020
70015
69982
69855
69851
69795
69722
69712
69704
69699
69645
69602
69546
69527
69418
69266
69252
69133
69120
69103
69005
68911
68906
68882
68831
68788
68651
68576
68569
68418
68305
68291
68285
68108
68107
68058
68041
68029
67964
67964
67876
67825
67821
67703
67664
67654
67652
67602
67590
67578
67542
67455
67371
67348
67344
67322
67249
67227
67219
67128
67075
67001
66958
66915
66880
66691
66647
66597
66576
66436
66423
66407
66404
66362
66356
66354
66344
66280
66125
66119
66119
66099
66051
66046
66003
65996
65863
65829
65758
65737
65727
65604
65583
65579
65530
65529
65518
65488
65434
65429
65339
65300
65200
65005
64996
64905
64754
64695
64473
64465
64273
64239
64178
64159
64122
64092
63911
63803
63802
63783
63783
63783
63712
63687
63652
63650
63515
63432
63344
63321
63273
63267
63256
63156
63143
63113
63052
63013
62872
62781
62745
62731
62700
62684
62582
62570
62550
62478
62394
62350
62342
62268
62145
62128
62048
62044
62041
62035
61721
61556
61544
61488
61465
61350
61320
61304
61284
61263
61097
61050
61043
60902
60901
60880
60790
60785
60719
60718
60685
60668
60582
60570
60547
60525
60510
60496
60311
60304
60246
60231
60167
60165
60160
60126
60125
60107
60097
60062
59963
59961
59888
59853
59829
59804
59730
59718
59636
59635
59596
59585
59550
59535
59525
59484
59478
59459
59437
59430
59405
59260
59165
59037
59009
58999
58913
58878
58734
58709
58699
58692
58649
58529
58509
58387
58370
58336
58331
58226
58160
58148
58015
58007
57892
57813
57755
57676
57662
57623
57595
57581
57530
57527
57511
57486
57394
57217
57186
57184
57181
57181
57148
57078
56924
56919
56895
56857
56841
56809
56797
56715
56684
56631
56548
56487
56479
56438
56349
56296
56140
56123
56113
56085
56001
55966
55938
55929
55902
55813
55742
55622
55599
55487
55404
55358
55357
55342
55337
55278
55201
55083
55026
55025
55001
54875
54810
54788
54684
54657
54639
54639
54539
54260
54205
54136
54080
53980
53945
53812
53772
53607
53496
53471
53463
53422
53413
53405
53394
53366
53358
53303
53215
53156
53120
53008
52995
52948
52907
52885
52859
52857
52784
52672
52660
52657
52590
52559
52546
52436
52412
52387
52382
52370
52363
52311
52270
52249
52218
52205
52174
52080
52021
51892
51856
51845
51819
51770
51638
51497
51465
51397
51337
51334
51311
51251
51146
50997
50908
50850
50776
50723
50557
50462
50407
50257
50239
50208
50201
50197
50162
50141
50124
50088
50006
49965
49896
49873
49775
49744
49708
49684
49654
49620
49558
49478
49390
49290
49283
49175
49135
49079
49059
48928
48803
48745
48733
48707
48658
48646
48598
48551
48537
48512
48474
48473
48399
48365
48360
48264
48156
48154
48088
48075
48030
47998
47963
47822
47795
47786
47777
47609
47508
47473
47441
47323
47219
47203
47162
47074
47050
47014
46980
46975
46952
46849
46797
46684
46511
46403
46380
46377
46368
46346
46299
46295
46179
46128
46082
46020
45988
45967
45800
45782
45549
45504
45497
45478
45456
45429
45251
45250
45242
45085
45041
45022
44988
44872
44812
44810
44750
44747
44705
44689
44611
44602
44548
44458
44454
44233
44119
44071
43988
43950
43842
43832
43815
43811
43772
43770
43660
43477
43449
43438
43431
43428
43374
43327
43280
43209
43198
43188
43131
43091
43082
43048
42981
42822
42805
42772
42769
42727
42687
42679
42595
42556
42523
42512
42471
42460
42407
42389
42327
42295
42220
42176
42145
42071
41931
41846
41578
41569
41404
41297
41235
41228
41062
41039
40948
40921
40846
40618
40565
40519
40507
40444
40438
40435
40413
40399
40393
40253
40211
40136
40077
40048
40044
39967
39943
39889
39814
39757
39688
39661
39623
39588
39449
39369
39354
39349
39345
39296
39279
39274
39273
39216
39191
39153
39052
38981
38953
38938
38934
38818
38817
38806
38792
38686
38674
38656
38570
38532
38452
38377
38253
38113
38074
38021
37973
37924
37901
37833
37659
37644
37532
37484
37480
37410
37409
37384
37379
37370
37348
37296
37113
37100
37078
37026
36984
36964
36904
36863
36851
36827
36793
36759
36716
36710
36587
36472
36362
36307
36289
36155
36119
36009
36000
35984
35962
35826
35759
35728
35698
35666
35647
35605
35472
35386
35376
35361
35301
35295
35285
35249
35247
35172
35094
35063
35061
35031
35000
34932
34921
34918
34862
34816
34778
34744
34739
34560
34535
34460
34428
34382
34250
34246
34238
34213
34213
34094
34074
34071
34067
34033
34028
34011
33972
33960
33935
33932
33908
33898
33853
33850
33798
33793
33654
33548
33543
33439
33391
33315
33291
33253
33136
33130
33119
33079
33039
32941
32891
32847
32724
32674
32588
32576
32526
32500
32443
32318
32303
32264
32241
32194
32191
32013
31994
31973
31941
31686
31393
31373
31369
31343
31310
31172
31157
31146
31119
31084
30966
30906
30896
30860
30830
30809
30745
30678
30644
30559
30505
30403
30382
30337
30327
30314
30290
30272
30174
30156
30147
30114
29931
29892
29856
29820
29808
29742
29666
29638
29561
29523
29478
29417
29351
29309
29277
29076
29068
29036
29032
29007
28892
28795
28679
28665
28632
28622
28604
28580
28568
28503
28377
28329
28312
28185
28129
28090
27994
27982
27975
27854
27753
27693
27634
27618
27533
27456
27432
27256
27205
27153
26988
26921
26879
26761
26755
26729
26709
26656
26637
26536
26511
26436
26364
26334
26329
26311
26305
26277
26158
26112
26100
26090
26013
25822
25784
25746
25602
25568
25502
25445
25439
25341
25338
25289
25268
25223
25136
25127
25093
25084
25075
25064
25061
24972
24880
24789
24642
24511
24475
24432
24425
24387
24362
24290
24151
24143
24085
23917
23891
23883
23880
23733
23709
23695
23682
23635
23395
23384
23340
23323
23321
23290
23160
23132
22973
22926
22848
22842
22820
22628
22558
22525
22451
22432
22390
22367
22320
22306
22223
22140
22002
22000
21938
21915
21845
21770
21707
21707
21653
21587
21502
21478
21450
21401
21363
21263
21234
21197
21108
21057
20981
20859
20845
20730
20700
20694
20681
20654
20628
20612
20563
20563
20535
20504
20437
20379
20352
20347
20288
20250
20183
20166
20152
20146
20118
20092
20029
20025
19994
19988
19927
19867
19838
19836
19751
19710
19562
19523
19484
19450
19408
19389
19247
19229
19225
19218
19214
19210
19186
19163
18981
18970
18952
18908
18895
18800
18768
18730
18601
18580
18542
18431
18345
18343
18297
18172
18138
18138
18100
17976
17942
17941
17889
17751
17680
17667
17610
17512
17498
17476
17424
17418
17397
17345
17267
17221
17212
17189
17112
16958
16946
16763
16722
16718
16593
16592
16576
16568
16567
16463
16390
16365
16299
16283
16247
16222
16185
16162
16132
16119
16077
16067
16066
16036
16033
16002
15972
15895
15877
15868
15789
15750
15649
15623
15622
15619
15566
15480
15462
15456
15443
15374
15233
15213
15191
15129
15079
15072
14843
14701
14560
14528
14491
14423
14412
14397
14179
14144
13898
13889
13876
13767
13642
13602
13522
13425
13386
13382
13272
13185
13049
13024
13012
12976
12863
12801
12753
12728
12717
12666
12565
12523
12475
12447
12438
12424
12408
12357
12304
12226
12223
12165
12150
11993
11967
11958
11945
11888
11817
11802
11774
11763
11634
11534
11509
11491
11300
11295
11256
11254
11175
11173
11144
11135
11031
11028
10963
10962
10916
10884
10828
10814
10783
10652
10642
10601
10437
10349
10183
10158
10018
10006
10000
9866
9830
9825
9814
9800
9659
9651
9560
9522
9501
9446
9444
9442
9394
9353
9328
9318
9280
9235
9229
9199
9189
9168
9137
9131
9043
9009
8909
8878
8795
8789
8777
8754
8741
8723
8719
8695
8673
8613
8591
8431
8423
8179
8151
8145
8045
8023
8012
7947
7910
7868
7845
7787
7722
7695
7676
7611
7586
7577
7574
7572
7298
7270
7136
7107
7023
6943
6823
6761
6728
6719
6664
6601
6561
6510
6418
6388
6321
6314
6235
6221
6185
6107
6030
6024
6020
6007
5937
5913
5867
5863
5835
5787
5772
5756
5685
5651
5641
5611
5541
5469
5406
5369
5335
5301
5285
5282
5280
5277
5188
5182
5154
5123
4995
4992
4988
4953
4838
4814
4689
4677
4614
4581
4560
4476
4335
4287
4283
4257
4195
4068
4028
3982
3960
3887
3880
3860
3827
3798
3742
3720
3621
3577
3482
3354
3311
3283
3277
3254
3231
3230
3155
3130
3123
3029
2983
2913
2895
2856
2840
2718
2708
2702
2673
2584
2567
2537
2529
2520
2440
2419
2413
2319
2309
2202
2103
2090
2071
1886
1880
1873
1830
1806
1792
1744
1685
1673
1633
1564
1480
1469
1427
1397
1349
1343
1302
1260
1043
1041
805
764
748
736
685
635
563
551
480
463
397
395
328
194
160
62
35
12
5
