99898
99861
99856
99781
99767
99759
99645
99584
99546
99346
99200
99102
99082
99042
99018
98938
98931
98840
98630
98593
98502
98482
98463
98436
98407
98288
98280
98162
98154
98146
98124
98119
98070
98037
98000
97976
97967
97952
97943
97786
97735
97700
97683
97464
97412
97384
97332
97313
97277
97259
97229
97190
97149
97144
97142
97125
97123
96949
96941
96907
96878
96629
96624
96543
96534
96527
96523
96428
96411
96257
96232
96115
96111
96091
96070
96029
95963
95917
95915
95861
95838
95830
95828
95792
95752
95697
95694
95689
95552
95475
95440
95395
95381
95375
95371
95348
95184
95182
95161
95144
95113
95085
95050
94856
94788
94692
94657
94593
94585
94536
94497
94494
94477
94472
94373
94359
94359
94351
94331
94312
94296
94206
94160
94145
94121
94074
94025
93980
93942
93843
93799
93626
93581
93551
93533
93489
93440
93400
93392
93290
93263
93161
93114
93020
92971
92805
92763
92740
92730
92664
92576
92538
92449
92435
92428
92405
92215
92214
92189
92178
92160
92066
91885
91882
91812
91759
91733
91675
91613
91524
91472
91386
91320
91275
91211
91134
91106
91090
91080
91018
90915
90899
90849
90773
90675
90576
90511
90399
90302
90302
90245
90223
90177
90160
90080
89976
89969
89780
89773
89700
89681
89653
89596
89566
89526
89478
89466
89436
89428
89393
89392
89382
89360
89285
89272
89195
89183
89177
89177
89161
89117
89075
89043
89024
88938
88858
88762
88724
88711
88637
88584
88537
88498
88423
88380
88360
88336
88307
88278
88278
88237
88203
88166
88160
88128
88060
88058
88019
88007
87955
87886
87875
87840
87763
87749
87645
87463
87461
87459
87455
87360
87278
87107
87093
87054
87027
86964
86891
86811
86793
86714
86650
86557
86481
86442
86404
86321
86266
86224
86196
86172
86122
86116
86052
86040
86033
86004
85982
85920
85919
85768
85737
85649
85646
85431
85413
85317
85280
85259
85244
85130
84955
84836
84818
84795
84700
84588
84563
84553
84371
84345
84172
84171
84050
84032
84025
83894
83858
83852
83778
83744
83711
83485
83459
83453
83412
83266
83245
83237
83217
83183
83108
83069
83061
83022
82968
82964
82890
82828
82754
82689
82685
82597
82584
82573
82529
82440
82400
82205
82099
82051
82050
82011
82007
81924
81908
81807
81691
81645
81636
81521
81506
81495
81445
81343
81339
81317
81302
81221
81172
81146
81062
80904
80903
80837
80699
80687
80661
80642
80481
80451
80381
80368
80344
80317
80285
80256
80251
80221
80221
80168
80120
80097
79982
79948
79887
79870
79860
79860
79782
79764
79685
79680
79650
79644
79548
79532
79495
79488
79442
79419
79353
79301
79124
79092
79088
78996
78993
78965
78944
78753
78716
78639
78475
78467
78457
78454
78437
78354
78339
78277
78276
78231
78174
78110
78101
78082
78047
78013
77984
77875
77814
77797
77732
77731
77658
77515
77454
77427
77398
77361
77359
77322
77165
77122
77061
77046
76793
76737
76605
76525
76453
76450
76444
76414
76404
76403
76336
76289
76270
76226
76202
76168
76112
75941
75935
75924
75864
75772
75765
75736
75735
75708
75667
75637
75592
75514
75485
75376
75374
75320
75271
75244
75151
75126
75066
74978
74914
74900
74850
74842
74796
74705
74700
74670
74610
74500
74457
74455
74448
74422
74379
74374
74371
74339
74238
74189
74166
74156
74037
73986
73965
73940
73889
73886
73877
73875
73842
73679
73676
73610
73544
73458
73404
73397
73337
73215
73184
73152
73122
73098
73076
73057
73048
73013
72941
72907
72876
72857
72840
72835
72747
72642
72601
72543
72490
72469
72403
72284
72277
72249
72193
72176
72088
72038
72012
71971
71953
71883
71762
71745
71661
71591
71440
71263
71252
71231
71228
71170
71169
71132
71107
71079
70988
70988
70959
70757
70750
70624
70597
70584
70474
70470
70409
70380
70284
70275
70189
70132
70025
69947
69943
69896
69812
69686
69672
69660
69612
69563
69524
69471
69355
69324
69315
69312
69298
69283
69234
69125
69079
69059
69055
68992
68947
68865
68848
68750
68720
68628
68609
68556
68537
68506
68489
68343
68273
68258
68232
68147
68081
67939
67934
67802
67770
67726
67689
67689
67643
67627
67588
67536
67459
67430
67362
67149
67094
67018
66993
66883
66712
66658
66624
66478
66321
66215
66203
66184
66168
66030
65999
65796
65760
65738
65735
65727
65613
65582
65543
65515
65384
65279
65273
65251
65173
65168
65082
65064
64917
64885
64845
64696
64685
64682
64660
64422
64358
64322
64298
64253
64240
64218
64110
64092
64046
64016
63900
63868
63820
63779
63710
63639
63579
63524
63467
63355
63295
63257
63152
63143
63129
63125
63094
63010
62910
62903
62876
62851
62847
62833
62712
62693
62674
62631
62553
62413
62360
62351
62343
62323
62317
62267
62227
62184
62106
62055
61893
61772
61750
61719
61632
61592
61586
61532
61446
61443
61390
61340
61332
61326
61309
61239
61231
61090
61089
61053
61017
60947
60737
60676
60598
60538
60530
60486
60449
60334
60265
60201
60121
60100
60080
60061
60050
60020
59970
59893
59886
59830
59475
59414
59388
59363
59353
59109
59025
58980
58951
58931
58851
58714
58698
58634
58602
58516
58484
58411
58349
58280
58265
58265
58218
58138
58100
58059
58054
58033
58033
57894
57836
57727
57684
57652
57557
57322
57132
57027
56946
56913
56852
56852
56828
56819
56641
56568
56387
56267
56257
56252
56218
56124
56116
56102
56022
56000
55945
55944
55908
55906
55894
55891
55882
55831
55713
55707
55663
55596
55459
55451
55436
55408
55341
55338
55283
55188
55145
55078
55074
55055
54980
54978
54920
54917
54907
54888
54841
54836
54826
54751
54723
54676
54600
54538
54529
54376
54329
54231
54121
54099
54059
54048
53866
53780
53721
53719
53684
53673
53610
53587
53538
53528
53447
53429
53376
53372
53368
53314
53230
53185
53165
53155
53147
53115
53052
53037
52964
52918
52917
52793
52792
52717
52598
52485
52463
52448
52390
52335
52332
52327
52293
52278
52249
52173
52171
51982
51914
51908
51861
51797
51796
51755
51755
51744
51742
51735
51731
51660
51571
51570
51519
51462
51359
51260
51199
51177
51171
51169
51152
51058
50975
50974
50920
50896
50879
50726
50696
50651
50626
50594
50545
50470
50401
50323
50309
50188
50181
50159
50153
50112
49896
49747
49745
49719
49717
49663
49632
49619
49588
49527
49514
49460
49403
49366
49320
49225
49193
49138
49015
48979
48895
48876
48817
48813
48777
48755
48751
48595
48579
48540
48488
48371
48306
48304
48021
48021
48002
47990
47978
47890
47800
47791
47761
47741
47719
47710
47614
47548
47478
47465
47403
47296
47267
47247
47241
47185
47168
47106
46983
46969
46947
46869
46860
46848
46838
46832
46778
46775
46729
46695
46672
46646
46640
46526
46369
46318
46289
46188
46155
46115
46111
45993
45955
45954
45953
45832
45807
45707
45701
45608
45606
45581
45573
45502
45451
45421
45414
45401
45356
45286
45265
45181
45154
45095
45042
44990
44931
44748
44745
44735
44692
44668
44653
44635
44607
44603
44564
44530
44438
44414
44380
44358
44350
44285
44268
44206
44088
44060
44056
44029
43978
43943
43936
43888
43849
43779
43649
43581
43535
43440
43390
43383
43325
43226
43169
43130
42989
42977
42962
42895
42818
42791
42756
42740
42692
42667
42640
42624
42493
42449
42381
42334
42252
42240
42206
42183
42095
42015
42007
41975
41861
41859
41842
41797
41731
41665
41569
41532
41491
41465
41394
41375
41360
41342
41308
41290
41290
41108
41081
41019
41015
41006
40998
40870
40794
40781
40780
40759
40758
40716
40627
40566
40525
40445
40436
40414
40400
40344
40307
40276
40262
40181
40175
40138
40003
39721
39715
39699
39692
39678
39600
39456
39426
39419
39401
39368
39345
39239
39152
39148
39107
38878
38866
38852
38728
38585
38447
38349
38228
38220
38076
38038
38020
38005
38000
37921
37910
37882
37869
37839
37838
37819
37671
37563
37550
37497
37353
36972
36927
36904
36844
36844
36839
36817
36772
36748
36686
36618
36612
36556
36500
36479
36464
36232
36146
36084
36007
35959
35933
35931
35881
35878
35829
35818
35779
35628
35391
35385
35351
35297
35293
35279
35255
35135
34997
34986
34935
34899
34793
34731
34709
34679
34640
34638
34617
34610
34605
34585
34554
34464
34449
34448
34396
34387
34380
34362
34362
34360
34353
34343
34339
34231
34195
34165
34158
34146
34065
34059
34024
33902
33863
33818
33804
33799
33760
33739
33610
33549
33541
33498
33464
33460
33449
33432
33359
33349
33344
33323
33311
33172
33120
33078
33065
33062
33013
33007
32981
32875
32825
32782
32569
32561
32555
32528
32459
32375
32169
32152
32151
32117
32111
32098
31990
31839
31835
31779
31767
31701
31684
31672
31642
31565
31363
31355
31340
31334
31330
31295
31222
31216
31202
31171
31092
31088
31039
30913
30833
30742
30606
30560
30558
30556
30460
30400
30220
30190
30161
29983
29975
29968
29910
29862
29786
29769
29751
29733
29729
29617
29616
29505
29456
29348
29246
29201
29184
29182
29120
29031
28976
28939
28806
28769
28752
28685
28609
28502
28480
28422
28411
28335
28333
28327
28258
28254
28246
28241
28199
28107
28076
28038
27953
27936
27881
27872
27864
27849
27843
27828
27821
27776
27706
27673
27642
27475
27428
27390
27368
27349
27344
27338
27283
27267
27143
27082
27024
26943
26928
26895
26890
26865
26715
26665
26604
26566
26544
26539
26470
26437
26329
26311
26234
26130
26113
26062
26051
26046
26011
25865
25812
25784
25775
25767
25715
25659
25571
25567
25415
25307
25298
25230
25205
25199
25187
25160
25145
25120
25107
25072
25017
25000
24995
24988
24959
24958
24954
24951
24950
24901
24847
24840
24744
24689
24657
24617
24516
24508
24318
24237
24172
24111
23969
23867
23809
23706
23692
23669
23668
23651
23588
23525
23469
23399
23380
23298
23288
23188
23033
23022
23009
22988
22917
22840
22812
22729
22690
22647
22577
22508
22452
22372
22334
22327
22309
22239
22119
22094
22071
22065
22007
22006
21969
21915
21912
21881
21854
21841
21832
21812
21738
21608
21607
21553
21446
21409
21366
21330
21292
21238
21106
21026
20938
20893
20841
20825
20741
20670
20607
20476
20409
20395
20394
20346
20345
20306
20181
20165
19896
19800
19752
19674
19525
19436
19401
19399
19368
19326
19265
19130
19096
19052
19041
18983
18847
18834
18811
18782
18589
18516
18514
18483
18374
18357
18353
18274
18144
18134
18129
18107
18105
18087
18081
18074
17981
17878
17867
17861
17641
17568
17508
17407
17400
17391
17380
17271
17263
17171
17152
17007
17005
16921
16874
16840
16781
16760
16687
16684
16663
16614
16602
16565
16559
16556
16548
16542
16513
16511
16475
16445
16443
16443
16413
16359
16323
16272
16255
16247
16194
16161
16026
16013
16006
15938
15889
15876
15809
15760
15714
15661
15633
15537
15485
15446
15387
15375
15336
15300
15172
15139
15101
15095
15086
14984
14940
14817
14816
14696
14692
14657
14623
14447
14408
14330
14329
14261
14182
14118
14021
13999
13941
13925
13886
13872
13782
13721
13700
13682
13636
13598
13585
13562
13541
13541
13421
13412
13399
13230
13203
13174
13157
13116
13108
13051
12973
12933
12754
12739
12687
12667
12644
12640
12463
12255
12194
12173
12172
12169
12159
12091
12067
12045
12035
12024
11914
11872
11848
11790
11771
11688
11670
11663
11644
11642
11601
11590
11533
11532
11502
11501
11463
11452
11315
11305
11288
11261
11240
11232
11226
11213
11156
11153
11095
11061
11049
10964
10950
10886
10857
10645
10639
10622
10615
10607
10597
10419
10393
10381
10379
10369
10354
10341
10329
10308
10179
10174
10113
10075
10066
10025
9974
9955
9885
9793
9696
9683
9639
9639
9499
9396
9356
9200
9186
9109
9084
9054
9032
8774
8770
8702
8690
8632
8609
8484
8469
8416
8405
8303
8251
8237
8208
8197
8066
8053
8007
8007
7946
7884
7821
7818
7748
7721
7619
7436
7367
7363
7349
7270
7239
7185
7112
7092
7054
7013
6986
6814
6794
6794
6771
6767
6754
6707
6663
6618
6614
6526
6488
6476
6403
6375
6328
6284
6212
6204
6051
5962
5924
5896
5648
5557
5512
5419
5409
5402
5382
5306
5259
5242
5242
5172
5108
4950
4918
4811
4810
4726
4671
4644
4615
4362
4338
4316
4302
4260
4237
4235
4190
4082
4079
4065
4033
4028
4026
3976
3856
3844
3831
3784
3767
3518
3508
3487
3452
3446
3359
3238
3188
3160
3115
2976
2777
2679
2657
2618
2591
2566
2556
2543
2530
2495
2454
2396
2381
2360
2248
2247
2169
2084
2000
1957
1837
1833
1809
1806
1780
1648
1644
1570
1545
1521
1372
1319
1263
1186
1145
1104
995
984
982
979
975
958
818
748
732
707
636
612
589
349
334
314
257
46
22
