99942
99884
99822
99797
99723
99694
99631
99592
99541
99525
99462
99425
99359
99122
99118
99091
99091
99067
99058
98952
98948
98898
98730
98712
98675
98607
98568
98479
98434
98409
98367
98331
98313
98296
98196
98135
98121
98101
98098
98092
98088
98060
97970
97911
97816
97796
97769
97754
97707
97705
97582
97554
97535
97481
97326
97225
97200
97160
97119
97081
97029
96964
96922
96902
96706
96659
96643
96618
96604
96594
96580
96525
96466
96454
96443
96442
96410
96319
96283
96253
96177
96160
96101
96095
96042
96001
95948
95928
95908
95814
95729
95729
95632
95615
95560
95543
95540
95512
95490
95484
95338
95325
95272
95238
95192
95191
95101
95062
95058
95057
94899
94891
94881
94757
94749
94704
94684
94658
94609
94462
94428
94423
94359
94357
94337
94307
94296
94109
94089
94080
93940
93928
93900
93889
93849
93704
93676
93619
93581
93579
93455
93412
93309
93259
93223
93223
93200
93181
93105
92982
92892
92832
92732
92730
92728
92712
92682
92586
92494
92476
92407
92386
92351
92286
92265
92260
92212
92194
92027
91996
91966
91843
91841
91687
91666
91653
91545
91544
91400
91386
91380
91335
91330
91262
91230
91182
91177
91162
91154
91082
91039
90893
90879
90826
90815
90781
90729
90696
90674
90587
90494
90452
90434
90424
90363
90267
90249
90142
90112
90110
89938
89930
89918
89883
89826
89802
89800
89726
89713
89613
89472
89472
89424
89338
89315
89273
89269
89235
89225
89211
89187
89175
89130
89124
89060
89027
88993
88903
88738
88709
88704
88546
88520
88510
88468
88359
88343
88336
88154
88099
88002
87932
87929
87923
87875
87870
87807
87717
87698
87649
87588
87369
87355
87348
87306
87278
87250
87140
87036
86979
86938
86829
86802
86753
86743
86701
86641
86586
86584
86385
86332
86309
86265
86223
86217
86159
86145
86143
86098
86088
85957
85939
85881
85873
85799
85796
85709
85547
85507
85492
85481
85375
85344
85204
85185
85153
85080
85060
85028
84969
84946
84896
84814
84759
84728
84544
84425
84270
84222
84176
84172
84149
84137
84125
84116
84089
84076
84023
83928
83901
83891
83843
83813
83699
83692
83637
83608
83607
83580
83532
83413
83316
83212
83137
83110
83011
82822
82796
82642
82609
82608
82595
82556
82522
82520
82446
82428
82412
82406
82378
82341
82332
82320
82306
82228
82163
82134
82068
82066
82060
81923
81771
81720
81662
81621
81592
81493
81467
81404
81330
81314
81229
81203
81180
81140
81004
80904
80819
80803
80766
80627
80604
80564
80547
80489
80481
80443
80415
80395
80359
80339
80300
80271
80262
80197
80186
79972
79927
79780
79729
79656
79649
79621
79522
79432
79398
79356
79288
79286
79272
79118
79118
79040
79014
78889
78858
78845
78764
78746
78597
78562
78538
78525
78494
78404
78388
78380
78376
78374
78270
78242
78229
78190
78127
78084
77971
77934
77870
77816
77799
77797
77726
77713
77672
77562
77476
77401
77391
77391
77349
77271
77235
77233
77225
77223
77058
77004
76963
76960
76957
76922
76822
76798
76788
76721
76683
76657
76594
76549
76547
76533
76447
76447
76431
76377
76361
76284
76085
75932
75905
75844
75808
75794
75650
75556
75496
75489
75468
75450
75361
75210
75111
75067
74953
74805
74803
74790
74785
74647
74630
74571
74527
74430
74346
74342
74332
74329
74313
74263
74206
74173
74007
73934
73850
73842
73802
73716
73689
73516
73514
73500
73493
73463
73251
73238
73164
73007
72990
72874
72736
72681
72650
72619
72514
72328
72285
72221
72120
72021
71915
71885
71855
71836
71769
71747
71741
71718
71663
71644
71599
71599
71525
71473
71470
71404
71393
71334
71271
71080
71043
71018
71012
71005
70870
70758
70713
70643
70607
70597
70553
70348
70310
70286
70280
70261
70180
70137
70125
70123
69957
69936
69930
69820
69804
69803
69752
69736
69722
69711
69686
69671
69659
69652
69630
69611
69577
69246
69244
69224
69202
69062
69053
68991
68936
68931
68782
68734
68730
68660
68507
68465
68386
68264
68119
68093
68038
68027
67909
67891
67864
67594
67582
67560
67530
67522
67465
67297
67236
67216
67140
67139
66949
66935
66935
66886
66843
66818
66784
66686
66678
66626
66573
66526
66485
66330
66328
66285
66078
66063
66060
66045
65753
65664
65634
65566
65493
65446
65446
65387
65337
65282
65105
65097
65052
65029
65019
64981
64959
64927
64924
64879
64876
64854
64717
64537
64517
64348
64292
64188
64179
64068
63993
63908
63902
63897
63882
63776
63759
63733
63732
63699
63635
63460
63364
63347
63277
63276
63214
63188
63163
63117
63111
63098
62925
62891
62876
62866
62832
62788
62623
62622
62542
62374
62361
62348
62323
62284
62261
62254
62247
62178
62173
62102
62102
62092
62081
62046
62031
62016
61952
61917
61876
61854
61775
61706
61597
61581
61580
61572
61481
61446
61426
61357
61311
61309
61293
61248
61214
61186
61170
61145
61097
61031
60980
60853
60806
60786
60760
60690
60669
60522
60434
60395
60395
60393
60289
60288
60229
60136
59971
59923
59884
59870
59864
59771
59728
59707
59691
59661
59627
59584
59503
59315
59283
59261
59227
59111
59042
59019
58958
58931
58825
58775
58656
58655
58573
58502
58476
58419
58402
58357
58337
58296
58238
58185
58174
58019
57976
57912
57883
57732
57506
57430
57320
57276
57198
57078
57063
57017
56858
56847
56815
56755
56708
56667
56664
56643
56597
56532
56478
56477
56403
56389
56380
56368
56309
56253
56220
56195
56082
56023
56018
55833
55809
55803
55790
55780
55718
55650
55507
55461
55389
55284
55215
55213
54906
54869
54801
54737
54688
54620
54426
54394
54270
54254
54190
54122
54070
54062
53988
53965
53868
53865
53831
53806
53802
53794
53787
53637
53623
53579
53493
53485
53473
53460
53450
53427
53397
53390
53308
53296
53278
53196
53196
53112
53077
53067
53039
53014
52870
52846
52791
52777
52695
52674
52615
52609
52599
52576
52570
52561
52359
52281
52274
52272
52267
52217
52189
52148
52144
52113
52106
52085
51961
51924
51887
51772
51763
51741
51670
51656
51558
51469
51423
51419
51370
51305
51304
51240
51169
51070
51035
50861
50842
50835
50814
50756
50647
50627
50545
50504
50483
50417
50335
50206
50118
50110
50062
49923
49848
49808
49805
49791
49716
49693
49608
49594
49577
49493
49489
49430
49422
49392
49371
49347
49307
49288
49248
49175
49145
49091
48938
48936
48873
48824
48788
48779
48766
48664
48562
48475
48459
48435
48387
48378
48356
48337
48250
48187
48156
48129
48126
48118
47932
47908
47739
47737
47679
47663
47646
47609
47575
47528
47466
47456
47368
47292
47158
47158
47087
47071
47052
47022
46949
46923
46810
46793
46779
46744
46729
46721
46691
46564
46560
46530
46460
46459
46350
46342
46309
46295
46285
46202
46190
46137
45982
45956
45791
45754
45717
45653
45651
45642
45608
45605
45530
45438
45434
45423
45405
45378
45271
45241
45235
45227
45213
45153
45146
45140
45120
45092
45041
44644
44590
44551
44439
44436
44433
44360
44327
44284
44253
44202
44201
44159
44153
44130
44099
44069
44062
44031
44024
43946
43644
43536
43494
43461
43459
43455
43446
43388
43363
43270
43251
43250
43223
43171
43148
43139
43114
42980
42938
42880
42853
42831
42812
42741
42725
42714
42697
42646
42631
42624
42616
42592
42577
42544
42511
42508
42399
42223
42173
42107
42035
42028
41944
41905
41898
41737
41696
41693
41564
41519
41497
41476
41412
41366
41347
41337
41151
41149
41075
40941
40931
40907
40870
40840
40839
40803
40738
40657
40627
40600
40591
40486
40468
40467
40435
40429
40365
40322
40295
40293
40215
40132
40104
40090
40062
40049
40045
40003
39993
39929
39916
39872
39867
39832
39809
39803
39791
39746
39630
39625
39577
39505
39504
39501
39408
39395
39333
39302
39262
39228
39228
39139
38998
38962
38900
38784
38723
38694
38639
38621
38612
38605
38602
38595
38591
38505
38483
38470
38341
38285
38234
38105
38102
38079
38020
37947
37938
37911
37808
37616
37611
37605
37512
37360
37232
37204
37174
37172
37046
36886
36808
36703
36671
36559
36534
36505
36430
36377
36268
36241
36208
36205
36085
35990
35951
35828
35796
35681
35659
35623
35425
35355
35273
35157
35147
35064
35059
35058
35057
35016
34928
34925
34920
34888
34843
34764
34738
34694
34693
34632
34620
34546
34545
34538
34534
34504
34429
34366
34290
34172
34056
34007
33941
33913
33807
33805
33789
33764
33689
33683
33622
33622
33568
33499
33358
33357
33353
33312
33289
33208
33195
33117
33050
32952
32945
32817
32796
32796
32760
32757
32718
32716
32704
32653
32475
32389
32362
32359
32345
32237
32153
32151
32150
32134
32117
32104
32098
32094
31933
31872
31862
31815
31787
31705
31652
31639
31635
31593
31459
31454
31421
31265
31248
31185
31150
31118
31116
30929
30912
30831
30801
30782
30692
30584
30522
30500
30483
30475
30449
30429
30292
30279
30259
30151
30038
29991
29925
29920
29849
29847
29804
29791
29787
29608
29600
29545
29543
29510
29470
29391
29384
29360
29354
29236
29230
29209
29144
28964
28865
28834
28794
28756
28695
28659
28616
28545
28506
28468
28457
28431
28429
28103
28101
28068
28025
27978
27937
27821
27807
27746
27724
27644
27640
27616
27561
27559
27491
27480
27415
27384
27350
27345
27331
27328
27258
27245
27204
27177
27149
27147
27099
27081
27075
26978
26935
26908
26820
26768
26716
26716
26699
26639
26634
26626
26537
26496
26450
26438
26244
26167
26154
26060
25993
25975
25961
25937
25925
25895
25890
25807
25782
25724
25627
25612
25578
25475
25360
25240
25194
25186
25157
25125
25114
25006
24980
24969
24939
24939
24835
24725
24716
24684
24663
24643
24604
24501
24485
24454
24449
24415
24362
24231
24209
24169
24139
24107
24084
23940
23825
23810
23787
23730
23703
23698
23696
23690
23683
23628
23623
23594
23529
23441
23434
23305
23296
23232
23173
23173
23082
23077
23053
22996
22871
22868
22849
22807
22720
22706
22642
22639
22497
22450
22385
22235
22221
22218
22093
21974
21948
21858
21854
21834
21726
21659
21635
21545
21540
21514
21401
21329
21327
21247
21244
21183
21131
21101
21034
20921
20896
20882
20864
20849
20803
20787
20750
20693
20657
20653
20630
20588
20536
20394
20370
20281
20265
20261
20218
20209
20204
20169
20015
20007
19999
19975
19953
19880
19863
19851
19838
19776
19768
19658
19574
19469
19453
19385
19322
19236
19027
18988
18980
18975
18906
18850
18818
18700
18668
18646
18622
18591
18548
18470
18354
18301
18276
18274
18225
18199
18143
18132
18057
17942
17800
17782
17780
17763
17734
17696
17693
17679
17643
17623
17576
17565
17520
17421
17375
17357
17323
17302
17224
17216
17156
17116
17092
17068
17060
17002
16972
16968
16934
16871
16846
16826
16811
16715
16667
16586
16553
16511
16466
16349
16330
16249
16155
16140
16039
15907
15897
15879
15749
15741
15700
15690
15608
15581
15570
15567
15539
15531
15496
15429
15282
15282
15240
15223
15215
15152
15044
15042
14866
14732
14670
14613
14449
14427
14379
14371
14339
14300
14264
14124
14082
14021
14018
13997
13937
13892
13792
13771
13750
13748
13685
13679
13676
13634
13564
13559
13551
13533
13532
13528
13456
13432
13394
13384
13351
13343
13299
13286
13254
13245
13192
13145
13031
13026
12996
12978
12956
12792
12756
12739
12683
12624
12549
12474
12442
12426
12405
12387
12107
12100
12086
12067
12057
12026
12017
11851
11837
11825
11684
11683
11539
11505
11465
11432
11264
11187
11179
11090
10974
10969
10941
10936
10878
10846
10736
10635
10629
10553
10550
10538
10502
10502
10434
10285
10277
10031
9882
9685
9663
9501
9381
9381
9123
9103
9102
9095
8998
8935
8798
8760
8709
8683
8669
8645
8620
8608
8510
8419
8419
8396
8358
8307
8273
8150
8130
8125
8060
7937
7904
7797
7733
7711
7675
7667
7665
7606
7596
7569
7560
7545
7498
7451
7300
7190
7141
7119
7082
7078
7071
7060
7031
6952
6934
6925
6862
6829
6575
6566
6549
6422
6409
6404
6228
6179
6133
6050
5937
5879
5807
5783
5772
5741
5648
5579
5563
5496
5460
5406
5344
5288
5287
5246
5127
5003
4949
4938
4914
4911
4861
4770
4731
4721
4717
4499
4411
4344
4284
4251
4211
4208
4141
4121
4094
3964
3936
3926
3910
3894
3831
3790
3786
3713
3707
3688
3655
3640
3600
3546
3421
3376
3296
3259
3235
3186
3183
3131
2938
2933
2872
2777
2753
2586
2501
2414
2404
2331
2326
2272
2062
2015
2000
1978
1965
1963
1908
1875
1843
1787
1764
1723
1716
1464
1430
1403
1399
1395
1387
1360
1201
1161
1143
1138
1123
1073
953
932
889
879
795
793
616
609
558
555
479
425
407
374
313
215
138
120
105
50
11
