99900
99734
99713
99692
99665
99603
99598
99590
99500
99469
99448
99409
99388
99332
99292
99283
99239
99214
99167
99166
99162
99151
99091
99007
98996
98979
98952
98900
98888
98862
98799
98754
98704
98682
98606
98603
98549
98515
98465
98460
98445
98404
98397
98394
98380
98360
98332
98317
98281
98262
98254
98229
98193
98165
98151
98145
98042
98027
98012
97991
97850
97794
97763
97743
97636
97619
97589
97582
97465
97433
97425
97355
97319
96986
96942
96903
96878
96668
96647
96614
96486
96455
96408
96353
96290
96287
96272
96270
96222
96144
96142
96117
96032
95994
95983
95978
95911
95882
95866
95806
95755
95715
95665
95607
95537
95528
95526
95496
95434
95413
95411
95365
95355
95256
95210
95196
94856
94798
94736
94661
94544
94527
94526
94475
94353
94316
94306
94297
94277
94241
94204
94043
93951
93919
93907
93868
93851
93835
93730
93602
93590
93435
93408
93402
93388
93333
93190
93144
93112
93089
93022
93000
92979
92842
92704
92654
92609
92603
92596
92538
92508
92482
92423
92392
92213
92191
91937
91766
91763
91650
91646
91571
91563
91490
91396
91383
91322
91315
91310
91247
91233
91224
91220
91061
91033
91005
90991
90975
90937
90860
90820
90779
90738
90628
90620
90547
90514
90450
90366
90308
90239
90239
90167
90134
90130
90093
89923
89753
89739
89735
89702
89628
89628
89603
89514
89509
89392
89277
89196
89104
89056
89054
89047
88969
88947
88928
88716
88680
88676
88598
88590
88579
88479
88466
88454
88430
88428
88407
88339
88278
88040
87997
87755
87729
87696
87681
87676
87602
87577
87539
87505
87485
87419
87387
87340
87330
87247
87244
87225
87211
87209
86995
86982
86951
86930
86815
86741
86736
86703
86691
86592
86586
86449
86424
86409
86401
86392
86335
86249
86236
86216
86177
86136
86094
86077
86029
86001
85971
85956
85928
85838
85820
85765
85753
85749
85737
85679
85620
85551
85549
85502
85452
85428
85416
85414
85398
85366
85336
85271
85204
85193
85089
85085
85033
84991
84944
84930
84929
84914
84903
84896
84876
84798
84790
84782
84774
84770
84758
84733
84715
84715
84671
84658
84578
84546
84432
84417
84373
84320
84250
84101
84091
84055
83960
83937
83934
83879
83872
83725
83724
83678
83599
83540
83477
83422
83418
83285
83159
83150
83094
83053
83049
83048
82990
82954
82835
82817
82769
82662
82656
82499
82431
82389
82374
82297
82257
82125
82095
82077
82055
82013
81900
81885
81864
81846
81778
81761
81527
81489
81477
81457
81443
81421
81387
81350
81335
81228
81182
81179
81178
81142
81126
81051
81020
80996
80875
80854
80697
80679
80584
80548
80514
80514
80491
80449
80442
80418
80417
80339
80324
80305
80136
80090
79985
79984
79871
79855
79801
79799
79707
79674
79651
79592
79541
79481
79462
79414
79391
79359
79355
79336
79325
79314
79219
79164
79097
79002
78943
78918
78863
78859
78831
78826
78682
78663
78636
78631
78619
78575
78572
78559
78516
78450
78412
78411
78403
78370
78317
78308
78271
78253
78206
78154
78106
78004
77987
77811
77666
77660
77647
77588
77568
77408
77291
77184
77154
77071
77064
77048
77040
76983
76974
76929
76927
76906
76883
76774
76728
76703
76592
76446
76415
76413
76336
76271
76011
75868
75831
75805
75789
75755
75714
75677
75589
75569
75476
75415
75351
75330
75323
75278
75209
75174
75117
75100
75078
75076
75064
75062
75043
74949
74918
74903
74890
74818
74797
74794
74772
74729
74702
74603
74580
74541
74464
74456
74420
74310
74310
74281
74271
74271
74252
74226
74161
74127
73873
73807
73757
73688
73685
73649
73597
73540
73528
73474
73439
73434
73409
73392
73364
73362
73348
73345
73330
73279
73128
73101
73030
72997
72992
72984
72920
72909
72846
72799
72791
72668
72646
72536
72480
72474
72462
72346
72301
72279
72241
72237
72225
72180
72136
71795
71676
71645
71629
71621
71612
71569
71569
71472
71469
71391
71367
71270
71269
71231
71195
71132
71041
70993
70982
70961
70903
70724
70714
70710
70684
70643
70582
70528
70512
70442
70222
70191
70169
70085
70049
70048
70026
69927
69893
69876
69761
69687
69642
69642
69616
69467
69426
69421
69314
69314
69285
69272
69212
69100
69083
69072
69060
69048
69020
68864
68783
68674
68638
68583
68543
68504
68395
68162
68131
68066
68025
67994
67952
67902
67889
67866
67857
67632
67621
67620
67586
67585
67568
67440
67421
67419
67404
67297
67287
67266
67236
67175
67132
66993
66908
66784
66736
66685
66674
66596
66591
66577
66478
66413
66307
66263
66207
66201
66171
66165
66152
66133
66124
66054
65944
65943
65936
65874
65800
65752
65734
65661
65630
65527
65475
65472
65426
65282
65254
65232
65061
64990
64713
64684
64677
64655
64641
64582
64569
64517
64479
64397
64385
64381
64357
64353
64285
64270
64267
64255
64203
64197
64143
63937
63870
63868
63820
63765
63717
63679
63512
63488
63349
63260
63231
63224
63132
63111
63024
62921
62907
62892
62884
62814
62811
62713
62703
62701
62619
62615
62533
62495
62453
62405
62383
62378
62284
62276
62271
62235
62234
62202
62159
62094
62091
62046
61987
61925
61871
61767
61763
61686
61557
61555
61381
61373
61295
61282
61270
61053
61024
60993
60945
60887
60843
60806
60701
60693
60664
60584
60546
60425
60331
60329
60317
60297
60271
60117
60115
60089
59923
59875
59768
59766
59759
59725
59660
59486
59485
59237
59092
59026
58949
58880
58853
58850
58805
58804
58745
58729
58697
58625
58548
58434
58430
58392
58348
58335
58303
58285
58204
58161
58042
58028
57946
57910
57909
57863
57835
57798
57745
57730
57696
57556
57450
57430
57404
57365
57355
57331
57259
57117
57105
57096
57073
56987
56984
56950
56856
56836
56834
56804
56764
56738
56663
56590
56589
56575
56550
56521
56466
56342
56313
56136
56078
56025
56019
56015
55882
55830
55722
55622
55619
55572
55385
55268
55211
55048
55007
54988
54887
54844
54843
54791
54767
54765
54753
54729
54668
54602
54589
54580
54567
54497
54483
54482
54468
54407
54405
54393
54387
54358
54335
54311
54295
54286
54285
54213
54166
54160
54107
54015
53787
53782
53774
53705
53635
53517
53420
53321
53264
53262
53212
53192
53176
53128
53028
52983
52914
52848
52714
52690
52684
52681
52652
52499
52444
52391
52375
52330
52286
52189
52059
52037
51804
51692
51588
51554
51547
51540
51494
51491
51466
51410
51325
51263
51251
51196
51187
51063
50983
50883
50778
50763
50642
50632
50625
50618
50602
50590
50577
50530
50386
50383
50361
50249
50224
50175
50086
49922
49881
49808
49784
49755
49741
49708
49633
49631
49517
49408
49371
49327
49298
49235
49211
49110
49057
49019
48937
48785
48755
48753
48736
48726
48714
48701
48648
48645
48597
48572
48553
48406
48293
48276
48269
48219
48156
48131
48072
48063
48055
48017
48006
47967
47886
47856
47850
47771
47771
47749
47603
47520
47460
47352
47240
47228
47183
47162
46804
46799
46775
46700
46694
46672
46653
46625
46618
46612
46567
46554
46535
46387
46378
46329
46318
46268
46208
46178
46120
46116
46086
46079
45877
45870
45821
45585
45497
45280
45252
45198
45007
44982
44979
44896
44890
44844
44722
44666
44659
44642
44627
44574
44549
44536
44530
44529
44475
44469
44454
44350
44334
44258
44239
44235
44184
44175
44091
44081
43984
43914
43914
43887
43884
43798
43768
43695
43690
43649
43616
43587
43573
43388
43369
43351
43338
43319
43307
43274
43247
43087
43019
42956
42904
42884
42875
42874
42859
42835
42816
42813
42811
42800
42772
42748
42683
42523
42392
42379
42355
42352
42338
42282
42238
42195
42158
42145
42135
42106
42096
42083
42059
41841
41788
41739
41710
41690
41657
41639
41565
41542
41529
41522
41511
41502
41365
41299
41294
41151
41120
41062
41033
41020
41016
40840
40811
40807
40794
40774
40751
40734
40677
40608
40497
40488
40485
40397
40370
40370
40368
40328
40313
40298
40239
40175
40144
40101
40024
40015
39877
39804
39461
39364
39329
39216
39171
39167
39095
39029
39025
39023
38994
38959
38917
38782
38770
38665
38660
38568
38482
38392
38351
38334
38309
38211
38196
38168
38147
38109
38039
37990
37930
37787
37764
37680
37632
37629
37517
37424
37307
37305
37245
37071
36978
36892
36840
36826
36804
36801
36800
36714
36693
36685
36652
36513
36495
36365
36303
36265
36249
36193
36174
36108
36061
36028
36019
36015
35983
35851
35826
35660
35640
35633
35591
35568
35418
35368
35327
35325
35243
35212
35056
35029
35007
34927
34926
34880
34865
34682
34651
34568
34475
34446
34368
34308
34264
34223
34222
34219
34193
34164
34111
34092
34066
34045
33825
33748
33712
33579
33521
33465
33402
33397
33269
33057
33028
32916
32868
32855
32835
32824
32756
32710
32627
32603
32585
32581
32441
32414
32357
32324
32319
32305
32121
32101
32056
32047
32038
32018
31954
31856
31826
31814
31700
31642
31629
31599
31586
31441
31434
31423
31325
31174
31153
31125
31105
31099
30975
30968
30949
30933
30919
30886
30886
30857
30785
30746
30706
30706
30623
30568
30289
30276
30246
30224
30040
29905
29904
29785
29727
29703
29639
29621
29621
29581
29541
29516
29442
29436
29422
29403
29396
29394
29385
29351
29281
29262
29233
29232
29210
29209
29179
29051
28966
28677
28570
28510
28453
28370
28276
28239
28096
28034
28026
27957
27871
27815
27811
27733
27711
27691
27641
27624
27561
27538
27447
27420
27395
27383
27244
27239
27214
27148
27100
27056
27032
26959
26820
26795
26779
26757
26716
26654
26572
26565
26508
26459
26441
26377
26253
26127
26080
26071
26069
26046
26035
25985
25911
25904
25808
25770
25708
25702
25671
25585
25524
25522
25396
25300
25289
25214
25199
25158
24969
24908
24906
24899
24894
24843
24734
24705
24687
24687
24651
24612
24580
24534
24528
24523
24512
24496
24495
24486
24472
24451
24432
24313
24278
24229
24138
24137
24124
24101
24085
23979
23885
23825
23793
23784
23767
23722
23666
23630
23593
23572
23566
23523
23515
23485
23320
23248
23103
23102
23064
23057
22995
22959
22786
22704
22558
22502
22496
22470
22262
22200
22136
22122
22103
22026
22016
21921
21843
21797
21717
21672
21625
21586
21458
21454
21423
21412
21396
21294
21220
21215
21178
21133
21023
20974
20963
20921
20920
20919
20908
20905
20897
20846
20834
20822
20765
20761
20655
20628
20623
20601
20529
20498
20417
20399
20293
20226
20162
20106
20014
19895
19828
19781
19635
19553
19532
19433
19394
19215
19160
19144
19104
19103
19103
18995
18967
18963
18882
18845
18828
18651
18500
18441
18426
18379
18265
18127
18036
18015
18009
17983
17979
17784
17774
17685
17647
17597
17576
17491
17451
17419
17355
17311
17212
17167
17149
17096
17048
16830
16799
16743
16693
16514
16464
16463
16447
16440
16424
16409
16381
16162
16062
15743
15673
15619
15571
15544
15509
15470
15319
15314
15225
15224
15144
15072
15028
14987
14971
14967
14922
14912
14898
14772
14730
14709
14681
14587
14563
14449
14442
14430
14366
14127
14126
14100
14078
14057
14029
13960
13893
13871
13831
13827
13827
13814
13791
13758
13751
13728
13705
13704
13698
13643
13618
13525
13510
13443
13392
13382
13372
13303
13285
13242
13241
13208
13152
13126
13113
13111
13054
12989
12987
12853
12845
12822
12761
12710
12690
12650
12577
12571
12331
12236
12185
11970
11912
11850
11726
11539
11445
11438
11394
11375
11356
11353
11319
11212
11103
11024
10994
10972
10858
10754
10743
10643
10623
10603
10585
10559
10520
10500
10328
10318
10147
10060
10042
10032
10029
10028
10005
9978
9858
9852
9813
9755
9684
9611
9608
9543
9540
9502
9298
9281
9222
9184
9040
9011
8947
8858
8850
8801
8770
8764
8684
8553
8513
8405
8403
8350
8229
8129
8099
8074
8023
8021
7973
7970
7963
7856
7792
7715
7601
7557
7551
7538
7508
7395
7392
7368
7276
7272
7237
7227
7222
7201
7169
7150
7137
7111
7082
7066
7048
6988
6917
6869
6788
6727
6703
6639
6573
6537
6479
6466
6433
6396
6391
6364
6343
6332
6309
6126
6100
5972
5943
5873
5865
5863
5842
5715
5678
5628
5592
5560
5553
5530
5485
5469
5357
5308
5288
5231
5159
5141
5092
5090
5061
5022
4998
4970
4965
4958
4875
4852
4810
4809
4770
4695
4629
4491
4489
4465
4441
4413
4354
4289
4087
4079
4017
3924
3887
3880
3819
3799
3749
3593
3552
3503
3480
3478
3336
3307
3193
3096
3017
3013
2971
2857
2829
2822
2562
2476
2463
2400
2387
2295
2293
2128
2121
2112
2004
1972
1869
1827
1811
1675
1548
1517
1460
1375
1338
1317
1307
1231
1191
968
967
923
902
896
871
823
817
773
726
612
592
560
490
447
441
364
179
167
165
151
121
