99927
99924
99896
99877
99872
99805
99797
99787
99592
99483
99394
99307
99277
99256
99201
99190
99020
99014
99001
98977
98964
98914
98909
98852
98790
98789
98756
98643
98626
98560
98528
98417
98387
98339
98285
98230
98212
98197
98196
98126
98084
98058
97860
97850
97798
97702
97666
97665
97506
97495
97470
97379
97302
97275
97257
97222
97139
97094
97019
96957
96911
96906
96866
96849
96816
96746
96659
96641
96525
96408
96369
96319
96216
96150
96079
96042
96027
95996
95958
95935
95895
95886
95869
95813
95803
95797
95703
95669
95569
95472
95464
95425
95394
95320
95192
95184
95065
95059
95009
94996
94981
94878
94848
94708
94679
94657
94647
94622
94595
94509
94506
94483
94463
94345
94332
94189
94147
94143
94137
94046
94045
93985
93827
93767
93743
93681
93591
93550
93507
93446
93438
93434
93433
93373
93204
93108
93037
92980
92937
92908
92883
92854
92773
92759
92745
92611
92605
92583
92535
92526
92504
92473
92427
92354
92324
92278
92212
92190
92173
92066
92019
91999
91991
91986
91980
91965
91953
91886
91812
91796
91782
91723
91692
91690
91652
91531
91504
91485
91432
91295
91263
91261
91178
91176
91128
91055
91048
91040
90982
90971
90819
90812
90789
90759
90686
90677
90645
90603
90365
90286
90237
90236
90232
90124
90118
90084
90061
90054
89982
89910
89899
89840
89820
89794
89790
89784
89753
89654
89642
89591
89553
89520
89430
89413
89413
89399
89360
89347
89347
89323
89286
89285
89224
89209
89194
89132
89103
88944
88804
88799
88719
88715
88624
88570
88532
88395
88297
88160
88036
88010
87932
87889
87808
87756
87532
87508
87486
87466
87429
87411
87400
87387
87285
87238
87235
87214
86962
86956
86934
86911
86868
86807
86762
86758
86733
86651
86643
86608
86603
86549
86465
86326
86255
86240
86174
86135
86019
86016
85968
85891
85829
85807
85696
85696
85611
85604
85600
85576
85568
85532
85470
85462
85416
85359
85351
85351
85167
85159
85151
85127
85061
85027
85020
84954
84920
84888
84880
84857
84626
84601
84600
84577
84566
84561
84529
84499
84485
84385
84378
84313
84226
84226
84223
84027
84023
84004
83993
83893
83720
83652
83640
83567
83544
83488
83422
83197
83140
83012
83004
82994
82944
82911
82892
82850
82788
82646
82644
82555
82458
82409
82393
82298
82285
82212
82203
82062
81913
81480
81349
81341
81267
81256
81121
81095
81078
80997
80981
80974
80945
80938
80771
80741
80679
80661
80460
80425
80374
80372
80355
80321
80265
80265
80221
80143
80064
80031
79899
79882
79807
79740
79645
79638
79594
79544
79458
79386
79294
79012
78990
78978
78952
78793
78765
78764
78763
78759
78758
78701
78692
78668
78624
78616
78606
78604
78598
78581
78532
78447
78399
78336
78221
78216
78110
78020
77960
77686
77639
77447
77403
77350
77333
77293
77253
77220
77153
77138
77005
76987
76920
76908
76903
76819
76735
76728
76632
76625
76616
76575
76553
76544
76475
76416
76400
76363
76363
76308
76207
76144
76138
76120
76119
76117
76043
75986
75916
75879
75875
75708
75625
75617
75363
75302
75277
75246
75193
75192
75017
74973
74950
74809
74729
74663
74585
74547
74541
74538
74519
74513
74512
74493
74451
74422
74361
74293
74247
74221
74215
74205
74201
74150
74125
74090
74054
73898
73895
73830
73822
73817
73691
73544
73516
73515
73513
73505
73502
73454
73448
73407
73370
73323
73130
73121
73099
73063
73028
73009
72965
72629
72611
72435
72329
72302
72281
72065
72010
71998
71986
71986
71983
71967
71928
71906
71837
71835
71773
71763
71751
71736
71716
71696
71602
71550
71536
71527
71367
71228
71204
71140
71135
71130
70986
70877
70815
70792
70682
70672
70513
70506
70478
70427
70353
70334
70329
70318
70234
70219
70105
70087
69994
69922
69892
69764
69727
69706
69648
69600
69495
69485
69433
69347
69346
69327
69228
69175
69113
69104
69097
69043
68992
68991
68922
68867
68823
68702
68581
68574
68491
68433
68370
68346
68323
68263
68247
68178
68120
68120
68093
68001
67925
67830
67694
67644
67614
67597
67573
67504
67440
67344
67328
67222
67219
67208
67200
67174
67155
67126
67086
67083
66934
66924
66871
66771
66611
66600
66580
66572
66500
66482
66412
66408
66407
66405
66339
66293
66276
66232
66206
66161
66132
66042
66031
65988
65797
65692
65686
65664
65646
65503
65449
65441
65355
65251
65138
65030
64915
64892
64776
64755
64687
64394
64350
64293
64221
64132
64056
64017
64005
63846
63777
63750
63680
63651
63599
63568
63562
63552
63515
63510
63457
63437
63404
63391
63355
63259
63254
63251
63193
63170
63117
63053
63023
63012
62948
62925
62895
62860
62768
62654
62617
62540
62538
62521
62472
62363
62352
62324
62297
62283
62227
62212
62209
62126
62036
61972
61805
61786
61727
61681
61637
61590
61459
61310
61199
61133
61132
61031
61017
60690
60684
60671
60670
60623
60604
60600
60581
60509
60405
60363
60357
60271
60270
60247
60223
60220
60198
60184
59841
59778
59740
59587
59570
59563
59561
59554
59529
59491
59427
59350
59309
59294
59234
59001
58985
58949
58871
58864
58801
58726
58710
58654
58587
58578
58576
58465
58428
58418
58395
58378
58319
58283
58266
58189
58120
58080
58022
57918
57861
57841
57789
57763
57713
57642
57640
57633
57606
57589
57524
57375
57180
57174
57108
57024
56981
56975
56932
56901
56879
56877
56782
56769
56720
56617
56594
56551
56542
56517
56470
56406
56395
56327
56190
56156
56069
56056
55925
55884
55764
55681
55672
55625
55580
55565
55532
55459
55444
55412
55345
55336
55302
55247
55231
55196
55043
54924
54909
54857
54840
54804
54773
54673
54592
54572
54565
54555
54555
54548
54488
54399
54392
54383
54333
54251
54207
54144
54118
54066
54051
53973
53973
53953
53919
53900
53822
53610
53537
53474
53374
53337
53332
53313
53221
53151
53081
53081
53075
53049
53001
52957
52922
52879
52871
52860
52855
52776
52774
52774
52669
52640
52621
52517
52517
52427
52379
52337
52232
52223
52088
52062
51957
51951
51933
51866
51824
51778
51705
51611
51570
51526
51483
51403
51365
51323
51310
51292
51250
51142
51122
51029
51016
50981
50907
50849
50839
50798
50784
50659
50654
50460
50345
50341
50341
50232
50219
50205
50196
50191
50131
50102
50076
49972
49920
49855
49837
49808
49790
49773
49716
49677
49588
49472
49319
49264
49224
49221
49189
49130
49083
48987
48956
48939
48891
48756
48626
48524
48514
48505
48339
48275
48224
48223
48188
48139
47952
47931
47921
47856
47846
47760
47652
47598
47577
47573
47536
47488
47479
47454
47308
47203
47113
47083
47069
47017
46990
46981
46904
46837
46836
46799
46765
46763
46578
46543
46538
46413
46373
46364
46328
46276
46251
46123
46068
46050
45947
45943
45899
45858
45852
45799
45792
45708
45691
45611
45547
45530
45530
45519
45442
45441
45434
45280
45264
45231
45195
45109
45096
45060
45049
45006
44938
44918
44915
44907
44836
44832
44788
44751
44568
44554
44484
44456
44424
44299
44215
44203
44181
44125
44106
44072
44019
43986
43904
43897
43844
43842
43739
43725
43710
43688
43666
43590
43579
43549
43504
43479
43478
43467
43399
43365
43354
43324
43321
43282
43280
43208
43111
43096
43037
43005
42959
42953
42918
42895
42859
42832
42801
42764
42679
42673
42570
42536
42535
42535
42484
42473
42433
42401
42365
42360
42270
42265
42200
42105
42096
41928
41926
41911
41888
41856
41728
41636
41617
41612
41498
41456
41420
41365
41343
41110
41109
41086
41007
40990
40822
40815
40786
40736
40698
40695
40694
40593
40574
40520
40487
40473
40436
40422
40395
40330
40328
40256
40191
40145
40131
39927
39919
39824
39759
39737
39676
39628
39518
39513
39472
39453
39452
39406
39385
39312
39306
39289
39267
39195
39170
39063
39059
38970
38950
38932
38845
38818
38789
38664
38622
38597
38545
38368
38305
38225
38213
38201
38179
38163
38152
38145
38023
38015
37996
37982
37949
37863
37767
37705
37614
37563
37534
37509
37456
37395
37302
37254
37193
37191
37109
37105
37044
36998
36907
36873
36869
36820
36793
36787
36699
36657
36619
36569
36511
36479
36466
36463
36454
36450
36387
36355
36354
36321
36220
36165
36015
36003
35885
35879
35700
35603
35585
35566
35557
35522
35498
35486
35447
35431
35329
35288
35271
35267
35265
35148
35073
35064
35063
34986
34945
34918
34914
34914
34889
34873
34861
34815
34804
34572
34534
34525
34520
34424
34346
34261
34245
34180
34040
34039
34013
34012
33906
33888
33887
33830
33805
33800
33791
33676
33524
33352
33328
33325
33209
33193
33106
33067
32963
32953
32918
32883
32720
32654
32645
32590
32581
32551
32537
32533
32514
32487
32476
32376
32252
32247
32034
31935
31700
31613
31612
31566
31531
31508
31402
31352
31343
31318
31243
31210
31172
31126
31125
31041
30979
30966
30949
30942
30849
30773
30742
30696
30678
30568
30389
30369
30319
30318
30304
30290
30228
30158
30141
30065
30040
29988
29982
29982
29974
29928
29919
29905
29862
29774
29708
29658
29656
29600
29573
29483
29481
29476
29422
29301
29270
29148
29056
28959
28945
28812
28810
28796
28652
28651
28608
28542
28396
28220
28188
28106
28060
28001
27913
27907
27903
27779
27770
27750
27670
27631
27625
27613
27540
27530
27507
27497
27454
27449
27412
27400
27265
27133
27071
26952
26949
26921
26913
26795
26780
26690
26648
26644
26586
26570
26569
26540
26464
26462
26442
26344
26312
26305
26243
26233
26180
26162
26082
26059
25920
25905
25849
25661
25498
25458
25399
25320
25258
25258
25193
25193
25148
25111
25027
25019
24931
24895
24842
24808
24772
24734
24652
24461
24419
24413
24401
24307
24304
24254
24232
24196
24169
24165
24123
24040
24035
23937
23877
23865
23817
23776
23550
23533
23500
23423
23393
23309
23238
23218
23199
23139
23118
23101
23094
23075
22963
22909
22857
22804
22649
22587
22548
22502
22485
22430
22326
22251
22206
22173
22166
22156
22142
22130
22084
22058
22030
21940
21739
21734
21718
21658
21655
21655
21602
21601
21588
21546
21500
21483
21473
21341
21320
21265
21141
21104
21057
21051
20940
20917
20908
20896
20801
20691
20655
20631
20620
20587
20566
20549
20459
20447
20411
20331
20242
20011
19928
19922
19895
19842
19729
19681
19587
19567
19505
19485
19312
19308
19228
19227
19222
19147
19114
18873
18862
18856
18841
18823
18808
18681
18568
18239
18230
18206
18189
18115
18076
18013
17924
17849
17830
17820
17791
17769
17654
17635
17610
17604
17565
17371
17358
17358
17355
17315
17295
17162
17100
17056
16941
16906
16904
16866
16822
16712
16689
16647
16597
16520
16518
16512
16399
16361
16360
16323
16308
16302
16253
16129
16116
16116
16051
15982
15935
15813
15771
15684
15523
15446
15298
15276
15209
15154
14992
14937
14816
14813
14793
14781
14707
14685
14363
14347
14319
14269
14233
14199
14119
14051
13949
13911
13888
13756
13685
13669
13636
13498
13474
13472
13458
13369
13332
13308
13255
13227
13177
13026
12994
12993
12959
12911
12789
12727
12705
12641
12636
12631
12578
12546
12425
12318
12312
12306
12283
12245
12245
12202
12184
12122
12117
12088
12077
12075
11951
11873
11799
11767
11766
11665
11603
11584
11495
11464
11445
11400
11380
11334
11316
11249
11230
11199
11166
10995
10951
10919
10874
10860
10857
10801
10794
10697
10668
10631
10551
10477
10422
10416
10362
10287
10278
10259
10192
10180
10070
10044
10024
9965
9934
9790
9720
9589
9532
9522
9486
9470
9441
9430
9329
9327
9277
9176
9146
9077
9027
9014
8995
8953
8843
8828
8820
8756
8729
8706
8570
8543
8535
8518
8314
8302
8169
8150
8088
8015
7974
7866
7850
7837
7791
7713
7639
7511
7401
7340
7242
7175
7175
7174
7161
7086
7075
6952
6942
6937
6921
6893
6882
6826
6773
6708
6661
6643
6601
6592
6486
6415
6378
6346
6333
6327
6312
6308
6283
6272
6226
6017
5951
5917
5886
5843
5826
5676
5671
5644
5614
5567
5564
5534
5518
5511
5505
5396
5308
5291
5289
5285
5235
5205
5195
5104
5080
5032
4941
4918
4812
4702
4637
4598
4546
4480
4425
4373
4366
4351
4301
4245
4191
4169
4074
4066
4011
3996
3969
3960
3807
3783
3743
3698
3696
3595
3519
3379
3364
3306
3281
3208
3207
3054
3025
3013
3006
2938
2910
2910
2904
2821
2817
2792
2773
2772
2742
2738
2699
2555
2508
2507
2499
2465
2449
2360
2229
2181
2090
2042
1953
1908
1735
1710
1622
1564
1519
1519
1498
1485
1461
1314
1279
1243
1234
1216
1158
1145
1121
1108
1038
1007
894
818
757
740
734
699
687
666
665
655
637
516
459
438
437
437
419
416
388
387
372
284
265
185
113
10
