99985
99964
99911
99884
99841
99838
99822
99780
99737
99711
99692
99686
99657
99603
99573
99534
99496
99442
99405
99400
99386
99305
99262
99239
99212
99200
99091
99073
99021
98963
98868
98823
98765
98749
98746
98611
98558
98488
98432
98425
98414
98273
98257
98198
98197
98110
97963
97850
97733
97712
97670
97616
97581
97549
97423
97378
97324
97208
97162
97132
97003
96995
96987
96933
96837
96750
96681
96628
96579
96557
96549
96536
96498
96496
96470
96393
96310
96257
96203
96117
95874
95869
95825
95780
95769
95667
95518
95413
95408
95399
95243
95243
95222
95218
95210
95197
95184
95182
95090
94993
94959
94928
94881
94769
94687
94677
94658
94582
94515
94441
94432
94390
94293
94261
94226
94154
94030
93971
93944
93859
93712
93664
93657
93589
93588
93573
93516
93243
93182
93097
93056
93053
93045
93025
93016
92789
92740
92687
92669
92646
92645
92618
92534
92476
92384
92382
92379
92358
92313
92185
92181
92171
92130
92115
91954
91804
91680
91623
91592
91557
91308
91290
91282
91269
91254
91224
91202
91096
91064
90972
90958
90887
90831
90763
90704
90693
90593
90567
90540
90496
90437
90379
90317
90315
90254
90174
90081
90058
90008
89991
89980
89971
89912
89896
89890
89800
89712
89627
89609
89599
89424
89424
89231
89218
89191
89191
89110
89054
89017
88946
88710
88657
88633
88603
88532
88530
88511
88480
88352
88266
88229
88149
88136
88086
88082
88002
87983
87964
87920
87817
87807
87761
87686
87549
87474
87474
87460
87451
87381
87371
87364
87332
87323
87284
87279
87262
87221
87147
87061
87057
87033
86952
86874
86807
86802
86793
86649
86585
86531
86485
86475
86405
86389
86358
86329
86256
86235
86200
86094
86013
85965
85935
85785
85747
85737
85735
85734
85678
85660
85655
85540
85475
85425
85391
85344
85301
85295
85285
85254
85213
85092
85072
85051
85034
85029
84806
84798
84770
84740
84721
84608
84600
84539
84537
84511
84401
84379
84378
84346
84345
84313
84312
84285
84198
84178
84132
84091
84008
83845
83726
83652
83628
83576
83541
83459
83456
83409
83377
83347
83188
83170
83122
83064
83064
83058
83028
82985
82930
82806
82746
82634
82627
82556
82478
82413
82409
82368
82357
82243
82234
82149
82128
82082
82069
82017
81938
81935
81926
81883
81840
81697
81533
81437
81415
81326
81313
81260
81249
81177
81119
81050
81045
80972
80931
80901
80875
80813
80705
80520
80511
80461
80269
80246
80234
80227
80213
80189
80151
80046
80013
79959
79935
79816
79737
79706
79675
79671
79610
79609
79600
79594
79592
79568
79566
79496
79422
79397
79349
79319
79295
79235
79204
79116
79106
79060
79002
78945
78941
78915
78913
78857
78854
78812
78809
78788
78780
78688
78634
78532
78478
78438
78284
78218
78217
78108
78052
78024
77971
77946
77933
77918
77890
77862
77857
77716
77709
77697
77627
77596
77578
77512
77475
77439
77368
77355
77313
77274
77229
77150
77069
77064
77022
76981
76909
76905
76902
76870
76853
76800
76774
76773
76725
76702
76694
76682
76664
76624
76566
76530
76492
76477
76412
76357
76245
76241
76156
76150
76138
76093
76086
76086
76046
76012
75964
75832
75676
75593
75424
75380
75245
75222
75118
75114
75056
74980
74933
74925
74915
74889
74731
74727
74713
74607
74567
74301
74289
74268
74233
74190
74140
73962
73903
73863
73802
73791
73770
73717
73661
73611
73597
73527
73514
73324
73306
73252
73133
73100
73081
73080
73003
72919
72780
72756
72738
72687
72482
72471
72400
72357
72329
72292
72256
72157
72107
72003
71953
71918
71912
71824
71802
71646
71528
71400
71335
71302
71287
71194
71153
71091
71023
70837
70740
70672
70658
70591
70448
70417
70413
70376
70358
70341
70227
70212
70211
70090
69926
69905
69893
69840
69705
69625
69547
69487
69400
69355
69318
69258
69258
69180
69165
69118
69084
69040
68917
68904
68876
68868
68842
68746
68647
68358
68250
68097
68029
67976
67972
67904
67890
67792
67739
67629
67581
67507
67481
67452
67419
67372
67275
67270
67219
67199
67183
67179
67043
66984
66911
66889
66862
66848
66845
66726
66682
66627
66494
66413
66349
66335
66225
66217
66172
66141
66130
66122
66098
66066
65990
65947
65919
65779
65673
65602
65582
65481
65474
65354
65353
65281
65220
65218
65203
65141
65049
65044
65032
64950
64950
64936
64891
64735
64598
64557
64555
64545
64511
64485
64352
64330
64282
64127
64107
64037
63941
63922
63913
63891
63887
63707
63647
63591
63582
63537
63503
63445
63440
63362
63347
63339
63225
63195
63176
63140
63068
63057
62851
62834
62829
62827
62784
62772
62706
62626
62535
62437
62384
62376
62351
62338
62336
62315
62310
62216
62202
62108
62037
61954
61928
61786
61681
61655
61637
61628
61571
61526
61438
61410
61392
61380
61340
61324
61303
61281
61281
61278
61144
61138
61137
61101
61032
60964
60923
60897
60799
60772
60750
60702
60601
60598
60370
60313
60302
60290
60248
60240
60217
60176
60146
60130
60085
60081
60050
59970
59928
59823
59812
59798
59739
59722
59677
59514
59323
59301
59223
59202
59099
59070
58968
58966
58952
58877
58797
58773
58741
58562
58552
58544
58406
58384
58347
58345
58322
58285
58277
58139
58139
58131
58045
58045
58024
57796
57744
57717
57575
57503
57484
57429
57427
57407
57346
57261
57256
57229
57188
57140
57120
57067
57061
57022
56966
56959
56868
56859
56840
56811
56788
56744
56685
56623
56591
56577
56563
56559
56489
56418
56415
56411
56371
56356
56318
56288
56254
56206
56189
56184
55806
55778
55620
55427
55321
55295
55259
55235
55235
55227
55174
55173
55089
55078
55074
55050
55026
55020
55004
54885
54854
54806
54758
54735
54649
54623
54617
54607
54591
54541
54529
54492
54469
54464
54246
54149
54143
54131
54122
54030
53978
53913
53910
53887
53788
53785
53754
53744
53714
53607
53587
53464
53424
53359
53334
53238
53221
53126
52948
52945
52943
52883
52873
52688
52688
52589
52451
52369
52360
52270
52116
52072
52031
51964
51963
51838
51828
51813
51811
51773
51685
51684
51630
51629
51588
51558
51553
51542
51465
51360
51308
51127
51101
51082
51061
51041
51035
50940
50795
50636
50623
50612
50564
50496
50371
50362
50338
50333
50330
50303
50259
50248
50220
50141
50115
50080
50070
50054
50032
50030
50022
50010
49774
49767
49699
49697
49661
49647
49604
49591
49561
49556
49528
49517
49497
49453
49363
49305
49303
49289
49286
49283
49245
49102
49082
49016
49009
48948
48918
48879
48851
48843
48840
48782
48779
48694
48645
48640
48625
48520
48517
48455
48444
48425
48331
48288
48270
48127
48127
47900
47894
47858
47857
47841
47838
47814
47803
47751
47559
47432
47425
47400
47373
47290
47271
47247
47103
47096
47033
46933
46838
46825
46790
46736
46726
46721
46714
46669
46653
46577
46533
46404
46323
46300
46272
46246
46238
46181
46050
45986
45986
45949
45946
45943
45922
45916
45893
45773
45755
45754
45693
45685
45678
45630
45614
45585
45500
45499
45476
45417
45400
45380
45358
45315
45281
45153
45123
45118
45093
45031
45028
45026
44997
44879
44799
44798
44786
44768
44753
44735
44607
44572
44490
44393
44363
44361
44295
44254
44118
44014
43919
43906
43862
43843
43829
43822
43814
43776
43717
43712
43711
43686
43621
43586
43548
43535
43493
43487
43414
43402
43380
43364
43338
43310
43303
43287
43159
43151
43149
42989
42954
42936
42920
42766
42765
42738
42732
42707
42548
42453
42357
42273
42224
42203
42139
42017
41892
41812
41811
41709
41679
41634
41603
41587
41584
41546
41486
41460
41451
41437
41407
41402
41225
41053
41034
40990
40867
40829
40828
40819
40801
40798
40684
40650
40455
40422
40348
40201
40181
40152
40086
40063
40055
40046
39987
39938
39904
39870
39854
39853
39812
39811
39690
39648
39524
39501
39497
39492
39438
39399
39352
39296
39282
39223
39185
39101
38930
38799
38674
38651
38600
38574
38550
38528
38453
38264
38262
38152
38134
38061
37989
37913
37903
37882
37872
37856
37763
37748
37738
37480
37383
37313
37284
37212
37147
37092
37078
37077
37062
36891
36840
36812
36669
36554
36547
36489
36346
36344
36295
36221
36131
36051
36038
36005
35987
35857
35771
35661
35569
35507
35412
35412
35397
35365
35318
35303
35217
34981
34881
34866
34856
34775
34762
34753
34698
34651
34642
34630
34576
34574
34480
34475
34458
34354
34322
34300
34192
34128
34096
34092
34042
33957
33914
33819
33760
33654
33517
33431
33430
33412
33333
33314
33254
33090
33040
33025
32883
32847
32837
32825
32824
32820
32817
32804
32803
32797
32676
32633
32512
32502
32479
32440
32426
32340
32217
32186
32089
32083
32051
31846
31744
31728
31689
31661
31634
31631
31541
31505
31469
31451
31312
31277
31249
31241
31200
31150
31125
31108
31047
31018
30987
30950
30869
30862
30832
30794
30777
30748
30725
30685
30650
30645
30393
30256
30251
30238
30189
30133
30011
29875
29847
29817
29809
29733
29688
29681
29599
29590
29418
29389
29381
29328
29327
29264
29145
29063
28972
28856
28808
28720
28709
28697
28603
28599
28570
28531
28297
28290
28233
28219
28153
28072
28042
28040
27968
27856
27837
27745
27705
27649
27612
27549
27548
27512
27454
27428
27365
27296
27208
27192
27129
27097
26980
26919
26793
26716
26650
26641
26635
26611
26605
26532
26450
26440
26366
26365
26323
26286
26270
26269
26190
26187
26151
26151
25979
25905
25894
25860
25809
25802
25704
25674
25653
25621
25532
25418
25388
25252
25168
25057
25035
25032
24995
24961
24824
24803
24792
24770
24757
24685
24655
24633
24586
24558
24554
24480
24446
24368
24162
24066
23996
23973
23888
23833
23830
23630
23537
23370
23362
23275
23274
23210
23190
23188
23134
23120
23115
23045
23009
22989
22870
22855
22854
22807
22803
22781
22675
22631
22581
22571
22502
22500
22366
22347
22172
22161
22121
22053
22033
22018
22016
22003
21942
21934
21897
21841
21789
21664
21593
21586
21552
21525
21437
21428
21427
21392
21289
21286
21103
21102
21074
21069
21016
20983
20966
20922
20920
20910
20882
20874
20864
20862
20854
20849
20790
20738
20666
20657
20454
20400
20346
20255
20204
20190
20158
20105
20084
20035
19962
19893
19841
19814
19666
19629
19585
19572
19538
19509
19491
19482
19410
19394
19380
19376
19322
19278
19251
19220
19159
19128
19076
19010
18744
18714
18612
18558
18454
18451
18434
18421
18308
18306
18302
18264
18234
18178
18154
18093
18082
18068
18004
17840
17766
17691
17636
17633
17592
17588
17560
17487
17481
17476
17429
17143
17133
17069
17043
16933
16858
16811
16732
16685
16618
16599
16562
16528
16513
16513
16424
16317
16207
16148
16126
15994
15961
15942
15802
15800
15789
15736
15659
15645
15620
15561
15552
15549
15547
15494
15431
15430
15416
15320
15293
15238
15212
15090
15070
15056
14984
14949
14946
14905
14784
14743
14684
14562
14316
14293
14255
14254
14235
14228
14227
14225
14185
14163
14113
14037
14034
14028
14017
14009
13958
13953
13844
13835
13764
13718
13605
13573
13466
13447
13425
13283
13237
13198
13195
13063
13049
12954
12792
12710
12695
12635
12593
12583
12571
12571
12174
12173
12154
12124
12017
11907
11650
11619
11618
11426
11397
11330
11292
11239
11198
11099
11062
11060
11028
10944
10918
10905
10888
10856
10683
10623
10540
10532
10509
10495
10441
10393
10384
10375
10344
10275
10269
10268
10197
10174
10082
9964
9918
9863
9854
9732
9727
9615
9497
9492
9376
9333
9276
9255
9225
9205
9174
9021
8980
8979
8963
8921
8913
8873
8866
8793
8750
8712
8700
8694
8685
8647
8522
8500
8487
8366
8318
8242
8202
8188
8184
8020
7927
7902
7815
7675
7670
7661
7613
7572
7565
7539
7511
7469
7428
7417
7352
7257
7242
7160
7139
7088
7085
7082
7042
6983
6966
6919
6901
6863
6861
6857
6836
6788
6750
6694
6684
6655
6655
6650
6534
6465
6233
6194
6193
6175
6130
6064
6038
6018
6006
5918
5916
5782
5725
5708
5661
5624
5606
5596
5562
5476
5403
5315
5303
5283
5280
5267
5180
5071
5031
4846
4832
4775
4758
4748
4625
4617
4603
4562
4548
4509
4462
4457
4433
4423
4228
4156
4134
3972
3936
3920
3887
3825
3817
3804
3732
3722
3661
3656
3620
3573
3553
3512
3472
3335
3251
3232
3212
3198
3191
3170
3123
3060
3033
3012
2924
2894
2843
2787
2763
2744
2616
2543
2468
2438
2349
2289
2153
2131
2073
2049
1964
1886
1869
1826
1788
1749
1746
1714
1701
1691
1648
1598
1586
1583
1520
1400
1339
1235
1186
1184
1152
1150
1110
1089
1087
1047
1038
1003
976
974
935
871
862
844
799
786
713
593
451
378
356
227
56
49
31
24
22
