99954
99931
99912
99823
99791
99725
99677
99670
99629
99599
99588
99553
99513
99512
99499
99487
99467
99381
99377
99329
99111
99076
99013
99001
98927
98887
98846
98836
98812
98808
98802
98790
98526
98513
98430
98429
98416
98244
98193
98073
98067
97994
97991
97868
97864
97861
97835
97795
97705
97529
97425
97343
97333
97326
97239
97165
97155
97133
97116
97055
97055
96904
96840
96835
96758
96688
96618
96605
96587
96574
96499
96402
96318
96311
96255
96226
96116
96108
96013
95989
95973
95875
95843
95592
95546
95503
95499
95486
95423
95419
95407
95372
95360
95329
95304
95229
95162
95043
94973
94962
94904
94898
94868
94835
94809
94791
94789
94772
94698
94660
94591
94530
94503
94497
94492
94490
94457
94407
94388
94378
94368
94318
94296
94277
94262
94238
94196
94191
94175
94109
94045
94037
94000
93995
93929
93901
93861
93777
93765
93745
93722
93710
93648
93506
93381
93375
93291
93272
93223
93173
93161
93143
93050
92926
92878
92848
92818
92786
92702
92677
92669
92526
92510
92505
92464
92429
92331
92086
92023
91944
91854
91819
91789
91764
91714
91676
91669
91644
91574
91534
91434
91409
91404
91350
91218
91164
91099
90895
90892
90874
90835
90829
90801
90648
90609
90574
90537
90525
90493
90454
90396
90359
90181
90154
90146
90141
90058
90025
89806
89745
89679
89674
89656
89602
89594
89561
89336
89295
89183
89173
89060
89013
88996
88987
88964
88963
88893
88844
88741
88722
88712
88709
88696
88585
88362
88316
88294
88178
88062
87879
87833
87760
87741
87739
87737
87694
87657
87601
87460
87428
87420
87395
87312
87304
87279
87273
87198
87099
87047
86851
86850
86802
86759
86754
86734
86721
86713
86700
86668
86627
86622
86595
86590
86569
86391
86297
86255
86192
86182
86141
86116
86111
86070
86023
86011
86007
85986
85965
85893
85804
85759
85579
85558
85517
85479
85269
85268
85140
85095
85079
85065
85011
84967
84941
84912
84833
84770
84732
84713
84688
84681
84679
84656
84553
84489
84479
84461
84296
84268
84266
84210
84202
84129
84092
83933
83895
83889
83830
83778
83752
83731
83706
83648
83548
83529
83469
83323
83279
83252
83228
83193
83186
83075
83045
82953
82939
82865
82806
82774
82747
82593
82516
82500
82399
82391
82317
82273
82239
82226
82209
82109
81995
81986
81965
81965
81943
81903
81902
81725
81714
81668
81641
81534
81415
81414
81359
81341
81257
81211
81143
81132
81097
81090
81086
81043
80972
80915
80874
80724
80618
80599
80595
80587
80478
80429
80424
80401
80300
80227
80180
80158
80062
80058
80042
79947
79924
79912
79833
79824
79810
79738
79684
79613
79487
79424
79244
79169
79141
79031
79029
78948
78891
78836
78773
78461
78410
78279
78277
78216
78158
78128
78053
78030
77913
77814
77792
77712
77693
77682
77624
77467
77410
77323
77310
77218
77180
77141
77129
77124
77083
77071
77051
77050
76993
76965
76931
76890
76884
76861
76808
76739
76739
76738
76736
76717
76697
76695
76687
76641
76633
76498
76362
76319
76289
76253
76131
76106
76084
76061
75899
75869
75824
75773
75741
75731
75603
75566
75538
75407
75357
75353
75319
75295
75271
75113
75051
74916
74864
74749
74587
74445
74399
74385
74381
73957
73931
73857
73835
73811
73602
73551
73422
73416
73295
73173
73153
73072
72981
72969
72961
72952
72903
72779
72734
72656
72594
72585
72571
72469
72351
72336
72297
72278
72275
72237
72208
72207
72177
71955
71926
71920
71856
71726
71723
71576
71532
71517
71393
71230
71209
71198
71171
71126
71102
70975
70884
70835
70674
70558
70524
70496
70438
70311
70198
70155
70145
70141
70029
69977
69948
69883
69827
69673
69643
69639
69510
69501
69480
69459
69455
69423
69368
69347
69235
69157
69155
69092
69085
69034
69018
68985
68947
68864
68819
68792
68768
68687
68658
68422
68379
68211
68175
68165
67973
67939
67928
67903
67878
67868
67751
67683
67683
67579
67568
67510
67378
67294
67236
67114
67111
67097
67092
67079
66976
66966
66902
66880
66864
66857
66784
66783
66772
66769
66638
66636
66623
66620
66556
66546
66496
66357
66350
66345
66304
66270
66251
66229
66127
66026
66016
65988
65922
65841
65748
65651
65612
65564
65521
65518
65453
65350
65324
65257
65161
65127
64985
64958
64909
64888
64749
64737
64686
64609
64494
64480
64348
64320
64266
64203
64179
64109
64108
64103
64081
64063
64054
64041
63994
63980
63947
63847
63836
63809
63800
63766
63720
63711
63669
63529
63517
63500
63426
63339
63281
63207
63206
63197
63101
63100
63053
63046
62911
62885
62849
62822
62775
62741
62721
62543
62377
62371
62346
62343
62224
62211
62140
62125
62111
62098
62068
62034
62000
61971
61757
61660
61630
61602
61566
61468
61466
61446
61417
61396
61246
61212
61202
61123
61074
61060
60906
60879
60870
60723
60717
60654
60642
60590
60576
60524
60477
60361
60253
60176
60055
60020
59935
59876
59866
59848
59816
59776
59755
59713
59633
59628
59585
59541
59539
59536
59521
59508
59435
59422
59406
59332
59326
59173
59121
59054
59035
59033
59025
58963
58944
58942
58869
58755
58575
58536
58489
58481
58447
58423
58394
58243
58226
58180
58157
58127
58089
58045
58004
57964
57912
57865
57721
57718
57582
57510
57481
57461
57428
57325
57214
57139
57135
57039
57008
56972
56942
56905
56847
56758
56753
56695
56689
56641
56584
56580
56529
56480
56346
56302
56184
56130
55966
55925
55873
55737
55728
55667
55655
55644
55524
55521
55436
55412
55375
55346
55329
55323
55245
55164
55122
55061
55047
54912
54861
54809
54799
54793
54784
54770
54746
54671
54522
54519
54503
54453
54413
54413
54394
54311
54266
54263
54205
54177
54049
53999
53998
53960
53919
53863
53819
53817
53757
53753
53605
53605
53594
53561
53529
53520
53510
53501
53474
53438
53438
53388
53377
53224
53208
53188
53184
53149
53043
52988
52910
52857
52768
52754
52737
52732
52724
52628
52613
52566
52561
52524
52485
52466
52389
52354
52186
52172
51953
51944
51927
51909
51892
51862
51837
51818
51792
51763
51725
51680
51666
51588
51563
51467
51464
51437
51435
51422
51379
51362
51307
51265
51254
51241
51234
51213
51118
51117
51032
50965
50936
50870
50827
50786
50724
50574
50570
50555
50537
50523
50508
50435
50376
50217
50165
50150
50122
50017
50010
49958
49906
49881
49878
49870
49845
49713
49707
49634
49609
49585
49577
49546
49536
49536
49482
49386
49372
49337
49320
49245
49003
48890
48760
48700
48649
48633
48584
48478
48468
48465
48461
48450
48440
48440
48295
48205
48097
48074
47984
47978
47889
47865
47842
47803
47800
47641
47629
47600
47536
47532
47509
47421
47420
47392
47380
47378
47332
47321
47268
47138
47129
47063
46887
46820
46771
46760
46753
46707
46695
46419
46363
46348
46291
46279
46264
46207
46157
46150
46098
46097
46081
46029
45963
45888
45868
45795
45791
45717
45713
45620
45608
45465
45440
45426
45409
45390
45354
45255
45244
45224
45220
45180
45111
44968
44827
44793
44698
44687
44663
44553
44538
44529
44282
44259
44235
44184
44175
44131
43993
43981
43888
43797
43792
43746
43731
43643
43640
43587
43453
43416
43341
43196
43163
43061
42896
42854
42762
42732
42730
42707
42669
42558
42519
42485
42444
42422
42416
42389
42355
42275
42239
42236
42102
42097
42077
42040
42005
41984
41900
41857
41816
41641
41640
41627
41549
41506
41506
41493
41440
41428
41359
41313
41224
41199
41197
41177
41125
40844
40818
40708
40647
40615
40457
40433
40394
40383
40361
40353
40317
40241
40230
40210
40201
40139
40125
40013
39985
39970
39956
39950
39922
39860
39798
39761
39742
39637
39293
39273
39231
39132
39122
39095
39019
38918
38826
38738
38703
38607
38529
38481
38372
38365
38337
38331
38288
38275
38237
38210
38191
38191
38190
38028
38019
38012
38010
37995
37981
37757
37746
37585
37566
37559
37515
37491
37472
37469
37336
37251
37226
37180
36993
36834
36823
36812
36806
36766
36718
36689
36552
36527
36463
36449
36435
36272
36208
36106
36093
35961
35920
35899
35846
35775
35734
35729
35703
35615
35586
35545
35544
35502
35318
35315
35232
35219
35201
35043
35033
34987
34966
34951
34878
34874
34679
34459
34419
34293
34255
34239
34160
34067
34066
34030
33955
33943
33872
33851
33846
33758
33757
33676
33562
33559
33509
33481
33468
33405
33299
33292
33286
33239
33234
33160
33136
33095
33039
32964
32827
32807
32725
32652
32650
32504
32479
32371
32246
32179
32171
32169
32157
32042
31974
31870
31699
31676
31573
31525
31464
31457
31439
31380
31318
31284
31276
31269
31118
30972
30828
30806
30767
30766
30737
30680
30658
30643
30634
30607
30471
30470
30447
30440
30405
30398
30286
30264
30234
30218
30205
30138
30074
30016
30015
30002
29995
29876
29841
29798
29729
29720
29710
29668
29664
29605
29565
29545
29492
29492
29479
29461
29355
29287
29216
29180
29015
28998
28936
28877
28875
28869
28866
28840
28783
28769
28756
28674
28647
28620
28590
28519
28434
28391
28257
28140
28071
28019
27980
27934
27901
27881
27827
27765
27753
27570
27557
27438
27366
27342
27338
27320
27284
27272
27236
27124
27076
27042
26986
26927
26925
26875
26848
26758
26756
26667
26661
26646
26641
26620
26600
26594
26552
26539
26539
26384
26302
26228
26076
26073
26040
26028
26003
25886
25801
25764
25695
25499
25439
25402
25335
25312
25257
25086
25052
25044
24887
24886
24856
24837
24813
24803
24745
24706
24633
24628
24568
24525
24521
24497
24496
24279
24244
24236
24226
24222
24215
24126
24079
24075
24029
23945
23912
23893
23887
23878
23875
23822
23782
23774
23625
23514
23489
23457
23398
23372
23178
23054
23030
22987
22897
22872
22731
22697
22688
22685
22661
22642
22562
22505
22419
22238
22177
22176
22175
22155
22133
22130
22072
22038
21991
21973
21949
21900
21893
21827
21818
21815
21729
21693
21683
21671
21670
21622
21613
21600
21552
21483
21438
21408
21354
21153
21137
21104
21101
21098
21072
21051
21045
21023
21003
20974
20879
20861
20802
20731
20722
20721
20694
20681
20623
20593
20568
20560
20550
20473
20440
20431
20373
20335
20259
20194
20171
20169
20066
19988
19754
19732
19705
19680
19532
19520
19450
19418
19405
19398
19389
19313
19161
19153
19133
19128
19123
18982
18981
18967
18876
18839
18820
18755
18699
18635
18625
18576
18531
18454
18451
18445
18302
18264
18252
18210
18201
17874
17839
17817
17776
17758
17683
17454
17424
17399
17342
17338
17281
17265
17253
17207
17149
16986
16975
16898
16894
16890
16841
16696
16629
16587
16574
16541
16476
16384
16358
16337
16292
16286
16261
16260
16235
16234
16214
16095
16077
16077
16002
15943
15939
15930
15807
15694
15500
15467
15449
15379
15235
15210
15200
15114
15096
15017
15014
14892
14788
14706
14703
14677
14666
14595
14563
14501
14478
14450
14359
14352
14350
14322
14307
14188
14143
14116
14105
13929
13903
13859
13824
13817
13755
13689
13666
13643
13594
13581
13580
13481
13478
13431
13381
13337
13296
13292
13287
13264
13238
13134
13122
13107
13092
13073
13052
12999
12999
12942
12768
12735
12701
12578
12573
12454
12443
12392
12347
12313
12284
12263
12172
12160
12148
12113
12110
11740
11709
11695
11680
11678
11662
11532
11435
11426
11379
11345
11309
11289
11231
11163
11163
11129
11122
10746
10687
10675
10578
10546
10542
10505
10412
10393
10352
10333
10300
10242
10225
10222
10219
10168
10072
10043
9971
9896
9884
9882
9841
9827
9742
9620
9512
9492
9485
9417
9338
9247
9233
9176
9166
9157
9108
9017
9005
9004
8937
8815
8697
8655
8616
8575
8486
8374
8351
8317
8284
8263
8191
8079
8077
7952
7886
7783
7782
7751
7682
7673
7666
7661
7612
7563
7539
7529
7507
7482
7464
7414
7272
7204
7066
7008
6988
6971
6959
6939
6915
6874
6797
6755
6741
6681
6678
6639
6534
6469
6401
6370
6364
6294
6220
6211
6166
6153
6101
6032
6008
5972
5949
5930
5905
5798
5706
5701
5626
5596
5570
5539
5530
5518
5447
5440
5396
5372
5310
5251
5246
5232
5161
5154
5141
4968
4929
4832
4760
4736
4608
4529
4503
4485
4481
4447
4416
4397
4358
4334
4213
4158
4064
4037
3921
3860
3852
3846
3801
3788
3727
3709
3659
3552
3534
3530
3524
3371
3338
3263
3252
3249
3241
3075
3043
2966
2879
2827
2758
2744
2709
2704
2682
2588
2536
2492
2491
2478
2461
2430
2404
2355
2303
2288
2218
2097
2091
2027
1941
1901
1800
1746
1717
1682
1641
1470
1453
1409
1397
1313
1304
1235
1187
1149
1131
1081
1067
1058
1000
976
863
852
783
763
648
552
510
494
366
339
338
330
317
232
185
139
110
95
0
