99992
99979
99952
99888
99864
99859
99824
99803
99691
99661
99655
99523
99509
99435
99420
99409
99394
99294
99288
99255
99247
99240
99162
99154
99122
99095
99050
99024
99007
98999
98984
98949
98778
98774
98772
98770
98754
98750
98739
98737
98713
98662
98640
98510
98472
98447
98312
98297
98237
98227
98215
98211
98208
98130
98127
98113
98037
98005
97995
97891
97890
97745
97730
97718
97585
97576
97309
97307
97239
97231
97118
97038
97004
96975
96966
96933
96820
96758
96668
96580
96468
96465
96454
96419
96359
96350
96258
96254
96213
96154
96116
96014
96005
95748
95712
95637
95454
95431
95407
95397
95394
95359
95134
95029
94989
94966
94961
94861
94792
94680
94561
94490
94473
94464
94406
94381
94291
94272
94183
94170
94007
93986
93981
93979
93942
93925
93923
93904
93825
93800
93723
93718
93592
93531
93476
93465
93442
93436
93351
93297
93232
93218
93211
93159
93080
93020
92968
92967
92867
92862
92766
92647
92635
92554
92553
92360
92258
92167
92069
92000
91997
91941
91887
91887
91869
91865
91849
91832
91830
91825
91805
91766
91759
91735
91590
91481
91297
91291
91166
91119
91111
91094
91039
91022
90999
90978
90952
90908
90881
90829
90757
90717
90644
90627
90533
90488
90482
90459
90415
90369
90359
90358
90344
90281
90250
90137
90099
89979
89887
89798
89720
89700
89683
89682
89602
89513
89342
89334
89304
89237
89089
89030
88955
88952
88921
88895
88811
88780
88744
88718
88654
88627
88586
88575
88573
88532
88405
88304
88277
88265
88121
88105
88038
87931
87919
87866
87844
87834
87824
87778
87759
87757
87650
87640
87629
87613
87421
87367
87346
87199
87185
87148
87050
87031
86977
86929
86920
86752
86706
86683
86683
86630
86547
86517
86495
86451
86366
86256
86181
86145
86144
86074
86071
85965
85862
85844
85829
85778
85663
85625
85520
85448
85446
85437
85313
85296
85243
85232
85183
85172
85161
85115
85061
85057
85034
84989
84983
84927
84872
84829
84747
84661
84623
84600
84580
84510
84509
84398
84360
84343
84230
84201
84165
84163
84155
84128
84096
84057
84038
83895
83869
83863
83830
83664
83634
83595
83556
83431
83375
83318
83284
83132
82885
82786
82767
82759
82704
82596
82548
82517
82481
82451
82446
82428
82410
82336
82239
82191
82190
82179
82136
82134
82095
82080
82058
82052
82003
81964
81922
81918
81784
81783
81648
81453
81423
81394
81360
81355
81169
81124
81047
81043
80949
80930
80896
80751
80717
80636
80467
80375
80338
80287
80283
80222
80202
80173
80048
79919
79911
79896
79862
79789
79753
79737
79728
79665
79565
79525
79372
79347
79333
79323
79222
79176
79041
79038
78750
78666
78629
78573
78472
78472
78457
78405
78252
78247
78177
78034
78033
78017
77893
77854
77749
77725
77536
77513
77507
77497
77440
77370
77290
77284
77191
77139
77101
77019
76985
76984
76912
76898
76835
76833
76826
76803
76621
76590
76556
76536
76533
76461
76418
76415
76393
76322
76289
76227
76219
76209
76205
76183
76106
75992
75951
75887
75881
75782
75777
75748
75719
75630
75629
75523
75508
75508
75487
75469
75445
75416
75385
75321
75299
75207
75044
75033
74926
74901
74876
74854
74702
74695
74626
74564
74563
74524
74494
74422
74398
74233
74217
74177
74086
73984
73897
73856
73783
73758
73755
73746
73651
73515
73500
73464
73455
73434
73385
73363
73312
73260
73211
73162
73145
73080
73073
73000
72957
72852
72824
72801
72674
72644
72640
72582
72540
72511
72476
72469
72454
72336
72307
72250
72225
72148
72096
72047
72037
72013
71998
71994
71990
71884
71806
71788
71688
71680
71529
71515
71482
71329
71288
71237
71220
71211
71162
71119
71049
71023
70951
70929
70924
70872
70867
70798
70612
70587
70562
70549
70432
70402
70395
70348
70335
70331
70292
70170
70143
70109
70063
70002
69947
69924
69899
69784
69698
69626
69598
69581
69579
69501
69495
69486
69450
69397
69378
69301
69286
69282
69211
69203
69202
69078
68968
68951
68926
68914
68913
68841
68784
68423
68377
68365
68326
68289
68227
68215
68178
68153
68142
68082
67893
67790
67764
67721
67686
67680
67608
67606
67590
67582
67494
67431
67430
67340
67316
67304
67254
67250
67237
67140
67124
67022
67018
67003
66960
66959
66845
66808
66796
66762
66737
66725
66719
66577
66554
66552
66530
66490
66357
66307
66257
66237
66175
66147
66061
66040
65900
65819
65762
65716
65681
65668
65599
65541
65536
65500
65326
65230
65112
65105
65104
65077
64951
64830
64825
64780
64777
64727
64719
64703
64593
64553
64526
64479
64455
64389
64384
64309
64295
64264
64178
64137
64087
64085
64078
64065
63992
63848
63756
63751
63724
63695
63664
63663
63538
63493
63443
63384
63381
63372
63350
63275
63257
63147
63128
63073
62952
62936
62870
62824
62806
62756
62737
62663
62645
62590
62545
62485
62478
62466
62390
62352
62259
62055
62043
61891
61807
61730
61669
61542
61516
61502
61446
61309
61275
61271
61213
61170
61155
61154
61116
61106
61092
61088
60946
60917
60891
60860
60838
60821
60810
60806
60744
60702
60683
60674
60665
60621
60593
60590
60482
60452
60449
60440
60375
60373
60365
60339
60332
60270
60232
60213
60139
60133
60126
60019
59941
59934
59898
59835
59794
59756
59717
59716
59710
59617
59576
59570
59555
59516
59403
59390
59379
59375
59332
59323
59262
59143
59095
59006
58987
58969
58968
58883
58801
58772
58715
58710
58703
58675
58664
58656
58655
58614
58589
58478
58457
58410
58381
58358
58327
58315
58306
58139
58062
58034
57962
57947
57826
57813
57785
57783
57770
57676
57667
57636
57608
57441
57313
57226
57204
57177
57151
57128
57036
56931
56748
56685
56565
56470
56412
56406
56289
56069
55995
55992
55940
55875
55836
55823
55822
55767
55718
55635
55540
55504
55412
55329
55287
55283
55263
55234
55208
55155
55117
55073
55066
54998
54984
54869
54752
54732
54595
54591
54560
54505
54399
54363
54299
54292
54227
54125
54114
54087
54053
54045
53996
53963
53930
53785
53765
53721
53704
53643
53610
53599
53442
53398
53331
53325
53306
53273
53254
53218
53198
53135
53119
53029
52884
52859
52851
52792
52761
52752
52690
52616
52607
52578
52576
52493
52482
52352
52286
52226
52200
52184
52104
52043
52016
52012
51869
51752
51739
51625
51603
51593
51580
51571
51525
51484
51468
51415
51367
51253
51245
51213
51210
51149
51111
50943
50885
50880
50855
50837
50716
50708
50705
50640
50533
50447
50348
50319
50210
50067
50057
49829
49813
49774
49767
49758
49742
49693
49620
49617
49499
49421
49405
49397
49283
49262
49251
49175
49140
49092
49027
48871
48654
48650
48634
48620
48587
48500
48478
48424
48422
48418
48405
48399
48394
48343
48309
48271
48267
48263
48193
48133
48126
48098
48087
48045
47993
47905
47853
47844
47793
47745
47744
47720
47672
47585
47541
47512
47406
47388
47363
47351
47305
47288
47208
47104
47051
46972
46954
46892
46833
46801
46766
46720
46706
46575
46474
46467
46390
46387
46376
46244
46135
46081
46037
45981
45966
45792
45777
45506
45497
45478
45468
45468
45393
45386
45310
45295
45214
45094
44968
44962
44923
44884
44806
44769
44666
44655
44648
44590
44562
44515
44507
44506
44473
44464
44399
44368
44366
44363
44336
44210
44126
44123
44106
44098
44058
44050
43916
43886
43842
43831
43800
43752
43750
43714
43668
43655
43647
43616
43576
43557
43544
43426
43406
43372
43214
43091
43049
43005
42992
42961
42948
42920
42870
42857
42816
42783
42742
42736
42685
42645
42617
42499
42440
42224
42193
42156
42138
42134
42102
41982
41975
41968
41867
41852
41782
41756
41753
41686
41684
41643
41615
41476
41440
41409
41228
41135
41104
41101
41099
41081
41064
40966
40948
40926
40878
40831
40766
40765
40645
40534
40480
40478
40385
40281
40118
40102
40044
40025
39959
39941
39890
39862
39555
39417
39396
39376
39317
39286
39251
39167
39164
39136
39119
39055
38948
38909
38902
38862
38860
38842
38778
38775
38727
38713
38686
38630
38629
38618
38592
38592
38581
38548
38504
38443
38371
38371
38343
38320
38317
38280
38176
38154
38136
38132
38093
38066
38033
38009
37863
37640
37616
37494
37478
37453
37373
37354
37349
37340
37323
37210
37182
37164
37117
37032
37025
36994
36936
36899
36869
36844
36798
36762
36671
36629
36591
36519
36465
36452
36430
36346
36322
36288
36287
36286
36229
36057
36038
35965
35900
35880
35759
35747
35739
35729
35651
35640
35612
35519
35518
35454
35415
35378
35319
35281
35245
35093
34937
34847
34847
34761
34710
34670
34613
34583
34560
34554
34462
34448
34413
34333
34323
34153
34081
34081
34065
34025
34003
33997
33951
33933
33883
33771
33706
33701
33697
33694
33548
33469
33437
33374
33180
33119
32974
32964
32925
32808
32781
32778
32767
32645
32607
32599
32599
32518
32512
32511
32418
32392
32339
32337
32276
32192
32170
32098
32046
32034
32023
31996
31982
31952
31835
31686
31659
31624
31623
31618
31601
31525
31440
31433
31350
31210
31196
31096
31071
30980
30973
30924
30815
30808
30643
30518
30512
30457
30432
30375
30344
30296
30262
30176
30021
29991
29980
29971
29957
29937
29921
29903
29805
29793
29733
29727
29701
29630
29621
29615
29564
29559
29538
29452
29397
29395
29390
29370
29328
29241
29240
29236
29235
29218
29192
29055
29036
28978
28937
28934
28900
28810
28759
28711
28704
28692
28570
28560
28520
28314
28263
28185
28083
28060
28060
28054
28014
27984
27956
27899
27891
27887
27859
27851
27831
27760
27736
27726
27716
27644
27623
27525
27524
27522
27478
27429
27358
27316
27285
27269
27197
27169
26941
26877
26837
26836
26792
26693
26664
26596
26486
26481
26230
26165
26142
26113
26089
26084
26073
26013
25996
25968
25852
25849
25826
25785
25766
25731
25618
25605
25560
25485
25460
25424
25283
25269
25093
24970
24963
24885
24858
24721
24708
24649
24538
24459
24428
24418
24337
24175
24172
24125
23985
23982
23974
23960
23916
23881
23869
23825
23803
23798
23758
23644
23588
23521
23483
23475
23468
23466
23441
23190
23079
23068
23008
22990
22982
22923
22908
22853
22707
22665
22619
22554
22528
22445
22433
22330
22289
22287
22266
22232
22139
22058
22032
22015
21854
21811
21784
21733
21689
21641
21546
21476
21447
21378
21241
21111
21106
21105
21060
21052
21000
20977
20961
20952
20949
20810
20783
20710
20701
20598
20527
20502
20427
20410
20367
20336
20317
20262
20203
20077
20041
19839
19829
19825
19795
19776
19776
19770
19676
19666
19611
19581
19571
19570
19479
19338
19290
19127
19113
19107
19053
18990
18969
18967
18950
18884
18816
18766
18686
18681
18580
18569
18567
18556
18501
18395
18332
18234
18226
18193
18058
17973
17864
17712
17633
17619
17575
17564
17560
17522
17477
17400
17215
17204
17081
16521
16470
16436
16421
16408
16360
16356
16284
16190
16166
16145
16045
16005
15636
15614
15569
15513
15421
15414
15378
15370
15315
15291
15221
15207
15041
14956
14894
14883
14832
14805
14804
14728
14721
14614
14573
14566
14508
14460
14432
14354
14326
14250
14179
14081
14019
13953
13906
13898
13857
13778
13681
13645
13581
13381
13326
13222
13047
13018
12929
12920
12694
12636
12622
12616
12572
12559
12503
12490
12454
12378
12374
12363
12356
12340
12277
12216
12215
12201
12193
12172
12127
12074
12052
11922
11822
11778
11770
11762
11726
11722
11718
11637
11596
11455
11340
11284
11221
11135
11042
10859
10859
10809
10751
10749
10534
10525
10511
10454
10389
10307
10277
10164
10156
10126
10108
9908
9883
9879
9834
9779
9640
9605
9499
9409
9385
9377
9371
9334
9252
9183
9091
9088
8999
8837
8831
8728
8724
8641
8624
8624
8609
8607
8600
8526
8483
8369
8264
8262
8192
8151
7989
7894
7803
7801
7692
7667
7590
7585
7498
7411
7391
7246
7208
7188
7185
7156
7064
7044
6953
6885
6874
6816
6697
6618
6534
6479
6450
6388
6301
6258
6245
6226
6123
6086
6082
6044
6028
6021
5936
5918
5903
5889
5878
5787
5767
5764
5745
5670
5661
5627
5560
5480
5464
5458
5442
5396
5329
5252
5246
5209
5207
5203
5123
5092
4972
4951
4930
4880
4837
4742
4700
4696
4671
4620
4611
4611
4545
4440
4387
4386
4202
4152
4135
4079
4076
4067
4057
4051
4011
4003
3889
3777
3692
3593
3558
3552
3434
3417
3358
3347
3328
3286
3241
3232
3192
3166
3025
2969
2792
2730
2724
2697
2614
2538
2537
2497
2474
2469
2415
2357
2341
2212
2144
2092
2060
2034
1863
1771
1736
1696
1669
1511
1506
1483
1386
1289
1265
1265
1230
1199
1183
1173
998
926
906
903
882
865
848
776
774
596
577
446
360
325
283
221
212
203
144
64
