99981
99934
99913
99866
99790
99738
99715
99687
99649
99506
99486
99401
99361
99344
99331
99279
99252
99216
98995
98888
98885
98875
98871
98788
98564
98503
98414
98409
98388
98371
98368
98367
98359
98350
98340
98319
98245
98153
98096
98080
98054
98031
98000
97939
97935
97871
97848
97843
97833
97748
97586
97554
97540
97537
97466
97410
97377
97363
97361
97345
97317
97260
97201
97120
97094
97078
97064
97059
96967
96928
96770
96716
96476
96468
96331
96287
96257
96237
96225
96170
96123
96087
95961
95934
95867
95855
95839
95765
95670
95568
95538
95438
95405
95405
95228
95152
94992
94975
94913
94802
94761
94747
94680
94679
94623
94595
94316
94302
94262
94179
94168
94163
94134
94074
94053
94051
93969
93957
93942
93897
93865
93774
93770
93770
93680
93662
93244
93242
93069
93041
93023
93019
92915
92909
92877
92853
92766
92719
92659
92652
92628
92618
92596
92536
92429
92425
92399
92357
92353
92311
92255
92233
92141
92085
92079
91867
91847
91739
91639
91631
91584
91400
91361
91335
91308
91276
91224
91150
91126
91081
91052
91041
91014
90954
90853
90848
90841
90763
90627
90588
90572
90530
90371
90324
90319
90315
90298
90245
90227
90214
90073
90069
90011
89952
89943
89926
89907
89843
89801
89652
89526
89464
89452
89425
89389
89376
89300
89256
89222
89141
89042
89010
88793
88774
88765
88737
88561
88460
88328
88205
88185
88119
88095
88092
88048
88033
88010
88001
87910
87906
87888
87819
87794
87764
87709
87690
87588
87558
87552
87526
87377
87272
87209
87157
87139
87133
87116
87027
87024
86988
86973
86948
86709
86647
86614
86507
86404
86348
86295
86260
86247
86222
86221
86151
86142
85924
85777
85777
85763
85710
85682
85674
85659
85644
85598
85534
85512
85297
85260
85196
85070
85032
84963
84962
84952
84946
84889
84871
84841
84762
84722
84700
84693
84657
84560
84541
84451
84405
84372
84187
84092
84089
84082
84081
84051
84050
84009
83944
83873
83865
83851
83798
83669
83667
83627
83620
83571
83493
83460
83310
83278
83196
83182
83171
83156
83152
83120
83093
83083
82766
82753
82733
82665
82621
82548
82494
82444
82423
82387
82333
82215
82194
81951
81798
81787
81699
81648
81639
81634
81532
81451
81444
81307
81284
81280
81259
81200
81163
81159
81139
81115
81106
81074
81053
81027
80999
80862
80798
80730
80710
80686
80649
80553
80490
80427
80237
80136
80105
80096
79988
79978
79965
79829
79781
79744
79691
79683
79659
79654
79606
79589
79583
79566
79558
79542
79442
79394
79236
79187
79157
79141
79112
79039
78895
78864
78849
78672
78555
78530
78524
78509
78496
78423
78402
78309
78254
78219
78176
78130
78066
77899
77847
77835
77688
77559
77511
77417
77375
77372
77369
77363
77215
77192
77162
77123
77058
76981
76916
76859
76835
76670
76670
76659
76553
76541
76532
76528
76507
76475
76383
76364
76349
76345
76332
76290
76271
76195
76188
76186
76162
76121
76054
75949
75927
75898
75890
75863
75842
75755
75658
75651
75523
75467
75437
75328
75311
75284
75175
75150
75071
75028
75004
74933
74893
74860
74814
74775
74734
74688
74578
74567
74525
74514
74510
74349
74338
74295
74245
74201
74199
74197
74166
74147
74113
74096
74077
74036
73987
73909
73865
73801
73751
73652
73596
73582
73576
73540
73474
73452
73423
73237
73229
73218
73206
73178
73167
73162
73097
73074
73062
73043
73039
72986
72942
72917
72913
72912
72876
72831
72794
72777
72721
72585
72577
72560
72549
72447
72433
72400
72396
72382
72243
72161
72147
72017
72008
71985
71976
71856
71853
71852
71820
71820
71812
71775
71721
71714
71677
71674
71663
71644
71641
71623
71606
71563
71552
71525
71521
71344
71342
71312
71295
71256
71245
71233
71217
71118
70987
70965
70958
70877
70823
70787
70770
70755
70750
70710
70674
70638
70618
70585
70535
70488
70484
70310
70269
70154
70124
69866
69847
69824
69806
69760
69734
69653
69635
69584
69578
69495
69389
69370
69346
69315
69273
69095
68911
68897
68863
68844
68805
68802
68792
68786
68768
68480
68426
68376
68360
68270
68229
68229
68226
68202
68198
68107
68087
67967
67966
67958
67927
67822
67816
67753
67720
67713
67643
67621
67620
67590
67567
67562
67556
67443
67410
67251
67187
66903
66886
66857
66857
66820
66812
66674
66650
66591
66444
66419
66412
66343
66286
66249
66143
66082
65954
65925
65901
65823
65780
65716
65659
65581
65503
65462
65446
65439
65391
65320
65300
65264
65236
65158
65125
65055
64952
64854
64725
64610
64596
64586
64585
64386
64300
64143
64097
64043
64010
63991
63986
63687
63674
63650
63517
63445
63300
63168
63134
63114
63063
62875
62855
62837
62824
62793
62682
62668
62628
62592
62579
62553
62523
62511
62466
62427
62399
62306
62298
62173
62170
62145
62123
62069
62015
62009
61993
61934
61889
61877
61832
61810
61754
61726
61671
61653
61632
61621
61588
61542
61531
61492
61416
61402
61296
61258
61200
61199
61179
61172
61146
61140
60918
60900
60805
60804
60718
60694
60676
60619
60525
60472
60359
60353
60350
60325
60319
60206
60086
60082
60024
59865
59860
59855
59811
59644
59576
59506
59487
59486
59447
59312
59310
59250
59240
59204
58892
58637
58623
58623
58573
58569
58565
58523
58480
58439
58398
58363
58309
58266
58176
58131
58010
58002
57954
57930
57851
57800
57760
57683
57536
57371
57363
57351
57320
57314
57271
57201
57200
57090
57079
57049
56973
56958
56911
56874
56860
56767
56737
56689
56631
56590
56541
56533
56467
56464
56434
56417
56397
56327
56269
56256
56231
56202
56185
56176
56058
56055
55955
55931
55920
55669
55550
55523
55483
55400
55340
55318
55145
55128
55125
55125
55079
55048
54869
54811
54658
54485
54382
54374
54301
54193
54170
54080
54071
54051
54051
54044
54035
54033
54009
53916
53911
53885
53838
53827
53819
53680
53598
53548
53536
53514
53430
53320
53316
53304
53227
53218
53197
53189
53122
52868
52850
52780
52754
52694
52676
52615
52507
52476
52475
52398
52393
52368
52338
52277
52122
52054
51968
51822
51814
51802
51711
51658
51624
51599
51513
51416
51402
51375
51337
51276
51158
51115
50999
50880
50853
50835
50721
50721
50702
50689
50682
50656
50634
50580
50569
50449
50398
50392
50366
50355
50313
50271
50255
50137
50126
49936
49929
49909
49832
49830
49715
49683
49631
49628
49538
49479
49305
49285
49249
49078
49050
49036
48936
48870
48868
48839
48820
48749
48718
48613
48538
48535
48512
48490
48485
48395
48371
48359
48352
48333
48218
48172
48031
47893
47756
47741
47690
47671
47623
47623
47606
47599
47584
47563
47556
47497
47486
47450
47438
47337
47263
47255
47220
47160
47121
47099
47077
47076
47054
46991
46986
46924
46897
46863
46829
46774
46764
46757
46743
46731
46697
46616
46579
46540
46540
46454
46425
46367
46366
46321
46263
46086
46020
45921
45885
45791
45554
45550
45547
45541
45527
45510
45450
45352
45346
45331
45330
45321
45289
45227
45076
45071
45070
45049
45007
44927
44896
44895
44673
44653
44579
44513
44496
44360
44353
44270
44250
44215
44120
44115
44086
44062
44011
43996
43892
43831
43707
43671
43621
43619
43469
43422
43409
43398
43206
43201
43196
43177
43103
43065
43010
43008
42970
42941
42903
42873
42856
42829
42822
42773
42722
42656
42638
42594
42582
42470
42407
42350
42302
42266
42244
42222
42161
42137
42084
41883
41844
41842
41816
41811
41738
41726
41624
41624
41615
41604
41526
41481
41471
41426
41414
41331
41310
41223
41179
41040
40970
40954
40926
40895
40875
40862
40832
40821
40788
40718
40621
40576
40536
40515
40400
40378
40372
40301
40278
40231
40218
40196
40173
40014
40012
39962
39958
39870
39866
39835
39731
39658
39651
39615
39585
39543
39500
39382
39363
39209
39149
39148
39132
39062
39051
38990
38955
38955
38828
38790
38769
38621
38524
38469
38454
38432
38422
38391
38252
38247
38196
38072
38068
38029
37826
37761
37749
37725
37722
37678
37651
37586
37545
37536
37534
37512
37460
37402
37379
37337
37201
37199
37176
37070
37011
36917
36804
36777
36699
36648
36602
36538
36514
36493
36416
36393
36379
36374
36349
36321
36309
36297
36152
36148
36124
36086
36045
36014
35897
35884
35859
35829
35799
35711
35710
35655
35627
35175
35174
35165
35130
35123
35071
35038
35006
34912
34830
34739
34729
34671
34597
34593
34570
34553
34470
34455
34370
34315
34227
34183
34133
34022
34020
34010
33963
33937
33905
33869
33839
33713
33622
33539
33504
33473
33447
33335
33152
33047
32926
32838
32834
32824
32804
32784
32741
32733
32696
32673
32609
32367
32355
32345
32277
32265
32167
32142
32094
32090
32033
32012
31955
31861
31843
31818
31797
31746
31727
31667
31636
31604
31511
31497
31447
31441
31357
31354
31305
31285
31170
31075
30892
30831
30699
30690
30680
30655
30549
30441
30427
30376
30372
30320
30318
30304
29982
29845
29823
29736
29588
29567
29498
29439
29412
29349
29337
29298
29273
29182
29161
29101
28990
28866
28764
28738
28671
28657
28616
28552
28543
28506
28424
28373
28326
28318
28230
28150
28124
28089
28064
28057
28042
28026
27957
27924
27909
27858
27739
27491
27443
27336
27308
27209
27170
27168
27150
27020
26999
26944
26798
26741
26712
26648
26620
26586
26571
26482
26427
26327
26315
26296
26276
26249
26123
26093
26077
26047
26046
25996
25952
25837
25739
25731
25715
25669
25551
25483
25425
25403
25403
25354
25178
25170
25134
25075
25017
24997
24988
24981
24963
24959
24947
24919
24862
24680
24653
24629
24622
24550
24514
24479
24429
24377
24312
24298
24265
24096
24063
23971
23894
23894
23870
23868
23856
23849
23810
23778
23752
23748
23708
23672
23660
23597
23594
23541
23520
23384
23350
23315
23295
23270
23260
23211
23209
23082
23056
22982
22872
22811
22795
22780
22764
22715
22698
22656
22643
22635
22543
22459
22415
22401
22373
22365
22359
22346
22327
22113
22041
21980
21928
21927
21915
21833
21812
21729
21506
21483
21409
21387
21157
21119
20975
20849
20667
20613
20601
20495
20488
20448
20437
20394
20389
20211
20163
20092
20077
20059
20015
19969
19949
19922
19906
19870
19815
19738
19708
19591
19498
19469
19446
19392
19384
19301
19084
18913
18815
18803
18794
18785
18779
18753
18695
18641
18635
18524
18520
18466
18222
18206
18204
18174
18163
18043
18026
17957
17932
17900
17879
17792
17774
17676
17630
17617
17611
17590
17588
17585
17543
17540
17533
17452
17423
17411
17373
17340
17338
17242
17220
17212
17135
17101
16998
16952
16895
16883
16856
16822
16810
16809
16805
16791
16790
16787
16668
16665
16610
16576
16550
16536
16526
16513
16460
16389
16326
16305
16299
16294
16270
16125
16071
15980
15962
15934
15931
15841
15838
15798
15761
15730
15718
15649
15644
15605
15570
15467
15401
15342
15314
15233
15154
15064
14983
14955
14825
14786
14762
14751
14742
14720
14718
14681
14613
14597
14592
14565
14488
14486
14421
14347
14290
14277
14227
14154
14116
14113
14108
14025
14023
13974
13887
13859
13854
13812
13803
13751
13609
13275
13245
13241
13185
13132
13118
13067
12996
12992
12964
12948
12913
12899
12870
12780
12689
12631
12555
12412
12358
12328
12319
12300
12280
12275
12273
12193
12179
12123
12006
11893
11883
11821
11780
11765
11737
11524
11519
11437
11418
11417
11324
11321
11311
11303
11269
11264
11185
11085
11067
11053
10991
10977
10910
10818
10738
10514
10454
10437
10369
10318
10246
10219
10158
10156
10125
10086
9920
9834
9832
9815
9771
9746
9738
9714
9687
9614
9606
9508
9491
9413
9396
9394
9331
9267
9256
9079
9011
8926
8914
8886
8865
8846
8814
8744
8687
8597
8560
8450
8373
8344
8310
8291
8232
8224
8092
7968
7906
7815
7811
7779
7777
7774
7718
7713
7703
7697
7591
7514
7467
7406
7347
7294
7226
7074
7073
6998
6974
6973
6971
6921
6911
6902
6899
6802
6783
6526
6502
6385
6284
6221
6188
6183
6179
6171
6150
6088
6081
6067
6045
5939
5877
5823
5779
5721
5561
5552
5506
5472
5470
5405
5379
5313
5284
5282
5180
5118
5095
5067
5014
5006
4984
4940
4840
4798
4762
4749
4683
4662
4657
4571
4532
4471
4444
4432
4411
4350
4329
4316
4301
4271
4199
4184
4115
4078
4069
3975
3943
3938
3932
3807
3798
3735
3650
3609
3414
3351
3350
3344
3288
3281
3120
3004
2998
2944
2937
2876
2868
2823
2731
2668
2636
2625
2547
2538
2457
2324
2264
2144
2103
2073
2058
2049
1994
1931
1774
1768
1748
1655
1636
1554
1525
1486
1422
1326
1263
1258
1199
1178
1061
936
845
823
754
681
661
590
527
480
477
460
447
311
311
306
253
236
134
88
42
