99880
99855
99758
99672
99656
99621
99596
99559
99453
99441
99348
99327
99289
99238
99185
99180
99178
99169
99159
99100
98988
98895
98878
98805
98792
98781
98751
98734
98722
98532
98418
98368
98298
98293
98220
98190
98127
98123
98025
97973
97966
97937
97863
97860
97816
97706
97643
97578
97510
97496
97430
97405
97353
97193
97075
97034
96984
96920
96902
96871
96857
96823
96768
96747
96735
96727
96648
96633
96520
96350
96318
96237
96089
96079
96035
96015
95960
95865
95842
95808
95674
95565
95407
95338
95328
95304
95290
95288
95276
95268
95229
95217
95202
95136
94973
94941
94865
94780
94762
94757
94741
94727
94674
94618
94581
94580
94477
94459
94423
94417
94367
94342
94289
94213
94206
94142
94088
94055
93987
93980
93974
93940
93879
93879
93826
93793
93730
93722
93533
93483
93411
93407
93334
93311
93260
93155
93150
93127
93097
93077
92965
92940
92940
92880
92798
92734
92723
92708
92434
92429
92390
92218
92195
91928
91919
91714
91668
91629
91621
91512
91265
91226
91211
91119
91065
90822
90769
90758
90678
90643
90611
90581
90558
90535
90524
90514
90512
90502
90432
90395
90381
90294
90236
90171
90157
90150
90120
90103
90018
89912
89863
89799
89746
89746
89519
89493
89267
89215
89209
89139
89091
89051
88930
88928
88921
88896
88765
88647
88637
88634
88542
88463
88371
88332
88304
88289
88271
88201
88187
88144
88142
88104
87970
87923
87857
87842
87710
87663
87496
87425
87385
87360
87343
87341
87341
87322
87076
87009
86986
86956
86919
86847
86810
86743
86735
86695
86695
86640
86449
86431
86398
86075
86059
86048
86037
85903
85749
85706
85480
85339
85338
85323
85281
85178
85072
85069
85043
84959
84942
84919
84916
84912
84819
84808
84757
84666
84631
84564
84514
84456
84425
84254
84247
84189
84181
84146
84101
84097
84037
83807
83732
83711
83663
83631
83618
83606
83566
83547
83534
83489
83487
83465
83331
83297
83297
83262
83212
83199
83131
83125
83009
82915
82754
82754
82725
82699
82651
82549
82429
82289
82281
82122
82092
82078
82074
82018
81935
81907
81886
81863
81790
81790
81767
81755
81726
81606
81590
81560
81434
81403
81374
81305
81264
81250
81169
81102
81100
81079
81017
81013
80922
80859
80806
80805
80802
80744
80727
80703
80688
80620
80582
80549
80509
80482
80451
80380
80363
80357
80258
80049
80018
79965
79883
79862
79789
79655
79624
79622
79616
79530
79477
79458
79434
79403
79379
79375
79370
79341
79262
79178
79156
79152
79121
78960
78920
78885
78874
78757
78710
78633
78630
78557
78527
78523
78506
78491
78451
78340
78294
78208
77880
77822
77817
77646
77642
77634
77432
77305
77274
77175
77156
77156
77146
77125
77120
77117
77074
77070
77018
76958
76892
76853
76825
76824
76720
76717
76685
76644
76624
76514
76504
76492
76440
76408
76349
76341
76175
76076
76036
75971
75909
75888
75850
75807
75746
75737
75656
75649
75591
75575
75463
75449
75297
75210
75045
75037
74987
74952
74902
74826
74800
74734
74718
74679
74650
74545
74386
74354
74347
74275
74235
74234
74202
74049
74048
73951
73885
73845
73722
73678
73661
73651
73612
73567
73550
73536
73378
73378
73375
73304
73157
73114
73109
72973
72955
72891
72882
72845
72771
72720
72708
72688
72683
72618
72587
72570
72567
72564
72558
72519
72467
72463
72334
72295
72245
72104
72099
72041
72035
72007
71983
71967
71959
71948
71843
71758
71747
71605
71594
71526
71495
71413
71386
71379
71348
71343
71218
71193
71114
71105
71104
71080
71044
70992
70984
70963
70895
70893
70814
70651
70592
70529
70516
70513
70452
70366
70328
70282
70260
70201
70157
70147
70093
70042
70024
69958
69788
69774
69769
69711
69683
69663
69582
69574
69497
69429
69311
69304
69279
69250
69138
69051
69044
69042
69037
68965
68930
68913
68799
68775
68765
68733
68731
68437
68414
68410
68373
68291
68255
68193
68171
68169
68137
68108
68035
67950
67909
67876
67855
67854
67832
67811
67505
67488
67437
67412
67186
67171
67145
67094
67070
67036
66981
66905
66843
66644
66637
66629
66624
66577
66558
66528
66522
66516
66318
66273
66212
66148
66112
66091
66056
65824
65722
65637
65573
65544
65410
65396
65363
65323
65308
65287
65190
65098
65093
65060
65026
64926
64909
64885
64688
64672
64615
64495
64464
64429
64260
64208
64203
64179
64174
64167
64152
64144
64069
64061
64059
64043
63887
63868
63804
63800
63773
63752
63624
63475
63414
63413
63326
63298
63295
63279
63244
63236
63202
63147
63106
63073
63000
62954
62893
62870
62732
62709
62636
62613
62590
62542
62477
62470
62469
62464
62431
62407
62380
62375
62364
62289
62247
62101
62065
62059
62020
61977
61962
61878
61867
61774
61744
61740
61716
61646
61613
61534
61534
61525
61500
61454
61437
61424
61409
61359
61344
61336
61318
61295
61161
61132
61102
61056
61055
61042
60981
60874
60823
60792
60792
60624
60496
60450
60425
60418
60243
60236
60201
60189
60157
60004
60000
59948
59923
59625
59591
59584
59510
59471
59440
59433
59412
59394
59379
59113
59083
59028
58854
58783
58782
58776
58748
58706
58403
58373
58307
58302
58300
58281
58253
58252
58240
58198
58170
58142
58140
58039
58004
57924
57856
57843
57783
57761
57696
57662
57567
57562
57552
57388
57310
57222
57159
57107
57085
57019
56989
56983
56976
56850
56805
56727
56581
56532
56530
56478
56432
56354
56325
56286
56226
56108
56011
55961
55733
55720
55706
55556
55523
55456
55406
55318
55240
55229
55223
55137
54956
54927
54906
54833
54739
54731
54724
54586
54480
54470
54453
54445
54387
54379
54320
54244
54164
54123
54119
54054
54052
54038
53997
53936
53912
53907
53862
53850
53839
53833
53705
53683
53674
53667
53651
53622
53610
53596
53438
53429
53278
53258
53118
53113
52944
52915
52903
52902
52861
52834
52825
52785
52703
52666
52607
52591
52523
52492
52432
52345
52320
52302
52225
52223
52178
52094
52075
52061
52001
51937
51936
51718
51680
51660
51563
51557
51389
51371
51371
51210
51108
51091
51033
51015
50949
50888
50718
50703
50589
50582
50405
50394
50287
50285
50265
50231
50216
50162
50142
50059
50058
49908
49849
49763
49761
49646
49645
49618
49568
49521
49514
49474
49444
49337
49332
49269
49184
49164
49146
49100
48985
48969
48955
48902
48900
48822
48658
48576
48568
48484
48480
48365
48210
48149
48149
48132
48035
48003
48002
47987
47937
47933
47907
47898
47823
47787
47768
47765
47662
47622
47588
47542
47457
47451
47398
47374
47361
47340
47323
47318
47297
47295
47284
47276
47221
47169
47059
46978
46969
46898
46897
46877
46864
46797
46705
46690
46678
46650
46644
46558
46557
46480
46299
46244
46211
46169
46143
46125
46040
45976
45961
45957
45904
45864
45862
45800
45750
45744
45719
45710
45705
45672
45559
45549
45532
45528
45492
45468
45463
45423
45261
45260
45249
45060
45050
45033
44910
44863
44826
44792
44782
44748
44733
44721
44670
44545
44479
44474
44428
44399
44367
44363
44293
44151
44009
43990
43880
43842
43829
43817
43791
43637
43597
43566
43528
43431
43421
43403
43382
43265
43227
43133
43129
43122
43108
43103
43044
42994
42961
42959
42842
42756
42748
42729
42698
42539
42511
42415
42402
42335
42271
42256
42130
42086
42083
42066
42019
41995
41981
41951
41938
41913
41859
41802
41641
41556
41523
41393
41362
41358
41312
41182
41164
41159
41091
41052
40856
40839
40837
40825
40794
40757
40716
40689
40654
40615
40604
40474
40438
40410
40410
40398
40237
40109
40041
40023
39973
39902
39864
39789
39708
39692
39581
39551
39525
39513
39505
39493
39466
39401
39375
39299
39263
39210
39186
39177
39137
39077
39049
39019
38916
38853
38834
38822
38789
38652
38612
38610
38571
38485
38398
38380
38314
38224
38043
37895
37857
37823
37786
37731
37689
37685
37670
37516
37515
37456
37374
37366
37355
37224
37066
36925
36906
36895
36856
36651
36647
36646
36593
36568
36564
36471
36397
36386
36317
36254
36212
36185
36162
36125
36086
35988
35854
35737
35638
35625
35577
35552
35493
35491
35366
35304
35172
35165
35157
35154
35130
35021
35010
34914
34900
34892
34807
34791
34781
34772
34725
34700
34678
34582
34576
34463
34256
34252
34252
34213
34179
34115
34114
34086
33973
33812
33787
33774
33681
33598
33578
33576
33571
33565
33557
33525
33476
33397
33386
33341
33305
33189
33037
33029
33026
32992
32883
32866
32789
32784
32771
32726
32615
32440
32436
32423
32400
32378
32352
32352
32349
32284
32236
32169
32147
32025
32012
31940
31881
31881
31876
31809
31799
31763
31745
31733
31703
31666
31658
31307
31293
31267
31256
31252
31238
31221
31175
31172
31101
31016
30976
30974
30951
30744
30595
30581
30469
30334
30310
30307
30297
30207
30151
30109
30092
30091
30053
30043
29994
29986
29986
29969
29963
29873
29872
29796
29696
29614
29614
29533
29502
29486
29479
29386
29326
29285
29161
29158
29129
29081
29013
28958
28921
28874
28844
28785
28783
28783
28762
28713
28702
28650
28636
28631
28568
28498
28489
28484
28442
28354
28332
28325
28206
28155
28146
28058
27939
27936
27772
27769
27724
27598
27467
27404
27383
27352
27271
27261
27163
27100
27023
27017
26601
26592
26551
26547
26524
26519
26448
26448
26335
26327
26324
26309
26257
26064
26058
25946
25937
25882
25733
25622
25505
25466
25422
25416
25379
25281
25272
25259
25194
25174
25127
25125
25124
25098
25022
24955
24915
24914
24850
24811
24762
24756
24755
24753
24672
24652
24637
24635
24592
24557
24454
24442
24354
24162
24118
24110
24026
23949
23934
23792
23753
23742
23712
23709
23703
23693
23651
23647
23340
23318
23274
23252
23209
23082
22997
22986
22986
22961
22757
22732
22703
22629
22535
22521
22486
22486
22471
22460
22338
22266
22219
22159
22152
22126
22074
22011
21996
21981
21940
21937
21840
21826
21819
21729
21656
21588
21511
21453
21411
21391
21269
21268
21266
21135
21102
21050
20971
20933
20911
20845
20822
20804
20803
20717
20608
20540
20397
20365
20289
20285
20200
20066
19884
19780
19742
19730
19709
19558
19529
19459
19427
19352
19189
19146
19128
19090
19079
19064
19059
18746
18726
18711
18530
18499
18466
18414
18383
18360
18354
18313
18312
18284
18283
18209
18196
18146
18142
18073
18052
17979
17899
17853
17682
17621
17552
17540
17450
17365
17361
17342
17323
17282
17261
17242
16972
16930
16898
16885
16864
16813
16802
16776
16736
16659
16653
16594
16570
16432
16397
16357
16243
16225
16190
16124
16001
15970
15947
15922
15775
15753
15728
15686
15649
15641
15611
15540
15531
15491
15463
15312
15297
15227
15165
15156
15143
15132
15076
15070
14924
14809
14808
14799
14792
14788
14770
14750
14693
14690
14663
14550
14540
14483
14441
14387
13980
13952
13893
13892
13763
13746
13555
13514
13467
13331
13297
13280
13229
13097
13090
13089
13048
12935
12929
12915
12912
12871
12847
12790
12696
12654
12627
12610
12604
12586
12578
12412
12397
12387
12367
12367
12359
12341
12293
12283
12282
12269
12224
12152
12066
12044
12002
11975
11930
11902
11879
11726
11723
11677
11559
11525
11494
11489
11380
11256
11236
11148
11046
10951
10905
10900
10811
10804
10749
10738
10726
10710
10699
10644
10602
10588
10445
10417
10384
10326
10316
10264
10207
10205
10173
10159
10151
10146
10069
9957
9936
9931
9900
9888
9885
9863
9853
9809
9806
9732
9688
9678
9678
9649
9649
9628
9611
9556
9417
9358
9337
9317
9317
9272
9246
9240
9227
9157
9040
9014
8994
8985
8956
8920
8854
8851
8831
8791
8757
8712
8702
8684
8680
8659
8618
8618
8501
8384
8376
8219
8212
8146
8116
8050
7978
7921
7905
7883
7624
7611
7421
7415
7389
7342
7193
7091
7050
7047
6980
6962
6887
6768
6717
6717
6296
6226
6196
6181
6159
5994
5933
5883
5751
5729
5727
5680
5578
5517
5425
5380
5355
5355
5258
5217
5188
5113
5101
5046
5038
4991
4980
4975
4950
4937
4896
4886
4775
4694
4672
4630
4614
4604
4588
4533
4456
4446
4437
4434
4425
4414
4287
4207
4108
4103
4076
4069
4034
4032
3983
3975
3963
3957
3929
3916
3915
3780
3671
3657
3569
3518
3481
3430
3403
3397
3333
3330
3312
3279
3242
3233
3198
3084
3009
3003
2955
2947
2615
2594
2542
2422
2412
2383
2364
2347
2337
2328
2320
2309
2155
2137
2127
2068
1995
1841
1833
1815
1808
1808
1794
1732
1726
1670
1666
1654
1621
1596
1546
1515
1502
1492
1470
1429
1289
1205
1093
1093
1070
1065
1055
1055
1025
926
911
876
857
725
708
673
668
589
585
579
533
514
491
481
466
456
443
347
318
188
136
64
14
12
