99930
99863
99809
99799
99782
99758
99562
99411
99362
99105
99100
99064
99042
99019
98974
98931
98887
98870
98827
98786
98763
98705
98640
98538
98514
98385
98351
98209
98169
98160
98109
98108
98096
98042
98033
98024
98018
97969
97967
97949
97866
97800
97791
97772
97764
97692
97664
97490
97434
97398
97373
97368
97167
97124
97048
97029
96982
96898
96855
96826
96808
96774
96726
96647
96621
96599
96585
96538
96526
96428
96258
96216
96209
96152
96046
96007
96002
95998
95993
95965
95945
95887
95844
95840
95796
95793
95730
95629
95624
95615
95533
95526
95486
95463
95454
95443
95437
95382
95340
95263
95235
95202
95151
95140
95108
95062
95034
94951
94919
94794
94760
94730
94714
94712
94669
94666
94644
94630
94616
94581
94493
94443
94426
94364
94296
94284
94257
94238
94185
94150
94131
94088
94081
94064
93870
93832
93812
93618
93462
93374
93353
93303
93292
93258
93192
93147
93085
93083
92993
92975
92954
92842
92809
92688
92666
92650
92646
92640
92596
92563
92514
92439
92422
92402
92364
92223
92213
92173
91924
91821
91732
91691
91566
91543
91504
91491
91476
91473
91452
91440
91385
91384
91379
91348
91287
91231
91228
91224
91221
91030
90975
90946
90940
90700
90656
90648
90531
90506
90498
90479
90451
90434
90377
90376
90373
90253
90170
90116
90066
89979
89947
89873
89873
89837
89832
89788
89780
89756
89688
89624
89593
89575
89552
89551
89399
89390
89377
89239
89225
89215
89176
89174
89168
89142
89065
88964
88954
88945
88886
88788
88784
88781
88765
88697
88680
88581
88498
88361
88357
88328
88294
88167
88167
88159
88132
88048
88027
87990
87990
87884
87882
87852
87847
87837
87822
87775
87768
87737
87723
87678
87666
87633
87585
87554
87507
87490
87460
87452
87420
87282
87254
87176
87155
87128
87088
87018
86949
86927
86923
86872
86784
86727
86722
86600
86576
86516
86418
86405
86382
86326
86304
86224
86176
86154
86063
86031
85955
85895
85894
85842
85820
85759
85752
85703
85614
85597
85558
85557
85550
85526
85474
85413
85406
85405
85370
85345
85248
85219
85139
85098
85039
85033
84978
84961
84945
84902
84843
84812
84802
84775
84767
84742
84695
84666
84602
84357
84259
84168
84142
84129
84090
84076
83967
83949
83903
83869
83855
83837
83827
83801
83787
83749
83708
83650
83626
83616
83514
83503
83493
83485
83264
83241
83192
83115
83026
82993
82974
82924
82879
82879
82861
82671
82639
82636
82634
82617
82591
82574
82554
82554
82499
82404
82368
82349
82236
82124
82032
82000
81901
81862
81761
81729
81461
81440
81420
81415
81237
81211
81202
81193
81161
81139
81084
81069
81025
80946
80898
80857
80855
80772
80737
80718
80700
80698
80608
80595
80540
80537
80521
80508
80484
80427
80372
80355
80248
80243
80226
80160
80033
80021
79944
79942
79858
79827
79814
79782
79776
79775
79720
79597
79581
79565
79563
79545
79545
79486
79462
79444
79414
79344
79260
79243
79234
79228
79227
79226
79171
79111
79016
78893
78746
78740
78740
78537
78472
78457
78439
78400
78351
78301
78273
78255
78082
77981
77796
77768
77752
77695
77688
77639
77619
77580
77542
77516
77490
77402
77287
77256
77218
77214
77192
77174
77164
77056
76959
76901
76859
76665
76544
76504
76502
76460
76450
76262
76188
76184
76106
76095
76078
76064
76046
76032
76028
75902
75798
75729
75673
75549
75534
75478
75442
75409
75311
75239
75208
75176
75166
75157
75156
75117
75116
75048
75001
74957
74867
74841
74793
74766
74657
74648
74629
74499
74384
74330
74319
74318
74276
74244
74190
74161
74126
74072
74067
74067
74042
73968
73923
73835
73821
73818
73771
73696
73645
73569
73506
73491
73475
73462
73425
73418
73380
73380
73379
73349
73312
73302
73297
73233
73184
73166
73113
73079
73034
73011
73010
72934
72873
72871
72861
72652
72580
72540
72503
72499
72438
72385
72375
72370
72358
72299
72289
72220
72102
72054
72044
72008
71885
71842
71750
71690
71644
71636
71602
71523
71465
71434
71399
71181
71089
71077
71061
71015
70956
70942
70833
70815
70802
70725
70682
70679
70659
70546
70536
70445
70208
70176
70160
70133
70045
69948
69876
69819
69744
69695
69643
69628
69585
69501
69472
69447
69427
69370
69273
69255
69250
69163
69114
69101
69100
69089
69072
69022
68847
68822
68811
68776
68612
68443
68438
68354
68350
68307
68286
68201
68164
68061
68030
67934
67825
67770
67759
67759
67698
67673
67660
67645
67489
67270
67245
67212
67140
67082
67074
67054
66965
66963
66925
66914
66870
66788
66755
66538
66352
66315
66227
66215
66164
66158
66148
66120
66094
65947
65878
65844
65830
65798
65784
65751
65728
65711
65618
65583
65548
65261
65260
65208
65182
65142
64949
64911
64833
64679
64656
64648
64643
64622
64496
64446
64413
64296
64266
64242
64236
64210
64194
64165
64122
64090
64089
64054
64027
64023
63966
63791
63786
63769
63767
63756
63696
63653
63616
63604
63532
63506
63431
63323
63240
63235
63114
63027
63010
62838
62747
62734
62703
62696
62648
62553
62539
62539
62401
62397
62360
62354
62255
62216
62213
62182
62117
62061
62017
62006
61979
61963
61945
61939
61927
61867
61842
61837
61654
61612
61590
61587
61546
61515
61425
61389
61369
61214
61205
61098
61081
61064
61056
61018
60939
60935
60889
60739
60632
60571
60520
60477
60414
60289
60242
60224
60175
60154
60130
59916
59759
59758
59578
59532
59496
59470
59447
59435
59406
59405
59383
59377
59348
59231
59194
59170
59169
59114
59105
59087
59046
59009
58931
58875
58821
58796
58683
58652
58637
58634
58606
58481
58406
58232
58203
58186
58124
58117
58112
57995
57980
57893
57726
57675
57661
57659
57554
57548
57535
57501
57379
57373
57134
57106
57045
57035
56899
56848
56796
56754
56743
56739
56722
56701
56634
56536
56503
56446
56435
56416
56378
56326
56292
56272
56219
56202
56083
56044
56043
56016
56015
55982
55814
55788
55768
55718
55715
55625
55600
55586
55463
55433
55348
55342
55229
55200
55169
55116
55100
55064
54966
54929
54920
54726
54690
54663
54629
54589
54362
54351
54301
54294
54282
54242
54147
54132
54130
54053
53968
53966
53955
53951
53924
53906
53869
53754
53725
53662
53626
53495
53370
53352
53259
53076
53061
52925
52834
52754
52698
52676
52592
52513
52449
52441
52401
52342
52315
52264
52247
52130
51952
51951
51920
51893
51881
51854
51768
51766
51730
51637
51576
51508
51478
51421
51286
51266
51195
51149
51057
51020
50947
50864
50844
50800
50698
50668
50658
50632
50595
50593
50579
50572
50493
50490
50334
50292
50253
50136
50085
50035
50004
49981
49973
49960
49909
49868
49746
49682
49630
49618
49608
49582
49567
49537
49534
49519
49496
49429
49403
49376
49308
49254
49234
49229
49201
49169
49133
49117
49096
48920
48907
48902
48901
48841
48825
48790
48751
48586
48538
48514
48490
48486
48406
48376
48370
48308
48294
48284
48264
48226
48187
48086
48072
48072
48050
48023
47968
47905
47838
47781
47730
47666
47639
47638
47609
47575
47522
47508
47412
47398
47389
47301
47269
47245
47195
47170
47112
46951
46882
46834
46817
46739
46735
46718
46666
46536
46502
46434
46421
46407
46387
46371
46336
46277
46245
46216
46092
46033
45966
45952
45931
45831
45759
45726
45601
45479
45478
45407
45392
45313
45287
45128
45088
44979
44953
44941
44883
44880
44649
44536
44523
44518
44493
44461
44416
44372
44191
44191
44185
44160
44114
44085
43961
43844
43835
43822
43816
43794
43595
43558
43456
43414
43413
43366
43117
43039
42954
42871
42721
42696
42692
42688
42679
42678
42503
42459
42457
42428
42224
42146
42111
42110
42098
42093
42040
41933
41888
41810
41800
41798
41770
41735
41727
41675
41671
41610
41455
41417
41417
41302
41293
41149
41149
40994
40906
40876
40800
40765
40660
40610
40604
40489
40321
40275
40239
40233
40198
40150
40098
40074
39974
39639
39625
39529
39495
39493
39479
39437
39330
39324
39250
39245
39100
39089
39041
39020
38898
38836
38828
38804
38736
38733
38636
38630
38513
38493
38488
38481
38456
38253
38246
38198
38174
38149
38001
37995
37925
37916
37902
37900
37878
37864
37860
37799
37797
37762
37750
37713
37662
37608
37533
37514
37453
37351
37297
37289
37230
37189
37139
37105
37021
36998
36955
36929
36841
36821
36796
36763
36685
36645
36573
36360
36303
36270
36221
36063
36033
36031
36029
35977
35932
35900
35835
35832
35797
35788
35736
35694
35663
35576
35528
35515
35511
35432
35422
35379
35328
35320
35319
35267
35260
35181
35165
35096
35016
35012
34960
34904
34858
34800
34723
34706
34622
34578
34538
34527
34511
34491
34488
34479
34188
34164
34052
34006
33998
33846
33815
33808
33794
33685
33658
33586
33490
33405
33388
33309
33254
33232
33222
33214
33197
33178
33082
32981
32933
32928
32909
32905
32791
32730
32685
32559
32534
32524
32521
32469
32469
32382
32256
32252
32245
32225
32218
32108
31999
31844
31835
31758
31754
31715
31686
31620
31587
31585
31435
31418
31377
31349
31225
31217
31120
31071
30831
30816
30809
30652
30607
30533
30526
30515
30508
30389
30379
30356
30200
30134
29994
29953
29932
29819
29759
29640
29618
29317
29316
29178
29134
29120
29029
29012
28988
28978
28879
28874
28840
28757
28755
28689
28664
28659
28646
28596
28467
28444
28381
28335
28277
28258
28238
28173
28133
28009
27967
27964
27932
27930
27919
27838
27790
27586
27562
27549
27487
27453
27442
27383
27292
27160
27127
27082
27063
26952
26925
26914
26862
26543
26519
26481
26472
26467
26453
26452
26373
26356
26188
26171
26158
26055
26008
25987
25952
25890
25857
25808
25673
25556
25444
25287
25135
25063
25022
25021
24985
24971
24910
24880
24776
24768
24678
24669
24539
24535
24529
24512
24461
24413
24292
24263
24208
24195
24178
24038
23994
23981
23957
23925
23918
23904
23887
23874
23861
23796
23679
23677
23602
23591
23531
23350
23283
23268
23261
23222
23109
22875
22827
22630
22587
22553
22549
22474
22462
22443
22372
22270
22166
22136
22075
22007
22006
21950
21908
21785
21764
21744
21736
21715
21579
21579
21528
21413
21377
21289
21289
21172
21124
21004
20860
20774
20749
20644
20635
20571
20439
20367
20361
20285
20283
20173
20142
20072
20040
20002
19912
19873
19799
19778
19703
19559
19557
19533
19472
19447
19403
19360
19352
19089
18996
18980
18917
18689
18682
18658
18651
18571
18531
18465
18372
18347
18339
18318
18219
18030
17971
17967
17910
17899
17860
17850
17840
17765
17619
17595
17580
17577
17465
17380
17253
17249
16912
16863
16860
16830
16774
16646
16498
16489
16431
16400
16089
15967
15846
15832
15777
15731
15700
15689
15644
15629
15556
15460
15455
15425
15416
15390
15292
15286
15195
15189
15187
15167
15098
14991
14848
14843
14841
14828
14794
14781
14751
14746
14715
14579
14555
14452
14412
14384
14208
14043
13940
13908
13892
13879
13853
13839
13834
13753
13749
13651
13644
13613
13577
13525
13478
13456
13419
13351
13307
13114
13107
13089
13082
13059
13040
13037
12940
12931
12880
12863
12858
12761
12750
12723
12661
12654
12628
12604
12530
12496
12466
12463
12447
12442
12439
12396
12395
12227
12128
12118
12113
12102
12072
11943
11888
11797
11784
11741
11671
11656
11652
11647
11635
11526
11482
11480
11399
11389
11368
11363
11320
11320
11310
11241
11207
11180
11016
10987
10970
10950
10908
10696
10609
10464
10440
10417
10365
10365
10351
10261
10245
10113
10068
10064
10055
10050
9994
9980
9941
9933
9901
9887
9743
9683
9621
9577
9559
9455
9427
9367
9342
9243
9223
9165
9164
9161
9139
9096
8968
8952
8926
8900
8782
8740
8683
8519
8516
8450
8433
8381
8236
8228
8191
8182
8143
8102
8073
8044
8044
8032
7974
7948
7840
7801
7760
7670
7669
7642
7635
7493
7439
7429
7408
7399
7346
7311
7170
7102
7066
7064
6987
6985
6912
6814
6803
6791
6728
6716
6715
6571
6496
6494
6411
6305
6255
6199
6173
6163
6154
6130
5991
5981
5967
5943
5924
5881
5845
5777
5709
5614
5567
5566
5543
5529
5421
5392
5387
5262
5162
5105
5056
5025
4974
4973
4955
4879
4801
4650
4635
4619
4574
4538
4536
4504
4477
4324
4207
4177
4161
4029
4024
3860
3853
3846
3827
3788
3702
3671
3340
3285
3237
3225
3223
3216
3175
3100
3088
3022
2945
2919
2871
2866
2840
2838
2793
2765
2559
2547
2500
2484
2484
2473
2336
2334
2325
2322
2266
2245
2210
2125
2108
2088
2029
2002
1936
1842
1841
1720
1642
1635
1502
1413
1397
1379
1294
1244
1190
1187
1056
1027
931
921
834
812
722
675
668
643
627
625
518
453
363
297
297
245
230
198
123
49
