99896
99833
99766
99691
99683
99559
99480
99468
99399
99396
99255
99184
99110
98996
98849
98847
98729
98709
98692
98686
98614
98608
98532
98487
98449
98424
98375
98369
98316
98302
98264
98149
98141
98072
98042
98004
97998
97893
97842
97795
97691
97592
97548
97468
97444
97376
97358
97281
97242
97187
97094
97093
97076
97015
96999
96995
96994
96986
96963
96912
96911
96903
96849
96734
96720
96593
96582
96557
96402
96225
96217
96035
95858
95768
95757
95677
95594
95588
95555
95518
95494
95426
95155
95102
95099
94975
94968
94935
94903
94888
94885
94857
94849
94761
94741
94655
94616
94576
94534
94525
94496
94491
94420
94333
94232
94228
94189
94109
94058
94007
93935
93917
93893
93891
93871
93849
93755
93648
93632
93431
93420
93383
93248
93230
93211
93188
93104
93075
93017
92855
92823
92810
92783
92749
92700
92564
92563
92504
92495
92351
92348
92216
92065
91977
91951
91949
91826
91821
91800
91769
91596
91550
91541
91400
91180
91101
91018
91015
90890
90831
90801
90763
90595
90360
90356
90343
90264
90257
90233
90215
90209
90185
90168
90167
90095
89892
89732
89644
89612
89576
89443
89424
89374
89369
89306
89288
89273
89154
89018
88935
88902
88882
88876
88813
88788
88701
88584
88533
88393
88341
88283
88273
88205
88204
88125
88049
87946
87935
87901
87874
87860
87794
87790
87740
87723
87644
87539
87468
87415
87277
87264
87264
87262
87202
87181
87179
87149
87121
87108
87048
87043
87004
86929
86927
86862
86847
86846
86764
86736
86722
86664
86649
86645
86606
86433
86241
86230
86124
86113
86097
86015
85904
85855
85830
85792
85757
85697
85580
85399
85303
85301
85287
85285
85250
85167
85151
85110
85028
84857
84819
84748
84742
84687
84620
84557
84539
84518
84516
84499
84498
84432
84414
84290
84243
84185
84173
84172
84078
83900
83880
83827
83824
83781
83701
83698
83676
83570
83546
83523
83420
83408
83400
83380
83338
83315
83223
83215
83209
83165
83110
83074
83040
82978
82880
82873
82863
82732
82654
82636
82614
82593
82502
82501
82492
82399
82392
82383
82309
82273
82222
82147
82127
82088
82076
81936
81904
81894
81824
81751
81737
81715
81694
81644
81555
81547
81545
81441
81439
81432
81396
81369
81324
81268
81258
81225
81185
81157
81088
81056
80959
80933
80907
80781
80721
80673
80637
80627
80549
80531
80511
80420
80382
80347
80317
80214
80106
80016
79996
79981
79910
79880
79857
79820
79775
79767
79727
79716
79637
79632
79611
79588
79587
79568
79539
79487
79473
79429
79325
79191
79133
78953
78878
78868
78862
78861
78825
78820
78665
78589
78581
78512
78497
78470
78424
78315
78313
78204
78115
78061
78045
77999
77943
77858
77782
77756
77695
77673
77569
77559
77501
77439
77302
77235
77234
77233
77228
77115
77102
77031
76947
76917
76917
76756
76745
76686
76641
76635
76614
76595
76555
76547
76516
76510
76440
76438
76422
76229
76216
76156
76102
76064
76034
75972
75948
75915
75909
75885
75869
75784
75652
75649
75614
75589
75571
75540
75426
75358
75321
75311
75292
75269
75219
75191
75161
75130
75088
75039
74989
74774
74728
74675
74648
74596
74575
74551
74504
74476
74367
74342
74329
74319
74182
74162
74119
74098
74079
74020
73809
73731
73672
73606
73589
73566
73547
73511
73506
73456
73433
73399
73399
73369
73363
73218
73178
73125
73068
73035
73024
72995
72986
72968
72743
72728
72717
72687
72675
72670
72600
72575
72508
72484
72481
72298
72263
72253
72248
72208
72110
72067
72053
71973
71935
71924
71887
71880
71839
71837
71768
71754
71613
71588
71580
71543
71531
71486
71474
71384
71366
71341
71249
71202
71193
71169
71166
71126
71073
70966
70883
70834
70819
70797
70783
70758
70674
70621
70511
70498
70464
70454
70422
70382
70282
70217
70169
70115
69954
69942
69940
69918
69847
69843
69777
69746
69698
69539
69531
69461
69315
69227
69176
69136
69034
69026
69016
68975
68932
68930
68914
68825
68800
68794
68769
68714
68675
68645
68644
68565
68533
68489
68463
68439
68289
68134
68094
68065
68006
67955
67937
67928
67927
67925
67881
67839
67776
67717
67662
67630
67585
67572
67563
67560
67518
67495
67473
67395
67330
67282
67247
67161
67141
67091
66998
66985
66971
66948
66918
66878
66794
66746
66731
66727
66705
66614
66607
66590
66586
66582
66527
66518
66501
66501
66485
66438
66408
66095
66095
66030
65928
65910
65873
65859
65843
65832
65779
65691
65674
65666
65656
65610
65486
65460
65450
65381
65366
65353
65326
65295
65257
65184
65183
65142
65088
64951
64939
64815
64722
64694
64688
64655
64551
64518
64499
64470
64333
64309
64266
64261
64252
64244
64233
64157
64121
64082
64034
63804
63779
63743
63693
63687
63661
63624
63600
63569
63557
63489
63449
63427
63294
63285
63284
63269
63223
63181
63172
63143
63084
63069
62987
62987
62928
62862
62858
62832
62802
62798
62562
62559
62414
62406
62367
62345
62226
62225
62191
62116
62073
62067
62042
62001
61994
61984
61923
61889
61878
61830
61743
61668
61653
61628
61556
61547
61525
61489
61391
61373
61359
61303
61185
61149
61030
60969
60965
60912
60891
60801
60743
60701
60662
60402
60399
60358
60346
60293
60281
60255
60173
60168
60152
59881
59831
59826
59819
59797
59788
59696
59536
59530
59528
59474
59340
59323
59271
59198
59180
59088
59086
59030
59012
59008
58987
58867
58863
58805
58687
58672
58648
58496
58449
58386
58366
58291
58281
58271
58259
58081
58066
57910
57876
57835
57828
57783
57762
57736
57727
57656
57414
57357
57296
57242
57180
57114
57113
57093
56963
56906
56890
56842
56747
56740
56692
56681
56668
56662
56629
56485
56457
56431
56398
56371
56316
56249
56125
56073
56070
55978
55947
55930
55898
55873
55826
55802
55631
55577
55552
55544
55378
55245
55229
55137
55052
55016
54998
54986
54985
54983
54920
54738
54674
54528
54453
54416
54386
54377
54341
54308
54301
54298
54286
54183
54074
54066
54035
53986
53861
53827
53824
53813
53625
53601
53504
53449
53372
53365
53326
53293
53277
53270
53247
53118
53086
53029
53012
52984
52982
52926
52909
52755
52675
52455
52324
52174
52084
52069
52066
52053
51980
51930
51907
51796
51736
51728
51681
51679
51665
51590
51589
51564
51561
51530
51508
51433
51380
51309
51273
51272
51229
51225
51053
50975
50940
50911
50809
50797
50795
50739
50736
50670
50662
50642
50627
50599
50565
50473
50371
50205
50199
50185
50155
50151
50119
50016
49938
49886
49869
49817
49744
49681
49677
49623
49615
49571
49570
49556
49516
49494
49491
49489
49390
49381
49347
49318
49281
49278
49268
49212
49166
49065
49063
49029
48958
48939
48910
48895
48754
48730
48642
48636
48611
48579
48404
48401
48381
48359
48354
48296
48282
48237
48090
48063
47969
47917
47849
47810
47795
47781
47773
47761
47714
47671
47633
47481
47403
47400
47395
47364
47339
47314
47279
47255
47115
47061
47007
46968
46895
46868
46804
46774
46626
46566
46557
46544
46543
46511
46329
46275
46206
46200
46051
46028
46019
46003
45965
45908
45896
45890
45862
45862
45825
45772
45748
45736
45731
45717
45611
45599
45589
45584
45536
45513
45427
45374
45338
45278
45251
45212
45201
45176
45147
45061
45059
45042
44964
44924
44905
44852
44824
44809
44787
44576
44558
44437
44428
44382
44319
44318
44174
44078
44073
44022
43969
43966
43890
43879
43790
43754
43727
43716
43568
43485
43355
43179
43142
43119
43011
42951
42812
42765
42762
42757
42748
42604
42582
42467
42436
42433
42427
42398
42305
42202
42176
42082
42070
41982
41911
41850
41724
41707
41597
41571
41568
41390
41251
41248
41220
41172
41155
41090
40989
40975
40969
40762
40747
40743
40714
40711
40694
40684
40675
40522
40469
40418
40323
40293
40268
40267
40156
40109
40073
40068
40033
39998
39981
39966
39931
39822
39769
39755
39678
39591
39547
39538
39499
39484
39451
39438
39391
39374
39094
39033
39031
38978
38866
38826
38820
38697
38668
38644
38593
38591
38578
38503
38453
38422
38216
38172
38086
38084
38074
38051
37979
37904
37848
37740
37664
37659
37622
37611
37583
37530
37527
37455
37370
37349
37335
37222
37106
37077
37020
36947
36929
36847
36843
36840
36797
36794
36784
36779
36698
36553
36543
36485
36418
36395
36308
36284
36268
36179
36093
36068
36012
36005
35942
35933
35901
35845
35790
35789
35774
35759
35735
35629
35516
35485
35483
35359
35050
35045
34984
34967
34908
34784
34768
34766
34701
34641
34616
34570
34480
34464
34414
34234
34230
34188
34186
34175
34174
34125
34125
34125
34060
34005
33952
33934
33911
33889
33846
33812
33713
33694
33678
33665
33651
33449
33412
33405
33291
33094
32994
32981
32955
32839
32672
32576
32524
32458
32382
32363
32176
32129
32123
32122
32114
31915
31764
31643
31612
31564
31432
31334
31306
31207
31176
31141
31140
31043
30931
30811
30810
30770
30739
30718
30656
30624
30572
30442
30421
30324
30291
30275
30261
30182
30142
30134
30099
30080
30054
29991
29883
29821
29816
29786
29783
29694
29616
29586
29477
29457
29433
29429
29406
29374
29335
29330
29309
29194
29184
29091
29048
29023
28984
28948
28911
28827
28758
28754
28744
28708
28646
28596
28456
28430
28430
28392
28386
28252
28191
28185
28142
28129
28119
28012
28001
27992
27934
27812
27797
27779
27708
27702
27685
27668
27652
27591
27585
27534
27519
27438
27409
27366
27351
27345
27198
27055
27032
26995
26913
26912
26833
26809
26802
26727
26727
26680
26679
26578
26453
26439
26362
26324
26308
26268
26172
26150
26122
26081
26000
25976
25878
25874
25801
25769
25751
25613
25566
25448
25394
25198
25194
25148
25144
25120
25055
25009
24929
24833
24732
24708
24663
24555
24486
24438
24403
24223
24214
24074
24069
23964
23963
23919
23870
23796
23763
23729
23721
23704
23609
23586
23549
23501
23285
23260
23256
23212
23195
23147
23115
23057
23026
23008
22945
22893
22877
22808
22706
22642
22542
22486
22444
22424
22308
22230
22157
22151
22113
22043
22003
21994
21851
21807
21775
21750
21561
21547
21519
21516
21464
21300
21216
21205
21181
21172
21147
21061
20979
20950
20944
20888
20862
20726
20621
20496
20474
20455
20375
20351
20244
20229
20143
20091
19988
19948
19852
19756
19734
19710
19700
19666
19533
19511
19477
19346
19334
19319
19203
19195
19193
19160
19101
18995
18982
18959
18910
18857
18824
18753
18693
18649
18615
18548
18471
18457
18440
18389
18379
18347
18345
18295
18276
18224
18218
18193
18024
17968
17939
17642
17638
17607
17531
17500
17360
17171
17125
17051
17017
16997
16976
16869
16838
16819
16729
16684
16549
16524
16497
16456
16399
16308
16209
16111
16078
16017
15996
15985
15982
15967
15933
15887
15878
15868
15837
15778
15758
15716
15712
15636
15606
15387
15300
15231
15164
15125
15103
15094
15043
14958
14873
14831
14716
14709
14614
14585
14570
14507
14410
14371
14279
14258
14188
14184
14130
14074
13971
13891
13777
13772
13730
13656
13632
13543
13543
13505
13412
13401
13390
13356
13320
13268
13101
13084
13063
12919
12887
12879
12876
12870
12820
12798
12772
12710
12709
12700
12583
12579
12556
12461
12371
12329
12320
12228
12210
12084
12084
12049
12021
11953
11799
11730
11687
11485
11447
11370
11352
11277
11167
11140
11138
11082
10887
10874
10853
10839
10801
10755
10662
10428
10273
10272
10199
10173
10104
10101
10056
10003
9965
9894
9831
9822
9814
9811
9739
9695
9641
9636
9613
9564
9520
9363
9352
9313
9312
9304
9118
9085
8976
8916
8851
8828
8828
8700
8687
8643
8627
8604
8545
8503
8490
8404
8361
8359
8324
8293
8271
8254
8206
8182
8173
8128
8060
7956
7908
7908
7850
7677
7664
7617
7610
7603
7597
7577
7534
7412
7379
7359
7261
7179
7051
6954
6899
6729
6642
6631
6629
6616
6611
6592
6557
6533
6526
6496
6493
6441
6439
6435
6429
6391
6327
6064
5931
5899
5849
5835
5816
5800
5768
5761
5745
5714
5681
5654
5607
5576
5522
5486
5415
5401
5294
5062
5054
4889
4842
4816
4786
4768
4766
4710
4673
4658
4567
4535
4499
4420
4391
4382
4372
4361
4315
4260
4255
4189
4129
4073
3998
3960
3862
3840
3829
3798
3755
3731
3710
3536
3462
3457
3401
3383
3289
3237
3180
3140
3032
3009
2803
2792
2725
2714
2687
2613
2604
2596
2572
2390
2377
2359
2340
2276
2259
2208
2175
2170
2093
2085
2040
2025
1937
1845
1799
1685
1673
1663
1577
1565
1536
1417
1384
1380
1284
1253
1246
1207
1149
1141
1048
1001
967
962
926
899
848
819
793
783
769
759
695
657
642
587
557
549
471
466
423
409
335
297
278
138
74
61
25
