99949
99918
99817
99706
99694
99672
99639
99527
99453
99361
99327
99270
99202
98806
98768
98750
98717
98696
98694
98654
98649
98607
98581
98536
98437
98433
98362
98345
98258
98198
98186
98102
98099
98085
97957
97794
97793
97770
97740
97678
97650
97546
97523
97416
97378
97337
97323
97308
97124
96954
96943
96913
96912
96845
96807
96804
96774
96689
96587
96465
96443
96441
96349
96282
96270
96245
96176
96153
96103
96095
96076
96065
96035
96001
95941
95883
95866
95807
95798
95790
95707
95677
95513
95494
95485
95475
95435
95405
95213
95111
95105
95083
95050
95016
95012
94809
94791
94750
94725
94550
94529
94518
94498
94490
94457
94447
94356
94312
94182
94143
94109
94089
94022
93839
93817
93800
93781
93780
93731
93729
93693
93667
93622
93562
93532
93487
93476
93469
93236
93196
93140
93124
93074
93051
92950
92878
92804
92703
92700
92691
92666
92657
92645
92591
92573
92523
92513
92491
92354
92335
92290
92227
92188
92152
92152
92097
92070
91938
91909
91868
91749
91713
91682
91641
91620
91618
91568
91514
91480
91461
91309
91284
91268
91244
91220
91128
91060
91049
91030
90994
90950
90918
90902
90884
90883
90793
90726
90637
90630
90618
90596
90456
90428
90381
90253
90137
90103
90093
90084
90059
89932
89701
89677
89654
89570
89374
89301
89292
89289
89264
89224
89025
89012
89012
88998
88970
88842
88740
88723
88716
88586
88574
88471
88461
88459
88385
88196
88189
88111
88048
88042
88041
88036
88031
87999
87725
87668
87654
87626
87262
87217
87140
87048
87012
86992
86989
86986
86948
86899
86869
86791
86735
86710
86708
86678
86636
86586
86582
86562
86548
86493
86327
86313
86256
86221
86202
86199
86075
86034
85859
85792
85745
85721
85613
85595
85572
85531
85527
85440
85377
85337
85136
85083
85030
84803
84779
84749
84675
84663
84614
84541
84510
84414
84324
84282
84275
84247
84244
84049
84033
83939
83898
83883
83824
83814
83721
83685
83626
83614
83550
83534
83494
83463
83443
83437
83293
83275
83268
83166
83153
83090
83075
83075
83029
83027
82984
82965
82962
82870
82866
82742
82688
82686
82666
82643
82642
82518
82516
82414
82319
82308
82265
82223
82168
82160
82039
81990
81944
81911
81910
81863
81811
81759
81697
81594
81590
81543
81508
81454
81353
81307
81291
81270
81134
81104
81073
81038
81015
80934
80857
80766
80757
80751
80636
80465
80414
80366
80364
80360
80335
80280
80266
80249
80186
80068
80041
79866
79727
79573
79518
79429
79418
79393
79389
79318
79260
79254
79227
79094
79038
78960
78889
78867
78860
78833
78823
78819
78789
78778
78752
78701
78606
78606
78568
78547
78537
78509
78390
78360
78339
78318
78250
78193
78187
78126
78061
78057
77875
77847
77837
77835
77782
77729
77729
77665
77599
77428
77361
77340
77219
77156
77154
77145
77111
77083
77077
77043
76957
76752
76743
76719
76700
76677
76591
76472
76381
76353
76341
76252
76118
75991
75874
75768
75767
75761
75653
75653
75503
75497
75483
75447
75420
75311
75302
75164
75154
75049
75027
74974
74938
74933
74909
74880
74831
74774
74752
74734
74685
74585
74563
74530
74504
74483
74409
74359
74304
74236
74229
74219
74149
74068
74064
74012
73955
73942
73909
73897
73843
73822
73776
73750
73729
73597
73508
73498
73357
73355
73251
73247
73247
73245
73202
73146
73081
73040
73033
73023
72920
72758
72677
72670
72584
72571
72516
72500
72465
72294
72163
72089
71973
71958
71952
71949
71756
71695
71629
71461
71366
71344
71334
71287
71275
71259
71230
71177
71133
71084
71046
71022
70935
70894
70832
70824
70778
70670
70660
70640
70577
70514
70497
70495
70432
70426
70325
70260
70256
70250
70132
70121
70036
69987
69897
69860
69857
69803
69737
69721
69717
69624
69601
69594
69537
69514
69497
69467
69453
69379
69368
69339
69322
69284
69283
69261
69219
69209
69176
69169
69070
68898
68878
68847
68845
68792
68760
68705
68661
68567
68451
68425
68354
68328
68248
68237
68214
68204
68065
68043
68028
67965
67918
67907
67826
67786
67692
67674
67630
67569
67552
67499
67484
67412
67355
67206
67189
67146
66983
66941
66929
66843
66802
66782
66738
66735
66666
66649
66640
66638
66628
66601
66523
66506
66482
66459
66401
66377
66283
66212
65881
65870
65794
65761
65628
65587
65582
65570
65522
65514
65491
65451
65421
65383
65374
65290
65276
65243
65235
65182
65134
65123
65084
65072
65055
64995
64933
64900
64800
64764
64763
64749
64706
64695
64559
64536
64519
64493
64450
64450
64411
64156
63919
63911
63841
63832
63815
63775
63755
63743
63680
63395
63219
63216
63165
63137
63131
63113
63093
63017
62908
62780
62673
62664
62648
62645
62617
62441
62348
62240
62153
62124
62111
62011
61970
61966
61899
61871
61769
61752
61635
61632
61562
61507
61301
61251
61248
61189
61131
61099
61082
61010
60961
60916
60802
60762
60730
60720
60513
60509
60481
60457
60436
60410
60409
60400
60262
60227
60201
60132
60114
60045
59933
59865
59760
59740
59724
59643
59626
59569
59431
59425
59353
59304
59204
59201
59165
59137
59020
58957
58908
58887
58815
58776
58764
58753
58736
58686
58562
58536
58531
58465
58355
58209
58188
58178
58115
58115
57979
57924
57897
57796
57791
57694
57690
57677
57642
57641
57626
57601
57429
57416
57367
57326
57311
57281
57276
57211
57206
57192
57189
57172
57116
57069
57039
56961
56941
56933
56784
56775
56737
56683
56669
56621
56569
56564
56512
56420
56413
56396
56389
56347
56263
56157
56149
55994
55970
55901
55849
55841
55837
55789
55701
55592
55561
55514
55501
55496
55415
55394
55352
55229
55127
55045
54850
54850
54845
54720
54654
54561
54520
54473
54419
54294
54293
54216
54070
54031
54020
54013
53942
53925
53861
53842
53833
53602
53557
53537
53530
53462
53416
53402
53342
53328
53210
53119
53115
53112
53073
52959
52849
52797
52790
52465
52456
52398
52308
52279
52241
52239
52220
52219
52206
52199
52127
51866
51861
51788
51771
51667
51616
51612
51565
51496
51411
51410
51191
51106
51072
51044
51014
50963
50733
50728
50528
50515
50482
50441
50420
50419
50393
50375
50214
50024
50021
50011
49956
49925
49923
49917
49908
49898
49850
49847
49847
49761
49744
49693
49560
49489
49267
49217
49191
49163
49019
48974
48957
48947
48934
48933
48929
48866
48842
48811
48766
48691
48603
48567
48560
48538
48535
48530
48480
48431
48398
48291
48271
48242
48158
48156
48147
48016
47959
47855
47721
47717
47630
47627
47584
47559
47498
47414
47398
47388
47353
47273
47194
47179
47068
46969
46941
46929
46826
46797
46790
46780
46690
46613
46605
46559
46510
46509
46503
46466
46454
46399
46372
46358
46344
46329
46228
46123
45970
45948
45920
45860
45813
45682
45678
45677
45512
45430
45386
45345
45236
45103
45095
45082
45067
45040
45021
45016
44918
44868
44856
44838
44762
44753
44734
44732
44702
44699
44691
44656
44635
44628
44579
44552
44550
44521
44517
44445
44416
44362
44232
44227
44143
44143
43996
43969
43927
43887
43791
43786
43761
43756
43690
43651
43482
43480
43423
43335
43253
43208
43067
43019
43007
43007
42948
42914
42804
42730
42729
42684
42649
42574
42493
42438
42388
42218
42112
42026
42023
42011
41941
41936
41916
41759
41732
41722
41721
41718
41716
41659
41539
41486
41470
41364
41347
41309
41263
41260
41256
41249
41244
41204
41119
41057
40907
40899
40859
40841
40740
40682
40604
40494
40468
40462
40418
40238
40176
40152
40122
40036
40030
40005
39994
39984
39922
39919
39905
39884
39840
39839
39833
39819
39809
39726
39724
39687
39647
39571
39521
39489
39465
39462
39415
39334
39300
39212
39124
39122
39116
39075
39018
39005
38955
38934
38925
38919
38867
38855
38668
38656
38488
38453
38446
38371
38368
38347
38193
38135
38120
38101
38073
38064
37998
37856
37853
37845
37791
37767
37748
37721
37654
37609
37542
37504
37425
37369
37248
37246
37222
37187
37165
37155
37113
37037
37006
36891
36886
36782
36711
36685
36655
36628
36608
36535
36512
36484
36471
36351
36335
36308
36258
36244
36192
36150
36053
35962
35924
35893
35870
35852
35848
35815
35652
35642
35508
35476
35464
35464
35454
35416
35399
35374
35340
35313
35223
35127
35125
35112
35037
34964
34941
34913
34904
34815
34782
34755
34691
34641
34599
34570
34505
34486
34425
34409
34250
34243
34226
34223
34153
34114
34054
34033
33873
33795
33760
33600
33594
33350
33288
33210
33142
33086
33064
32995
32989
32942
32888
32860
32850
32839
32799
32793
32698
32687
32584
32509
32423
32376
32354
32328
32289
32261
32148
32144
32120
32099
32050
31975
31930
31906
31860
31797
31796
31698
31675
31640
31541
31414
31407
31353
31326
31289
31251
31235
31225
31094
31083
31057
31056
31052
31048
31023
31002
30995
30963
30869
30789
30691
30671
30614
30599
30528
30471
30467
30382
30370
30340
30304
30266
30259
30208
30205
30197
30062
29990
29961
29930
29913
29843
29835
29762
29729
29692
29610
29570
29537
29500
29426
29362
29103
29065
29050
28855
28704
28663
28611
28534
28507
28450
28440
28419
28142
28124
28083
28052
27972
27945
27928
27927
27840
27763
27697
27686
27545
27433
27425
27388
27344
27327
27197
27117
27041
26973
26940
26877
26861
26822
26795
26747
26646
26641
26605
26509
26393
26367
26325
26276
26211
26175
26051
25996
25983
25925
25834
25814
25777
25677
25658
25596
25534
25450
25445
25367
25346
25281
25235
25218
25172
25093
25073
25038
25000
24992
24990
24924
24783
24764
24753
24597
24580
24491
24442
24431
24391
24125
24102
24084
24069
24040
24009
23911
23907
23897
23866
23772
23712
23708
23665
23624
23599
23544
23536
23508
23352
23332
23233
23196
23170
23025
23018
23014
22940
22925
22918
22874
22854
22835
22834
22782
22731
22684
22624
22588
22532
22451
22397
22379
22260
22217
22148
22124
21989
21934
21909
21898
21883
21855
21754
21717
21678
21644
21576
21561
21485
21466
21393
21349
21083
21072
21056
21020
20993
20939
20852
20851
20783
20684
20655
20621
20580
20541
20521
20496
20488
20449
20426
20365
20364
20351
20349
20327
20327
20266
20247
20196
20189
20105
20050
20017
20002
19941
19877
19871
19760
19732
19724
19647
19591
19556
19541
19466
19452
19429
19414
19407
19363
19225
19223
19212
19212
19125
19032
18973
18934
18668
18568
18542
18449
18431
18291
18266
18259
18244
18224
18194
18178
18029
18002
17851
17849
17795
17680
17669
17634
17576
17544
17543
17519
17502
17499
17476
17315
17299
17254
17234
17203
17199
17186
17179
16860
16830
16827
16758
16735
16691
16660
16625
16601
16502
16481
16454
16394
16306
16259
16207
16091
16062
16023
16019
15881
15833
15782
15701
15680
15569
15554
15553
15535
15523
15419
15415
15413
15410
15333
15302
15291
15283
15255
15236
15204
15085
15081
15010
14908
14760
14731
14720
14706
14646
14631
14557
14347
14323
14267
14263
14247
14234
14150
14053
14002
13973
13936
13900
13852
13847
13798
13578
13498
13490
13453
13337
13310
13300
13225
13209
13199
13169
13144
13040
13027
12923
12909
12875
12747
12745
12726
12606
12497
12492
12488
12442
12431
12421
12397
12362
12346
12344
12311
12240
12202
12164
12041
11974
11953
11941
11920
11874
11814
11764
11734
11709
11667
11559
11536
11513
11057
11042
10987
10987
10882
10803
10771
10770
10717
10709
10676
10631
10488
10480
10470
10437
10422
10348
10297
10292
10234
10231
10208
10184
10089
10086
10075
10060
9985
9930
9913
9898
9843
9757
9702
9675
9670
9622
9454
9446
9436
9380
9337
9335
9332
9327
9313
9281
9264
9261
9216
9210
9192
9172
9150
9114
9020
8978
8965
8886
8855
8837
8775
8689
8682
8655
8608
8564
8503
8490
8400
8334
8086
8038
7955
7951
7925
7880
7860
7848
7741
7730
7712
7404
7323
7295
7224
7217
7116
7057
7026
6997
6888
6810
6792
6791
6714
6508
6490
6471
6468
6446
6323
6322
6026
5880
5863
5832
5736
5667
5627
5512
5447
5360
5337
5289
5235
5108
5089
5022
4985
4841
4799
4780
4609
4553
4419
4353
4350
4338
4239
4146
4042
3901
3877
3743
3730
3689
3642
3604
3561
3484
3455
3389
3318
3287
3263
3237
3201
3172
3148
3142
3114
3105
3097
3013
2898
2815
2805
2749
2700
2686
2637
2585
2577
2552
2518
2494
2490
2252
2242
2219
1968
1893
1870
1858
1853
1821
1732
1707
1700
1675
1654
1626
1607
1592
1588
1572
1567
1535
1495
1430
1417
1359
1350
1305
1259
1205
1192
1184
1146
1136
1107
1100
1088
1083
983
979
964
947
942
913
905
879
869
808
795
772
741
740
737
678
664
553
530
520
509
412
328
302
273
144
36
11
