99887
99871
99844
99841
99813
99811
99784
99739
99648
99565
99563
99502
99489
99481
99409
99357
99270
99269
99190
99124
99085
99023
99022
98977
98954
98815
98798
98770
98730
98707
98633
98597
98542
98458
98378
98345
98315
98314
98312
98204
98196
98176
98158
98065
98012
97993
97975
97907
97819
97614
97562
97548
97545
97523
97484
97470
97421
97410
97251
97241
97175
97116
97067
97057
96993
96816
96794
96765
96602
96579
96545
96499
96486
96482
96352
96339
96257
96250
96199
95957
95938
95937
95903
95902
95879
95857
95821
95794
95779
95713
95615
95601
95515
95257
95255
95170
95155
95143
95128
95126
95008
94958
94924
94814
94812
94783
94781
94753
94751
94700
94699
94648
94647
94619
94560
94527
94491
94438
94392
94346
94274
94234
94212
94182
94081
94073
94049
93966
93938
93904
93902
93891
93805
93792
93677
93588
93511
93506
93383
93330
93283
93196
93102
93019
92978
92967
92954
92929
92856
92818
92792
92764
92676
92670
92651
92569
92472
92452
92433
92416
92369
92238
92223
92219
92210
92140
92065
92045
92038
91994
91881
91865
91853
91823
91683
91683
91658
91650
91623
91594
91507
91405
91383
91368
91311
91202
91173
90854
90849
90798
90760
90731
90727
90701
90632
90606
90593
90559
90493
90421
90403
90257
90221
90159
90094
90074
90074
89916
89801
89789
89720
89632
89524
89497
89442
89400
89331
89146
89075
89063
89023
88999
88988
88898
88770
88683
88662
88660
88549
88502
88501
88414
88372
88363
88356
88278
88054
88031
87997
87988
87966
87885
87881
87774
87764
87714
87617
87550
87537
87509
87495
87451
87385
87349
87304
87273
87263
87189
87184
87141
87128
87125
87009
86985
86982
86962
86938
86872
86848
86785
86734
86702
86674
86668
86661
86620
86580
86575
86466
86367
86239
86218
86172
86075
85870
85857
85838
85819
85798
85738
85619
85526
85513
85496
85477
85158
85129
85077
85035
84796
84631
84607
84540
84441
84389
84356
84346
84321
84257
84256
84209
84121
84102
84029
83955
83947
83919
83895
83890
83703
83656
83563
83413
83389
83352
83268
83200
83166
83147
83115
82991
82987
82959
82924
82921
82893
82883
82878
82786
82763
82711
82701
82700
82651
82607
82594
82519
82433
82339
82264
82179
82153
82135
82051
82045
82024
82017
81964
81955
81952
81922
81870
81857
81773
81746
81729
81719
81659
81638
81576
81544
81495
81440
81392
81374
81320
81285
81221
81163
81153
81151
81110
81099
81098
81071
81071
81067
81032
80922
80859
80807
80774
80642
80619
80569
80562
80550
80526
80522
80401
80394
80264
80251
80238
80233
80192
80156
80110
80021
79989
79947
79788
79784
79754
79698
79556
79382
79310
79194
79075
79041
79015
78953
78944
78893
78858
78849
78848
78756
78720
78588
78547
78515
78493
78426
78422
78415
78348
78218
78203
78162
78154
78096
78093
78092
78049
78036
78027
77968
77924
77863
77844
77830
77830
77795
77597
77585
77510
77367
77366
77340
77268
76980
76979
76831
76810
76745
76703
76676
76656
76647
76628
76594
76518
76400
76388
76365
76342
76094
76081
75960
75899
75871
75855
75833
75826
75715
75710
75704
75688
75667
75548
75483
75463
75420
75387
75335
75303
75297
75245
75176
75166
75165
74995
74973
74926
74856
74767
74698
74592
74531
74497
74490
74407
74396
74340
74333
74309
74248
74177
74162
74134
74054
74036
73980
73890
73888
73885
73811
73766
73525
73465
73464
73378
73335
73321
73184
73146
73005
72906
72805
72779
72776
72757
72743
72672
72665
72658
72623
72474
72455
72443
72404
72371
72340
72332
72318
72309
72085
72073
72039
71979
71952
71921
71914
71889
71796
71724
71660
71476
71475
71429
71327
71303
71283
71274
71212
71179
71160
71100
71049
71044
71031
71001
70945
70882
70876
70798
70771
70748
70696
70694
70637
70624
70574
70551
70550
70504
70463
70433
70404
70314
70265
70229
70183
70181
70138
70069
70065
70029
70025
69992
69982
69976
69932
69911
69856
69821
69799
69785
69693
69678
69667
69625
69469
69452
69435
69365
69295
69243
69242
69222
69210
69124
69076
69072
68998
68909
68821
68801
68668
68612
68552
68496
68492
68483
68335
68324
68319
68269
68228
68187
68185
68185
68176
68125
68104
68055
68010
67991
67968
67943
67928
67919
67778
67698
67692
67671
67664
67631
67573
67472
67387
67343
67320
67232
67207
67150
67111
67057
66959
66949
66922
66841
66759
66719
66698
66635
66566
66501
66438
66434
66339
66287
66232
66073
66044
66016
65937
65924
65903
65901
65844
65811
65769
65766
65765
65760
65711
65557
65537
65497
65419
65327
65308
65251
65245
65213
65203
65200
65180
65172
65168
65142
65061
64916
64915
64838
64778
64777
64755
64697
64680
64625
64618
64593
64502
64421
64333
64267
64265
64230
64205
64125
64095
64075
63918
63884
63819
63690
63681
63595
63581
63553
63509
63463
63458
63347
63311
63267
63154
63132
63104
63095
63055
62977
62946
62902
62878
62850
62807
62785
62780
62750
62685
62620
62620
62571
62548
62538
62364
62361
62355
62270
62241
62206
62161
62110
62081
61968
61961
61890
61841
61715
61687
61639
61599
61509
61506
61390
61297
61248
61169
61158
61146
60773
60633
60536
60499
60457
60453
60382
60346
60308
60168
60107
60106
60078
60073
60073
60043
59960
59949
59920
59915
59893
59838
59673
59647
59560
59550
59548
59538
59453
59440
59435
59423
59398
59280
59267
59262
59235
59205
58967
58797
58700
58630
58627
58469
58356
58301
58264
58221
58150
58125
58099
58032
57848
57750
57702
57699
57694
57652
57570
57547
57536
57187
57171
57111
56974
56840
56796
56718
56650
56646
56546
56521
56488
56428
56422
56267
56218
56120
56110
56067
56043
56039
55938
55911
55890
55867
55822
55792
55679
55640
55609
55520
55494
55470
55349
55338
55265
55196
55162
55055
55049
55018
54964
54934
54898
54886
54865
54850
54821
54810
54799
54725
54675
54654
54573
54558
54512
54512
54463
54447
54295
54254
54252
54098
54078
54010
53985
53953
53883
53871
53811
53792
53687
53625
53583
53530
53503
53500
53384
53377
53323
53230
53203
53194
53152
53128
53085
53079
53049
52913
52908
52874
52851
52839
52812
52734
52726
52672
52666
52615
52579
52449
52214
52192
52152
52015
51983
51975
51852
51832
51711
51676
51666
51647
51514
51457
51420
51343
51321
51240
51215
51154
51100
51086
51056
50936
50844
50811
50694
50693
50690
50588
50532
50470
50417
50380
50317
50295
50281
50275
50113
50044
49995
49826
49639
49638
49542
49510
49467
49467
49414
49410
49381
49356
49327
49316
49311
49291
49291
49269
49226
49172
49147
49113
49067
49043
49000
48989
48982
48963
48924
48871
48826
48807
48798
48772
48766
48733
48539
48474
48451
48360
48348
48314
48219
48166
48107
48104
48087
48055
48054
48027
47975
47945
47891
47827
47825
47765
47758
47669
47631
47496
47279
47169
47111
47090
47043
46997
46985
46976
46936
46915
46911
46794
46781
46762
46694
46606
46601
46559
46552
46544
46503
46260
46241
46221
46158
46122
46108
46058
45935
45935
45900
45888
45882
45836
45717
45657
45640
45591
45561
45475
45465
45410
45409
45353
45345
45339
45204
45031
45028
44952
44921
44911
44887
44859
44733
44629
44531
44515
44400
44330
44326
44313
44206
44111
44095
44024
44001
44000
43969
43961
43848
43832
43801
43713
43664
43646
43603
43551
43535
43511
43510
43490
43421
43394
43333
43311
43282
43275
43158
43155
43138
43122
42982
42976
42812
42808
42680
42670
42655
42655
42652
42555
42408
42274
42238
42156
42141
42077
41894
41873
41778
41547
41466
41451
41446
41438
41433
41377
41357
41349
41319
41234
41231
41226
41193
41121
41071
41001
40987
40966
40961
40838
40706
40601
40595
40567
40554
40430
40351
40333
40323
40314
40184
40072
40031
40008
40004
39837
39663
39608
39523
39387
39333
39244
39241
39186
39071
39056
39007
38984
38893
38854
38751
38749
38742
38721
38511
38447
38378
38333
38264
38258
38246
38077
38072
38063
37938
37875
37867
37856
37823
37742
37728
37347
37318
37170
37170
37164
37071
37070
36926
36910
36888
36887
36690
36681
36654
36472
36375
36334
36322
36315
36292
36234
36043
35968
35965
35880
35736
35648
35630
35603
35594
35488
35465
35339
35329
35323
35297
35162
35162
35142
35094
35051
34963
34877
34801
34680
34527
34506
34453
34380
34229
34055
34034
34031
34031
34012
33945
33920
33859
33857
33642
33600
33582
33559
33513
33507
33353
33207
33129
33112
32978
32930
32840
32675
32668
32569
32552
32511
32478
32417
32416
32351
32328
32254
32144
32137
32131
32129
32047
32035
31994
31879
31744
31591
31578
31553
31544
31531
31495
31495
31397
31372
31359
31347
31286
31219
31214
31211
31122
31113
31034
30905
30901
30807
30797
30639
30611
30565
30496
30309
30289
30251
30184
30158
30116
30106
30070
29975
29966
29833
29829
29700
29648
29630
29628
29584
29560
29543
29509
29467
29464
29439
29395
29390
29352
29347
29252
29207
29087
29086
28964
28958
28941
28933
28879
28829
28668
28602
28506
28439
28402
28397
28381
28333
28281
28233
28163
28141
28090
28079
28065
28059
27961
27956
27924
27808
27702
27676
27676
27673
27519
27511
27390
27304
27295
27256
27225
27132
27070
27045
27027
27020
26995
26876
26869
26789
26742
26710
26700
26692
26647
26602
26570
26472
26450
26414
26377
26326
26180
26133
26132
26130
25967
25940
25928
25888
25851
25848
25694
25569
25539
25491
25438
25436
25250
25212
25206
25080
25080
25067
25048
25024
24991
24988
24936
24894
24887
24850
24725
24722
24694
24572
24541
24522
24497
24470
24362
24356
24309
24290
24210
24209
24143
23998
23981
23830
23794
23787
23572
23429
23384
23370
23347
23346
23341
23333
23273
23105
23031
23028
22988
22891
22775
22760
22755
22702
22675
22611
22568
22563
22550
22399
22325
22288
22236
22232
22146
22041
22029
22023
21874
21874
21858
21850
21685
21563
21549
21468
21450
21392
21378
21358
21304
21280
21279
21105
21073
21028
20959
20938
20887
20867
20806
20718
20682
20571
20564
20535
20499
20488
20448
20341
20326
20324
20264
20190
20112
20041
20002
19949
19925
19833
19818
19802
19796
19779
19778
19706
19689
19677
19671
19545
19508
19390
19334
19332
19268
19263
19258
19258
19251
19249
19243
19204
19173
19147
19096
19048
19015
18908
18886
18864
18849
18807
18773
18704
18601
18545
18517
18473
18418
18405
18369
18361
18344
18301
18240
18201
18153
18112
18060
18054
18017
18007
18007
17994
17975
17975
17938
17839
17697
17619
17601
17481
17409
17381
17350
17289
17237
17227
17217
17170
17169
17132
17109
17063
17060
17043
16979
16935
16910
16883
16832
16825
16774
16772
16738
16713
16642
16636
16631
16591
16468
16465
16428
16332
16290
16271
16266
16076
16044
16043
16017
15927
15919
15918
15881
15858
15654
15622
15520
15507
15459
15284
15096
15082
15038
15025
14989
14959
14917
14901
14649
14646
14629
14479
14260
14259
14249
14159
14105
14097
14068
14010
13908
13858
13789
13775
13653
13645
13524
13436
13346
13322
13308
13308
13270
13227
13220
13178
13177
13091
13091
13046
13017
13011
12830
12799
12776
12767
12752
12714
12659
12649
12566
12428
12410
12376
12330
12312
12223
12165
12164
12106
12095
11980
11966
11694
11672
11599
11596
11550
11538
11523
11519
11507
11497
11409
11268
11187
11150
11020
10989
10927
10857
10841
10694
10668
10610
10591
10477
10432
10390
10286
10260
10245
10191
10070
10067
10030
9940
9793
9652
9569
9535
9419
9381
9342
9325
9322
9322
9251
9251
9235
9111
9091
9020
8981
8857
8793
8783
8774
8697
8674
8662
8602
8534
8494
8476
8247
8237
8205
8193
8183
8171
8120
8087
8040
8030
7963
7924
7879
7878
7861
7845
7798
7781
7760
7685
7665
7645
7631
7624
7597
7589
7580
7386
7371
7358
7232
7164
7126
7103
7047
6862
6858
6799
6767
6760
6604
6602
6560
6474
6416
6337
6274
6246
6242
6236
6191
6186
6069
6010
5988
5695
5669
5548
5527
5488
5482
5470
5412
5403
5392
5337
5268
5224
5194
5170
5131
5098
4823
4821
4801
4785
4725
4669
4652
4635
4615
4595
4586
4550
4523
4519
4425
4390
4293
4220
4165
4128
4099
4058
4024
3984
3922
3853
3778
3702
3552
3477
3418
3407
3402
3384
3355
3303
3275
3247
3131
3106
3100
3095
2988
2950
2896
2746
2733
2695
2671
2637
2621
2589
2461
2402
2313
2299
2266
2258
2229
2226
2168
2141
2106
2015
1970
1949
1909
1878
1856
1746
1742
1708
1668
1627
1614
1492
1471
1409
1341
1319
1276
1260
1245
1191
1118
1100
1055
1053
1027
1014
967
723
704
678
653
574
551
548
525
501
499
475
400
319
285
178
147
77
47
31
