100000
99987
99971
99950
99921
99778
99763
99760
99739
99610
99601
99480
99408
99375
99329
99312
99311
99250
99208
99133
99037
98975
98974
98951
98779
98744
98681
98677
98597
98496
98421
98344
98321
98231
98167
98000
97947
97899
97894
97761
97681
97678
97664
97535
97447
97439
97411
97371
97207
97133
97110
97082
97042
97035
97001
96994
96923
96865
96782
96712
96607
96595
96529
96517
96505
96462
96446
96425
96374
96367
96349
96334
96328
96308
96299
96265
96220
96200
96184
96080
96011
95896
95865
95831
95741
95474
95411
95303
95267
95206
95202
95143
95121
95117
95076
95001
94870
94861
94815
94646
94470
94332
94251
94218
94187
94162
94028
93994
93971
93952
93755
93573
93571
93546
93470
93459
93416
93402
93398
93369
93113
93103
92998
92996
92796
92778
92774
92633
92607
92575
92436
92273
92248
92158
92115
91998
91929
91883
91832
91830
91731
91727
91718
91671
91550
91513
91509
91489
91391
91378
91344
91123
91077
91018
90988
90881
90818
90795
90755
90695
90692
90666
90579
90493
90447
90372
90355
90340
90293
90252
90239
90171
90140
90081
90030
89998
89974
89929
89908
89899
89889
89884
89838
89736
89728
89659
89652
89623
89583
89578
89577
89541
89518
89510
89430
89429
89363
89237
89190
89188
89126
89056
89009
89004
88943
88926
88884
88884
88850
88848
88763
88761
88672
88560
88476
88468
88464
88455
88433
88342
88342
88310
88296
88181
88076
87997
87902
87812
87807
87778
87772
87701
87657
87615
87484
87483
87384
87331
87320
87235
87185
87135
87069
86938
86891
86855
86835
86834
86769
86734
86724
86712
86672
86612
86608
86584
86572
86527
86437
86425
86334
86296
86293
86291
86260
86158
86130
86120
86087
86059
86005
85915
85861
85850
85827
85777
85595
85551
85544
85502
85362
85209
85182
85169
85064
85043
85014
84940
84890
84869
84857
84826
84798
84765
84729
84627
84611
84507
84416
84389
84371
84359
84170
84142
84142
84106
84104
84083
83940
83939
83834
83820
83806
83775
83754
83734
83710
83532
83518
83488
83445
83423
83383
83317
83312
83283
83144
83111
83060
83027
82971
82903
82763
82679
82660
82652
82608
82428
82398
82235
82219
82189
82151
82128
82087
82076
82056
82038
81995
81907
81884
81828
81755
81754
81554
81477
81452
81435
81373
81308
81241
81229
81206
81091
80985
80956
80880
80856
80845
80836
80792
80791
80781
80761
80742
80682
80499
80469
80461
80440
80428
80374
80345
80151
80137
80050
79990
79964
79904
79849
79693
79681
79636
79634
79621
79596
79567
79462
79438
79437
79159
79146
79071
78953
78873
78782
78747
78691
78613
78601
78568
78549
78465
78463
78446
78423
78395
78334
78306
78276
78230
78220
78149
78133
78119
78063
78039
77828
77795
77756
77739
77632
77611
77599
77587
77576
77559
77533
77426
77419
77410
77375
77364
77242
77228
77215
77180
77153
77061
77036
77027
77021
77013
76994
76952
76879
76786
76628
76535
76422
76328
76306
76299
76279
76236
76083
76059
76021
76006
75988
75980
75964
75955
75906
75903
75877
75795
75674
75667
75665
75621
75595
75584
75542
75486
75395
75365
75361
75326
75322
75293
75285
75284
75279
75212
75161
75151
75118
75084
75069
75034
75003
74899
74872
74780
74746
74688
74593
74561
74531
74464
74403
74402
74383
74216
74184
74177
74130
74074
74048
73989
73890
73880
73675
73583
73488
73486
73415
73399
73339
73312
73296
73230
73176
73164
73113
73112
73077
73076
73049
72974
72946
72898
72828
72821
72820
72818
72802
72713
72703
72697
72634
72567
72419
72378
72352
72314
72181
72169
72088
71848
71845
71830
71827
71801
71691
71665
71664
71384
71382
71338
71214
71088
71056
71054
71010
70956
70846
70768
70722
70676
70615
70567
70539
70506
70446
70410
70371
70357
70356
70344
70321
70267
70219
70208
70160
70152
70125
70116
70056
70002
69946
69939
69907
69831
69764
69701
69659
69604
69574
69536
69518
69427
69423
69368
69338
69152
69147
69077
68957
68956
68920
68911
68780
68767
68736
68671
68640
68527
68485
68471
68445
68344
68269
68240
68192
68163
68159
68148
68108
68046
68039
68035
67876
67738
67663
67657
67634
67583
67412
67380
67303
67297
67196
67186
67174
67159
67129
67122
67055
67003
66978
66929
66846
66828
66828
66747
66742
66736
66672
66663
66623
66555
66499
66450
66301
66287
66204
66188
66086
66068
66044
66043
66040
66008
65989
65963
65932
65906
65900
65899
65855
65799
65799
65770
65768
65680
65619
65570
65557
65525
65447
65444
65404
65302
65228
65227
65223
65210
65138
65039
65037
65010
64969
64922
64899
64868
64860
64857
64830
64738
64649
64518
64434
64427
64403
64295
64290
64275
64226
64152
64092
63956
63952
63919
63899
63859
63777
63755
63751
63722
63647
63563
63390
63323
63311
63240
63166
63147
63137
63105
63063
63011
62954
62883
62874
62848
62791
62710
62703
62684
62632
62609
62525
62492
62431
62416
62393
62220
62197
62182
62081
62074
62074
62050
62031
62018
61999
61892
61857
61635
61501
61461
61445
61309
61303
61265
61249
61132
61095
61012
60939
60916
60850
60839
60825
60714
60680
60628
60569
60552
60496
60335
60303
60163
60100
60085
59913
59875
59860
59815
59775
59703
59686
59674
59534
59509
59384
59271
59264
59217
59118
59116
59113
59058
59051
59020
59004
58979
58971
58958
58955
58940
58853
58851
58803
58770
58731
58713
58709
58690
58683
58482
58452
58208
58178
57931
57914
57880
57860
57847
57824
57812
57809
57705
57515
57484
57419
57366
57356
57316
57123
57020
57008
56987
56969
56957
56895
56823
56724
56667
56549
56515
56470
56465
56455
56328
56325
56181
56164
56074
56019
55986
55982
55966
55954
55798
55771
55718
55717
55612
55535
55475
55446
55428
55352
55186
55037
54955
54947
54875
54860
54807
54791
54717
54712
54676
54597
54547
54486
54479
54375
54370
54366
54345
54247
54171
54159
54145
54089
54050
54014
53933
53879
53864
53752
53733
53725
53677
53570
53543
53400
53392
53377
53242
52984
52694
52655
52649
52648
52606
52583
52550
52544
52540
52481
52453
52349
52306
52235
52208
52087
52012
51901
51809
51755
51677
51645
51631
51525
51520
51476
51462
51430
51411
51304
51297
51287
51232
51217
51147
51141
51093
51076
51040
50939
50929
50906
50900
50779
50729
50700
50634
50625
50602
50547
50525
50466
50434
50342
50244
50185
50154
50007
49907
49889
49854
49828
49828
49719
49710
49679
49668
49635
49625
49613
49516
49511
49506
49406
49375
49351
49349
49298
49286
49196
49172
49172
49163
49155
49147
49115
49098
49063
49021
49014
48988
48840
48781
48762
48760
48666
48619
48604
48566
48416
48390
48349
48337
48329
48297
48261
48177
48164
48073
48063
47994
47917
47848
47813
47804
47746
47677
47480
47434
47368
47276
47270
47175
47163
47107
47077
47042
46959
46892
46808
46801
46766
46743
46675
46655
46611
46495
46484
46482
46443
46427
46415
46399
46399
46345
46311
46289
46215
46162
46122
45891
45799
45707
45699
45573
45568
45362
45279
45201
45177
45090
45065
45021
45011
44963
44894
44776
44769
44728
44683
44679
44674
44664
44596
44532
44502
44363
44328
44311
44263
44239
44152
44116
44038
44004
43986
43974
43973
43932
43919
43910
43871
43859
43724
43655
43417
43306
43288
43283
43276
43269
43250
43154
43030
42994
42965
42960
42912
42886
42845
42748
42744
42724
42676
42640
42635
42572
42508
42467
42242
42208
42205
42117
42031
41920
41918
41897
41848
41732
41696
41688
41608
41572
41555
41542
41502
41418
41390
41370
41354
41317
41243
41089
40972
40967
40967
40903
40794
40702
40701
40690
40684
40622
40610
40517
40511
40463
40397
40369
40367
40366
40332
40302
40301
40273
40233
40118
40070
40066
40032
39952
39810
39724
39723
39668
39621
39615
39568
39547
39347
39279
39234
39233
39102
39058
38945
38942
38907
38762
38739
38645
38579
38578
38450
38228
38206
37904
37870
37804
37758
37751
37748
37698
37675
37660
37650
37639
37596
37580
37498
37487
37456
37429
37405
37395
37386
37356
37148
37133
37108
36948
36874
36812
36801
36793
36773
36722
36707
36687
36666
36647
36551
36543
36461
36426
36412
36412
36400
36327
36313
36278
36265
36157
36098
36095
35998
35958
35943
35915
35913
35872
35864
35833
35827
35665
35644
35618
35582
35570
35534
35511
35472
35407
35332
35332
35314
35277
35261
35142
35100
35098
35095
35094
35059
34952
34952
34859
34857
34852
34842
34826
34809
34771
34746
34648
34603
34488
34462
34459
34421
34396
34255
34068
34045
34008
33897
33884
33880
33828
33768
33758
33751
33696
33669
33659
33622
33617
33609
33474
33374
33294
33275
33243
33059
33052
32929
32925
32881
32689
32684
32589
32565
32512
32510
32481
32469
32454
32370
32370
32346
32332
32304
32293
32273
32259
32200
32123
32094
31970
31877
31854
31849
31680
31580
31577
31474
31458
31439
31292
31187
31119
30987
30948
30943
30924
30871
30806
30786
30572
30474
30413
30405
30391
30349
30294
30271
30159
30137
30126
30085
30066
29901
29724
29512
29479
29334
29255
29210
29202
29200
29185
29083
29078
29046
29020
29002
28944
28921
28891
28874
28852
28717
28710
28684
28647
28432
28394
28386
28330
28307
28306
28301
28182
28106
28085
28076
28071
28067
28027
28023
27874
27828
27780
27570
27439
27331
27242
27214
27144
27105
27073
27012
26993
26944
26891
26862
26674
26645
26639
26604
26576
26484
26346
26322
26311
26288
26211
26148
26070
26051
25940
25836
25797
25782
25705
25703
25686
25625
25588
25570
25527
25510
25458
25431
25412
25411
25408
25362
25274
25247
25119
25077
25054
25026
25022
24924
24906
24894
24886
24820
24770
24766
24729
24627
24431
24271
24211
24155
24128
24107
24023
24006
23994
23783
23742
23723
23713
23706
23599
23593
23589
23562
23399
23368
23356
23327
23277
23227
23163
23064
23058
22940
22848
22830
22699
22650
22584
22579
22465
22402
22387
22373
22364
22276
22251
22250
22245
22232
22176
22101
22057
21945
21736
21694
21678
21639
21632
21584
21468
21444
21372
21345
21288
21247
21172
21050
20865
20858
20833
20802
20787
20724
20625
20608
20513
20493
20353
20311
20287
20256
20066
20066
20049
19987
19946
19910
19829
19566
19566
19554
19462
19424
19399
19187
19131
19080
19060
19056
19052
18953
18931
18898
18831
18808
18773
18666
18636
18621
18482
18426
18365
18350
18345
18336
18330
18309
18308
18294
18283
18165
18121
18101
18095
18090
17966
17949
17891
17801
17786
17777
17770
17661
17604
17600
17491
17440
17422
17258
17207
17168
17095
17070
16986
16955
16912
16867
16853
16843
16815
16787
16757
16736
16732
16704
16679
16662
16628
16533
16486
16447
16368
16367
16356
16240
16122
15951
15903
15890
15876
15788
15754
15737
15597
15545
15498
15476
15446
15274
15222
15187
15162
15082
15067
14961
14924
14883
14859
14849
14771
14695
14670
14625
14624
14544
14543
14529
14479
14401
14183
14170
14052
13924
13923
13874
13805
13803
13721
13654
13641
13628
13540
13512
13510
13453
13445
13336
13275
13261
13258
13244
13217
13098
13088
13088
12982
12918
12857
12846
12819
12779
12724
12636
12624
12608
12568
12433
12402
12375
12374
12352
12236
12121
12089
12039
12029
11910
11906
11888
11839
11799
11782
11657
11576
11555
11462
11335
11324
11275
11259
11220
11174
11167
11130
11011
10953
10931
10912
10868
10804
10775
10722
10571
10565
10562
10435
10415
10206
10171
10166
10105
10103
10021
9994
9953
9880
9777
9771
9762
9705
9682
9666
9599
9573
9572
9569
9539
9525
9442
9421
9407
9305
9300
9238
9170
9153
9125
9051
9012
9002
8997
8991
8983
8960
8951
8945
8939
8888
8855
8830
8810
8807
8785
8721
8708
8679
8676
8667
8639
8623
8593
8566
8535
8503
8360
8332
8205
8193
8184
8138
8105
8085
7990
7864
7850
7813
7808
7694
7642
7631
7585
7547
7547
7476
7472
7456
7418
7390
7361
7292
7203
7183
7059
7034
7017
6976
6950
6834
6774
6676
6617
6613
6416
6377
6368
6275
6237
6213
6195
6194
6124
5966
5905
5742
5712
5601
5545
5499
5483
5477
5469
5420
5419
5405
5358
5264
5206
5195
5151
5090
5049
4973
4956
4937
4712
4701
4540
4525
4419
4372
4300
4291
4224
4107
4028
3992
3963
3948
3946
3896
3804
3793
3773
3750
3681
3678
3662
3411
3378
3370
3365
3297
3237
3113
3053
2960
2897
2880
2821
2817
2800
2639
2637
2619
2590
2558
2504
2492
2446
2438
2421
2221
1952
1931
1915
1815
1730
1700
1670
1614
1607
1584
1578
1560
1505
1304
1286
1279
1260
1093
1085
1080
1053
1049
894
877
874
848
839
786
697
502
474
469
351
313
302
269
253
214
188
181
163
115
29
