99981
99944
99893
99885
99872
99865
99756
99732
99715
99631
99619
99577
99565
99493
99434
99400
99297
99238
99222
99179
99100
99093
99056
99052
98967
98796
98772
98743
98726
98697
98687
98662
98643
98632
98624
98563
98515
98500
98470
98387
98387
98304
98261
98258
98235
98192
97999
97820
97792
97787
97718
97716
97692
97647
97555
97509
97486
97388
97316
97287
97283
97096
97090
96798
96789
96780
96685
96658
96646
96630
96568
96418
96408
96362
96338
96333
96283
96272
96222
96216
96195
96165
96011
95962
95952
95950
95939
95906
95818
95808
95768
95723
95709
95565
95376
95360
95328
95264
95246
95196
95138
95136
95108
94983
94949
94770
94672
94606
94433
94402
94281
94237
94231
94230
94199
94192
94190
94165
94164
94107
94084
94067
93962
93960
93777
93652
93581
93421
93357
93168
93131
93105
93097
93082
93020
92842
92837
92751
92746
92632
92581
92575
92551
92516
92504
92502
92491
92439
92169
92164
92155
92149
92096
92084
92081
92030
92018
91996
91971
91970
91827
91728
91692
91675
91649
91542
91540
91458
91350
91274
91197
91172
91164
91150
91148
91123
91055
90886
90885
90841
90740
90634
90395
90353
90345
90328
90107
90099
90078
89838
89758
89707
89671
89653
89504
89497
89490
89393
89279
89018
89009
88980
88957
88893
88884
88810
88732
88715
88707
88702
88667
88660
88627
88517
88470
88273
88223
88214
88113
88099
88075
88054
88016
87994
87967
87927
87871
87859
87836
87800
87784
87666
87556
87485
87424
87341
87237
87224
87207
87175
87157
87097
87093
87088
87069
87044
87040
86995
86976
86786
86745
86721
86705
86616
86614
86613
86567
86520
86484
86475
86472
86470
86337
86317
86297
86278
86256
86248
86203
86156
86005
85958
85914
85894
85779
85769
85757
85745
85737
85681
85578
85571
85526
85438
85433
85412
85392
85342
85327
85325
85287
85271
85235
85190
85162
85138
84973
84945
84925
84924
84874
84782
84580
84577
84560
84520
84507
84383
84372
84345
84260
84230
84217
84172
84073
84064
84052
84006
84003
83900
83892
83833
83768
83750
83616
83527
83384
83283
83261
83214
83154
83112
83111
83083
83042
82970
82936
82913
82879
82822
82803
82765
82722
82662
82622
82615
82557
82554
82531
82398
82266
82258
82131
82130
82086
82070
82027
82014
81978
81966
81894
81867
81847
81745
81676
81620
81616
81587
81543
81536
81465
81462
81436
81329
81257
81220
81121
80903
80890
80877
80856
80812
80768
80759
80759
80726
80725
80629
80619
80597
80590
80479
80383
80313
80305
80272
80206
80197
80180
80064
79962
79870
79799
79792
79788
79773
79771
79745
79639
79625
79623
79571
79241
79199
79100
78990
78939
78763
78717
78702
78626
78542
78469
78467
78411
78395
78249
78180
77967
77937
77926
77872
77848
77840
77762
77753
77718
77600
77593
77581
77524
77493
77450
77258
77040
76968
76911
76884
76834
76785
76729
76618
76601
76549
76545
76543
76524
76472
76467
76463
76357
76204
76089
75975
75965
75909
75842
75808
75799
75766
75758
75745
75705
75704
75673
75655
75651
75630
75615
75609
75462
75441
75426
75361
75353
75345
75306
75281
75264
75248
75073
75061
75051
75043
74999
74992
74980
74972
74816
74804
74762
74626
74594
74575
74551
74546
74538
74447
74390
74376
74328
74319
74236
74212
74133
74051
73938
73863
73726
73663
73661
73599
73347
73282
73275
73274
73189
73172
73082
73013
73001
72997
72979
72888
72810
72705
72694
72655
72640
72564
72520
72490
72484
72466
72417
72376
72375
72375
72310
72282
72264
72241
72193
72144
72113
72100
72083
72050
72036
72018
72013
72012
72009
71896
71841
71774
71767
71758
71725
71672
71660
71617
71609
71535
71519
71445
71417
71383
71376
71303
71238
71203
71187
71052
71049
71007
70988
70958
70946
70937
70919
70917
70835
70714
70660
70646
70574
70562
70336
70272
70253
70193
70048
70029
69954
69868
69853
69830
69791
69772
69682
69608
69548
69531
69495
69490
69432
69342
69304
69263
69129
69121
69121
69107
68985
68892
68796
68750
68730
68606
68578
68570
68531
68506
68481
68287
68264
68204
68199
68184
68167
68155
68093
68053
67793
67745
67679
67626
67560
67555
67531
67511
67345
67334
67270
66979
66968
66852
66773
66650
66631
66592
66519
66515
66407
66350
66245
66195
66163
66151
66110
66036
66024
65976
65945
65935
65862
65852
65845
65835
65768
65755
65733
65724
65721
65682
65675
65619
65596
65494
65470
65453
65445
65430
65418
65356
65229
65189
65161
65115
65085
65062
64929
64895
64676
64668
64622
64620
64517
64485
64460
64455
64396
64350
64294
64227
64225
64088
64046
63958
63951
63947
63869
63834
63806
63767
63719
63711
63696
63689
63640
63614
63574
63566
63545
63528
63499
63461
63449
63394
63362
63324
63306
63283
63231
63135
63092
63012
62986
62950
62944
62942
62801
62770
62755
62749
62683
62642
62621
62557
62422
62383
62375
62370
62364
62300
62268
62215
62157
62057
61997
61924
61892
61672
61670
61669
61638
61584
61552
61551
61538
61535
61356
61332
61326
61268
61266
61259
61237
61128
61124
60909
60839
60830
60751
60649
60350
60336
60261
60085
60047
60047
60022
60011
59940
59913
59899
59824
59695
59658
59647
59647
59505
59504
59450
59296
59290
59236
59148
58870
58853
58833
58762
58601
58529
58521
58481
58447
58429
58362
58346
58314
58314
58257
58242
58129
58128
58116
58072
57962
57924
57889
57824
57718
57696
57672
57609
57572
57530
57483
57453
57434
57413
57406
57358
57351
57305
57268
57257
57254
57238
57228
57179
57175
57157
57124
57078
57064
57017
56968
56800
56788
56731
56689
56625
56621
56587
56539
56506
56493
56454
56375
56320
56245
56218
56213
56206
56140
56030
55924
55886
55884
55838
55831
55815
55701
55684
55657
55612
55602
55565
55513
55502
55390
55386
55365
55362
55268
55215
55161
55124
55118
55113
55036
55032
54953
54812
54763
54756
54756
54736
54687
54679
54667
54472
54465
54413
54377
54279
54174
54100
54095
54012
53969
53965
53957
53877
53806
53718
53605
53571
53541
53432
53380
53314
53277
53227
53187
53170
53092
53086
53072
53062
53055
53048
53044
53029
52988
52930
52914
52820
52732
52727
52720
52699
52685
52587
52579
52578
52539
52519
52517
52514
52513
52478
52460
52447
52359
52341
52314
52110
52007
51960
51932
51907
51824
51810
51765
51742
51719
51664
51657
51639
51597
51553
51548
51522
51475
51453
51451
51446
51436
51410
51254
51233
51200
51141
51130
51090
50991
50928
50843
50752
50611
50531
50519
50509
50506
50401
50282
50238
50232
50051
50037
50009
49988
49848
49790
49774
49739
49734
49732
49721
49712
49690
49675
49625
49591
49560
49446
49284
49253
49142
49030
48986
48947
48866
48784
48776
48765
48729
48591
48539
48441
48424
48414
48368
48297
48274
48247
48162
48134
48125
48089
48039
48036
47973
47943
47908
47801
47796
47792
47787
47694
47620
47573
47478
47475
47441
47437
47239
47201
47194
47187
47147
47134
46965
46926
46896
46801
46762
46714
46701
46665
46622
46586
46490
46487
46485
46467
46411
46383
46309
46154
46152
46115
45928
45627
45574
45509
45484
45334
45314
45294
45211
45171
45092
45014
45012
44984
44982
44978
44896
44726
44711
44641
44631
44618
44459
44453
44420
44413
44405
44296
44284
44233
44224
44138
43963
43950
43908
43874
43807
43794
43779
43732
43713
43519
43502
43470
43417
43396
43383
43293
43264
43244
43199
43187
43167
43166
43161
43085
42990
42978
42943
42812
42807
42786
42782
42772
42739
42714
42608
42575
42554
42554
42523
42508
42332
42323
42295
42224
42209
42190
42187
42086
42079
42018
41709
41686
41665
41593
41424
41308
41048
41035
40955
40942
40899
40899
40899
40743
40699
40589
40472
40455
40427
40386
40348
40188
40155
40141
40124
40122
40091
40068
39949
39938
39911
39877
39874
39871
39848
39765
39700
39698
39584
39553
39473
39427
39301
39150
39131
39122
39092
39071
39055
38975
38828
38825
38763
38687
38681
38648
38616
38567
38503
38242
38069
38007
37956
37939
37778
37762
37740
37738
37683
37523
37511
37497
37421
37410
37368
37354
37290
37249
37247
37244
37189
37137
37087
37066
37044
36971
36894
36870
36850
36702
36694
36560
36554
36506
36486
36311
36300
36272
36090
36076
36071
36063
35986
35941
35926
35860
35741
35684
35681
35676
35668
35621
35609
35505
35388
35363
35332
35332
35225
35217
35214
35147
35110
35109
34999
34856
34798
34704
34569
34524
34504
34440
34428
34370
34303
34293
34263
34237
34210
34151
34102
34057
33993
33974
33911
33899
33877
33842
33796
33779
33758
33723
33679
33652
33645
33560
33541
33501
33443
33432
33427
33358
33256
33235
33215
33176
33175
33051
32934
32887
32846
32845
32808
32704
32665
32651
32589
32580
32491
32460
32452
32376
32337
32336
32335
32318
32302
32293
32156
32148
32098
32091
32041
32036
32022
32007
31998
31965
31913
31911
31856
31728
31713
31709
31702
31682
31650
31609
31485
31412
31339
31325
31324
31028
30992
30844
30840
30822
30783
30781
30510
30479
30474
30465
30373
30337
30337
30306
30269
30221
30183
30178
30154
30107
30095
30022
29867
29849
29793
29706
29652
29619
29566
29436
29288
29219
29206
29139
29125
29057
28985
28892
28872
28862
28812
28718
28712
28696
28655
28533
28529
28403
28227
28172
28061
28049
27965
27910
27858
27848
27736
27709
27666
27588
27538
27401
27338
27236
27171
27016
27015
26880
26814
26796
26718
26653
26519
26489
26441
26429
26374
26325
26296
26236
26179
26155
26063
26022
26013
25901
25683
25679
25666
25605
25403
25388
25361
25360
25318
25262
25259
25233
25225
25201
25138
25099
25059
25053
25052
25043
24999
24993
24977
24944
24912
24904
24881
24829
24737
24724
24621
24531
24515
24514
24499
24395
24388
24299
24279
24216
24216
24201
24033
23897
23886
23871
23861
23782
23731
23680
23656
23646
23601
23575
23516
23459
23448
23396
23325
23228
23198
23151
23085
23004
22963
22849
22834
22813
22788
22596
22550
22450
22443
22262
22252
22245
22056
22054
22030
22007
21969
21942
21861
21837
21824
21784
21773
21691
21687
21673
21582
21532
21487
21308
21291
21281
21270
21262
21190
21161
21149
21121
21062
21042
20910
20861
20756
20677
20604
20597
20524
20336
20312
20200
20154
20139
20028
19968
19954
19929
19883
19692
19632
19571
19541
19513
19485
19439
19284
19255
19239
19228
19143
19090
19083
18994
18992
18928
18908
18835
18819
18811
18703
18685
18614
18586
18528
18520
18471
18217
18178
18135
18133
18122
18007
17999
17892
17754
17695
17598
17593
17566
17433
17371
17320
17254
17253
17247
17228
17221
17167
17109
17080
17010
16986
16925
16904
16900
16715
16651
16635
16633
16628
16431
16341
16288
16253
16226
16156
16124
16078
16004
16001
15992
15885
15870
15791
15701
15679
15673
15662
15615
15460
15399
15357
15293
15290
15262
15234
15230
15050
15012
14979
14972
14967
14720
14649
14648
14568
14557
14536
14533
14520
14393
14385
14326
14292
14229
14215
14204
14030
14013
14012
13943
13840
13743
13638
13636
13525
13463
13400
13387
13373
13030
13015
12988
12985
12922
12921
12839
12763
12668
12664
12655
12632
12528
12420
12396
12384
12328
12309
12128
12097
12042
12022
11955
11937
11888
11850
11818
11779
11702
11643
11585
11559
11493
11401
11391
11387
11358
11191
11156
11152
11065
11014
10994
10926
10904
10888
10843
10813
10668
10604
10594
10590
10562
10557
10541
10485
10447
10442
10409
10400
10394
10368
10190
10070
10059
10002
9907
9894
9754
9739
9717
9715
9640
9616
9550
9531
9490
9442
9432
9432
9339
9308
9269
9180
9068
9028
9009
8949
8933
8925
8895
8869
8845
8757
8701
8683
8652
8576
8463
8393
8389
8367
8329
8326
8295
8290
8272
8246
8159
8143
8062
7873
7826
7811
7786
7681
7651
7621
7609
7604
7547
7462
7418
7408
7370
7364
7354
7344
7320
7203
7077
6988
6960
6806
6776
6692
6652
6647
6620
6570
6498
6491
6438
6419
6259
6250
6124
6121
6110
6061
6040
5825
5741
5655
5639
5618
5588
5386
5380
5361
5359
5335
5289
5277
5254
5240
5213
5208
5179
5092
4927
4923
4803
4753
4632
4605
4603
4529
4486
4431
4376
4348
4344
4340
4299
4170
4156
4080
4060
4046
4012
3790
3745
3699
3562
3550
3522
3500
3291
3148
3140
3139
3065
2961
2893
2878
2877
2824
2740
2688
2675
2670
2667
2644
2577
2567
2476
2432
2412
2373
2299
2234
2229
2224
2167
2163
2139
2093
2047
2042
2017
1986
1946
1909
1877
1871
1832
1824
1791
1778
1774
1771
1771
1719
1657
1651
1599
1453
1445
1418
1413
1302
1226
1131
1011
994
979
862
824
715
713
638
530
529
445
295
240
231
167
