99972
99952
99891
99833
99791
99713
99704
99684
99637
99614
99594
99530
99524
99511
99510
99504
99471
99416
99405
99376
99312
99253
99135
99104
99027
98941
98919
98895
98877
98770
98770
98736
98728
98727
98691
98661
98542
98508
98350
98325
98283
98244
98157
98147
98094
98081
98070
98047
98043
97921
97882
97859
97848
97791
97785
97766
97714
97649
97633
97542
97529
97520
97498
97455
97417
97323
97299
97279
97252
97235
97202
97181
97173
97167
97137
97104
97101
97010
96989
96859
96709
96688
96652
96526
96500
96455
96153
96016
95885
95632
95615
95600
95549
95548
95493
95492
95394
95376
95367
95359
95339
95273
95206
95147
95101
95054
95042
95042
94828
94828
94795
94685
94625
94596
94591
94480
94436
94368
94358
94355
94331
94305
94246
94083
94037
93992
93982
93874
93845
93819
93771
93673
93657
93632
93566
93498
93462
93408
93340
93248
93161
93072
93066
93036
92949
92930
92796
92681
92640
92488
92442
92308
92249
92202
92152
92123
91870
91869
91848
91844
91822
91789
91766
91713
91618
91549
91487
91390
91349
91333
91195
91160
91158
91145
91056
91038
91017
91016
90973
90951
90894
90821
90739
90732
90649
90604
90549
90425
90383
90363
90356
90334
90321
90291
90229
90224
90217
90197
90186
90139
90129
90097
89956
89954
89904
89867
89853
89841
89782
89741
89683
89530
89505
89467
89408
89400
89399
89388
89280
89228
89129
89059
88984
88964
88910
88844
88805
88790
88731
88694
88604
88580
88575
88570
88501
88375
88293
88289
88279
88276
88232
88185
88161
88130
88095
88055
87994
87974
87949
87886
87870
87803
87771
87758
87745
87645
87641
87635
87625
87610
87610
87543
87481
87397
87375
87258
87206
87187
87145
87061
87003
86850
86842
86834
86829
86800
86782
86766
86747
86651
86635
86382
86345
86298
86279
86231
86206
86194
86104
86090
86046
86002
85963
85879
85832
85811
85733
85721
85713
85691
85618
85579
85564
85520
85434
85349
85244
85198
85163
85156
85124
85030
84865
84758
84698
84694
84591
84574
84555
84523
84523
84491
84346
84345
84326
84267
84239
84234
84203
84178
84088
84003
83952
83856
83814
83805
83713
83667
83613
83481
83313
83236
83210
83209
83177
83140
83119
83046
82946
82882
82876
82686
82607
82573
82565
82553
82479
82477
82418
82381
82153
82070
82017
81898
81837
81744
81722
81721
81708
81604
81549
81542
81462
81458
81436
81391
81267
81248
81077
81063
81056
81008
80929
80834
80814
80712
80703
80673
80671
80607
80585
80573
80563
80542
80540
80521
80514
80481
80455
80311
80261
80258
80242
80194
80181
80162
80142
80140
80130
80116
80093
80085
80081
80079
80023
80022
79985
79911
79909
79842
79699
79629
79629
79615
79612
79602
79583
79539
79521
79474
79449
79265
79209
79202
79149
79033
79001
78982
78857
78704
78677
78638
78626
78451
78326
78307
78270
78149
78146
78132
78119
77981
77947
77928
77764
77754
77665
77577
77475
77450
77445
77430
77355
77332
77271
77267
77254
77210
77177
77171
77162
77107
77030
76962
76917
76863
76858
76830
76824
76738
76682
76667
76420
76221
76196
76158
76057
75979
75965
75953
75801
75751
75736
75729
75610
75567
75554
75549
75533
75529
75439
75360
75306
75297
75153
75145
75092
75071
75023
74909
74895
74885
74863
74839
74817
74808
74707
74580
74549
74531
74463
74440
74355
74264
74176
74175
74023
73975
73970
73943
73924
73876
73825
73814
73793
73694
73626
73612
73482
73329
73306
73297
73289
73230
73162
73152
73010
72938
72937
72934
72934
72911
72910
72849
72818
72810
72662
72563
72524
72516
72498
72416
72361
72309
72259
72241
72216
72176
72075
71974
71936
71933
71783
71672
71664
71654
71637
71625
71620
71449
71445
71378
71263
71161
71153
71151
71104
71098
70874
70849
70761
70715
70580
70469
70343
70250
70242
70202
70066
69982
69853
69761
69679
69666
69662
69642
69575
69511
69464
69391
69187
69116
69087
69076
69053
68948
68809
68732
68688
68636
68628
68606
68529
68358
68339
68236
68226
68216
68190
68139
68135
68076
68017
67987
67946
67897
67890
67887
67880
67841
67761
67718
67714
67640
67614
67501
67483
67410
67405
67162
67138
67036
67027
67021
67004
66988
66865
66852
66843
66785
66725
66691
66613
66612
66550
66535
66510
66479
66415
66341
66337
66304
66225
66192
66169
66162
66153
66139
66117
66032
65895
65878
65872
65833
65769
65699
65671
65539
65539
65538
65509
65483
65444
65438
65431
65405
65365
65344
65036
65015
64867
64781
64736
64610
64571
64528
64480
64455
64417
64398
64386
64311
64301
64261
64233
64134
64108
64101
64096
64019
64011
63907
63886
63864
63800
63778
63721
63717
63697
63656
63631
63623
63527
63410
63367
63255
63185
63161
63105
63018
62984
62963
62927
62909
62718
62682
62630
62557
62499
62496
62467
62459
62426
62383
62344
62318
62170
61965
61906
61742
61715
61709
61686
61657
61630
61581
61535
61514
61466
61427
61396
61367
61311
61268
61265
61251
61218
61194
61095
61063
61044
61044
61011
60992
60975
60952
60946
60876
60835
60737
60577
60474
60473
60452
60291
60159
60156
60140
60138
60136
60092
60032
59956
59885
59847
59826
59816
59811
59801
59765
59757
59745
59736
59731
59718
59717
59661
59611
59529
59485
59459
59311
59240
59230
59209
59174
59171
59171
59121
59061
58991
58964
58935
58897
58890
58886
58885
58864
58845
58817
58764
58758
58739
58664
58646
58593
58543
58542
58452
58390
58287
58270
58233
58202
58201
57971
57923
57903
57808
57803
57768
57750
57723
57719
57640
57633
57587
57548
57538
57514
57507
57394
57389
57373
57319
57212
57167
57138
57120
57001
56943
56716
56554
56543
56530
56491
56162
56140
55964
55963
55941
55888
55878
55873
55815
55711
55695
55682
55637
55592
55466
55456
55207
55142
55099
55092
55089
55083
55070
54971
54884
54684
54582
54300
54299
54256
54185
54133
54112
54051
54008
53973
53949
53943
53935
53868
53825
53786
53780
53762
53745
53742
53728
53656
53655
53580
53578
53490
53446
53431
53430
53427
53426
53352
53337
53231
53202
53117
53005
52959
52941
52874
52805
52803
52656
52630
52568
52481
52472
52401
52397
52397
52155
52135
52110
52062
52020
52004
51987
51964
51833
51723
51677
51665
51664
51645
51526
51453
51363
51350
51217
51181
51179
51104
50898
50894
50854
50787
50629
50555
50537
50534
50522
50509
50299
50291
50283
50223
50144
50079
50061
50055
49991
49980
49958
49854
49799
49758
49692
49672
49647
49626
49576
49575
49474
49472
49257
49228
49225
49176
49144
49039
49013
48939
48879
48846
48787
48769
48708
48697
48675
48623
48596
48593
48483
48441
48431
48397
48328
48258
48255
48155
48111
48098
48065
48061
48049
48031
47968
47941
47902
47815
47789
47779
47745
47706
47559
47538
47477
47471
47448
47417
47408
47343
47341
47303
47169
47111
47078
46918
46871
46841
46814
46786
46782
46765
46763
46730
46701
46634
46632
46539
46443
46351
46311
46309
46127
46078
46075
46027
45994
45966
45943
45928
45881
45813
45787
45748
45615
45578
45530
45497
45417
45390
45351
45318
45296
45274
45181
45111
45085
45034
44975
44927
44900
44873
44848
44843
44736
44647
44617
44518
44417
44370
44332
44281
44171
44092
44072
44015
43977
43915
43849
43746
43740
43600
43570
43530
43517
43449
43405
43271
43158
43112
43091
43090
43045
43044
43009
42986
42906
42900
42813
42768
42625
42589
42564
42486
42480
42385
42309
42261
42218
42196
42188
41984
41915
41905
41905
41887
41793
41789
41778
41764
41758
41727
41718
41696
41593
41584
41542
41490
41426
41392
41374
41357
41302
41242
41077
40903
40897
40864
40859
40839
40834
40735
40725
40617
40577
40510
40474
40428
40413
40410
40404
40322
40295
40150
40139
40109
40096
40091
40082
40009
39933
39824
39717
39659
39382
39374
39369
39321
39319
39303
39263
39254
39232
39199
39199
39118
38963
38963
38923
38882
38875
38785
38714
38637
38490
38429
38328
38215
38124
37945
37838
37819
37692
37687
37668
37667
37639
37601
37514
37441
37410
37391
37207
37182
37151
37123
37122
37092
37042
37036
37024
36962
36919
36916
36900
36768
36693
36644
36631
36599
36501
36410
36315
36151
36144
36142
35832
35827
35770
35765
35714
35552
35492
35430
35407
35394
35387
35369
35329
35307
35307
35256
35216
35097
35094
35068
35002
34932
34762
34728
34712
34706
34667
34659
34617
34587
34523
34493
34484
34479
34450
34396
34383
34319
34307
34289
34283
34262
34232
34084
34069
34060
34006
33978
33925
33924
33905
33899
33867
33806
33736
33730
33687
33571
33549
33546
33530
33526
33428
33417
33398
33263
33151
33064
33045
33026
33021
32955
32934
32894
32890
32851
32844
32810
32706
32607
32601
32551
32436
32372
32318
32278
32227
32060
32044
32022
31986
31961
31907
31799
31717
31708
31688
31666
31651
31604
31457
31393
31284
31248
31196
31146
31135
31086
31067
31047
31045
30999
30818
30799
30761
30710
30657
30619
30533
30529
30528
30490
30456
30449
30431
30301
30269
30219
30216
30183
30126
30103
30027
29993
29982
29883
29699
29628
29556
29525
29516
29473
29417
29362
29194
29145
29122
29013
28999
28927
28882
28748
28737
28722
28623
28601
28596
28579
28553
28551
28487
28477
28409
28288
28222
28167
28112
27999
27975
27872
27871
27852
27752
27647
27620
27605
27604
27599
27538
27511
27470
27345
27302
27283
27190
27151
26991
26915
26890
26883
26854
26827
26789
26772
26728
26611
26579
26542
26524
26474
26434
26396
26348
26341
26285
26276
26234
26179
26137
26094
26027
26026
26004
25985
25947
25880
25857
25804
25748
25673
25612
25609
25581
25542
25471
25463
25322
25298
25294
25182
25122
25082
25081
25010
24972
24873
24856
24830
24754
24692
24636
24541
24527
24506
24493
24478
24304
24294
24259
24241
24054
23998
23873
23847
23841
23836
23749
23670
23654
23563
23445
23435
23383
23273
23264
23248
23247
23237
23136
22860
22850
22728
22715
22662
22650
22612
22592
22581
22515
22314
22175
22160
22119
22106
22068
22013
22008
21978
21977
21954
21950
21832
21760
21736
21677
21657
21562
21521
21489
21418
21403
21395
21267
21189
21159
21093
21022
21016
20961
20954
20916
20906
20897
20873
20789
20772
20762
20713
20712
20663
20585
20535
20525
20497
20496
20341
20289
20172
20127
20021
20006
19949
19905
19903
19898
19835
19745
19656
19599
19576
19558
19553
19542
19463
19340
19325
19313
19255
19171
19135
19073
18987
18836
18828
18798
18765
18690
18650
18528
18496
18416
18409
18387
18364
18362
18357
18355
18270
18251
18169
18143
18118
18034
17911
17899
17898
17827
17803
17661
17613
17613
17572
17569
17555
17554
17518
17513
17494
17442
17331
17299
17166
17121
17045
17045
16985
16901
16898
16846
16775
16718
16663
16656
16645
16619
16619
16515
16502
16430
16429
16303
16298
16236
16211
16178
16135
16128
15906
15898
15891
15888
15685
15668
15618
15553
15523
15489
15481
15446
15435
15392
15338
15274
15263
15240
15201
15163
15073
15048
15042
15009
14980
14779
14761
14753
14661
14645
14562
14484
14478
14432
14256
14217
14184
14121
14118
14072
14067
14013
14008
13973
13871
13865
13802
13791
13729
13622
13468
13416
13394
13256
13220
13213
13206
13164
13076
13063
13060
13056
12909
12887
12803
12776
12693
12677
12639
12612
12523
12505
12484
12382
12076
12053
12053
11947
11946
11912
11903
11901
11891
11747
11646
11550
11502
11478
11434
11349
11291
11172
11110
11085
11047
11026
11025
11022
10792
10663
10645
10607
10572
10326
10264
10247
10226
10180
10039
10016
10012
9979
9978
9913
9912
9870
9867
9812
9781
9656
9643
9609
9605
9505
9495
9452
9445
9435
9359
9266
9245
9234
9156
9104
8848
8808
8787
8780
8528
8438
8368
8344
8260
8248
8241
8226
8226
8212
8196
8086
8054
7830
7829
7775
7727
7678
7643
7581
7524
7436
7400
7323
7321
7310
7305
7300
7258
7186
7058
7050
6961
6932
6912
6814
6758
6719
6696
6677
6538
6522
6434
6352
6281
6238
6104
6093
5917
5903
5838
5808
5765
5732
5719
5708
5702
5627
5486
5428
5419
5390
5360
5355
5353
5261
5120
5117
5109
5098
5081
5014
5004
4991
4967
4936
4889
4880
4866
4862
4857
4850
4806
4782
4734
4720
4697
4653
4643
4607
4529
4517
4446
4401
4391
4269
4247
4124
4123
4052
4017
3996
3883
3845
3798
3743
3550
3294
3281
3188
3145
2985
2919
2899
2805
2515
2448
2393
2373
2348
2219
2192
2141
2129
2084
2071
1930
1894
1888
1859
1796
1683
1656
1564
1491
1359
1308
1244
1156
1114
1088
1067
1027
986
934
931
914
910
850
763
729
726
717
624
623
492
473
402
394
379
368
280
220
151
85
