99987
99948
99943
99842
99822
99769
99688
99604
99553
99553
99552
99542
99416
99385
99279
99274
99257
99251
99231
99118
99028
99017
98938
98851
98807
98578
98526
98368
98337
98288
98254
98169
98049
98028
98026
98022
97889
97871
97851
97831
97813
97810
97651
97644
97548
97433
97412
97376
97283
97217
97159
97157
97109
97020
97001
96999
96985
96866
96777
96731
96707
96705
96697
96631
96591
96539
96529
96438
96367
96252
96215
96203
96197
96192
96177
96073
96047
96016
95864
95864
95843
95842
95836
95785
95771
95672
95651
95505
95456
95407
95379
95359
95296
95184
95052
95041
94946
94906
94865
94821
94813
94809
94795
94745
94732
94662
94660
94653
94588
94465
94464
94432
94346
94246
94188
94095
94086
94076
94037
93946
93894
93818
93773
93772
93762
93761
93683
93679
93642
93588
93579
93573
93547
93517
93498
93484
93384
93363
93332
93329
93233
93115
93099
93008
92841
92801
92789
92760
92713
92677
92652
92610
92576
92540
92517
92494
92466
92436
92405
92363
92359
92339
92331
92260
92259
92176
92140
92035
92029
92004
91986
91965
91930
91893
91881
91870
91852
91851
91796
91787
91737
91704
91677
91530
91501
91483
91468
91434
91282
91243
91233
91200
91199
91095
91051
91045
90985
90970
90950
90872
90854
90836
90778
90769
90703
90682
90504
90491
90491
90478
90389
90181
90177
90171
90152
90138
90114
89968
89855
89817
89777
89730
89554
89504
89398
89389
89277
89216
89142
89020
88961
88944
88913
88908
88905
88878
88832
88790
88734
88507
88492
88465
88390
88332
88330
88309
88203
88138
88110
88107
88029
87883
87867
87819
87809
87756
87752
87732
87699
87640
87585
87582
87543
87496
87442
87422
87371
87371
87277
87173
87106
87101
87066
86988
86980
86974
86873
86787
86758
86726
86682
86673
86524
86452
86434
86416
86315
86294
86278
86233
86230
86163
86139
86137
86104
86096
86036
86005
86005
85918
85799
85783
85728
85719
85523
85451
85411
85324
85301
85264
85210
85176
85149
85136
85088
85069
84967
84949
84869
84863
84861
84836
84828
84740
84737
84719
84620
84612
84597
84429
84379
84323
84298
84181
84130
84110
84104
84007
83984
83951
83936
83923
83867
83679
83618
83561
83519
83377
83283
83249
83204
83171
83152
83106
83102
83083
83003
82928
82919
82901
82756
82750
82556
82525
82489
82358
82287
82170
82146
82138
82074
82066
82035
82025
82013
81996
81975
81888
81860
81835
81637
81631
81623
81614
81609
81596
81580
81498
81453
81402
81373
81372
81359
81345
81277
81266
81251
81072
80965
80933
80922
80913
80904
80883
80873
80814
80790
80660
80645
80564
80537
80496
80461
80418
80349
80325
80285
80240
80188
80187
80178
80175
80167
79987
79985
79873
79862
79779
79746
79500
79471
79319
79283
79182
79093
78990
78974
78940
78940
78903
78860
78805
78654
78606
78442
78423
78391
78297
78287
78284
78213
78202
78048
78034
77952
77949
77801
77570
77553
77543
77510
77465
77413
77363
77348
77228
77197
77102
77047
76983
76902
76895
76893
76685
76649
76513
76470
76370
76352
76350
76343
76310
76245
76233
76186
76178
75980
75956
75933
75909
75896
75860
75846
75816
75815
75801
75528
75379
75345
75343
75317
75314
75259
75257
75233
75206
75190
75016
74991
74942
74873
74786
74755
74718
74655
74652
74621
74582
74429
74414
74301
74263
74228
74223
74186
74181
74097
74093
74021
73953
73919
73743
73737
73661
73652
73572
73563
73553
73517
73515
73415
73391
73370
73313
73306
73266
73260
73254
73203
73203
73090
73036
72984
72899
72851
72750
72679
72661
72602
72592
72551
72489
72394
72375
72268
72200
72048
71928
71924
71839
71735
71679
71679
71645
71622
71601
71513
71504
71501
71494
71489
71480
71463
71445
71430
71404
71383
71332
71307
71250
71211
70931
70868
70837
70815
70662
70525
70463
70377
70303
70215
70193
70141
70130
70088
70077
70046
69995
69913
69835
69581
69526
69490
69456
69361
69338
69336
69250
69236
69087
69069
69068
68969
68843
68752
68725
68710
68704
68661
68628
68623
68532
68476
68452
68437
68324
68319
68302
68210
68108
68089
68028
67966
67920
67894
67763
67718
67621
67605
67546
67530
67478
67445
67430
67377
67318
67268
67205
66979
66915
66873
66861
66806
66666
66466
66206
66183
66178
66132
66105
66043
66019
66013
66012
65965
65910
65904
65661
65551
65414
65362
65284
65260
65238
65222
65187
65183
65093
65021
64991
64873
64862
64836
64831
64784
64596
64505
64474
64464
64439
64316
64257
64194
64171
64156
64118
64109
64076
64057
63988
63977
63935
63916
63827
63741
63727
63683
63674
63670
63645
63612
63512
63454
63364
63345
63344
63245
62955
62811
62790
62730
62706
62697
62628
62627
62564
62542
62529
62528
62503
62466
62393
62380
62378
62366
62349
62280
62230
62175
62154
62122
62085
62078
62009
61923
61881
61825
61685
61681
61662
61618
61552
61511
61493
61475
61468
61367
61332
61309
61226
61168
61164
61125
61123
61119
61099
60992
60944
60897
60692
60536
60474
60433
60426
60414
60399
60207
60184
60119
60085
60065
60059
60005
59974
59936
59899
59736
59734
59703
59690
59590
59450
59443
59403
59378
59365
59359
59301
59284
59283
59188
59129
59125
59107
59044
59004
58985
58977
58931
58929
58859
58842
58791
58756
58717
58663
58616
58561
58526
58458
58423
58400
58330
58326
58234
58202
58183
58134
58059
57869
57707
57624
57600
57481
57433
57405
57359
57353
57308
57288
57277
57241
56989
56982
56911
56896
56885
56878
56850
56838
56695
56692
56665
56616
56503
56485
56476
56303
56210
56166
56101
55961
55889
55861
55760
55718
55697
55689
55684
55623
55608
55605
55429
55423
55372
55356
55337
55206
55110
55061
55049
55049
54869
54813
54788
54723
54711
54665
54639
54615
54613
54585
54580
54438
54430
54389
54388
54380
54338
54328
54320
54309
54249
54207
54101
54088
54030
54025
54000
53977
53939
53923
53853
53759
53607
53549
53455
53408
53385
53378
53303
53299
53259
53221
53162
53138
53088
53048
52991
52930
52920
52806
52787
52742
52697
52669
52558
52549
52527
52278
52230
52216
52155
52137
52129
52071
52013
52012
52012
52011
51983
51978
51975
51927
51803
51802
51791
51751
51729
51709
51680
51652
51604
51603
51569
51554
51522
51500
51351
51266
51266
51239
51235
51115
51104
51060
50981
50970
50962
50925
50919
50836
50735
50524
50448
50421
50391
50347
50331
50319
50269
50120
50114
50027
49943
49904
49758
49746
49720
49659
49624
49478
49458
49454
49359
49358
49349
49339
49209
49199
49122
48937
48926
48880
48649
48569
48521
48486
48462
48447
48342
48278
48192
48122
48112
48071
48027
47820
47793
47784
47771
47769
47755
47743
47539
47529
47520
47461
47410
47308
47211
47183
47157
47092
47040
47013
46978
46947
46811
46742
46596
46585
46476
46404
46385
46335
46312
46132
46119
46110
46076
46013
45974
45962
45944
45792
45640
45638
45608
45588
45550
45476
45436
45321
45279
45237
45195
45156
45146
45084
45033
45023
44976
44974
44970
44944
44912
44890
44872
44856
44751
44704
44645
44538
44508
44388
44372
44349
44318
44178
44139
44074
44040
44030
44022
43976
43940
43920
43835
43737
43685
43633
43628
43619
43602
43576
43425
43423
43149
43006
42928
42924
42909
42896
42878
42836
42819
42672
42666
42641
42616
42608
42586
42580
42538
42457
42407
42365
42346
42220
42182
42120
41952
41910
41904
41877
41868
41855
41804
41767
41683
41655
41652
41648
41564
41537
41501
41312
41311
41303
41301
41184
41150
41144
41015
40952
40949
40919
40880
40838
40837
40706
40705
40692
40678
40653
40569
40446
40446
40373
40349
40341
40307
40217
40202
40079
39977
39973
39966
39954
39947
39945
39913
39894
39836
39807
39797
39748
39719
39672
39577
39568
39564
39550
39534
39484
39324
39181
39178
39172
39091
39075
39069
39067
39012
38982
38966
38824
38803
38756
38741
38737
38688
38674
38534
38504
38457
38387
38376
38344
38308
38276
38216
38174
38086
38044
38028
37827
37799
37792
37788
37766
37728
37712
37699
37531
37489
37438
37382
37381
37358
37337
37166
37102
36995
36964
36953
36934
36898
36867
36858
36808
36768
36764
36733
36661
36625
36565
36520
36515
36467
36462
36445
36427
36424
36369
36346
36291
36215
36160
36079
36057
36033
35996
35881
35783
35704
35697
35673
35628
35605
35530
35447
35419
35396
35376
35128
35104
35095
34992
34846
34769
34531
34489
34462
34449
34330
34166
34072
34016
33997
33986
33768
33737
33692
33674
33653
33608
33574
33511
33478
33448
33431
33410
33409
33408
33402
33276
33190
33165
33114
33058
32991
32972
32934
32926
32884
32829
32817
32813
32705
32611
32506
32478
32444
32439
32425
32362
32318
32262
32245
32100
32041
32024
31897
31835
31818
31742
31616
31575
31446
31376
31366
31342
31271
31270
31235
31185
31132
31100
30974
30970
30938
30927
30783
30742
30716
30661
30660
30638
30618
30556
30543
30492
30488
30478
30443
30430
30428
30354
30330
30310
30271
30252
30199
30195
30162
29956
29931
29898
29873
29762
29734
29623
29590
29580
29574
29567
29550
29512
29507
29390
29384
29383
29251
29214
29159
29098
29087
28849
28784
28783
28762
28739
28719
28713
28693
28677
28671
28514
28392
28353
28347
28306
28286
28198
28084
28071
28037
27956
27937
27895
27831
27830
27828
27798
27529
27528
27470
27447
27438
27437
27416
27326
27319
27317
27302
27206
27169
27159
27099
27054
27040
27019
26976
26856
26809
26726
26607
26550
26424
26413
26384
26347
26265
26207
26166
26141
25972
25963
25929
25822
25814
25719
25684
25650
25573
25431
25396
25308
25230
25156
25098
25069
25063
25039
25039
25003
24989
24975
24955
24885
24855
24816
24755
24683
24621
24576
24503
24398
24362
24336
24333
24282
24220
23910
23842
23815
23748
23746
23730
23687
23681
23678
23677
23642
23554
23543
23520
23453
23429
23353
23350
23164
23140
23057
22987
22984
22929
22912
22801
22800
22790
22735
22535
22519
22493
22431
22384
22381
22360
22360
22340
22270
22241
22114
21845
21823
21787
21758
21604
21590
21484
21467
21445
21406
21311
21144
21141
21043
20988
20900
20876
20826
20750
20629
20612
20580
20374
20342
20260
20232
20216
20148
20111
20080
20040
20025
19945
19935
19665
19630
19489
19437
19432
19403
19279
19197
19182
19169
19154
19098
19095
19066
19010
19006
18911
18839
18787
18739
18716
18694
18653
18556
18553
18337
18280
18244
17947
17764
17714
17683
17683
17528
17329
17307
17257
17231
17213
17166
17128
16933
16931
16897
16871
16746
16741
16735
16634
16408
16393
16274
16274
16265
16191
16177
16061
16058
15975
15969
15948
15917
15885
15860
15836
15823
15822
15792
15788
15710
15624
15577
15537
15535
15253
15204
15021
14980
14936
14914
14854
14831
14821
14819
14780
14766
14742
14742
14715
14707
14643
14563
14557
14545
14533
14446
14414
14373
14351
14326
14321
14321
14302
14276
14258
14196
14031
13899
13703
13670
13531
13371
13336
13302
13255
13234
13226
13207
13153
13047
13013
12991
12962
12952
12948
12939
12886
12881
12856
12846
12635
12634
12602
12581
12529
12511
12476
12435
12270
12259
12191
12008
11972
11949
11927
11882
11860
11814
11753
11731
11705
11703
11690
11672
11664
11557
11399
11377
11347
11296
11286
11285
11270
11257
11213
11183
11181
11138
11124
11101
11010
11007
10981
10847
10782
10654
10653
10625
10599
10529
10529
10515
10488
10449
10420
10375
10314
10305
10286
10272
10195
10175
10073
10067
9970
9959
9890
9744
9689
9674
9651
9615
9574
9555
9549
9509
9488
9374
9349
9344
9320
9284
9054
9051
9049
8931
8797
8782
8754
8695
8618
8612
8595
8488
8413
8287
8164
8122
8076
8070
8048
7992
7935
7879
7740
7670
7634
7620
7557
7429
7399
7388
7386
7370
7363
7285
7262
7255
7224
7188
7154
7087
6975
6931
6913
6913
6766
6749
6666
6643
6641
6494
6489
6436
6316
6256
6212
6193
6164
6074
6057
6009
5985
5981
5972
5945
5929
5916
5853
5802
5789
5762
5609
5567
5536
5449
5298
5284
5234
5215
5090
5079
5066
5041
4937
4907
4905
4827
4689
4660
4618
4544
4492
4481
4462
4442
4420
4376
4374
4329
4304
4246
4242
4177
4164
4106
4072
4055
4014
3953
3764
3716
3645
3613
3576
3570
3523
3496
3428
3416
3386
3343
3331
3235
3233
3208
3186
3119
2911
2909
2900
2885
2858
2851
2808
2699
2692
2659
2545
2467
2320
2173
2169
2050
2045
2040
2021
2018
1971
1917
1850
1849
1846
1838
1820
1792
1780
1731
1646
1576
1557
1549
1392
1318
1250
1215
1208
1128
1118
1074
1062
1016
971
962
896
884
825
778
660
658
566
469
453
401
351
344
248
243
80
73
