99900
99812
99801
99794
99739
99663
99657
99596
99586
99564
99493
99392
99386
99080
99079
98962
98944
98881
98799
98784
98770
98757
98751
98411
98386
98346
98338
98326
98173
98076
98011
98005
97963
97888
97876
97796
97702
97624
97590
97514
97412
97389
97380
97208
97142
97105
97067
97030
96980
96963
96874
96846
96820
96807
96799
96693
96661
96374
96371
96366
96366
96310
96296
96242
96207
96170
96097
96020
96011
96006
96000
95983
95926
95913
95909
95872
95854
95818
95619
95489
95474
95315
95311
95287
95273
95233
95137
95136
95134
95116
95108
95099
95035
94933
94868
94814
94682
94676
94652
94599
94522
94463
94433
94410
94307
94262
94240
94191
94179
94093
94058
93979
93857
93848
93783
93756
93577
93524
93428
93319
93131
93059
93042
93007
92980
92900
92851
92639
92604
92591
92531
92482
92458
92443
92438
92389
92388
92298
92246
92193
92164
92132
92129
92119
92066
91913
91824
91813
91772
91678
91648
91625
91558
91529
91404
91353
91352
91334
91263
91154
91132
91094
91061
91033
90996
90986
90940
90837
90813
90797
90768
90734
90698
90617
90593
90584
90572
90466
90447
90440
90429
90407
90242
90236
90151
90134
90075
90070
90003
89899
89872
89839
89823
89744
89662
89604
89566
89556
89529
89522
89491
89465
89461
89458
89439
89329
89326
89286
89191
89103
89090
89064
88989
88958
88868
88861
88606
88600
88567
88506
88489
88479
88378
88367
88263
88261
88259
88220
88148
88141
88090
88074
87944
87912
87885
87857
87769
87763
87706
87680
87575
87471
87395
87340
87322
87284
87267
87203
87159
87139
87035
87029
87016
86991
86956
86941
86862
86857
86844
86820
86772
86752
86738
86575
86526
86513
86427
86420
86246
86214
86187
86183
86164
86087
86002
85995
85931
85838
85834
85686
85659
85562
85533
85436
85434
85425
85409
85343
85332
85280
85264
85250
85244
85240
85205
85192
85134
85097
84920
84877
84864
84605
84563
84557
84547
84336
84329
84313
84281
84224
84179
84171
84081
84078
84005
83958
83880
83830
83794
83707
83703
83688
83685
83603
83548
83537
83413
83394
83298
83262
83152
83038
82999
82944
82908
82884
82879
82851
82843
82843
82779
82754
82725
82697
82671
82608
82441
82426
82412
82411
82404
82390
82387
82322
82306
82292
82141
81960
81929
81928
81894
81883
81846
81767
81742
81701
81691
81571
81547
81444
81427
81402
81383
81381
81243
81223
81214
81201
81148
81094
81019
80939
80889
80879
80860
80821
80759
80758
80748
80444
80352
80334
80295
80271
80268
80216
80149
80062
80032
80002
79970
79923
79887
79766
79659
79622
79538
79528
79475
79375
79337
79323
79178
79140
79138
79020
78962
78931
78919
78907
78853
78833
78828
78763
78757
78753
78729
78713
78681
78633
78599
78593
78498
78482
78438
78434
78419
78325
78270
78262
78248
78246
78201
78175
78129
78107
78081
78016
78008
77973
77973
77962
77940
77892
77871
77842
77774
77764
77744
77740
77714
77590
77574
77485
77406
77402
77310
77262
77207
77048
76944
76928
76865
76852
76841
76822
76820
76802
76801
76780
76746
76635
76634
76621
76593
76578
76550
76511
76455
76403
76313
76310
76280
76142
76117
76073
76038
75958
75929
75902
75883
75866
75836
75761
75698
75628
75609
75589
75563
75540
75400
75230
75162
75149
75038
75035
74955
74862
74480
74267
74260
74176
74118
74105
74087
74073
74032
74009
73986
73949
73900
73863
73854
73844
73811
73591
73581
73569
73562
73514
73419
73276
73188
73181
73137
73067
72999
72961
72960
72957
72676
72620
72595
72577
72572
72530
72520
72489
72465
72463
72444
72359
72309
72238
72194
72105
72097
72074
72041
71927
71914
71831
71716
71693
71658
71653
71567
71510
71483
71476
71446
71339
71332
71331
71249
71216
71203
71198
71192
71095
71070
71065
71001
70880
70840
70839
70739
70689
70659
70600
70557
70544
70516
70496
70457
70311
70242
70224
70192
70099
70092
70052
70008
69973
69966
69962
69915
69914
69852
69828
69703
69669
69627
69609
69577
69488
69433
69427
69374
69220
69171
69163
69065
69030
69005
68833
68823
68764
68621
68568
68551
68531
68487
68390
68383
68344
68279
68266
68174
68088
68063
68053
68034
67768
67760
67725
67717
67705
67691
67658
67554
67341
67317
67254
67250
67235
67200
67120
67063
66920
66849
66849
66842
66796
66729
66712
66695
66612
66542
66516
66489
66472
66462
66432
66415
66329
66193
66190
66156
66144
66069
65962
65836
65806
65691
65530
65458
65433
65350
65346
65252
65086
65072
65017
64905
64903
64901
64855
64795
64754
64720
64703
64682
64602
64386
64246
64245
64089
64084
64056
64005
63959
63891
63810
63796
63782
63729
63699
63682
63632
63554
63549
63542
63485
63476
63383
63337
63336
63225
63201
63177
63099
63099
63089
63071
62964
62779
62771
62767
62613
62511
62511
62444
62442
62414
62398
62384
62354
62210
62204
62177
62147
62050
61849
61817
61746
61709
61679
61656
61582
61564
61515
61430
61407
61388
61352
61345
61342
61257
61254
61239
61085
60945
60943
60938
60901
60894
60864
60827
60767
60753
60751
60736
60665
60648
60552
60544
60513
60477
60466
60434
60380
60365
60358
60311
60287
60170
60099
60087
59885
59872
59834
59806
59768
59703
59689
59689
59671
59655
59649
59631
59384
59379
59292
59276
59186
59163
59086
59005
58983
58970
58925
58911
58901
58885
58871
58798
58778
58748
58715
58608
58460
58442
58402
58391
58134
58121
58067
58052
58030
58008
57972
57850
57819
57817
57773
57766
57705
57695
57663
57470
57405
57350
57256
57180
57107
57036
56965
56924
56905
56904
56856
56829
56826
56782
56671
56656
56643
56424
56287
56240
56210
56196
56192
56110
56076
56030
55986
55980
55942
55934
55881
55869
55818
55718
55584
55578
55576
55561
55517
55502
55476
55407
55366
55363
55349
55335
55205
55198
55140
55131
55120
55106
55030
55017
55014
54993
54973
54745
54695
54674
54634
54626
54606
54536
54391
54370
54344
54341
54250
54210
54155
54138
54028
54000
53998
53960
53930
53911
53794
53697
53607
53605
53594
53583
53469
53377
53356
53353
53265
53261
53257
53077
53051
53048
52981
52963
52903
52852
52839
52793
52724
52616
52608
52606
52546
52429
52328
52310
52209
52177
52167
52144
52137
52092
52091
52002
52000
51960
51879
51862
51778
51668
51597
51577
51541
51528
51525
51523
51429
51410
51364
51307
51224
51142
51086
51018
51008
50991
50946
50910
50843
50803
50692
50636
50624
50615
50563
50547
50505
50503
50490
50452
50449
50381
50339
50338
50304
50263
50256
50244
50222
50165
50150
50118
50033
50017
49892
49788
49740
49715
49688
49652
49642
49582
49547
49471
49435
49435
49428
49425
49378
49333
49292
49287
49230
49158
49110
49108
49055
49023
49003
48957
48949
48943
48829
48820
48674
48434
48351
48311
48199
48066
48064
48024
47990
47918
47904
47839
47839
47669
47558
47449
47429
47416
47332
47299
47209
47197
47020
46969
46963
46951
46801
46787
46572
46440
46434
46319
46245
46227
46225
46170
46164
46107
45985
45864
45726
45654
45598
45503
45478
45424
45363
45359
45339
45246
45226
45198
45185
45183
45154
45112
45083
45006
45000
44900
44867
44844
44798
44747
44744
44729
44641
44610
44444
44420
44405
44367
44361
44348
44246
44242
44143
44136
44056
44050
44029
43847
43809
43710
43703
43626
43609
43604
43486
43351
43349
43348
43323
43260
43219
43207
43159
43117
43061
42997
42880
42880
42796
42778
42747
42747
42732
42596
42497
42453
42385
42380
42335
42330
42177
42088
42045
42016
41793
41672
41638
41573
41488
41430
41420
41391
41342
41251
41237
41165
41149
41119
41111
41058
40986
40978
40974
40944
40862
40750
40675
40582
40566
40495
40422
40347
40224
40113
40091
40064
39962
39953
39844
39726
39679
39638
39635
39569
39560
39549
39534
39516
39510
39459
39328
39299
39293
39258
39218
39175
39121
39094
39068
39062
39014
38992
38985
38983
38969
38928
38804
38661
38615
38520
38512
38471
38464
38438
38422
38360
38322
38273
38266
38245
38229
38225
38188
38076
38043
37985
37978
37873
37834
37762
37735
37622
37436
37435
37416
37320
37271
37203
37147
37091
37060
37021
37008
36981
36928
36911
36843
36811
36747
36677
36626
36608
36567
36544
36417
36312
36292
36290
35907
35878
35839
35835
35828
35592
35560
35515
35442
35433
35416
35415
35409
35377
35270
35211
35170
35112
35058
35000
34991
34886
34727
34628
34616
34494
34493
34417
34316
34283
34264
34178
34166
34148
34146
34141
34111
34051
33896
33801
33800
33787
33713
33709
33639
33590
33527
33513
33356
33265
33248
33244
33229
33017
32978
32846
32819
32770
32752
32614
32570
32566
32542
32468
32464
32368
32342
32315
32250
32238
32233
32198
32192
32137
32108
32021
31954
31934
31818
31727
31594
31564
31531
31460
31365
31362
31331
31203
31164
31160
31127
31124
31119
31060
31001
30951
30927
30861
30836
30823
30747
30682
30598
30559
30426
30390
30319
30204
30126
30113
30112
30013
29992
29874
29838
29808
29745
29655
29652
29556
29518
29311
29295
29272
29150
29076
29028
29016
29014
29008
28900
28851
28823
28610
28567
28507
28479
28469
28457
28334
28246
28172
28162
28108
28013
27944
27910
27902
27885
27883
27868
27793
27787
27755
27725
27705
27700
27596
27578
27572
27478
27408
27328
27213
27203
27145
27110
27027
27007
26949
26800
26756
26679
26675
26640
26630
26586
26384
26328
26313
26211
26208
26129
26063
26056
25968
25905
25859
25859
25852
25832
25830
25812
25803
25748
25702
25696
25619
25609
25551
25480
25476
25440
25292
25188
25154
25126
25067
25027
24930
24918
24862
24861
24852
24843
24830
24749
24698
24576
24478
24347
24247
24207
24095
24092
24051
24030
23807
23678
23649
23603
23496
23461
23439
23423
23344
23313
23235
23229
23132
23109
23107
23075
23068
23024
22950
22854
22746
22677
22642
22615
22558
22538
22489
22405
22356
22353
22244
22222
22195
22179
22174
22155
22112
22074
22050
22043
21975
21845
21832
21814
21659
21600
21558
21462
21453
21437
21310
21132
21089
21080
21055
21030
20980
20973
20956
20750
20747
20746
20740
20732
20696
20686
20684
20453
20451
20349
20327
20259
20259
20140
20131
20082
20052
20009
19947
19946
19924
19840
19708
19680
19654
19628
19599
19593
19585
19486
19462
19460
19444
19427
19421
19356
19289
19250
19230
19179
19082
19035
18913
18913
18891
18885
18839
18734
18660
18579
18519
18400
18326
18317
18237
18150
18133
18125
18088
18065
18023
18022
18007
17987
17832
17814
17771
17747
17728
17684
17612
17454
17431
17313
17253
17250
17199
17169
17109
17046
17040
17005
16929
16881
16792
16755
16633
16589
16580
16575
16544
16399
16367
16362
16356
16319
16211
16132
16127
16110
16078
15952
15915
15840
15794
15772
15722
15661
15530
15470
15433
15399
15387
15379
15376
15347
15310
15243
15218
15209
15136
15108
15045
15021
14953
14867
14838
14784
14716
14712
14687
14632
14629
14602
14483
14433
14416
14395
14381
14358
14247
14194
14161
14138
14068
14028
13891
13877
13857
13731
13678
13670
13608
13462
13450
13396
13393
13325
13298
13273
13161
13107
13048
12945
12909
12905
12726
12726
12715
12712
12694
12661
12621
12513
12476
12468
12448
12421
12421
12280
12106
12098
12048
11926
11912
11862
11846
11832
11829
11821
11694
11684
11679
11572
11476
11451
11447
11417
11416
11396
11327
11246
11167
11098
11045
10948
10742
10707
10648
10606
10604
10584
10561
10546
10483
10476
10377
10368
10188
10152
10103
10100
10096
10086
9952
9881
9877
9854
9826
9787
9647
9534
9402
9280
9241
9092
9086
9036
8957
8878
8846
8809
8783
8777
8637
8601
8599
8562
8561
8538
8502
8432
8427
8342
8255
8201
8150
8091
8081
8025
8005
7978
7915
7782
7763
7762
7751
7678
7670
7619
7600
7586
7566
7563
7455
7405
7279
7247
7223
7085
7066
7027
7002
6983
6875
6838
6761
6755
6556
6529
6492
6418
6402
6379
6281
6240
6204
6171
6154
6121
6106
6091
6081
5998
5933
5876
5802
5760
5741
5689
5637
5634
5610
5596
5593
5574
5562
5412
5395
5365
5249
5172
5148
5134
5069
5019
4886
4847
4846
4838
4811
4761
4743
4503
4390
4383
4378
4353
4339
4305
4286
4226
4173
4145
4132
4000
3945
3924
3905
3897
3888
3781
3673
3665
3662
3656
3560
3541
3503
3496
3488
3479
3314
3311
3289
3157
3112
3065
3053
3023
2912
2891
2871
2799
2788
2760
2730
2712
2685
2635
2610
2593
2257
2234
2192
2188
2147
2116
2109
2078
2053
1985
1949
1891
1841
1814
1736
1699
1637
1550
1491
1467
1355
1348
1300
1237
1212
1032
998
830
715
699
642
625
482
407
345
213
132
129
109
96
38
9
