99971
99915
99901
99786
99754
99746
99697
99662
99650
99580
99571
99568
99528
99523
99516
99503
99494
99426
99308
99290
99282
99047
99005
98977
98920
98856
98783
98771
98730
98620
98613
98600
98551
98507
98500
98448
98378
98310
98212
98181
98175
98172
98103
98057
98053
98040
98011
98004
97967
97957
97888
97759
97728
97656
97636
97596
97574
97389
97380
97369
97340
97304
97287
97285
97265
97234
97098
97084
96976
96906
96893
96873
96793
96663
96641
96633
96627
96538
96533
96519
96477
96476
96434
96393
96390
96298
96246
96176
96166
96122
96089
95997
95985
95822
95817
95798
95794
95734
95720
95710
95643
95617
95365
95223
95080
94952
94947
94846
94795
94764
94755
94752
94742
94624
94607
94596
94587
94550
94225
93884
93864
93754
93609
93590
93457
93450
93442
93352
93352
93346
93312
93251
93112
93084
93054
92937
92881
92826
92808
92782
92770
92726
92651
92584
92581
92554
92464
92375
92335
92283
92264
92218
92193
92179
92126
91981
91954
91892
91813
91806
91719
91601
91596
91550
91542
91521
91483
91360
91357
91303
91259
91236
91143
91095
91042
90971
90848
90843
90842
90804
90694
90677
90666
90662
90648
90546
90433
90148
90058
90041
90022
90011
90011
89966
89956
89956
89871
89858
89833
89686
89648
89623
89604
89592
89573
89479
89465
89426
89404
89359
89335
89329
89267
89199
89190
89143
89139
89091
89087
89072
89017
89013
89003
88880
88843
88804
88739
88720
88693
88668
88666
88626
88523
88504
88384
88074
88074
88065
88027
87998
87961
87903
87882
87879
87872
87835
87815
87811
87785
87772
87721
87672
87659
87586
87520
87493
87453
87391
87321
87291
87148
87119
87068
87032
87020
87004
86958
86938
86935
86855
86779
86628
86606
86577
86561
86441
86387
86346
86301
86257
86249
86234
86229
86223
86154
86146
86097
85973
85909
85861
85731
85638
85602
85524
85502
85478
85405
85372
85370
85281
85212
85174
85143
85130
85062
85031
84969
84921
84893
84779
84739
84733
84707
84666
84663
84584
84473
84417
84265
84256
84145
83989
83965
83951
83873
83725
83648
83625
83583
83457
83406
83396
83372
83364
83339
83299
83218
83185
83095
83078
83041
82862
82838
82814
82814
82799
82776
82759
82745
82691
82596
82561
82551
82551
82546
82468
82427
82375
82316
82268
82181
82179
82021
81965
81947
81928
81904
81706
81705
81695
81681
81669
81572
81537
81420
81399
81341
81269
81074
81060
80900
80894
80857
80850
80816
80711
80693
80542
80408
80375
80328
80316
80294
80257
80187
80143
80088
80077
80077
80066
80059
79788
79782
79739
79711
79698
79689
79567
79503
79490
79420
79141
79087
79066
79063
79058
79022
78965
78962
78926
78908
78906
78864
78824
78805
78734
78710
78667
78661
78653
78637
78605
78590
78542
78504
78437
78434
78416
78366
78366
78280
78265
78257
78202
78136
78030
78027
77994
77988
77946
77939
77892
77846
77830
77802
77739
77639
77563
77534
77469
77442
77221
77215
77160
77115
77110
76974
76900
76824
76659
76656
76427
76285
76276
76264
76252
76231
76207
76173
76078
76034
75993
75986
75924
75923
75761
75743
75579
75500
75411
75409
75322
75242
75177
75136
75111
75110
74992
74843
74762
74570
74532
74451
74433
74377
74293
74237
74129
73940
73781
73725
73719
73671
73660
73633
73584
73565
73503
73483
73462
73316
73308
73182
73155
73124
73112
73063
72981
72827
72803
72785
72767
72765
72547
72541
72491
72487
72457
72298
72263
72248
72239
72234
72206
72160
72134
72068
72057
71905
71902
71824
71789
71739
71680
71554
71525
71511
71480
71444
71354
71324
71150
71094
71068
71022
70985
70926
70818
70798
70726
70666
70665
70656
70653
70638
70595
70542
70496
70481
70436
70411
70334
70292
70254
70217
70186
70184
70154
70121
70065
70064
69921
69901
69901
69875
69850
69850
69835
69824
69795
69722
69682
69682
69636
69586
69576
69525
69458
69439
69419
69384
69363
69326
69294
69273
69222
69207
69092
69014
68742
68589
68547
68421
68346
68296
68261
68189
68070
67945
67928
67849
67774
67756
67705
67703
67695
67504
67474
67388
67210
66950
66929
66804
66788
66750
66675
66656
66545
66541
66533
66453
66453
66348
66294
66207
66174
66118
66098
66070
66068
66052
66051
65992
65951
65900
65816
65778
65770
65732
65665
65566
65556
65533
65390
65357
65291
65239
65204
65129
64924
64920
64903
64850
64791
64620
64575
64465
64439
64437
64425
64335
64226
64169
64161
64130
64070
64030
63984
63961
63885
63885
63863
63834
63779
63633
63570
63563
63546
63543
63528
63461
63416
63362
63256
63125
63112
63095
63013
63006
62972
62965
62928
62925
62899
62873
62789
62777
62694
62660
62658
62572
62459
62449
62423
62406
62397
62368
62339
62327
62327
62266
62262
62127
62110
62089
61968
61961
61905
61844
61844
61691
61635
61610
61571
61548
61460
61423
61346
61247
61159
61147
61088
61052
61052
60936
60924
60849
60796
60757
60691
60626
60624
60612
60524
60484
60424
60379
60320
60257
60255
60241
60237
60170
60111
60109
60089
60026
59959
59913
59870
59842
59826
59826
59744
59702
59664
59632
59615
59441
59381
59348
59302
59256
59251
59180
59063
59014
58956
58875
58762
58707
58565
58563
58484
58461
58443
58300
58228
58223
58220
58208
58201
58072
58028
57818
57806
57789
57750
57658
57451
57398
57396
57386
57385
57301
57300
57297
57201
57201
57176
57153
57137
57130
57108
56972
56972
56879
56850
56841
56830
56729
56728
56650
56648
56644
56631
56624
56551
56342
56318
56234
56218
56180
56144
56077
56061
55998
55952
55912
55890
55775
55706
55686
55684
55515
55440
55359
55341
55340
55286
55284
55265
55242
55209
55134
55114
55016
54902
54875
54832
54696
54601
54590
54509
54500
54420
54413
54407
54309
54300
54272
54249
54185
54167
54138
54114
54033
53957
53938
53938
53731
53692
53632
53412
53395
53329
53300
53261
53244
53127
53117
52985
52983
52957
52861
52794
52770
52713
52513
52500
52491
52389
52369
52365
52349
52310
52231
52230
52207
52198
52189
52156
52099
52059
52044
52023
51950
51936
51863
51860
51788
51730
51704
51682
51627
51544
51536
51491
51472
51449
51412
51409
51388
51384
51326
51270
51257
51117
51102
51100
51056
51042
51020
51007
50997
50964
50941
50913
50826
50822
50814
50805
50768
50740
50701
50673
50643
50569
50539
50496
50419
50348
50319
50187
50159
50067
49785
49718
49634
49588
49531
49522
49464
49374
49373
49181
49113
49072
49041
48998
48990
48955
48952
48901
48873
48866
48852
48851
48845
48843
48824
48812
48691
48628
48609
48537
48532
48523
48522
48464
48456
48359
48358
48337
48328
48317
48272
48215
48202
48187
48184
48071
47949
47917
47915
47877
47820
47761
47413
47340
47310
47268
47229
47203
47197
47078
47069
47046
47000
46990
46979
46965
46930
46888
46879
46857
46783
46766
46760
46743
46646
46447
46333
46325
46306
46273
46250
46150
46133
46021
45963
45790
45657
45550
45541
45535
45298
45276
45256
45250
45182
45181
45148
45147
45131
44955
44860
44790
44728
44715
44705
44693
44659
44628
44570
44560
44421
44288
44257
44200
44180
44155
44132
44070
43837
43836
43828
43753
43652
43640
43612
43604
43604
43576
43420
43407
43397
43379
43291
43225
43186
43131
43101
43091
43033
43010
42961
42936
42885
42844
42775
42730
42627
42622
42572
42570
42544
42507
42470
42451
42397
42387
42359
42274
42217
42185
42169
42116
42092
42012
41998
41992
41923
41820
41809
41711
41657
41639
41634
41625
41555
41527
41487
41452
41317
41251
41075
41074
41035
41022
41003
40975
40946
40945
40935
40929
40900
40900
40878
40840
40772
40769
40655
40596
40556
40485
40459
40423
40365
40345
40243
40158
40098
39951
39938
39918
39840
39771
39763
39726
39701
39669
39557
39491
39467
39321
39216
39170
39108
39100
39071
39035
39027
39021
39000
38931
38911
38804
38766
38735
38677
38655
38480
38480
38463
38453
38381
38375
38275
38217
38132
38130
38026
38023
38010
37953
37868
37865
37856
37842
37827
37814
37807
37665
37511
37491
37454
37432
37356
37347
37307
37268
37236
37226
37166
37132
36982
36977
36905
36853
36829
36647
36545
36520
36492
36476
36418
36368
36362
36293
36164
36093
36029
35995
35866
35750
35724
35716
35666
35634
35631
35619
35598
35580
35482
35403
35391
35369
35366
35336
35286
35208
35192
35131
35007
34945
34904
34875
34861
34797
34644
34644
34537
34518
34507
34493
34478
34463
34365
34297
34264
34197
34132
34077
34014
34002
33998
33804
33798
33680
33633
33577
33564
33509
33498
33406
33275
33249
33225
33205
33070
33025
32834
32815
32718
32714
32622
32619
32546
32354
32285
32278
32235
32227
32200
32088
32083
32040
32016
32005
31898
31840
31728
31689
31636
31494
31446
31308
31265
31255
31235
31105
31101
31069
31068
30988
30972
30935
30921
30842
30798
30773
30744
30586
30585
30561
30554
30457
30397
30389
30289
30271
30266
30202
30144
30102
30048
30022
29916
29866
29836
29748
29709
29703
29637
29584
29578
29525
29506
29440
29402
29347
29315
29250
29214
29109
29090
29064
29029
28999
28965
28704
28685
28481
28392
28346
28342
28334
28215
28084
28012
27962
27945
27797
27797
27780
27755
27657
27646
27608
27541
27453
27448
27440
27423
27405
27337
27298
27267
27206
27186
27103
27062
27032
26938
26850
26840
26813
26788
26721
26638
26610
26602
26570
26569
26549
26458
26410
26385
26252
26161
26147
25974
25952
25917
25912
25895
25793
25769
25729
25620
25603
25601
25536
25500
25483
25440
25427
25418
25373
25364
25361
25281
25216
25184
25153
25086
25017
24811
24790
24644
24616
24600
24560
24555
24328
24326
24296
24253
24234
24226
24211
24198
24192
24143
23934
23875
23859
23856
23805
23727
23700
23478
23477
23428
23421
23420
23405
23402
23341
23327
23307
23290
23261
23254
23193
23127
23057
23006
22987
22941
22914
22910
22901
22898
22834
22779
22766
22649
22611
22562
22555
22501
22431
22330
22277
22269
22193
22141
22055
22054
21960
21910
21861
21791
21758
21682
21591
21572
21570
21567
21405
21380
21241
21174
21171
21156
21147
21135
21069
21065
21038
20939
20935
20899
20856
20773
20746
20722
20698
20574
20482
20437
20436
20388
20298
20199
20176
20116
19996
19969
19952
19936
19926
19918
19902
19891
19881
19738
19712
19665
19663
19650
19624
19617
19610
19585
19538
19521
19485
19455
19392
19352
19314
19292
19230
19064
19019
18946
18919
18884
18871
18790
18767
18756
18711
18677
18618
18521
18434
18312
18305
18144
18064
18036
18026
18004
17944
17907
17795
17759
17754
17740
17726
17595
17478
17463
17418
17382
17359
17298
17231
17166
17047
17005
16943
16932
16919
16898
16885
16862
16688
16613
16595
16589
16556
16512
16380
16321
16319
16304
16210
16018
16016
15829
15771
15768
15766
15760
15720
15705
15673
15591
15565
15506
15446
15413
15318
15279
15246
15230
15090
14779
14774
14747
14733
14656
14426
14320
14320
14134
14103
14087
14081
14053
13884
13876
13798
13761
13744
13740
13706
13685
13531
13526
13483
13426
13270
13252
13092
13081
13066
12853
12849
12842
12812
12801
12712
12659
12632
12553
12504
12483
12427
12155
12152
12084
12064
12054
12038
12026
12022
12020
11991
11952
11830
11800
11790
11724
11666
11628
11594
11507
11482
11481
11462
11416
11145
11076
10997
10952
10942
10872
10828
10652
10630
10553
10505
10448
10312
10307
10246
10198
10195
10186
10182
10153
10131
10127
10103
10066
10059
10016
9920
9871
9834
9816
9800
9797
9786
9748
9670
9600
9379
9325
9201
9128
9101
9092
9091
8973
8967
8853
8823
8706
8692
8481
8451
8323
8291
8269
8264
8230
8190
8094
8081
7970
7900
7883
7872
7757
7723
7620
7615
7556
7545
7503
7490
7478
7445
7435
7430
7410
7371
7342
7251
7232
7223
7193
7181
7134
6932
6836
6745
6727
6716
6696
6689
6677
6596
6564
6550
6528
6499
6387
6315
6254
6171
6165
6153
6057
6018
5899
5895
5815
5797
5745
5743
5716
5590
5574
5571
5497
5494
5382
5293
5278
5268
5231
5187
5175
5105
5099
4973
4917
4869
4757
4690
4585
4507
4453
4369
4353
4299
4277
4204
4202
4158
4147
4093
4067
4004
3984
3944
3931
3917
3835
3758
3755
3754
3662
3660
3586
3584
3430
3420
3356
3274
3216
3212
3171
3117
3113
3079
3057
3049
3003
2991
2958
2951
2902
2895
2823
2822
2800
2609
2585
2578
2460
2448
2383
2363
2306
2304
2301
2266
2229
2227
2209
1989
1957
1936
1863
1859
1811
1699
1693
1620
1616
1562
1525
1522
1521
1440
1343
1293
1258
1201
1182
1116
1058
972
924
833
809
675
578
568
556
549
506
486
397
335
331
291
194
165
129
66
