99935
99838
99814
99754
99725
99695
99680
99623
99618
99605
99590
99583
99583
99453
99448
99416
99371
99294
99234
99223
99129
99089
99062
98887
98789
98761
98679
98626
98579
98558
98528
98508
98450
98438
98403
98335
98269
98268
98257
98105
98089
98080
98054
98039
97986
97909
97889
97886
97817
97817
97773
97691
97631
97502
97447
97444
97433
97332
97244
97191
97156
97092
97018
97012
97000
96964
96851
96675
96662
96632
96515
96499
96464
96437
96355
96304
96294
96281
96230
96201
96200
96177
96103
95991
95879
95857
95834
95817
95767
95719
95710
95558
95488
95477
95461
95408
95395
95329
95279
95265
95247
95223
95185
95172
95031
94979
94913
94912
94901
94899
94803
94761
94743
94625
94576
94530
94464
94327
94308
94257
94240
94182
94041
93914
93895
93877
93876
93874
93854
93823
93815
93795
93408
93398
93365
93362
93323
93305
93141
93125
93045
93012
92849
92764
92671
92551
92550
92533
92520
92452
92420
92348
92198
92170
92136
92133
92074
91983
91953
91947
91896
91873
91854
91846
91712
91711
91706
91677
91553
91516
91444
91350
91329
91323
91315
91289
91235
91190
91149
91149
91102
91024
91008
90961
90942
90889
90885
90835
90805
90795
90719
90677
90611
90599
90593
90581
90460
90445
90427
90393
90350
90328
90173
90115
89976
89909
89855
89788
89688
89673
89662
89610
89372
89345
89322
89320
89247
89165
89132
89113
88860
88833
88826
88804
88766
88525
88497
88467
88463
88434
88406
88397
88393
88320
88306
88273
88269
88258
88257
88219
88127
88060
88011
87975
87888
87816
87719
87688
87645
87464
87438
87396
87391
87347
87343
87313
87275
87176
87148
87133
87100
87061
87021
86940
86876
86827
86713
86677
86672
86641
86510
86436
86373
86297
86292
86261
86243
86237
86230
86201
86193
86052
85965
85826
85791
85552
85460
85420
85391
85385
85320
85313
85246
85240
85237
85214
85142
85094
85093
84943
84852
84713
84617
84571
84483
84480
84474
84365
84306
84265
84251
84109
84024
83851
83769
83734
83708
83700
83696
83636
83585
83531
83468
83451
83404
83359
83347
83295
83267
83239
83226
83198
83191
83144
82968
82896
82864
82772
82687
82654
82643
82638
82629
82591
82587
82585
82527
82487
82477
82475
82407
82300
82159
82143
82134
82088
82054
82028
81991
81931
81907
81869
81844
81823
81669
81505
81500
81489
81421
81369
81360
81336
81282
81220
81132
81071
80980
80910
80776
80692
80648
80640
80638
80637
80633
80603
80577
80518
80388
80339
80288
80168
80154
80116
80043
80021
79949
79837
79783
79776
79727
79715
79663
79578
79560
79504
79416
79376
79351
79328
79323
79268
79265
79258
79191
79181
79175
79029
78932
78863
78814
78763
78751
78728
78700
78599
78547
78547
78537
78466
78353
78305
78303
78257
78170
78120
78065
77989
77982
77921
77826
77810
77707
77636
77521
77487
77463
77462
77439
77349
77316
77243
77231
77153
77016
76789
76735
76460
76284
76279
76257
76248
76223
76220
76202
76175
76173
76101
76063
76053
76021
75932
75931
75923
75842
75841
75655
75645
75636
75612
75592
75514
75469
75446
75406
75300
75288
75281
75186
75128
75124
75119
75102
75061
74968
74941
74919
74874
74750
74675
74632
74610
74557
74476
74474
74457
74377
74285
74201
74183
74055
74010
73890
73701
73694
73666
73604
73589
73560
73540
73463
73419
73413
73376
73366
73332
73288
73272
73212
73210
73208
73082
73079
73024
72996
72896
72836
72680
72669
72654
72652
72612
72587
72468
72439
72419
72392
72353
72277
72229
72160
72149
72102
72077
71902
71859
71819
71775
71745
71730
71701
71459
71449
71447
71384
71320
71246
71108
71093
71044
71005
70782
70780
70750
70675
70644
70616
70603
70537
70408
70315
70297
70222
70204
70132
70050
70022
70011
69952
69815
69729
69684
69597
69511
69488
69456
69449
69419
69385
69312
69267
69251
69239
69236
69180
69021
68980
68903
68828
68745
68707
68613
68546
68540
68502
68476
68394
68390
68196
68155
68148
68143
68006
67913
67849
67820
67804
67741
67666
67652
67604
67531
67448
67216
67107
67090
67068
67063
66940
66938
66905
66846
66816
66788
66725
66718
66684
66574
66475
66459
66345
66340
66324
66313
66241
66204
66131
66117
66023
65942
65875
65809
65797
65657
65622
65563
65435
65337
65248
65137
65081
65043
65031
65013
64997
64981
64910
64907
64661
64646
64604
64602
64542
64463
64462
64406
64371
64357
64354
64340
64339
64332
64207
64203
64108
64078
64073
63940
63772
63762
63709
63664
63659
63650
63640
63631
63591
63493
63448
63352
63349
63285
63268
63133
63080
63057
63030
63017
62965
62862
62796
62786
62750
62584
62509
62413
62300
62181
62085
62030
62016
62015
61931
61919
61913
61637
61571
61498
61453
61450
61331
61301
61126
61123
61121
61081
61039
61038
60980
60973
60909
60838
60834
60770
60759
60750
60737
60724
60655
60595
60588
60415
60388
60292
60252
60212
60144
60123
60083
60044
60040
59960
59944
59923
59902
59887
59825
59817
59808
59769
59743
59697
59660
59649
59495
59478
59417
59405
59301
59297
59236
59226
59208
59124
59033
59032
59008
58986
58919
58908
58882
58840
58773
58723
58721
58685
58684
58616
58566
58512
58439
58287
58266
58249
58087
58066
58065
57945
57874
57869
57853
57815
57801
57648
57511
57476
57218
57164
57128
57108
57095
57088
57074
57070
56977
56750
56678
56653
56610
56552
56488
56473
56404
56222
56155
56127
56098
56077
56041
56038
55980
55941
55906
55835
55695
55594
55583
55581
55563
55556
55491
55428
55408
55406
55375
55339
55265
55254
55241
55229
55167
55131
55086
55036
54948
54924
54901
54830
54743
54599
54565
54534
54477
54460
54432
54312
54299
54272
54183
54153
54124
54088
54060
53871
53859
53771
53768
53753
53717
53703
53679
53660
53655
53655
53648
53633
53467
53289
53247
53247
53222
53180
53114
53069
53022
52955
52910
52844
52832
52800
52786
52769
52700
52566
52552
52517
52515
52480
52361
52295
52293
52212
52154
52122
52119
51971
51824
51792
51746
51724
51694
51687
51673
51657
51645
51549
51418
51397
51314
51231
51040
51030
51025
50997
50916
50858
50785
50773
50758
50572
50544
50485
50469
50429
50425
50410
50395
50363
50346
50305
50269
50263
50191
50113
50109
50094
50079
49960
49910
49738
49693
49677
49607
49492
49347
49252
49239
49205
49181
49179
49160
49149
49120
49075
49019
49007
48980
48830
48777
48599
48548
48478
48417
48316
48225
48182
48135
48069
48030
47987
47978
47848
47771
47684
47663
47652
47647
47619
47575
47511
47509
47293
47076
46994
46974
46971
46892
46843
46796
46647
46528
46458
46345
46269
46252
46218
46086
46070
45990
45961
45950
45946
45915
45863
45745
45736
45600
45532
45451
45442
45404
45336
45060
45058
45057
45027
44964
44932
44900
44877
44774
44770
44739
44614
44597
44526
44511
44507
44367
44362
44341
44272
44244
44112
44111
44051
44028
44003
43941
43911
43838
43719
43625
43586
43579
43438
43435
43427
43380
43352
43341
43337
43262
43198
43155
43070
43037
43023
43004
42958
42914
42906
42841
42835
42818
42797
42759
42671
42634
42583
42559
42441
42385
42316
42305
42294
42218
42137
42047
42034
42019
41975
41860
41845
41835
41757
41728
41697
41670
41640
41585
41515
41436
41421
41226
41190
41157
41145
41111
41084
41020
40957
40916
40875
40854
40786
40732
40703
40678
40593
40592
40551
40548
40488
40383
40317
40189
40128
40100
40010
39963
39877
39859
39841
39839
39614
39606
39572
39516
39317
39288
39274
39247
39235
39231
39156
39145
39131
39055
38965
38907
38905
38835
38822
38789
38772
38758
38728
38721
38690
38503
38468
38185
38121
38109
38069
38030
37881
37831
37819
37783
37692
37659
37621
37485
37395
37212
37173
37123
37069
37069
37041
37035
37031
37017
36927
36922
36851
36781
36738
36650
36646
36515
36514
36441
36313
36293
36213
36149
36121
36094
36053
36002
35957
35917
35876
35850
35822
35822
35773
35724
35723
35722
35706
35690
35635
35630
35568
35523
35522
35516
35516
35478
35452
35414
35399
35390
35328
35231
35137
35135
35070
35069
35042
34957
34772
34732
34691
34673
34511
34433
34388
34379
34356
34350
34157
34154
34133
34053
33942
33867
33829
33829
33758
33640
33617
33581
33511
33505
33453
33433
33420
33390
33216
33105
33098
33044
33027
33017
32970
32893
32841
32754
32592
32584
32443
32367
32363
32362
32279
32212
32179
32076
32052
32020
31960
31952
31950
31874
31845
31811
31739
31730
31710
31678
31630
31487
31478
31449
31386
31364
31240
31223
31175
31167
31095
30998
30988
30932
30889
30879
30765
30664
30663
30653
30635
30539
30517
30502
30382
30375
30326
30271
30249
30220
30080
29967
29937
29937
29932
29930
29905
29886
29757
29745
29743
29671
29659
29606
29594
29557
29501
29495
29447
29224
29217
28975
28973
28969
28964
28912
28863
28834
28822
28805
28790
28781
28714
28682
28638
28586
28552
28459
28391
28355
28215
28166
28072
28010
27989
27956
27897
27793
27760
27544
27444
27438
27427
27261
27221
27207
27073
27036
27011
26972
26953
26930
26895
26879
26867
26859
26795
26683
26639
26576
26499
26495
26494
26443
26420
26273
26248
26162
26127
26094
26062
26057
25981
25964
25962
25959
25953
25918
25911
25761
25722
25715
25714
25683
25670
25636
25612
25586
25580
25408
25378
25340
25329
25271
25230
25216
25201
25198
25171
25149
25070
25062
25060
25056
25035
24860
24827
24811
24787
24753
24744
24737
24613
24593
24509
24504
24387
24349
24333
24326
24251
24200
24149
24025
23991
23938
23875
23866
23726
23701
23637
23593
23548
23544
23520
23515
23506
23479
23474
23411
23347
23326
23319
23294
23278
23236
23228
23223
23062
23023
22976
22929
22873
22836
22818
22799
22762
22757
22654
22636
22601
22559
22483
22427
22413
22413
22384
22324
22308
22261
22229
22167
22110
21936
21917
21914
21763
21761
21698
21625
21527
21511
21429
21414
21339
21327
21290
21257
21250
21247
21187
21174
21172
21163
21135
21084
21001
20969
20964
20822
20702
20669
20640
20638
20637
20605
20532
20456
20400
20365
20340
20234
20177
20114
20113
20010
19901
19890
19876
19816
19641
19578
19543
19540
19540
19516
19479
19354
19267
19192
19183
19101
19083
19073
18989
18969
18891
18869
18860
18858
18840
18718
18684
18625
18557
18518
18492
18425
18421
18376
18343
18236
18158
18021
17886
17853
17845
17841
17836
17835
17805
17711
17669
17602
17552
17528
17480
17441
17432
17394
17350
17271
17169
17141
17127
17093
17077
16902
16873
16726
16706
16671
16625
16578
16543
16516
16421
16342
16271
16252
16224
16218
16215
16166
16127
16127
16118
16093
15992
15991
15949
15925
15852
15849
15742
15619
15608
15576
15541
15507
15403
15381
15237
15233
15170
15095
15064
15025
14987
14950
14856
14833
14823
14661
14644
14585
14564
14509
14498
14480
14472
14402
14247
14199
14166
14128
14115
14073
14042
14016
13999
13960
13893
13881
13876
13772
13741
13740
13682
13503
13482
13438
13278
13249
13193
13122
13091
13060
13040
12984
12980
12942
12861
12822
12767
12757
12757
12708
12686
12666
12663
12588
12575
12571
12569
12532
12529
12477
12336
12305
12215
12202
12193
12150
12136
12016
11970
11969
11958
11949
11869
11852
11832
11831
11745
11578
11567
11521
11486
11483
11463
11450
11379
11327
11280
11258
11258
11235
11227
11186
11105
11057
11054
11015
11009
10937
10916
10909
10724
10693
10686
10576
10479
10461
10458
10453
10400
10314
10309
10294
10215
10207
10201
10154
10032
10013
9998
9951
9915
9814
9801
9754
9644
9537
9510
9509
9439
9424
9413
9410
9407
9352
9319
9309
9279
9250
9181
9145
9125
8906
8840
8799
8713
8708
8704
8671
8553
8548
8443
8387
8359
8345
8339
8253
8246
8235
8229
8159
8012
7978
7977
7960
7927
7893
7769
7723
7619
7595
7579
7536
7533
7423
7294
7292
7274
7258
7212
7176
7145
7047
7033
6980
6948
6918
6898
6880
6878
6732
6670
6652
6636
6574
6474
6447
6414
6380
6342
6259
6229
6111
6077
6057
6009
5955
5951
5920
5888
5821
5794
5758
5725
5631
5548
5496
5431
5301
5267
5254
5209
5150
5094
5063
5025
4912
4886
4706
4696
4686
4573
4475
4341
4301
4297
4274
4204
4130
4090
4010
3997
3947
3940
3935
3865
3743
3742
3717
3701
3700
3665
3626
3620
3509
3324
3233
3197
3186
3115
3003
2987
2927
2846
2833
2756
2699
2689
2671
2665
2647
2608
2574
2539
2521
2501
2484
2465
2437
2095
2050
2049
2038
1906
1878
1866
1859
1804
1787
1771
1759
1729
1603
1530
1510
1342
1294
1211
1109
1081
1048
945
914
871
753
708
547
462
441
435
412
286
253
248
243
156
143
95
