99936
99913
99856
99657
99652
99601
99580
99576
99517
99421
99346
99334
99306
99213
99169
99058
99054
99023
98931
98926
98879
98818
98779
98761
98634
98614
98571
98378
98292
98194
98188
98024
98013
97848
97800
97798
97736
97660
97655
97592
97591
97573
97553
97492
97332
97321
97183
97137
97041
97031
96932
96862
96747
96664
96637
96622
96497
96451
96392
96327
96324
96270
96252
96066
96055
96009
95975
95967
95927
95669
95596
95592
95566
95565
95475
95463
95429
95344
95255
95244
95178
95170
95033
94854
94846
94705
94682
94651
94599
94564
94531
94511
94496
94426
94385
94357
94316
94287
94240
94230
94229
94219
94198
94072
94066
94037
94031
94022
93980
93937
93906
93886
93876
93721
93609
93528
93406
93403
93372
93346
93330
93321
93313
93257
93207
93185
93070
93034
93031
93028
93003
92986
92955
92945
92912
92908
92890
92760
92669
92656
92635
92635
92546
92516
92491
92412
92381
92360
92232
92226
92207
92186
92175
92095
92067
92062
91975
91946
91877
91866
91864
91687
91613
91606
91560
91552
91402
91338
91254
91141
91101
91087
91045
91026
91000
90997
90984
90957
90954
90940
90930
90780
90750
90720
90659
90656
90653
90586
90574
90507
90433
90426
90398
90355
90286
90263
90249
90131
90091
90068
90045
90039
90028
90003
89799
89792
89785
89772
89755
89706
89642
89610
89474
89386
89302
89298
89148
89131
89124
89118
89082
89062
89053
89002
88993
88973
88841
88801
88733
88612
88516
88496
88402
88304
88264
88193
88153
88133
88130
88128
87973
87935
87871
87786
87768
87737
87710
87561
87480
87459
87453
87423
87393
87259
87216
87214
87209
87175
87104
87056
87028
87022
86968
86948
86921
86816
86798
86632
86609
86501
86464
86436
86282
86279
86257
86197
86132
86090
86053
86017
85977
85801
85741
85660
85659
85583
85582
85556
85526
85516
85441
85435
85420
85404
85354
85348
85345
85340
85205
85042
85006
84959
84916
84915
84915
84901
84890
84863
84820
84735
84716
84708
84706
84636
84559
84493
84418
84387
84308
84307
84304
84184
84130
84095
84016
83934
83912
83779
83729
83622
83582
83563
83546
83461
83400
83214
83182
83089
83080
83041
83036
82866
82769
82749
82706
82681
82669
82627
82472
82432
82418
82408
82378
82367
82307
82250
82164
82138
82042
82040
81928
81878
81876
81871
81832
81734
81720
81680
81647
81623
81540
81342
81323
81315
81299
81282
81261
81259
81177
81140
81059
80998
80993
80897
80873
80837
80773
80761
80723
80708
80693
80558
80390
80385
80368
80338
80268
80227
80182
80013
79980
79956
79804
79776
79674
79647
79644
79616
79501
79486
79467
79447
79432
79377
79269
79202
79140
79092
79052
78991
78941
78890
78884
78792
78733
78682
78653
78426
78324
78309
78269
78175
78140
78080
78069
78011
77975
77964
77961
77952
77927
77904
77873
77859
77858
77821
77758
77733
77724
77689
77683
77578
77527
77442
77438
77414
77375
77326
77313
77281
77227
77126
77049
77036
77004
76962
76958
76953
76929
76891
76875
76856
76804
76799
76694
76672
76597
76556
76525
76518
76439
76388
76217
76209
76122
76084
76046
76044
75983
75977
75939
75924
75876
75875
75799
75789
75747
75573
75554
75462
75432
75358
75351
75125
75107
75099
75054
75054
74982
74972
74946
74934
74899
74892
74719
74619
74504
74356
74345
74230
74191
74187
74158
74024
73828
73807
73782
73685
73653
73643
73623
73609
73582
73549
73477
73376
73235
73206
73155
73149
73114
73079
73006
72921
72918
72885
72881
72821
72815
72790
72786
72777
72732
72720
72675
72663
72621
72611
72606
72542
72515
72466
72441
72397
72370
72358
72306
72148
72129
71919
71858
71852
71787
71727
71659
71596
71565
71524
71497
71452
71417
71367
71322
71284
71270
71264
71196
71165
71079
70922
70881
70772
70729
70688
70675
70666
70539
70526
70489
70443
70431
70421
70388
70368
70295
70249
70236
70112
70111
69940
69839
69800
69661
69611
69588
69532
69499
69446
69444
69406
69402
69360
69258
69238
69221
69201
69194
69095
69067
68985
68958
68937
68907
68874
68813
68747
68715
68712
68657
68633
68583
68582
68531
68504
68466
68372
68370
68325
68217
68199
68170
68110
68029
68008
67953
67904
67868
67827
67724
67697
67663
67615
67508
67408
67218
67181
67179
67141
67095
67053
66955
66925
66924
66909
66785
66747
66658
66571
66500
66498
66446
66419
66416
66396
66356
66212
66165
66088
66068
66036
65989
65980
65961
65924
65919
65830
65784
65781
65664
65654
65582
65504
65495
65460
65428
65419
65358
65274
65140
65120
65086
64968
64966
64929
64919
64919
64747
64686
64679
64642
64527
64455
64232
64002
63982
63936
63933
63919
63907
63903
63875
63590
63583
63542
63529
63486
63477
63412
63309
63284
63194
63171
63139
63037
63023
63021
62884
62869
62828
62794
62721
62686
62580
62552
62432
62415
62395
62305
62217
62203
62139
62056
62039
62017
61988
61967
61863
61839
61808
61745
61745
61683
61662
61624
61537
61519
61499
61488
61474
61437
61322
61317
61289
61250
61223
61212
61204
61180
61086
61056
61055
61045
60986
60984
60962
60936
60908
60873
60724
60671
60663
60645
60632
60623
60575
60528
60395
60369
60340
60323
60321
60163
60132
60096
60084
60074
60037
59912
59869
59858
59844
59824
59800
59746
59742
59696
59689
59658
59567
59431
59419
59373
59336
59180
59177
59155
59151
59147
59143
59111
58944
58922
58910
58906
58887
58781
58744
58696
58639
58620
58594
58443
58435
58372
58327
58318
58179
58128
58080
57962
57962
57908
57831
57802
57645
57564
57554
57551
57445
57443
57409
57369
57355
57336
57298
57222
57127
57072
57048
57035
56977
56812
56763
56536
56479
56412
56375
56366
56328
56288
56282
56238
56074
56018
55961
55949
55891
55857
55802
55798
55795
55792
55671
55563
55500
55476
55467
55367
55363
55353
55345
55273
55220
55195
55123
55068
55067
55016
54896
54825
54822
54821
54807
54781
54746
54713
54695
54684
54546
54544
54517
54445
54426
54408
54401
54349
54337
54267
54237
54225
54206
54176
54175
54084
53940
53933
53772
53709
53665
53632
53563
53535
53455
53313
53248
53232
53220
53170
53147
53143
53121
53068
52866
52819
52817
52798
52784
52778
52709
52599
52524
52478
52449
52436
52422
52376
52345
52325
52299
52277
52264
52247
52205
52204
52063
51975
51855
51778
51738
51718
51713
51640
51610
51580
51562
51529
51489
51442
51436
51430
51421
51370
51369
51284
51254
51153
51136
51085
51070
51032
51001
50969
50964
50921
50866
50849
50765
50697
50511
50497
50460
50401
50360
50193
50147
50061
50056
49888
49886
49876
49858
49827
49747
49733
49533
49519
49430
49294
49248
49219
49116
49085
49012
49001
48967
48924
48856
48838
48818
48694
48579
48548
48516
48290
48228
48192
48093
48087
48081
48075
48037
47980
47859
47844
47839
47661
47623
47612
47518
47388
47296
47289
47236
47135
47120
47100
47098
47047
47026
47012
46996
46946
46925
46897
46893
46882
46863
46832
46828
46795
46761
46760
46733
46576
46561
46361
46341
46340
46252
46222
46197
46182
46140
46095
45985
45929
45884
45791
45643
45490
45432
45397
45382
45372
45309
45297
45265
45157
45136
45114
44979
44947
44865
44824
44810
44774
44688
44679
44676
44648
44630
44508
44428
44231
44229
44215
44078
44039
44011
43922
43916
43845
43834
43774
43582
43560
43528
43511
43499
43422
43374
43292
43291
43267
43186
43143
43039
43000
42910
42812
42779
42760
42736
42542
42446
42444
42444
42407
42374
42270
42227
42211
42111
42109
42093
42067
41942
41921
41919
41851
41842
41811
41702
41625
41618
41594
41507
41506
41478
41448
41439
41434
41260
41245
41225
41165
41079
40910
40873
40810
40683
40627
40486
40437
40435
40354
40326
40284
40279
40247
40229
40126
40124
40097
40093
40028
40018
40003
39949
39903
39885
39727
39720
39659
39503
39418
39414
39363
39251
39082
38975
38834
38803
38794
38716
38650
38626
38598
38584
38384
38374
38333
38322
38273
38243
38217
38107
38083
38070
38049
38003
37973
37942
37930
37928
37922
37915
37911
37899
37759
37719
37660
37617
37613
37553
37507
37503
37407
37363
37361
37224
37194
37185
37171
37154
37132
37130
37077
37054
37028
36966
36954
36936
36930
36926
36872
36817
36784
36751
36719
36692
36678
36637
36631
36618
36544
36420
36313
36293
36292
36245
36229
36209
36167
36158
36141
36138
36118
36059
36020
35987
35962
35952
35940
35910
35908
35875
35820
35756
35733
35731
35727
35715
35706
35526
35511
35405
35389
35241
35237
35058
35052
34935
34914
34884
34825
34645
34606
34528
34464
34460
34427
34323
34301
34217
34139
34137
34075
34062
33968
33956
33940
33929
33810
33561
33549
33532
33522
33454
33429
33417
33414
33349
33235
33148
33135
33089
33072
33063
32945
32866
32835
32732
32695
32641
32564
32544
32472
32323
32295
32242
32233
32223
32215
32201
32148
32106
32032
31962
31760
31741
31681
31647
31606
31388
31383
31339
31317
31153
31057
30991
30920
30778
30730
30648
30545
30508
30430
30408
30274
30271
30259
30230
30159
30149
30098
30043
30037
29961
29933
29882
29830
29829
29825
29758
29734
29694
29667
29579
29539
29458
29229
29101
29063
29010
28987
28961
28910
28883
28698
28639
28590
28568
28537
28506
28484
28427
28346
28318
28061
28056
27996
27970
27968
27903
27876
27846
27746
27721
27691
27669
27644
27455
27343
27273
27270
27269
27166
27138
27127
27117
27038
27013
26998
26951
26875
26836
26800
26699
26686
26598
26527
26514
26487
26486
26484
26479
26455
26177
26148
26086
26079
26025
26020
26008
25925
25893
25816
25739
25728
25645
25617
25613
25566
25415
25403
25379
25343
25295
25207
25149
25106
24921
24862
24827
24770
24717
24704
24687
24679
24640
24478
24475
24405
24350
24244
24203
24015
23661
23647
23569
23568
23566
23506
23466
23399
23373
23255
23117
23091
23045
22964
22957
22881
22867
22832
22827
22792
22646
22644
22552
22547
22482
22357
22341
22327
22323
22314
22196
22174
22127
22124
21904
21873
21677
21635
21509
21429
21376
21329
21306
21301
21091
21088
21024
20999
20992
20797
20767
20749
20740
20720
20720
20694
20690
20471
20421
20354
20292
20282
20190
20127
20105
20080
20076
20022
19988
19909
19908
19873
19789
19788
19767
19731
19715
19650
19619
19549
19433
19405
19366
19232
19154
19140
18983
18979
18973
18797
18623
18578
18560
18545
18478
18446
18418
18307
18268
18151
18125
18107
17992
17964
17963
17930
17917
17831
17800
17754
17733
17709
17627
17613
17559
17492
17389
17325
17273
17267
17249
17249
17242
17197
17179
16930
16789
16768
16758
16741
16639
16591
16589
16581
16580
16372
16275
16154
16136
16123
16008
15988
15892
15885
15838
15798
15719
15718
15634
15614
15573
15541
15487
15478
15302
15239
15193
15082
15040
15038
15030
15002
14981
14949
14939
14807
14759
14753
14677
14649
14622
14619
14492
14425
14328
14314
14242
14229
14185
14164
14054
14049
13990
13971
13955
13948
13909
13822
13809
13773
13697
13686
13674
13613
13548
13531
13522
13432
13389
13358
13216
13171
13113
13082
13021
12937
12904
12812
12746
12741
12684
12538
12536
12536
12504
12474
12452
12421
12408
12359
12283
12279
12222
12163
12150
12143
12140
12095
12090
11954
11953
11866
11837
11807
11780
11728
11725
11610
11597
11589
11531
11491
11432
11412
11391
11340
11296
11263
11255
11149
10937
10898
10797
10680
10638
10626
10592
10588
10583
10576
10501
10501
10406
10366
10054
10000
9998
9931
9929
9910
9886
9800
9788
9763
9728
9720
9705
9695
9677
9625
9623
9564
9557
9512
9512
9464
9451
9439
9421
9410
9390
9257
9255
9240
9236
9231
9230
9214
9195
9118
9075
8958
8932
8840
8835
8815
8795
8631
8610
8363
8288
8207
8112
8068
8061
7982
7949
7930
7859
7778
7762
7739
7699
7672
7607
7607
7470
7414
7401
7334
7305
7199
7145
7138
7125
7099
7098
7000
6971
6952
6833
6828
6808
6746
6700
6673
6497
6420
6321
6284
6256
6256
6245
6157
6074
5931
5800
5777
5707
5700
5668
5650
5605
5491
5477
5448
5427
5390
5383
5334
5205
5204
5179
5135
5115
5088
4958
4948
4947
4670
4624
4595
4464
4425
4292
4288
4220
4071
4060
4057
4033
3988
3978
3949
3925
3904
3873
3790
3777
3676
3661
3642
3636
3508
3501
3500
3435
3426
3374
3337
3191
3124
2976
2975
2936
2856
2852
2828
2825
2755
2724
2679
2553
2518
2437
2402
2394
2374
2335
2229
2191
2154
2129
2120
2112
2106
2069
2018
1985
1950
1921
1894
1890
1803
1783
1694
1631
1586
1564
1538
1436
1313
1141
961
884
736
670
602
564
470
459
380
358
346
328
314
258
153
139
113
92
81
