99929
99843
99783
99742
99736
99657
99584
99529
99495
99457
99396
99345
99334
99333
99322
99313
99273
99193
99099
99098
98993
98990
98926
98836
98830
98830
98724
98618
98610
98549
98488
98483
98313
98166
98095
98080
97909
97862
97837
97800
97763
97690
97666
97622
97565
97421
97402
97400
97397
97389
97389
97305
97209
97172
97062
97050
96959
96928
96888
96875
96859
96852
96783
96731
96649
96641
96568
96561
96557
96546
96527
96493
96456
96428
96382
96352
96341
96333
96283
96218
96170
96159
96143
96132
96017
95980
95956
95951
95934
95910
95807
95744
95676
95648
95636
95601
95584
95506
95498
95438
95388
95343
95341
95318
95261
95232
95103
95025
95008
94995
94967
94883
94733
94719
94662
94655
94645
94524
94517
94512
94491
94462
94429
94384
94363
94126
93984
93882
93882
93879
93868
93589
93513
93512
93486
93481
93335
93320
93240
93183
93107
93052
92898
92898
92872
92846
92818
92708
92560
92425
92406
92361
92271
92188
92163
92113
92080
92064
92037
91954
91945
91773
91641
91640
91376
91371
91165
91161
91151
91150
90903
90822
90820
90808
90803
90773
90739
90703
90687
90683
90647
90637
90625
90580
90531
90493
90465
90316
90239
90219
90062
89907
89876
89871
89869
89783
89782
89752
89732
89687
89672
89585
89515
89438
89430
89427
89412
89408
89388
89357
89356
89286
89281
89252
89181
89149
89116
89108
88866
88810
88770
88769
88767
88753
88745
88744
88711
88665
88565
88546
88466
88451
88351
88275
88223
88219
88174
88095
87947
87933
87875
87847
87701
87690
87682
87678
87643
87533
87520
87492
87461
87429
87267
87253
87245
87221
87209
87134
87070
87003
86947
86910
86907
86808
86794
86791
86759
86750
86725
86719
86601
86587
86571
86502
86471
86411
86346
86328
86286
86254
86200
86090
85974
85795
85675
85617
85573
85475
85447
85423
85392
85387
85203
85141
85141
85090
85087
85018
84925
84905
84836
84785
84774
84712
84705
84637
84632
84582
84576
84556
84534
84331
84296
84222
84160
84091
83990
83904
83818
83784
83777
83727
83701
83496
83393
83343
83332
83323
83273
83246
83221
83121
82988
82788
82759
82759
82750
82750
82731
82727
82682
82580
82571
82462
82347
82332
82315
82304
82257
82256
82232
82228
82175
82128
82127
82061
82024
82017
82014
82008
82004
81966
81963
81949
81933
81920
81872
81795
81782
81770
81653
81647
81618
81618
81565
81447
81416
81400
81391
81278
81245
81070
81032
81018
80982
80935
80882
80838
80775
80755
80741
80705
80661
80632
80591
80577
80370
80302
80182
80168
80164
80142
80060
79997
79974
79885
79748
79653
79615
79600
79415
79319
79218
79159
79149
79119
78967
78957
78889
78822
78820
78694
78666
78642
78634
78591
78552
78528
78443
78413
78198
78128
78080
78068
77972
77957
77951
77909
77857
77775
77726
77723
77601
77552
77518
77492
77292
77253
77155
77020
76893
76892
76890
76762
76685
76663
76634
76613
76459
76296
76288
76283
76228
76188
76110
76084
76059
76013
76001
75961
75957
75785
75765
75716
75669
75654
75499
75490
75474
75373
75318
75232
75208
75183
75062
75059
75056
74994
74893
74881
74844
74719
74713
74681
74589
74531
74480
74435
74407
74215
74144
74058
74011
73903
73873
73863
73807
73806
73675
73443
73421
73413
73410
73403
73390
73371
73339
73209
73094
72918
72898
72818
72780
72729
72706
72696
72668
72523
72518
72400
72391
72345
72186
72133
72064
71938
71907
71901
71899
71899
71857
71799
71780
71762
71749
71714
71700
71661
71641
71625
71558
71347
71329
71309
71244
71028
70993
70959
70848
70780
70747
70746
70667
70591
70587
70550
70516
70446
70442
70413
70385
70384
70226
70172
70152
70088
70055
70025
70019
69998
69995
69961
69920
69792
69773
69702
69663
69599
69485
69462
69418
69414
69409
69333
69328
69266
69227
69215
69197
69155
69094
69016
68974
68960
68938
68930
68759
68746
68695
68688
68661
68646
68551
68479
68472
68448
68447
68387
68294
68284
68246
68182
68178
68089
67986
67875
67872
67833
67823
67797
67750
67650
67613
67603
67478
67474
67424
67331
67316
67314
67274
67270
67241
67204
67166
66812
66772
66745
66729
66725
66602
66598
66553
66541
66533
66513
66430
66267
66235
66188
66181
66060
66042
66018
65970
65891
65829
65823
65811
65777
65763
65752
65671
65659
65632
65612
65421
65268
65145
65145
65001
64974
64972
64956
64914
64870
64853
64787
64784
64697
64689
64672
64624
64623
64609
64606
64577
64496
64494
64489
64421
64411
64402
64252
64242
64209
64159
64146
64144
64040
64037
64006
63889
63864
63831
63794
63793
63727
63686
63637
63626
63548
63525
63488
63338
63332
63267
63227
63217
63205
63117
63098
63036
62986
62980
62933
62781
62759
62742
62731
62711
62673
62670
62620
62520
62513
62507
62477
62339
62265
62253
62221
62191
62181
62176
62136
62058
62049
61991
61864
61794
61763
61716
61681
61680
61435
61409
61300
61260
61047
61043
61014
61008
60828
60806
60806
60674
60649
60577
60442
60371
60365
60230
60213
60181
60169
60143
60069
60028
59854
59818
59500
59454
59453
59268
59237
59223
59222
59201
59153
58962
58937
58897
58881
58780
58702
58671
58642
58579
58479
58181
58175
58084
58053
58006
57943
57924
57906
57850
57846
57807
57802
57742
57738
57623
57468
57438
57430
57404
57339
57280
57256
57227
57094
57036
57024
56983
56946
56897
56777
56764
56627
56571
56566
56479
56428
56402
56382
56316
56286
56210
56185
56127
56126
56101
56092
56088
56056
56021
55882
55861
55798
55629
55620
55552
55468
55397
55344
55340
55338
55275
55267
55250
55170
55155
55118
55044
55038
55028
54923
54917
54910
54854
54799
54681
54641
54501
54468
54364
54279
54232
54157
54094
54088
54030
53887
53863
53850
53821
53817
53758
53754
53735
53697
53674
53648
53644
53595
53514
53480
53404
53277
53063
53051
52927
52899
52891
52816
52665
52610
52557
52476
52409
52291
52255
52212
52199
52100
52047
51958
51830
51701
51693
51680
51604
51598
51585
51552
51548
51542
51535
51524
51513
51486
51474
51443
51403
51402
51396
51297
51274
51263
51245
51226
51214
51174
51152
51129
50976
50954
50954
50932
50887
50882
50859
50696
50639
50624
50604
50496
50316
50281
50261
50255
50196
50179
50174
50052
50050
50016
50005
49989
49945
49897
49666
49658
49507
49475
49468
49464
49370
49343
49261
49219
49196
49173
49144
49073
49054
49041
48992
48978
48804
48793
48774
48738
48700
48669
48664
48627
48484
48452
48373
48342
48342
48338
48326
48257
48171
48157
48083
47968
47955
47930
47871
47871
47867
47775
47754
47752
47682
47522
47475
47453
47269
47201
47194
47192
47031
47019
46999
46937
46926
46923
46852
46783
46757
46728
46707
46626
46542
46526
46495
46365
46356
46309
46300
46291
46289
46287
46272
46269
46148
46137
46135
46126
46056
46026
45976
45945
45941
45887
45843
45835
45725
45712
45673
45660
45599
45539
45502
45500
45438
45391
45369
45302
45293
45271
45250
45224
45221
45200
45129
45098
45066
45057
44951
44905
44749
44704
44656
44623
44582
44544
44514
44385
44349
44301
44256
44216
44182
44145
44129
44114
44107
44035
44034
44021
44007
43888
43819
43815
43801
43799
43614
43608
43603
43571
43543
43510
43485
43484
43458
43448
43335
42913
42900
42864
42826
42818
42810
42794
42780
42466
42451
42429
42419
42325
42313
42301
42298
42280
42178
42078
42054
42016
41972
41941
41858
41858
41824
41814
41801
41786
41781
41756
41748
41744
41696
41668
41640
41564
41514
41492
41426
41368
41272
41192
41131
41103
41048
40960
40884
40797
40771
40749
40722
40665
40644
40454
40453
40380
40348
40313
40199
40158
40068
40044
40026
39998
39992
39879
39855
39819
39811
39802
39691
39688
39655
39620
39540
39527
39503
39430
39377
39377
39371
39363
39360
39354
39342
39328
39309
39291
39262
39235
39215
39192
39182
39103
39067
39053
38994
38867
38861
38754
38689
38640
38638
38631
38630
38554
38547
38445
38444
38404
38228
38218
38213
38102
38068
37987
37930
37921
37921
37856
37804
37798
37794
37782
37766
37709
37624
37610
37600
37503
37463
37391
37347
37342
37334
37277
37267
37260
37220
37197
37182
37180
37147
37128
37114
37068
37027
37013
36977
36892
36876
36780
36741
36726
36705
36615
36579
36549
36484
36468
36350
36242
36215
36195
36186
36109
36092
36033
36015
35865
35847
35829
35829
35807
35806
35760
35680
35554
35426
35360
35293
35168
35106
35098
35036
34733
34416
34395
34343
34276
34149
34076
34001
33913
33885
33831
33807
33773
33750
33612
33506
33490
33461
33428
33376
33335
33332
33294
33256
33252
33200
33119
33045
32992
32878
32876
32868
32853
32851
32847
32836
32830
32713
32669
32606
32594
32524
32481
32458
32410
32394
32387
32307
32194
32133
32019
32006
32004
31929
31867
31854
31780
31765
31719
31713
31533
31519
31473
31396
31249
31205
31145
31102
31074
31010
30979
30910
30900
30899
30864
30854
30854
30828
30741
30685
30606
30533
30524
30482
30263
30240
30208
30166
30113
29936
29832
29784
29734
29603
29537
29497
29419
29398
29397
29288
29273
29245
29228
29150
29134
29111
29080
28970
28955
28914
28833
28645
28536
28483
28467
28331
28156
28109
28105
28056
28030
27974
27879
27832
27783
27719
27677
27635
27521
27489
27482
27450
27326
27292
27264
27264
27262
27188
27171
27148
27130
27129
27008
26981
26919
26877
26871
26854
26818
26739
26671
26653
26627
26619
26605
26572
26545
26449
26393
26368
26357
26228
26217
26211
26207
26162
26088
26049
26007
25998
25921
25889
25850
25832
25774
25596
25444
25391
25283
25236
25211
25188
25136
25010
25008
24994
24926
24915
24901
24875
24873
24800
24790
24767
24663
24596
24520
24493
24491
24435
24403
24396
24210
24193
24164
24143
24071
24054
24026
23958
23751
23723
23723
23705
23682
23575
23551
23470
23360
23348
23316
23272
23259
23175
23112
23074
23059
23056
23038
23006
22960
22881
22731
22665
22562
22533
22334
22330
22252
22221
22173
22132
22117
22113
22060
22048
22039
21971
21890
21859
21749
21747
21671
21593
21550
21483
21481
21267
21074
21045
20969
20948
20900
20830
20809
20806
20753
20563
20464
20446
20429
20316
20288
20260
20231
20204
20058
20004
19987
19974
19952
19949
19822
19775
19743
19351
19279
19270
19236
19166
19137
19074
19044
18931
18902
18640
18602
18594
18575
18509
18467
18434
18248
18218
18169
18014
17994
17986
17939
17888
17784
17748
17730
17635
17546
17469
17435
17434
17319
17258
17243
17182
17172
17152
16877
16842
16828
16802
16791
16690
16563
16538
16534
16534
16525
16504
16360
16317
16278
16271
16257
16245
16133
16064
16059
16023
15966
15949
15882
15811
15739
15738
15727
15713
15380
15379
15316
15299
15297
15279
15265
15047
15010
14993
14981
14909
14843
14818
14793
14691
14652
14615
14598
14371
14247
14210
14198
14145
14128
14032
13841
13763
13755
13727
13655
13617
13613
13598
13525
13505
13468
13403
13358
13349
13287
13250
13167
13134
13101
13088
13021
12998
12979
12891
12859
12774
12729
12617
12611
12596
12551
12543
12530
12498
12479
12475
12440
12310
12305
12244
12202
12162
12143
12114
12103
11963
11921
11858
11836
11808
11791
11784
11718
11649
11642
11526
11433
11360
11330
11284
11182
11018
10934
10929
10866
10842
10831
10823
10763
10759
10540
10531
10501
10210
10130
10130
10114
10047
10004
9984
9947
9940
9914
9859
9856
9807
9758
9709
9696
9626
9575
9404
9364
9274
9226
9214
9179
9130
9111
9059
9036
8990
8982
8952
8918
8891
8813
8759
8606
8544
8452
8439
8419
8387
8347
8318
8233
8188
8136
8131
8080
7925
7704
7692
7684
7625
7605
7537
7483
7344
7322
7285
7281
7250
7215
7203
7202
7159
7132
7013
6943
6882
6837
6833
6818
6774
6767
6753
6722
6546
6543
6536
6529
6506
6502
6439
6431
6343
6226
6115
6094
6089
6033
5931
5917
5880
5832
5704
5699
5639
5627
5622
5620
5590
5560
5542
5500
5477
5474
5469
5466
5319
5216
5016
4996
4964
4957
4869
4806
4743
4664
4644
4609
4588
4582
4530
4491
4491
4404
4319
4282
4280
4200
4192
4131
4052
3935
3917
3813
3801
3781
3757
3716
3708
3691
3659
3613
3488
3479
3464
3454
3424
3374
3349
3344
3319
3246
3221
3157
3144
3077
3076
3015
2994
2921
2756
2716
2713
2712
2690
2622
2463
2440
2429
2421
2402
2342
2324
2166
2166
2153
2026
2023
2001
1988
1972
1805
1649
1520
1516
1458
1418
1370
1341
1308
1283
1268
1224
1183
1174
1114
1074
1057
1046
1034
1027
1002
981
959
900
896
876
788
785
753
709
703
676
671
666
634
569
558
509
506
471
246
209
144
