99996
99978
99962
99909
99898
99771
99756
99716
99675
99650
99620
99540
99528
99515
99497
99482
99479
99404
99394
99386
99292
99260
99192
99129
98964
98963
98908
98903
98898
98846
98812
98794
98728
98686
98666
98586
98576
98534
98533
98529
98389
98381
98331
98290
98215
98170
98131
98116
98078
98060
98060
97995
97929
97886
97851
97829
97825
97811
97698
97599
97568
97531
97523
97432
97400
97367
97266
97134
97131
97084
97030
97021
97001
96959
96901
96871
96861
96792
96773
96708
96692
96617
96594
96573
96326
96243
96224
96176
96129
96068
96019
96006
95965
95922
95855
95818
95811
95761
95745
95648
95643
95596
95472
95438
95426
95411
95377
95328
95246
95199
95184
95180
95167
95119
95091
95085
95057
95027
95015
94983
94951
94941
94796
94790
94771
94609
94593
94562
94510
94447
94285
94259
94231
94185
94115
94070
93987
93865
93857
93857
93811
93702
93702
93677
93628
93620
93531
93497
93453
93412
93365
93364
93359
93320
93312
93268
93228
93201
93194
93073
93073
93045
93032
93030
92974
92942
92871
92860
92785
92757
92702
92690
92657
92606
92603
92597
92539
92538
92467
92368
92310
92236
92213
92140
92092
91878
91824
91737
91629
91621
91587
91562
91530
91530
91519
91443
91420
91403
91314
91275
91251
91160
91035
91028
90982
90944
90874
90810
90776
90726
90709
90700
90660
90606
90604
90603
90593
90563
90508
90507
90506
90411
90329
90289
90211
90184
90108
90019
89886
89883
89835
89796
89789
89663
89609
89524
89483
89466
89456
89444
89427
89426
89382
89259
89259
89215
89214
89197
89147
89004
88940
88895
88781
88777
88767
88670
88623
88614
88503
88466
88402
88218
88177
88138
88124
87932
87891
87819
87740
87737
87731
87692
87691
87656
87642
87616
87575
87531
87509
87470
87469
87403
87334
87329
87299
87254
87044
87035
86946
86924
86903
86829
86776
86775
86767
86703
86700
86628
86628
86627
86604
86560
86545
86532
86512
86468
86389
86389
86360
86317
86310
86095
86085
86063
86044
86019
85962
85905
85843
85805
85678
85662
85629
85573
85563
85534
85236
85199
85173
85092
85075
84906
84823
84787
84782
84773
84758
84697
84620
84584
84431
84300
84260
84190
84173
84035
84032
83984
83956
83953
83923
83845
83833
83801
83694
83657
83484
83483
83427
83399
83339
83255
83118
83115
83068
82716
82558
82482
82374
82372
82333
82042
82000
81968
81847
81844
81836
81735
81585
81496
81370
81365
81322
81212
81207
81202
81137
81129
81066
80990
80795
80756
80467
80370
80286
80275
80258
80242
80191
80140
80139
80120
80120
80109
80093
80061
79920
79915
79900
79861
79643
79362
79343
79329
79306
79280
79244
79168
79168
79127
79047
79043
78960
78952
78840
78837
78809
78788
78626
78567
78552
78529
78508
78508
78495
78334
78295
78207
78183
78135
78127
78115
78072
78035
77964
77948
77893
77837
77833
77812
77725
77652
77635
77564
77534
77430
77387
77316
77180
77146
77145
77120
77049
77045
76964
76919
76903
76881
76865
76835
76785
76784
76733
76641
76579
76572
76556
76498
76437
76391
76276
76271
76207
76194
76181
76156
76047
75992
75980
75936
75911
75811
75784
75764
75644
75604
75591
75588
75561
75553
75529
75516
75470
75453
75424
75407
75309
75300
75199
75172
75097
75068
75061
75045
74992
74966
74721
74663
74658
74349
74314
74173
74142
74085
74083
74060
74001
73951
73927
73910
73898
73886
73865
73810
73708
73697
73489
73481
73311
73301
73289
73271
73142
73095
73094
72986
72977
72916
72889
72787
72749
72646
72642
72472
72464
72437
72362
72358
72225
72199
72175
72058
72042
72033
71993
71988
71949
71903
71870
71824
71735
71716
71705
71697
71636
71592
71497
71491
71470
71359
71270
71264
71256
71183
71082
71070
71062
70974
70958
70956
70893
70797
70702
70680
70586
70551
70500
70449
70395
70358
70340
70333
70267
70186
70032
69959
69947
69901
69840
69808
69780
69762
69737
69725
69691
69610
69536
69518
69505
69504
69410
69402
69299
69175
69165
69124
68972
68966
68962
68952
68919
68904
68783
68751
68670
68553
68492
68490
68489
68443
68368
68336
68328
68259
68248
68236
68230
68085
68084
67935
67890
67778
67775
67743
67700
67693
67685
67682
67608
67539
67319
67309
67266
67195
67088
66881
66873
66872
66845
66805
66734
66708
66648
66645
66618
66497
66475
66437
66322
66204
66172
66148
66148
66143
66018
66016
65992
65952
65848
65839
65820
65819
65710
65647
65585
65569
65558
65553
65500
65477
65423
65154
65150
65092
64911
64854
64803
64705
64694
64685
64685
64666
64562
64560
64538
64507
64484
64294
64288
64275
64266
64223
64206
64197
63951
63937
63796
63748
63735
63735
63719
63610
63606
63579
63555
63546
63535
63516
63478
63467
63437
63420
63357
63331
63209
63132
63107
63051
63001
62960
62902
62808
62798
62703
62681
62544
62539
62290
62272
62268
62235
62211
62167
62150
62069
61999
61976
61961
61811
61774
61725
61684
61676
61573
61552
61549
61478
61366
61245
61182
61075
61045
61009
61006
60991
60984
60891
60854
60796
60754
60654
60607
60533
60452
60335
60308
60231
60219
60207
60182
60092
60023
59975
59926
59843
59791
59780
59732
59730
59710
59669
59666
59594
59564
59551
59493
59479
59398
59371
59219
59177
59081
59065
59011
58884
58781
58724
58635
58599
58508
58468
58454
58398
58377
58241
58155
58123
58121
57963
57931
57860
57840
57837
57757
57709
57591
57590
57518
57358
57337
57227
57058
57033
56991
56952
56845
56823
56801
56784
56680
56664
56573
56449
56435
56333
56291
56018
55994
55990
55690
55656
55642
55611
55583
55562
55558
55550
55517
55441
55395
55368
55351
55335
55328
55319
55274
55240
55222
55178
55077
55026
55020
54994
54926
54922
54865
54863
54759
54739
54660
54603
54545
54510
54477
54468
54441
54383
54372
54239
54217
54157
54133
54074
53981
53944
53898
53892
53879
53797
53788
53704
53670
53668
53663
53616
53536
53517
53446
53404
53261
53190
53166
53120
53110
53087
53078
53045
53026
52962
52944
52936
52917
52910
52807
52794
52765
52763
52701
52676
52665
52663
52613
52599
52430
52355
52264
52100
52063
51885
51881
51827
51757
51746
51612
51587
51312
51294
51195
51179
51100
51058
50993
50965
50776
50721
50720
50717
50699
50691
50608
50604
50588
50399
50373
50273
50263
50252
50230
50211
50073
50042
50002
50000
49942
49913
49878
49877
49867
49786
49676
49621
49615
49601
49566
49535
49479
49373
49357
49288
49233
49223
49195
49155
49151
49103
49007
48991
48984
48920
48908
48851
48808
48777
48735
48731
48712
48661
48467
48388
48381
48284
48268
48250
48234
48142
48091
47941
47882
47803
47698
47489
47413
47408
47358
47301
47298
47159
47126
47037
47016
46983
46971
46934
46715
46670
46666
46597
46580
46564
46559
46419
46384
46359
46343
46335
46233
46142
46118
46050
46047
46016
45955
45920
45839
45808
45788
45786
45723
45664
45620
45554
45545
45438
45389
45331
45231
45167
45135
45035
45003
44964
44947
44929
44796
44792
44785
44566
44557
44538
44516
44509
44506
44478
44453
44436
44381
44343
44308
44253
44205
44141
44098
44095
44054
44042
44039
44019
44001
43958
43892
43724
43693
43646
43524
43465
43420
43413
43405
43404
43372
43248
43229
43214
42941
42819
42774
42681
42653
42500
42484
42476
42464
42456
42354
42344
42326
42302
42277
42231
42187
42165
42124
42110
42108
42105
42097
41962
41846
41767
41766
41726
41692
41530
41500
41383
41374
41350
41339
41331
41306
41258
41219
41191
41147
41143
41112
41099
40878
40858
40707
40694
40623
40589
40354
40353
40328
40320
40314
40295
40249
40174
40099
40088
39954
39875
39791
39718
39657
39526
39487
39425
39394
39329
39307
39209
39176
39089
39086
38946
38928
38862
38765
38748
38723
38684
38683
38619
38604
38596
38583
38576
38433
38371
38273
38113
37778
37753
37679
37597
37456
37391
37370
37332
37284
37189
37162
37161
37122
37011
36987
36914
36908
36887
36844
36837
36737
36678
36638
36628
36608
36597
36334
36163
36130
36122
36096
35973
35944
35755
35659
35623
35612
35484
35414
35386
35254
35197
35090
35076
34979
34847
34846
34814
34814
34808
34724
34712
34711
34678
34671
34670
34665
34650
34605
34531
34494
34482
34476
34448
34448
34387
34345
34337
34239
34229
34164
33944
33936
33873
33838
33822
33819
33809
33706
33693
33607
33544
33535
33519
33509
33247
33211
33170
33044
33039
33004
33002
32823
32662
32637
32590
32546
32440
32411
32368
32363
32292
32153
32141
32140
32043
32035
31958
31936
31850
31828
31802
31751
31704
31662
31634
31582
31495
31491
31441
31405
31392
31343
31295
31226
31118
31106
30912
30912
30891
30883
30881
30852
30827
30779
30764
30649
30514
30303
30277
30264
30192
30110
29849
29714
29653
29643
29566
29562
29527
29485
29473
29441
29382
29341
29267
29245
28974
28938
28861
28835
28779
28769
28749
28719
28659
28652
28611
28573
28561
28518
28459
28412
28318
28249
28212
28196
28071
28062
28062
28017
27923
27883
27882
27872
27865
27831
27818
27809
27790
27723
27719
27707
27623
27622
27542
27500
27455
27434
27399
27354
27201
27154
27119
27110
27100
27076
27044
27036
27028
27001
26991
26958
26951
26901
26836
26814
26793
26787
26783
26724
26723
26643
26551
26533
26527
26518
26504
26460
26448
26395
26393
26324
26323
26273
26236
26204
26201
26139
26093
25944
25928
25817
25661
25626
25583
25505
25406
25358
25328
25139
25094
25057
24979
24920
24917
24884
24878
24870
24860
24793
24783
24778
24772
24754
24724
24719
24718
24704
24612
24565
24501
24446
24400
24316
24315
24267
24165
24133
24102
24101
24032
24024
24006
23974
23919
23884
23865
23859
23796
23628
23424
23419
23291
23272
23206
23142
23056
23042
23012
22903
22820
22775
22768
22756
22713
22698
22669
22631
22621
22564
22536
22437
22387
22327
22202
22168
22121
22107
22086
22077
22029
22009
21954
21926
21907
21900
21862
21811
21784
21685
21572
21567
21498
21395
21392
21360
21304
21293
21250
21221
21214
21158
21098
21019
21015
21005
20989
20940
20934
20892
20799
20732
20729
20643
20636
20627
20562
20513
20482
20459
20394
20263
20217
20014
19916
19899
19883
19703
19702
19639
19592
19532
19522
19498
19452
19318
19200
19172
19106
19076
19030
18818
18797
18773
18737
18620
18593
18492
18468
18466
18448
18444
18434
18369
18276
18209
18137
17972
17959
17944
17883
17874
17862
17861
17853
17815
17793
17719
17713
17713
17621
17617
17581
17579
17502
17464
17440
17319
17312
17282
17108
17105
17094
17032
17030
16931
16649
16589
16494
16486
16478
16462
16451
16436
16431
16397
16324
16324
16295
16291
16252
16250
16219
16168
16145
16112
16075
15978
15958
15949
15910
15854
15746
15716
15695
15669
15651
15484
15471
15421
15404
15378
15294
15286
15217
15166
15135
15046
15028
14935
14929
14877
14859
14806
14799
14711
14706
14666
14624
14615
14539
14511
14506
14385
14265
14226
14226
14125
14094
14053
14007
14000
13903
13870
13783
13765
13753
13745
13703
13653
13651
13586
13517
13434
13398
13345
13310
13298
13266
13247
13111
13094
13066
13043
12953
12889
12839
12711
12708
12490
12409
12355
12349
12330
12173
12030
12023
11939
11885
11876
11856
11839
11756
11733
11708
11673
11602
11527
11490
11481
11420
11335
11288
11244
11175
11167
11126
11046
10971
10937
10884
10865
10855
10708
10669
10610
10598
10534
10509
10464
10459
10421
10413
10246
10229
10150
10116
10111
10083
10067
10064
10063
10057
9988
9972
9957
9848
9757
9747
9734
9686
9662
9634
9522
9518
9490
9438
9389
9339
9219
9195
9133
8931
8922
8860
8797
8785
8764
8735
8717
8682
8629
8388
8362
8201
8201
8158
8025
8014
7966
7960
7865
7729
7725
7701
7667
7660
7598
7575
7414
7350
7321
7279
7262
7212
7134
6911
6903
6864
6857
6842
6813
6803
6732
6616
6549
6544
6484
6414
6384
6356
6351
6324
6305
6294
6219
6217
6126
6118
6112
5972
5962
5952
5943
5917
5771
5731
5702
5690
5536
5455
5454
5452
5399
5396
5350
5314
5088
5047
5016
4992
4986
4971
4896
4860
4841
4784
4764
4744
4727
4633
4605
4481
4449
4430
4410
4384
4319
4312
4274
4230
4211
4201
4091
4070
3985
3985
3961
3908
3865
3858
3686
3641
3611
3592
3583
3482
3475
3403
3385
3358
3320
3288
3262
3218
3096
3044
2861
2745
2639
2529
2468
2465
2370
2368
2308
2302
2299
2282
2261
2232
2206
2088
2011
1875
1844
1816
1788
1787
1629
1586
1560
1521
1427
1376
1363
1331
1327
1302
1173
1138
1118
1114
1004
961
955
942
851
795
718
675
576
504
458
456
441
382
371
356
287
280
158
138
83
