99833
99811
99785
99669
99570
99560
99443
99403
99371
99327
99311
99300
99267
99255
99230
99180
99151
99108
99086
99062
99047
99046
99044
98959
98914
98913
98911
98884
98824
98787
98750
98654
98547
98456
98450
98432
98352
98352
98334
98333
98304
98274
98254
98238
98216
98159
97938
97891
97880
97852
97830
97774
97768
97729
97725
97611
97609
97595
97511
97422
97401
97384
97352
97318
97251
97065
97006
96881
96701
96650
96643
96622
96587
96508
96503
96446
96417
96319
96317
96235
96202
96167
96143
96135
96134
96080
96023
95817
95780
95746
95709
95667
95593
95510
95510
95509
95497
95410
95330
95307
95297
95222
95222
95152
95131
95058
95016
94961
94836
94832
94756
94606
94587
94570
94546
94466
94359
94250
94210
94161
94160
94108
94097
94061
93872
93847
93663
93615
93603
93500
93339
93295
93293
93261
93260
93155
93151
93071
92980
92977
92960
92770
92756
92721
92700
92670
92634
92628
92626
92619
92618
92605
92576
92544
92543
92345
92317
92315
92240
92232
92202
92180
92096
92007
92005
91942
91932
91854
91851
91802
91780
91682
91676
91651
91586
91570
91526
91510
91486
91464
91310
91305
91261
91158
91124
91099
90975
90962
90950
90934
90926
90858
90712
90693
90564
90483
90479
90456
90258
90245
90229
90173
90105
89988
89985
89948
89912
89911
89884
89841
89817
89803
89787
89773
89760
89508
89497
89434
89372
89365
89340
89289
89285
89238
89214
89200
89199
89185
89179
89091
89086
89000
88921
88846
88723
88643
88587
88486
88453
88370
88322
88266
88259
88232
88227
88206
88113
88073
88047
87922
87905
87869
87811
87741
87653
87606
87585
87538
87538
87503
87423
87330
87297
87243
87229
87192
87131
87117
87092
86998
86970
86966
86834
86811
86788
86772
86676
86604
86466
86414
86208
86191
86162
86121
86075
85937
85935
85843
85811
85761
85741
85741
85692
85688
85635
85603
85595
85591
85558
85540
85512
85467
85382
85240
85212
85203
85164
84943
84817
84653
84640
84628
84624
84603
84564
84517
84496
84448
84382
84309
84297
84246
84085
84005
83938
83753
83554
83545
83483
83398
83333
83302
83276
83085
82996
82934
82890
82856
82850
82836
82761
82720
82694
82650
82648
82579
82562
82535
82371
82260
82249
82115
82093
82089
82087
82059
81972
81968
81886
81858
81824
81714
81563
81414
81368
81340
81293
81266
81205
81177
81161
81155
81111
80977
80963
80865
80865
80861
80721
80692
80679
80620
80616
80593
80572
80352
80339
80336
80308
80300
80247
80232
80205
80156
80151
80070
79970
79876
79853
79817
79801
79801
79690
79650
79549
79312
79299
79293
79246
79211
79126
79086
78967
78842
78813
78708
78676
78639
78549
78506
78500
78436
78368
78358
78288
78262
78238
78179
78176
78133
78128
78021
78008
78002
77991
77940
77881
77817
77792
77773
77679
77669
77602
77578
77508
77475
77322
77174
77130
77093
77073
77040
76966
76824
76769
76726
76716
76715
76701
76622
76517
76510
76380
76334
76247
76128
76106
75964
75923
75876
75834
75704
75671
75612
75589
75562
75533
75533
75512
75475
75443
75318
75297
75172
75145
75075
75014
74965
74772
74656
74644
74594
74523
74497
74469
74466
74443
74433
74314
74308
74279
74114
74068
74060
74028
73958
73926
73906
73895
73886
73878
73863
73856
73761
73742
73687
73625
73618
73597
73594
73566
73533
73418
73396
73067
72959
72936
72871
72756
72754
72732
72638
72624
72584
72486
72455
72450
72382
72364
72343
72334
72315
72103
72051
72037
72019
71969
71896
71849
71828
71761
71565
71423
71401
71371
71300
71187
71157
71116
71116
71028
71014
70987
70959
70945
70876
70718
70712
70683
70642
70464
70445
70324
70309
70205
70172
70117
70078
70061
70000
69992
69963
69905
69701
69658
69652
69556
69490
69355
69307
69306
69224
69217
69217
69141
69114
69100
69056
69010
68916
68894
68780
68764
68581
68544
68526
68418
68410
68198
68126
68125
68122
68102
68099
68065
67993
67933
67928
67875
67839
67828
67774
67638
67613
67517
67498
67460
67402
67371
67355
67319
67261
67257
67197
67159
67143
67106
67015
66973
66822
66752
66745
66677
66644
66546
66508
66485
66473
66448
66435
66398
66387
66320
66287
66284
66256
66241
66197
66157
66154
66113
66079
65990
65981
65974
65951
65860
65791
65775
65772
65769
65701
65700
65691
65691
65609
65537
65532
65490
65450
65345
65333
65320
65300
65271
65243
65112
65044
64977
64949
64934
64847
64819
64767
64655
64626
64563
64398
64379
64335
64317
64290
64191
64175
64112
64091
64061
64047
63865
63850
63846
63793
63784
63782
63760
63665
63536
63502
63500
63490
63476
63458
63445
63418
63410
63397
63292
63287
63274
63225
63211
63202
63107
63099
62956
62789
62696
62692
62605
62476
62406
62392
62291
62266
62169
62141
61997
61993
61959
61927
61908
61879
61861
61839
61784
61772
61716
61654
61640
61581
61562
61500
61498
61467
61455
61376
61336
61227
61179
61148
61127
61104
61079
61074
60977
60939
60857
60848
60780
60769
60758
60720
60677
60630
60615
60535
60518
60506
60493
60441
60319
60221
60134
60111
60102
60085
60059
60048
60045
60019
60008
59866
59862
59823
59789
59669
59661
59617
59602
59591
59582
59568
59554
59502
59455
59436
59391
59371
59293
59280
59269
59120
59096
59039
58986
58973
58961
58941
58891
58875
58736
58725
58638
58560
58557
58543
58367
58364
58341
58326
58297
58269
58255
58237
58216
58200
58186
58139
58139
58126
58035
57990
57949
57933
57917
57915
57851
57845
57841
57825
57823
57559
57525
57468
57454
57451
57433
57355
57288
57237
57197
57195
57178
57156
57121
57111
56996
56980
56908
56884
56856
56820
56797
56726
56601
56552
56552
56533
56457
56445
56349
56340
56296
56231
56193
56143
56106
56090
56054
55887
55866
55767
55758
55720
55712
55695
55586
55446
55431
55386
55322
55170
55157
55081
54943
54810
54768
54760
54743
54739
54626
54624
54586
54554
54515
54499
54344
54319
54267
54241
54237
54172
54089
54085
54075
54066
53943
53887
53838
53550
53525
53431
53381
53279
53279
53243
53206
53198
53184
53169
53138
53116
53078
52957
52954
52881
52874
52731
52714
52655
52652
52645
52595
52588
52521
52344
52241
52166
52128
52114
51968
51765
51750
51747
51707
51681
51468
51325
51247
51217
51195
51152
51098
51031
51016
50951
50940
50871
50863
50773
50764
50599
50439
50433
50372
50344
50313
50262
50245
50211
50205
50200
50185
50030
50030
49900
49765
49739
49735
49708
49551
49505
49455
49435
49397
49346
49331
49253
49235
49209
49157
49130
49062
49025
48965
48938
48935
48915
48892
48884
48849
48835
48712
48682
48676
48577
48555
48503
48369
48367
48359
48331
48307
48265
48196
47987
47846
47810
47796
47727
47718
47694
47641
47626
47618
47531
47388
47185
47075
47013
47011
46992
46957
46946
46895
46893
46892
46854
46842
46773
46730
46708
46699
46604
46573
46561
46525
46489
46488
46485
46475
46460
46444
46426
46354
46322
46273
46219
46192
46142
46111
45910
45903
45852
45771
45767
45763
45753
45731
45730
45728
45701
45666
45649
45641
45633
45619
45548
45486
45392
45362
45291
45285
45189
45155
45085
45059
45032
45010
44988
44919
44869
44803
44780
44717
44654
44642
44517
44516
44412
44384
44283
44280
44101
43983
43900
43808
43637
43519
43428
43403
43300
43199
43195
43159
43136
42983
42920
42887
42841
42698
42690
42686
42665
42654
42569
42556
42555
42538
42502
42420
42345
42343
42314
42240
42181
42142
42094
42083
42064
42040
42002
41990
41894
41886
41803
41768
41718
41700
41687
41623
41615
41483
41389
41335
41219
41156
41147
40965
40941
40920
40859
40707
40669
40620
40597
40489
40403
40397
40380
40328
40276
40251
40153
40137
40085
40022
40017
39993
39928
39926
39904
39870
39863
39849
39760
39723
39627
39570
39562
39555
39552
39541
39516
39501
39499
39467
39365
39344
39334
39296
39151
39139
39093
38974
38929
38908
38754
38753
38703
38633
38628
38616
38611
38561
38511
38374
38365
38335
38244
38205
38190
38132
38098
38064
38025
38021
37914
37892
37854
37847
37703
37621
37619
37580
37547
37542
37391
37371
37339
37330
37307
37280
37217
37076
36996
36945
36874
36834
36794
36622
36611
36570
36543
36540
36530
36516
36447
36420
36323
36289
36260
36229
36199
36119
36107
36068
36049
35925
35885
35810
35807
35748
35707
35637
35602
35552
35459
35441
35429
35398
35372
35356
35315
35276
35225
35154
35040
35027
34927
34850
34822
34646
34634
34632
34622
34604
34580
34532
34520
34503
34490
34432
34382
34352
34307
34280
34248
34138
34114
34051
34051
33998
33994
33968
33883
33860
33791
33784
33739
33645
33615
33580
33450
33448
33374
33325
33295
33148
33018
33003
32997
32929
32915
32914
32911
32892
32828
32823
32809
32770
32743
32724
32590
32571
32515
32501
32482
32439
32360
32160
31910
31874
31835
31833
31781
31652
31589
31572
31538
31331
31282
31239
31213
31210
31120
31099
31056
30947
30931
30866
30794
30683
30662
30621
30571
30533
30509
30467
30444
30402
30375
30327
30290
30284
30260
30254
30238
30205
30184
30152
30121
30089
30086
30042
30017
29996
29978
29972
29958
29913
29874
29834
29794
29752
29708
29652
29630
29573
29568
29533
29512
29483
29448
29438
29352
29342
29339
29269
29194
29149
29092
29028
29022
28968
28939
28811
28751
28687
28655
28594
28562
28505
28359
28325
28313
28303
28301
28226
28164
28159
28130
28082
27876
27870
27750
27674
27669
27600
27472
27260
27149
27138
27101
26978
26701
26468
26360
26347
26326
26299
26276
26241
26227
26174
26173
26126
26084
26028
25964
25933
25826
25766
25665
25635
25588
25554
25552
25470
25433
25409
25335
25285
25282
25272
25058
25018
24979
24916
24914
24836
24552
24523
24515
24495
24475
24466
24443
24361
24357
24299
24284
24284
24271
24256
24156
24148
24066
24049
24048
23908
23705
23638
23623
23615
23603
23531
23476
23471
23454
23436
23325
23322
23242
23222
23177
23168
23104
23088
23071
22862
22757
22740
22715
22710
22689
22656
22614
22396
22368
22356
22278
22221
22214
22212
22075
22074
22068
21994
21952
21897
21854
21843
21830
21818
21811
21794
21685
21578
21535
21341
21338
21327
21239
21157
21102
21101
20970
20886
20668
20659
20637
20575
20570
20503
20475
20409
20395
20369
20350
20348
20303
20197
20145
20124
20116
20104
20099
20098
20037
19982
19846
19777
19710
19697
19665
19664
19632
19599
19574
19484
19403
19293
19214
19193
19134
19106
19067
19023
18983
18942
18842
18812
18785
18760
18752
18651
18624
18614
18555
18553
18545
18439
18405
18360
18335
18331
18324
18165
18137
18106
18105
18034
17969
17936
17888
17862
17726
17708
17704
17654
17603
17535
17493
17446
17351
17294
17180
17035
16987
16979
16966
16922
16906
16898
16876
16863
16845
16832
16706
16686
16599
16578
16571
16543
16509
16463
16321
16298
16290
16197
16147
16134
16053
15991
15894
15854
15833
15825
15730
15702
15694
15426
15340
15311
15295
15234
15222
15083
15025
14989
14958
14939
14924
14907
14877
14828
14771
14747
14745
14686
14681
14651
14625
14545
14479
14410
14317
14096
14052
13996
13981
13793
13782
13751
13718
13548
13536
13476
13428
13390
13330
13219
13134
13119
12911
12903
12825
12820
12795
12742
12721
12711
12689
12685
12612
12471
12364
12331
12254
12243
12198
12197
12136
12000
11918
11679
11622
11428
11308
11214
11182
11151
11129
11124
11087
11077
11052
11037
11008
10915
10880
10849
10727
10646
10585
10554
10446
10378
10370
10325
10256
10199
10092
10029
9983
9963
9950
9916
9915
9904
9862
9817
9758
9715
9611
9602
9582
9568
9491
9471
9463
9428
9397
9383
9343
9303
9216
9088
9081
8916
8913
8912
8808
8747
8739
8589
8561
8537
8527
8436
8332
8249
8207
8168
8031
7989
7962
7865
7844
7824
7824
7806
7735
7710
7698
7689
7667
7468
7467
7457
7304
7259
7199
7194
7186
6993
6986
6898
6887
6871
6772
6639
6602
6595
6546
6511
6500
6389
6353
6293
6283
6196
6194
6131
6120
6102
6085
5895
5837
5827
5798
5749
5736
5710
5609
5598
5580
5531
5500
5446
5339
5028
4955
4889
4857
4756
4745
4705
4603
4425
4407
4342
4264
4256
4237
4200
4175
4152
3984
3941
3906
3840
3789
3772
3718
3695
3604
3488
3455
3425
3413
3371
3334
3271
3208
3095
3011
2999
2965
2936
2927
2914
2877
2826
2818
2796
2784
2518
2470
2467
2417
2349
2342
2305
2205
2176
2127
2104
2089
2076
1973
1970
1967
1956
1899
1884
1872
1837
1820
1777
1762
1712
1542
1419
1388
1320
1291
1269
1252
1214
1154
1152
1070
1038
886
828
820
537
508
337
312
294
256
252
213
179
112
83
37
