99976
99956
99924
99856
99770
99715
99667
99651
99568
99564
99533
99525
99499
99382
99292
99049
99046
99044
99013
98924
98875
98874
98854
98843
98811
98679
98639
98477
98453
98449
98433
98388
98376
98360
98357
98285
98253
98252
98196
98183
98172
98171
98137
98109
97969
97808
97799
97748
97649
97623
97600
97596
97555
97544
97508
97446
97429
97414
97413
97350
97282
97210
97183
97174
97007
96942
96913
96882
96878
96801
96736
96729
96553
96525
96461
96390
96363
96282
96268
96162
96161
96135
96085
96044
96036
96032
95960
95713
95702
95596
95589
95575
95551
95512
95454
95444
95386
95373
95256
95166
95129
95073
95011
95008
95007
95004
94945
94933
94917
94913
94883
94842
94798
94621
94620
94454
94450
94404
94287
94231
94218
94204
94178
94173
94126
94102
94078
93955
93943
93819
93762
93588
93536
93448
93418
93280
93235
93200
93161
93071
92985
92899
92865
92816
92739
92677
92656
92548
92504
92418
92365
92321
92304
92199
92089
92067
92011
91991
91897
91878
91869
91863
91860
91806
91764
91729
91681
91603
91546
91456
91315
91221
91168
91137
90974
90934
90809
90760
90758
90621
90558
90394
90339
90317
90303
90299
90119
90081
90075
90022
90020
90005
89984
89901
89896
89798
89787
89746
89742
89630
89556
89518
89513
89383
89308
89268
89229
89186
89140
89121
89107
89102
89101
89078
89049
88967
88780
88751
88689
88674
88617
88575
88499
88322
88310
88272
88261
88222
88209
87956
87927
87785
87591
87577
87573
87401
87371
87358
87286
87244
87235
87233
86979
86974
86952
86910
86804
86715
86710
86633
86578
86536
86447
86443
86420
86224
86190
86146
86132
86119
86104
86078
86028
86014
85973
85898
85897
85846
85821
85773
85627
85580
85517
85497
85488
85485
85438
85409
85408
85380
85319
85219
85147
85104
85099
85046
84981
84892
84823
84820
84819
84812
84807
84763
84752
84721
84714
84670
84622
84618
84552
84492
84414
84387
84367
84363
84358
84333
84288
84091
84080
84062
83969
83869
83803
83737
83678
83659
83659
83625
83615
83495
83456
83428
83387
83365
83325
83266
83231
83173
83050
82988
82867
82842
82794
82760
82697
82671
82637
82408
82393
82360
82341
82289
82267
82166
82113
82089
82089
81954
81942
81884
81845
81836
81693
81658
81650
81613
81612
81592
81588
81576
81463
81349
81329
81298
81228
81170
81150
81095
81092
80951
80946
80931
80922
80907
80823
80820
80775
80772
80724
80713
80698
80653
80649
80617
80538
80533
80334
80216
80200
80060
79791
79529
79468
79344
79336
79330
79265
79243
79160
79142
79027
79022
78971
78949
78928
78877
78855
78738
78629
78560
78497
78432
78363
78199
77993
77883
77869
77829
77815
77649
77639
77635
77625
77601
77438
77437
77407
77359
77354
77291
77232
77227
77210
77188
77001
76988
76798
76720
76714
76673
76573
76555
76531
76528
76429
76388
76293
76284
76236
76140
76114
76113
76112
76040
76016
76010
75958
75947
75681
75598
75584
75542
75502
75460
75392
75217
75089
74999
74980
74860
74785
74736
74716
74700
74687
74676
74650
74637
74575
74497
74466
74393
74386
74249
74193
74129
74103
74091
74037
74024
73999
73952
73778
73776
73712
73706
73669
73601
73593
73268
73238
73238
73201
73194
73023
73022
73017
72903
72884
72860
72717
72715
72645
72563
72525
72440
72394
72342
72334
72216
72192
72142
72133
72128
72103
72067
72051
72036
72035
72009
71996
71980
71912
71849
71794
71771
71734
71608
71454
71346
71301
71267
71247
71189
71036
70987
70951
70924
70865
70785
70634
70614
70532
70523
70512
70293
70288
70272
70223
70195
70157
70137
70125
69984
69978
69958
69932
69680
69660
69650
69629
69625
69618
69545
69535
69527
69507
69507
69491
69476
69465
69429
69420
69307
69303
68918
68895
68884
68846
68811
68800
68757
68680
68678
68619
68604
68513
68505
68492
68472
68367
68298
68278
68276
68218
68188
68181
68087
68081
68055
68036
68012
67979
67966
67936
67837
67785
67752
67727
67706
67689
67671
67622
67611
67498
67496
67421
67390
67352
67329
67302
67295
67249
67070
67061
67057
67034
66978
66955
66851
66825
66699
66690
66576
66513
66512
66489
66446
66438
66434
66369
66349
66219
66157
66155
66136
66107
66091
66003
65910
65847
65832
65821
65776
65732
65710
65660
65450
65434
65373
65305
65284
65177
65134
65022
64995
64957
64887
64842
64623
64623
64621
64566
64519
64480
64475
64417
64379
64333
64289
64243
64171
64117
64091
64070
64024
63986
63953
63864
63832
63820
63785
63709
63693
63626
63576
63535
63535
63468
63366
63364
63315
63313
63296
63293
63289
63276
63274
63234
63201
63198
63193
63096
63096
63090
63061
63017
63014
62881
62834
62819
62799
62691
62649
62628
62618
62613
62544
62539
62535
62424
62423
62409
62390
62351
62207
62165
62159
62037
62020
61967
61901
61895
61845
61772
61741
61738
61673
61649
61629
61615
61566
61563
61529
61524
61488
61475
61426
61421
61373
61270
61262
61226
61195
61076
61056
60994
60990
60913
60907
60894
60819
60623
60619
60612
60585
60565
60471
60427
60378
60359
60289
60243
60184
59814
59698
59634
59568
59495
59457
59357
59349
59187
59147
59059
59057
58992
58851
58835
58803
58719
58657
58635
58575
58522
58506
58489
58468
58410
58383
58372
58353
58276
58273
58233
58153
58147
58140
58103
58085
58065
58044
58032
58027
57990
57922
57836
57777
57762
57755
57749
57662
57659
57656
57593
57527
57512
57416
57386
57307
57299
57202
57035
56983
56898
56891
56869
56799
56769
56593
56583
56578
56547
56466
56375
56373
56326
56321
56269
56234
56230
56195
56155
56122
56030
56007
55945
55881
55829
55785
55716
55673
55625
55534
55469
55449
55443
55389
55336
55326
55317
55309
55302
55301
55249
55232
55148
55050
54920
54838
54761
54704
54650
54621
54536
54530
54442
54432
54415
54385
54320
54259
54246
54167
54146
54104
54092
54000
53920
53859
53825
53747
53691
53603
53564
53524
53512
53493
53461
53448
53415
53390
53341
53222
53198
53195
53188
53147
53127
53122
53114
53000
52962
52904
52883
52840
52801
52791
52743
52689
52671
52660
52611
52528
52524
52482
52359
52343
52332
52326
52305
52193
52175
52127
52110
52029
52027
51942
51886
51838
51765
51567
51522
51496
51360
51291
51267
51165
51149
51055
51050
51030
50965
50943
50912
50894
50803
50795
50767
50747
50668
50665
50410
50317
50293
50267
50231
50225
50214
50167
50075
49937
49927
49895
49837
49766
49743
49676
49667
49475
49377
49366
49301
49128
49124
49089
49079
48960
48924
48919
48894
48869
48765
48763
48749
48724
48666
48646
48637
48609
48561
48510
48472
48458
48455
48448
48420
48303
48254
48213
48188
48166
48141
48103
47929
47913
47863
47845
47747
47727
47715
47501
47345
47289
47233
47216
47135
47073
47004
46960
46885
46857
46839
46780
46779
46766
46747
46664
46545
46524
46452
46420
46414
46364
46362
46330
46316
46312
46207
46176
45992
45879
45825
45781
45756
45754
45727
45670
45644
45597
45530
45483
45390
45253
45251
45233
45204
45204
45084
45068
44989
44966
44896
44808
44747
44613
44597
44569
44498
44408
44345
44341
44154
44143
44129
44061
43765
43739
43532
43511
43500
43467
43466
43434
43376
43349
43305
43266
43246
43209
43156
43148
43017
42942
42875
42850
42797
42669
42455
42410
42293
42196
42101
42068
42052
42028
42015
41998
41929
41925
41833
41633
41583
41560
41546
41531
41456
41451
41406
41265
41200
41190
41029
40991
40961
40931
40900
40762
40758
40752
40745
40736
40703
40696
40637
40601
40589
40581
40559
40514
40455
40435
40413
40107
40048
40018
39964
39960
39810
39791
39759
39735
39623
39605
39596
39432
39384
39361
39342
39303
39253
39203
39185
39124
39108
39082
39066
39053
39047
38997
38956
38922
38885
38861
38821
38810
38696
38357
38348
38281
38256
38078
37973
37946
37937
37788
37769
37753
37723
37671
37670
37572
37562
37483
37455
37454
37450
37406
37379
37321
37298
37282
37273
37243
37237
37147
37046
37040
37029
36949
36899
36895
36876
36866
36745
36685
36572
36535
36430
36154
36117
36060
36026
35928
35884
35854
35838
35809
35664
35650
35636
35613
35553
35508
35482
35468
35441
35284
34938
34845
34838
34819
34789
34762
34696
34648
34632
34629
34604
34493
34426
34425
34407
34385
34383
34369
34328
34260
34216
34175
34159
34148
34146
34111
34078
34053
34035
34025
33933
33887
33855
33854
33839
33631
33586
33537
33511
33480
33459
33426
33418
33389
33373
33328
33298
33247
33231
33181
33170
33038
33016
33014
32855
32840
32806
32741
32545
32518
32482
32278
32022
31969
31880
31805
31768
31711
31692
31683
31570
31534
31508
31402
31326
31320
31282
31247
31237
30971
30857
30855
30820
30741
30706
30584
30475
30473
30413
30396
30286
30238
30220
30204
30124
30119
30113
30054
30011
29975
29970
29927
29925
29911
29859
29804
29753
29706
29681
29607
29484
29470
29452
29416
29405
29398
29339
29328
29257
29237
29168
29133
29103
29073
29066
29006
29002
28980
28941
28923
28901
28849
28807
28795
28770
28738
28722
28680
28676
28589
28566
28493
28485
28479
28477
28428
28398
28341
28327
28283
28193
28148
28064
27938
27870
27867
27823
27809
27783
27774
27758
27646
27613
27604
27597
27527
27395
27377
27376
27356
27060
26887
26824
26770
26748
26695
26686
26666
26643
26577
26545
26439
26391
26371
26345
26289
26265
26052
25992
25977
25908
25811
25711
25645
25595
25488
25423
25363
25351
25234
25134
25082
25069
25047
25023
24881
24800
24799
24769
24675
24655
24531
24513
24505
24503
24442
24347
24251
24218
24201
24173
24111
23998
23889
23875
23787
23693
23666
23659
23576
23573
23513
23412
23171
23131
23101
23010
22973
22849
22819
22753
22647
22571
22493
22430
22419
22347
22302
22291
22239
22182
22103
22034
22026
21975
21973
21919
21833
21827
21826
21826
21738
21663
21617
21614
21555
21554
21412
21399
21397
21339
21334
21261
21213
21210
21207
21106
21099
21080
21032
20972
20959
20951
20941
20909
20880
20812
20793
20755
20682
20678
20634
20553
20529
20489
20421
20416
20361
20319
20277
20225
20209
20060
19953
19905
19898
19896
19896
19865
19812
19780
19717
19653
19600
19579
19527
19367
19316
19315
19286
19212
19212
19206
19181
19177
19075
19061
19028
18852
18815
18763
18609
18538
18537
18526
18483
18437
18419
18375
18353
18076
18064
17987
17883
17869
17781
17668
17656
17625
17562
17548
17422
17413
17384
17308
17255
17210
17182
17121
17093
17044
17006
16994
16965
16921
16911
16906
16877
16856
16815
16811
16727
16719
16636
16602
16444
16347
16335
16318
16308
16279
16273
16206
16188
16118
16062
15990
15952
15853
15759
15757
15756
15719
15704
15674
15655
15618
15610
15554
15423
15369
15279
15271
15231
15228
15188
15169
15165
15136
14976
14966
14961
14914
14897
14835
14831
14778
14721
14678
14676
14625
14545
14390
14348
14261
14206
14059
14043
14012
13991
13973
13954
13948
13918
13898
13881
13743
13737
13714
13650
13636
13589
13566
13542
13487
13428
13381
13344
13320
13308
13112
12993
12936
12924
12863
12690
12681
12555
12539
12525
12524
12496
12489
12375
12362
12348
12223
12054
11999
11939
11918
11875
11868
11842
11800
11751
11743
11688
11668
11627
11612
11512
11342
11332
11280
11251
11224
11223
11193
11023
10982
10937
10916
10884
10864
10852
10757
10617
10605
10603
10592
10534
10473
10429
10427
10417
10383
10299
10298
10289
10249
10147
10107
10007
9913
9835
9739
9718
9704
9675
9521
9503
9497
9440
9382
9368
9354
9244
9126
9118
9102
9043
9022
9013
8834
8824
8801
8786
8718
8629
8610
8509
8385
8361
8262
8040
7834
7804
7778
7737
7642
7640
7570
7564
7541
7505
7489
7466
7435
7401
7376
7364
7363
7345
7301
7215
7190
7169
7111
7040
7005
6951
6791
6744
6742
6557
6516
6471
6246
6233
6209
6186
6165
6127
6102
6075
6059
6058
6033
6008
5915
5895
5867
5827
5818
5776
5691
5689
5678
5610
5610
5603
5571
5484
5361
5348
5307
5248
5228
5191
5123
5075
5064
5058
5056
5052
5041
4871
4843
4593
4590
4419
4376
4351
4347
4321
4289
4287
4223
4194
4173
4086
4054
3961
3918
3905
3861
3859
3712
3689
3593
3549
3547
3470
3429
3300
3205
3181
3165
3132
3057
2927
2911
2785
2707
2612
2586
2545
2536
2515
2496
2494
2400
2391
2354
2342
2328
2308
2228
2221
2171
2163
2107
1969
1924
1781
1746
1735
1698
1667
1610
1539
1523
1467
1442
1433
1416
1394
1388
1373
1357
1354
1348
1332
1321
1236
1164
1117
988
982
968
858
798
790
777
744
688
602
564
543
528
527
497
487
260
257
198
92
46
14
