99977
99945
99887
99827
99786
99753
99733
99671
99664
99606
99536
99464
99436
99402
99371
99306
99292
99270
99198
99130
99081
99036
98904
98877
98869
98861
98861
98759
98741
98723
98722
98706
98656
98625
98590
98569
98533
98505
98456
98445
98379
98330
98182
98162
98106
98098
98022
98007
97983
97898
97872
97830
97825
97788
97783
97706
97700
97618
97592
97583
97558
97498
97465
97460
97433
97429
97418
97262
97251
97212
97195
97140
97078
97044
97042
97030
97025
97021
96975
96962
96953
96871
96866
96855
96750
96724
96712
96645
96547
96472
96471
96464
96275
96228
96114
96110
96029
96012
95957
95943
95922
95916
95910
95904
95815
95812
95762
95646
95594
95584
95556
95546
95495
95483
95449
95370
95358
95186
95168
95157
95109
95029
95016
94965
94897
94878
94780
94777
94738
94705
94685
94654
94645
94644
94599
94589
94525
94489
94458
94437
94357
94342
94296
94066
94053
94021
93973
93971
93932
93874
93864
93851
93828
93794
93764
93681
93584
93565
93559
93492
93404
93254
93249
93223
93128
93103
93068
93063
93038
92962
92910
92892
92890
92872
92825
92744
92735
92678
92431
92398
92353
92325
92247
92242
92191
92178
92094
92087
92043
92029
92028
92006
91950
91854
91834
91776
91761
91750
91704
91592
91489
91283
91248
91236
91013
90948
90889
90804
90774
90753
90722
90682
90598
90594
90519
90452
90412
90401
90250
90246
90122
90108
90091
89987
89973
89929
89921
89841
89786
89659
89589
89586
89505
89480
89474
89419
89355
89101
89095
89089
89027
88994
88941
88930
88879
88670
88643
88629
88560
88516
88078
88065
88038
87988
87943
87921
87816
87715
87673
87640
87607
87594
87584
87544
87474
87255
87242
87200
87170
87134
87054
87044
86809
86800
86787
86716
86567
86522
86504
86438
86355
86292
86256
86208
86112
86052
86051
85849
85817
85810
85731
85718
85650
85533
85490
85439
85425
85318
85305
85286
85272
85242
85231
85202
85150
85073
85041
85034
85021
84865
84785
84758
84733
84662
84657
84605
84575
84523
84420
84375
84328
84270
84255
84245
84225
84201
84172
84171
84080
84044
84035
83971
83962
83850
83839
83831
83785
83763
83761
83756
83737
83706
83597
83594
83501
83469
83421
83347
83336
83245
83197
83124
82993
82918
82892
82846
82831
82812
82804
82798
82791
82759
82732
82700
82671
82619
82613
82609
82579
82430
82272
82258
82256
82177
82116
82040
81870
81858
81852
81828
81811
81733
81731
81710
81612
81567
81521
81518
81484
81448
81438
81320
81273
81270
81226
81217
81208
81203
81189
81180
81147
81134
81133
81029
81027
81009
81002
80996
80965
80906
80835
80781
80746
80638
80597
80558
80547
80451
80443
80435
80350
80337
80269
80268
80268
80234
80214
80204
80043
80003
79916
79875
79864
79705
79669
79646
79597
79559
79544
79431
79334
79321
79251
79099
78993
78955
78909
78868
78771
78663
78653
78531
78410
78371
78347
78340
78328
78315
78275
78213
78001
77993
77928
77858
77821
77773
77692
77680
77675
77629
77498
77485
77462
77365
77289
77282
77259
77257
77187
77169
77164
77082
77024
76967
76955
76907
76890
76877
76805
76774
76765
76752
76735
76681
76579
76506
76497
76412
76246
76081
75982
75982
75949
75883
75787
75753
75717
75715
75650
75630
75605
75521
75446
75433
75433
75356
75329
75326
75291
75286
75211
75183
75175
75131
75101
75096
74880
74854
74854
74821
74794
74793
74768
74754
74724
74713
74681
74537
74522
74495
74477
74456
74241
74206
74204
74184
74124
74058
73978
73888
73845
73812
73749
73682
73663
73649
73623
73611
73440
73383
73360
73293
73261
73215
73112
73098
73069
72949
72907
72876
72742
72705
72651
72630
72588
72562
72558
72553
72541
72463
72454
72326
72274
72273
72271
72201
72179
72159
72126
72105
72092
72090
72051
72000
71999
71999
71867
71815
71797
71751
71543
71411
71410
71292
71268
71214
71191
71179
71156
71152
71025
70978
70960
70920
70883
70824
70775
70743
70739
70710
70694
70551
70534
70530
70470
70343
70318
70232
70231
70158
70012
69985
69921
69914
69906
69888
69842
69812
69793
69716
69656
69653
69566
69507
69399
69397
69381
69358
69317
69115
69045
68921
68877
68857
68794
68732
68701
68690
68570
68506
68501
68485
68419
68263
68230
68219
68145
68126
68107
68082
68049
68048
68017
68014
68005
67981
67764
67727
67725
67676
67658
67643
67603
67557
67478
67321
67282
67143
67075
67033
67030
66966
66961
66894
66790
66729
66673
66661
66572
66565
66556
66531
66530
66431
66317
66267
66259
66228
66222
66187
66104
66104
66084
66065
65996
65954
65746
65693
65617
65587
65562
65467
65440
65438
65423
65388
65381
65372
65345
65327
65297
65286
65258
65249
65189
65145
65094
64959
64709
64697
64691
64667
64628
64601
64459
64333
64258
64256
64249
64187
64178
64109
64076
64051
63980
63918
63870
63726
63674
63658
63638
63591
63407
63407
63382
63302
63239
63186
63168
63127
63112
63089
62967
62957
62935
62922
62871
62819
62791
62716
62660
62623
62582
62506
62494
62448
62329
62252
62206
62197
62190
62184
62118
62054
62017
61996
61976
61960
61950
61847
61782
61718
61712
61620
61576
61530
61425
61344
61341
61290
61179
61129
61039
60955
60919
60828
60774
60757
60547
60510
60438
60402
60331
60225
60204
60152
60083
60036
59924
59885
59869
59788
59785
59714
59665
59638
59573
59569
59529
59504
59337
59330
59281
59249
59218
59095
59090
59042
59027
58956
58922
58912
58863
58827
58823
58795
58596
58552
58541
58503
58406
58397
58086
58059
57991
57907
57851
57837
57783
57735
57635
57630
57618
57542
57528
57445
57410
57371
57217
57209
57193
57154
57141
57112
57092
57054
57031
56942
56938
56928
56844
56834
56792
56685
56670
56484
56478
56474
56443
56416
56410
56349
56296
56291
56259
56252
56157
56052
55945
55933
55913
55847
55784
55779
55769
55757
55749
55745
55739
55696
55667
55587
55506
55458
55440
55416
55303
55096
55088
54983
54948
54940
54901
54815
54805
54704
54687
54648
54607
54487
54476
54262
54256
54192
54130
54120
54001
53938
53893
53679
53665
53532
53526
53220
53171
53159
53060
53056
53015
52890
52746
52742
52712
52471
52369
52232
52117
52112
52100
51983
51962
51930
51703
51624
51605
51590
51570
51546
51543
51246
51242
51163
51158
51150
51146
51118
51034
51030
51026
51016
51012
50704
50515
50475
50442
50415
50382
50335
50283
50113
50064
50022
49996
49981
49906
49840
49736
49689
49609
49421
49413
49386
49254
49250
49153
49149
49149
49133
49065
48901
48869
48844
48798
48769
48724
48596
48571
48433
48421
48293
48255
48185
48164
48035
47962
47880
47874
47724
47717
47712
47660
47556
47526
47499
47422
47416
47394
47318
47271
47244
47230
47223
47185
47166
47111
47086
46967
46949
46825
46747
46737
46566
46565
46539
46528
46451
46446
46400
46370
46357
46275
46186
46140
46101
46016
45976
45893
45881
45869
45857
45773
45733
45640
45560
45528
45524
45502
45499
45440
45431
45422
45415
45350
45295
45269
45219
45214
45170
45155
45127
45030
44956
44952
44929
44928
44914
44905
44791
44713
44705
44635
44614
44531
44515
44479
44375
44352
44317
44214
44169
43990
43964
43958
43942
43941
43929
43905
43814
43802
43770
43688
43662
43621
43574
43564
43474
43441
43362
43215
43144
43004
42920
42907
42824
42783
42736
42611
42570
42446
42419
42414
42314
42184
42165
42164
42150
42082
42079
42071
42036
41941
41939
41911
41862
41782
41582
41562
41442
41337
41328
41302
41265
41147
41060
41003
41002
40961
40949
40918
40888
40782
40762
40759
40661
40605
40604
40565
40537
40515
40491
40444
40418
40409
40304
40166
40117
40114
40080
39955
39890
39866
39858
39855
39812
39782
39546
39518
39501
39486
39480
39459
39372
39304
39302
39189
38997
38995
38943
38931
38880
38865
38855
38710
38700
38696
38646
38618
38586
38548
38503
38495
38481
38425
38385
38327
38311
38297
38294
38262
38181
38126
38111
38108
38026
38008
38004
37995
37990
37963
37857
37857
37797
37731
37613
37592
37503
37407
37231
37216
37135
37118
36919
36877
36875
36874
36860
36826
36823
36704
36658
36548
36526
36521
36429
36376
36299
36289
36226
36191
36180
35988
35951
35935
35889
35793
35789
35692
35604
35557
35538
35382
35323
35239
35166
35161
35081
35081
35068
34999
34989
34845
34828
34802
34782
34772
34731
34662
34591
34589
34555
34522
34477
34442
34406
34336
34314
34297
34249
34203
34027
34019
33990
33963
33922
33804
33782
33768
33734
33695
33652
33637
33592
33567
33543
33541
33399
33304
33264
33248
33062
33060
32916
32893
32861
32835
32809
32777
32757
32747
32718
32673
32659
32654
32504
32456
32421
32416
32362
32225
32222
32186
32154
32122
32052
31976
31934
31926
31835
31773
31737
31684
31619
31494
31454
31416
31396
31247
31188
31188
31129
31011
30999
30935
30927
30881
30843
30829
30813
30791
30739
30713
30666
30613
30542
30497
30444
30399
30328
30298
30280
30278
30135
30079
30036
29999
29979
29978
29972
29896
29887
29753
29720
29657
29625
29623
29617
29504
29461
29456
29455
29373
29363
29363
29355
29351
29347
29340
29323
29279
29275
29255
29208
29168
29153
29145
29059
29038
29000
28894
28886
28820
28734
28574
28563
28553
28535
28517
28504
28447
28416
28377
28310
28269
28226
28194
28158
28118
28098
28034
27928
27858
27788
27707
27677
27571
27482
27470
27461
27431
27425
27402
27389
27338
27338
27291
27240
27219
27127
27092
26876
26821
26752
26744
26667
26663
26506
26439
26436
26263
26260
26206
26163
26087
26053
26010
25995
25985
25948
25933
25837
25754
25738
25653
25627
25583
25492
25453
25434
25306
25229
25209
25171
25137
25082
25073
25050
25014
25010
24991
24988
24965
24914
24867
24794
24718
24715
24634
24576
24531
24529
24501
24466
24408
24190
24151
24034
24023
23992
23944
23931
23909
23876
23855
23829
23809
23804
23730
23710
23583
23488
23460
23437
23352
23332
23323
23289
23285
23278
23201
23187
23077
22977
22889
22859
22812
22758
22679
22640
22621
22583
22575
22544
22444
22396
22353
22284
22238
22171
22092
22034
21989
21921
21917
21893
21889
21845
21810
21725
21725
21699
21609
21584
21449
21425
21357
21356
21231
21227
21104
21062
21045
21032
20824
20817
20791
20769
20721
20689
20662
20577
20559
20512
20360
20287
20267
20263
20176
20161
20150
20112
20098
20071
20067
20040
19961
19913
19889
19863
19641
19538
19518
19475
19458
19232
19178
19162
19144
19132
18922
18916
18903
18890
18852
18805
18772
18760
18755
18745
18574
18494
18457
18392
18352
18346
18223
18167
18107
17973
17958
17860
17795
17792
17767
17763
17719
17580
17564
17535
17518
17414
17413
17300
17168
17152
17140
17120
17005
16979
16807
16785
16756
16745
16733
16721
16698
16686
16673
16596
16593
16583
16511
16404
16389
16389
16377
16359
16336
16334
16241
16233
16192
16190
16155
16148
16122
16093
16044
16029
15961
15899
15879
15872
15869
15866
15847
15838
15824
15821
15792
15790
15777
15757
15744
15716
15644
15608
15589
15567
15397
15377
15364
15339
15307
15262
15160
15137
15087
15041
15027
14955
14909
14894
14892
14883
14857
14851
14837
14780
14746
14661
14641
14551
14495
14479
14472
14131
14127
14097
14085
14063
13936
13925
13914
13791
13673
13668
13654
13642
13565
13511
13488
13124
13094
13085
13032
13008
12956
12935
12879
12821
12811
12811
12774
12772
12614
12494
12471
12436
12420
12345
12221
12039
12018
11850
11822
11802
11787
11779
11709
11640
11631
11570
11378
11352
11225
11012
10992
10956
10955
10826
10806
10805
10788
10768
10743
10728
10727
10496
10475
10463
10455
10355
10333
10209
10087
10052
9860
9827
9796
9784
9743
9719
9661
9631
9605
9565
9535
9532
9501
9481
9475
9383
9369
9338
9322
9232
9228
9220
9128
9067
9064
9001
8906
8865
8783
8771
8684
8607
8587
8455
8314
8303
8170
8062
8060
8037
8024
8005
7940
7862
7856
7750
7611
7603
7573
7508
7453
7439
7424
7361
7147
7136
7001
6968
6924
6895
6773
6739
6678
6661
6642
6622
6596
6523
6444
6333
6267
6246
6200
6118
5948
5934
5929
5737
5728
5644
5627
5607
5591
5304
5214
5200
5196
5179
5176
5127
5126
4887
4875
4814
4737
4730
4722
4697
4661
4434
4381
4336
4239
4210
4197
4068
4038
4010
3929
3852
3824
3758
3715
3589
3542
3465
3435
3347
3347
3181
3129
3067
2973
2774
2754
2715
2709
2706
2652
2639
2544
2488
2478
2426
2323
2299
2202
2180
2157
2097
2086
2006
2005
1982
1869
1686
1543
1404
1269
1238
1130
1096
1046
1028
884
848
805
693
674
652
636
617
560
533
532
411
393
286
240
165
98
86
85
78
