99970
99869
99867
99803
99787
99625
99441
99423
99267
99255
99185
99153
99141
99118
99118
99083
99062
99034
99017
99007
99006
99005
98989
98934
98914
98856
98853
98824
98759
98743
98707
98677
98530
98480
98360
98353
98272
98213
98152
98109
98076
98062
98050
98015
97969
97953
97870
97867
97836
97799
97786
97741
97739
97731
97574
97472
97466
97449
97437
97356
97202
97184
97123
97106
97102
97003
96883
96815
96815
96811
96734
96725
96716
96697
96614
96564
96563
96544
96541
96532
96343
96311
96249
96228
96205
96120
95910
95893
95879
95865
95822
95821
95774
95706
95682
95637
95635
95437
95340
95285
95256
95226
95216
95207
95044
95025
95023
94925
94892
94872
94820
94710
94653
94646
94643
94622
94482
94461
94449
94416
94392
94339
94303
94282
94238
94208
94202
94170
94163
94147
94008
94007
93976
93960
93946
93941
93933
93858
93801
93736
93710
93678
93613
93580
93549
93501
93500
93479
93201
93178
93168
93154
93140
93105
93089
93036
93012
93011
92983
92971
92923
92917
92833
92820
92816
92695
92672
92662
92601
92586
92572
92564
92541
92507
92500
92448
92433
92300
92277
92201
92172
92153
92138
92086
92048
92016
91999
91992
91966
91811
91789
91723
91643
91619
91580
91516
91429
91402
91381
91272
91244
91237
91081
91058
91001
90999
90884
90861
90841
90713
90648
90636
90509
90393
90339
90296
90243
90142
90118
89998
89842
89816
89794
89781
89736
89697
89690
89640
89636
89629
89612
89497
89442
89383
89354
89336
89299
89297
89054
88959
88900
88802
88711
88666
88636
88619
88601
88561
88509
88454
88384
88323
88211
88178
88172
88139
88011
87997
87796
87743
87740
87718
87674
87621
87601
87488
87419
87396
87376
87360
87235
87204
87194
87192
87087
87067
87051
87043
86985
86750
86747
86602
86449
86363
86332
86224
86075
85941
85834
85764
85701
85604
85569
85488
85471
85427
85333
85224
85206
85197
85071
85056
84935
84908
84842
84761
84669
84631
84607
84539
84506
84494
84434
84385
84376
84123
84094
84078
83996
83953
83774
83670
83655
83577
83559
83557
83509
83411
83382
83288
83274
83253
83185
83152
83135
83124
83113
82935
82863
82833
82765
82733
82707
82695
82549
82506
82502
82478
82475
82425
82380
82360
82335
82318
82291
82140
82050
82020
81899
81829
81745
81721
81694
81675
81576
81459
81436
81434
81408
81373
81372
81366
81295
81275
81218
81182
80994
80673
80662
80624
80596
80593
80590
80584
80561
80518
80498
80448
80435
80290
80268
80264
80133
80103
80101
79972
79951
79946
79917
79831
79822
79781
79780
79726
79692
79665
79579
79518
79513
79450
79363
79307
79285
79248
79192
79165
79155
79128
78960
78936
78869
78857
78841
78830
78823
78786
78773
78770
78748
78708
78661
78649
78643
78587
78489
78377
78281
78260
78167
78158
78110
78106
78096
78070
78040
77969
77955
77886
77750
77650
77608
77533
77502
77414
77394
77330
77270
77201
77194
77136
77010
77003
76934
76913
76845
76735
76669
76667
76583
76470
76424
76413
76401
76303
76288
76276
76254
76242
76190
76135
76113
76076
75927
75884
75875
75804
75738
75649
75615
75600
75586
75478
75379
75310
75258
75030
74972
74873
74871
74660
74655
74653
74564
74369
74308
74305
74224
74218
74148
74133
74113
74112
74052
74037
74034
74024
74023
73906
73874
73860
73840
73804
73790
73781
73680
73666
73653
73639
73573
73568
73454
73453
73409
73369
73350
73303
73303
73280
73248
73241
73211
73065
73026
73012
72964
72949
72845
72740
72694
72691
72619
72611
72587
72516
72444
72395
72383
72377
72375
72325
72317
72187
72105
72030
71970
71925
71873
71866
71722
71661
71645
71638
71623
71564
71533
71462
71448
71433
71430
71414
71364
71246
71139
71072
71049
71043
70954
70915
70910
70893
70821
70778
70776
70720
70657
70640
70639
70631
70557
70538
70522
70447
70366
70281
70255
70241
70193
70130
70104
70084
69970
69926
69906
69737
69725
69645
69619
69617
69577
69493
69487
69473
69371
69204
69195
69147
69132
69097
69067
69064
68975
68954
68934
68904
68751
68714
68676
68627
68550
68506
68325
68280
68191
68179
68170
68164
68157
68149
68119
68119
68089
68078
68003
67922
67881
67812
67778
67638
67622
67604
67539
67535
67289
67222
67170
67168
67145
67109
67107
66988
66946
66933
66924
66884
66844
66819
66815
66780
66722
66677
66676
66621
66462
66440
66429
66388
66373
66312
66306
66300
66297
66290
66241
66208
66082
66023
65984
65979
65840
65834
65779
65661
65632
65631
65561
65542
65481
65468
65373
65371
65331
65319
65224
65208
65199
65179
65056
65045
64929
64919
64897
64873
64782
64763
64695
64677
64484
64314
64131
64122
64065
64011
63863
63827
63825
63818
63731
63646
63556
63548
63538
63387
63369
63359
63072
62971
62947
62860
62806
62746
62706
62667
62629
62593
62573
62499
62472
62422
62380
62341
62312
62300
62258
62219
62190
62084
62056
62011
61946
61927
61907
61808
61718
61694
61672
61663
61649
61480
61382
61377
61327
61296
61102
61090
61082
60994
60985
60975
60926
60898
60773
60548
60527
60487
60415
60360
60360
60343
60303
60289
60280
60204
60155
60128
60091
60079
60027
60010
60005
59969
59934
59857
59838
59723
59710
59581
59552
59541
59501
59473
59470
59435
59428
59407
59366
59364
59325
59309
59291
59261
59198
59197
59056
59036
58905
58818
58778
58762
58683
58664
58561
58492
58482
58470
58442
58436
58246
58233
58230
58224
58207
58163
58145
58136
58083
58057
57991
57791
57781
57724
57625
57620
57593
57577
57562
57546
57545
57506
57466
57433
57304
57206
57184
57134
57130
57122
57104
57099
56887
56874
56836
56804
56725
56724
56678
56675
56601
56549
56529
56488
56473
56453
56451
56445
56388
56362
56305
56305
56303
56279
56209
56163
55951
55924
55905
55899
55824
55664
55646
55387
55355
55336
55327
55305
55299
55280
55234
55142
55084
55026
54966
54947
54907
54794
54774
54746
54671
54654
54479
54476
54467
54461
54417
54356
54136
54025
53966
53912
53872
53856
53729
53720
53667
53622
53580
53541
53539
53519
53492
53492
53478
53472
53431
53390
53256
53234
53186
53122
53058
52997
52907
52904
52879
52797
52790
52736
52573
52563
52524
52509
52481
52222
52204
52191
52141
52065
52040
51995
51974
51955
51946
51913
51849
51821
51775
51679
51630
51611
51564
51559
51544
51494
51481
51458
51388
51327
51325
51317
51261
51252
51231
51116
51111
50978
50938
50867
50853
50756
50706
50660
50633
50552
50550
50484
50360
50348
50334
50306
50228
50197
50196
50158
50130
50010
49931
49898
49861
49724
49713
49683
49670
49650
49593
49584
49565
49546
49533
49319
49169
49151
49092
49088
49041
48974
48954
48924
48915
48890
48880
48766
48707
48663
48639
48633
48400
48333
48330
48223
48157
48152
48081
48043
48043
47985
47965
47865
47811
47777
47734
47640
47418
47398
47383
47358
47337
47270
47216
47195
47110
47055
46952
46919
46839
46830
46798
46611
46585
46555
46515
46470
46446
46431
46394
46371
46331
46276
46063
45881
45854
45850
45798
45728
45671
45615
45592
45576
45416
45400
45348
45307
45288
45255
45189
45112
45105
44958
44902
44865
44863
44836
44632
44616
44521
44482
44473
44431
44363
44315
44257
44233
44179
44075
44036
44032
43999
43974
43972
43902
43869
43755
43717
43715
43682
43671
43610
43561
43493
43473
43450
43406
43381
43305
43187
43181
43177
43166
43140
43108
42848
42800
42769
42604
42489
42454
42431
42419
42407
42396
42391
42375
42324
42098
42093
42084
42004
41972
41970
41964
41960
41953
41847
41836
41804
41688
41661
41590
41576
41520
41518
41475
41434
41434
41351
41300
41254
41251
41088
41011
40875
40825
40796
40745
40725
40669
40625
40615
40589
40577
40549
40536
40449
40425
40348
40345
40326
40282
40258
40157
40154
40147
40142
40119
39981
39976
39926
39878
39874
39768
39734
39662
39662
39628
39577
39470
39436
39427
39290
39175
39175
38954
38925
38847
38797
38788
38716
38698
38666
38619
38604
38572
38570
38463
38434
38415
38398
38391
38382
38362
38351
38343
38337
38326
38268
38196
38170
38081
38007
37841
37837
37758
37738
37732
37729
37712
37648
37583
37517
37483
37409
37312
37152
37030
37029
36951
36847
36808
36728
36645
36536
36529
36428
36397
36394
36354
36329
36128
35962
35927
35861
35667
35632
35606
35589
35563
35523
35511
35346
35270
35267
35229
35216
35082
35050
34989
34985
34979
34967
34959
34922
34919
34826
34803
34797
34603
34546
34517
34467
34440
34374
34294
34292
34291
34217
34194
34187
34187
34084
34080
34046
34034
34014
33932
33835
33821
33811
33797
33725
33682
33666
33659
33620
33487
33435
33407
33356
33267
33177
33177
33150
33067
33058
32884
32851
32831
32809
32733
32518
32431
32426
32317
32196
32123
31943
31927
31830
31759
31607
31538
31511
31478
31407
31393
31279
31267
31160
31147
31067
30999
30981
30942
30898
30861
30789
30767
30698
30680
30602
30578
30563
30426
30364
30290
30277
30274
30198
30176
30140
30102
30053
30025
30018
29999
29988
29921
29915
29888
29855
29818
29804
29752
29716
29685
29614
29613
29611
29544
29460
29432
29408
29405
29369
29302
29261
29030
29001
28884
28856
28838
28710
28649
28550
28350
28333
28303
28296
28295
28275
28267
28259
28236
28194
28124
28113
28036
28032
27881
27709
27631
27515
27472
27432
27385
27376
27370
27309
27194
27194
27177
27165
27164
27159
27126
27121
27092
27083
27075
27054
26962
26935
26889
26878
26824
26569
26534
26453
26281
26256
26222
26112
26109
26091
26065
26056
26026
25959
25880
25845
25835
25788
25786
25750
25690
25589
25357
25285
25226
25186
25182
25169
24922
24834
24734
24716
24684
24634
24450
24378
24367
24302
24267
24252
24184
24137
24108
24090
24039
24037
23973
23933
23904
23860
23828
23821
23740
23720
23628
23462
23442
23421
23397
23379
23377
23344
23333
23328
23294
23194
23098
23067
23039
23037
22994
22988
22910
22889
22842
22773
22766
22720
22528
22473
22400
22360
22252
22236
22213
22164
22154
22129
22079
22063
22057
21905
21893
21879
21850
21839
21641
21633
21536
21472
21460
21459
21410
21382
21378
21346
21336
21310
21302
21249
21233
21173
21168
21147
21133
21126
20934
20932
20922
20847
20695
20657
20621
20470
20311
20303
20296
20031
19992
19991
19988
19947
19894
19891
19869
19747
19745
19731
19677
19650
19599
19584
19537
19528
19523
19378
19371
19283
19221
19193
19182
19010
18942
18927
18832
18807
18761
18691
18659
18605
18596
18500
18466
18445
18395
18330
18249
18220
18189
18046
18010
18008
17842
17823
17764
17730
17623
17420
17406
17365
17298
17222
17143
17142
16966
16926
16553
16446
16396
16379
16277
16151
16143
16138
16088
16078
15991
15978
15964
15944
15906
15874
15695
15684
15549
15462
15458
15432
15302
15238
15186
15179
15169
15156
15137
15092
15053
15047
15029
14982
14858
14845
14839
14615
14534
14526
14510
14483
14439
14385
14234
14211
14160
14074
13876
13862
13794
13761
13671
13647
13599
13571
13532
13520
13480
13440
13314
13243
13236
13193
13191
13113
13043
13008
12937
12908
12906
12882
12861
12844
12696
12503
12484
12449
12419
12382
12382
12273
12210
12123
12083
12063
12053
12028
11987
11985
11917
11895
11880
11876
11780
11672
11406
11330
11295
11277
11276
11257
11148
11082
11035
10956
10924
10866
10819
10786
10702
10541
10415
10415
10329
10320
10232
10204
10085
10038
10013
9988
9837
9744
9671
9650
9612
9566
9565
9563
9552
9531
9493
9439
9371
9368
9359
9329
9252
9172
9141
9045
9015
8972
8859
8840
8840
8783
8734
8712
8640
8634
8603
8565
8552
8498
8447
8369
8345
8318
8284
8234
8182
8163
8133
8122
8120
8095
8017
7962
7957
7799
7789
7707
7654
7562
7428
7315
7292
7214
7184
7148
7120
7074
7006
6861
6807
6789
6705
6676
6623
6616
6534
6439
6375
6353
6348
6259
6236
6232
6185
6175
6132
6130
5804
5787
5754
5671
5648
5596
5595
5575
5550
5473
5423
5352
5322
5311
5271
5209
5198
5067
5035
4983
4950
4882
4861
4849
4721
4672
4654
4578
4577
4548
4396
4384
4362
4336
4311
4311
4305
4225
4186
4161
4123
4057
4041
4003
3985
3974
3914
3880
3837
3814
3743
3546
3450
3409
3385
3242
3201
3147
3115
3005
2988
2976
2893
2808
2782
2737
2722
2679
2620
2593
2560
2540
2415
2366
2285
2234
2227
2219
2112
2109
2073
2056
2037
2027
1949
1875
1861
1825
1816
1768
1763
1725
1718
1713
1710
1703
1687
1616
1593
1565
1551
1417
1405
1400
1397
1356
1316
1303
1292
1281
1247
1233
1210
1182
1061
972
862
824
765
614
603
593
502
444
400
305
54
48
44
