99972
99969
99944
99903
99855
99793
99731
99706
99680
99629
99596
99577
99463
99448
99368
99334
99314
99212
99185
99155
98861
98859
98789
98717
98690
98664
98660
98648
98512
98469
98450
98382
98304
98085
98082
98003
97987
97951
97933
97923
97904
97902
97868
97795
97721
97705
97627
97619
97594
97568
97541
97524
97502
97391
97386
97297
97226
97216
97210
97205
97196
97124
97062
96999
96929
96925
96923
96789
96736
96697
96673
96582
96417
96410
96364
96322
96205
96085
96041
95956
95921
95881
95823
95736
95729
95599
95585
95552
95374
95256
95216
95210
95197
95150
95137
95124
95121
95114
95079
95019
94995
94976
94905
94882
94868
94726
94645
94611
94542
94470
94460
94445
94340
94177
94116
94078
94039
94021
93923
93733
93728
93665
93662
93639
93607
93573
93566
93544
93526
93512
93425
93422
93346
93338
93293
93267
93105
93087
92980
92784
92780
92760
92672
92620
92595
92476
92464
92436
92303
92285
92234
92185
92158
92121
91990
91975
91946
91932
91912
91905
91845
91838
91815
91809
91787
91782
91717
91709
91698
91692
91688
91646
91517
91469
91368
91309
91283
91278
91274
91260
91139
91053
91052
91025
91015
90998
90952
90910
90878
90857
90819
90770
90757
90723
90698
90660
90625
90575
90569
90565
90513
90511
90450
90343
90332
90331
90314
90291
90263
90237
90236
89801
89651
89632
89570
89532
89451
89400
89372
89257
89126
89056
89038
88990
88979
88916
88890
88858
88765
88695
88635
88635
88578
88542
88520
88504
88463
88449
88428
88426
88405
88326
88290
88269
88223
88195
88146
88115
88009
87975
87805
87703
87649
87621
87563
87550
87476
87464
87441
87424
87313
87291
87236
87211
87108
87106
86959
86937
86914
86902
86900
86756
86731
86721
86608
86493
86459
86442
86427
86418
86318
86289
86281
86264
86251
86213
86184
86086
86059
86036
86011
85918
85905
85881
85880
85869
85742
85683
85569
85533
85506
85474
85468
85452
85315
85273
85206
85193
85154
85145
85117
85073
85069
85005
84923
84838
84827
84825
84742
84606
84528
84491
84438
84413
84328
84315
84263
84242
84238
84216
84212
84076
84068
84000
83980
83907
83845
83831
83802
83737
83594
83558
83520
83511
83488
83399
83373
83371
83326
83300
83280
83206
83107
83067
83052
83009
82949
82919
82890
82884
82883
82840
82824
82736
82652
82635
82633
82571
82490
82490
82426
82426
82413
82404
82397
82397
82385
82383
82207
82071
81966
81942
81884
81844
81832
81822
81821
81818
81680
81673
81672
81624
81606
81583
81535
81450
81434
81404
81363
81270
81160
81089
81042
80946
80927
80878
80866
80860
80806
80708
80705
80649
80615
80368
80367
80365
80276
80206
80143
79996
79759
79741
79707
79653
79615
79575
79531
79491
79438
79366
79357
79353
79224
79153
79153
79122
79064
79043
78794
78735
78624
78580
78439
78373
78362
78328
78287
78264
78196
78176
77961
77849
77782
77757
77673
77672
77595
77515
77489
77323
77297
77295
77239
77195
77184
77179
77098
77086
77085
77077
77003
76918
76916
76791
76737
76710
76619
76598
76506
76501
76495
76479
76436
76406
76348
76256
76224
76130
76034
75994
75864
75773
75651
75599
75578
75548
75531
75526
75452
75391
75382
75354
75248
75180
75068
75027
74972
74904
74725
74660
74638
74513
74507
74386
74376
74262
74256
74226
74220
74163
74149
74129
74116
74062
74053
74008
74001
73947
73823
73679
73559
73483
73388
73350
73324
73271
73225
73076
72974
72926
72898
72890
72762
72709
72666
72604
72591
72526
72520
72499
72338
72229
72159
72120
72111
72101
72067
72017
71980
71967
71777
71709
71606
71577
71452
71427
71348
71292
71291
71221
71203
71121
71107
71059
70948
70899
70892
70810
70759
70748
70541
70537
70511
70496
70462
70334
70221
70199
70197
70155
70017
69998
69995
69979
69780
69758
69731
69611
69606
69521
69501
69425
69387
69368
69332
69321
69251
69196
69175
69163
69102
69042
69004
68930
68761
68751
68709
68690
68656
68584
68564
68544
68520
68498
68492
68412
68316
68306
68227
68182
68177
68102
68051
67983
67974
67945
67889
67884
67870
67858
67793
67711
67651
67578
67568
67532
67480
67466
67369
67351
67280
67188
67187
67028
67017
67013
66912
66909
66817
66770
66696
66639
66608
66586
66582
66558
66553
66529
66508
66501
66495
66495
66286
66277
66257
66229
66224
66183
66166
66154
66063
65912
65848
65808
65801
65733
65707
65691
65681
65646
65642
65567
65552
65551
65530
65524
65517
65454
65450
65399
65375
65349
65267
65250
65241
65155
65108
64979
64966
64952
64933
64909
64893
64761
64645
64614
64608
64446
64292
64282
64225
64207
64203
64179
64092
64033
63793
63650
63630
63595
63452
63372
63361
63203
63154
63135
63102
63056
63040
63029
63025
62955
62950
62878
62843
62821
62750
62736
62736
62732
62667
62362
62353
62250
62148
62131
62108
62075
62023
62019
61976
61926
61869
61771
61740
61739
61701
61647
61641
61630
61588
61583
61578
61553
61434
61433
61320
61274
61272
61205
61003
60982
60982
60980
60763
60756
60723
60648
60629
60537
60451
60265
60240
60234
60157
60137
60132
60074
60074
60047
60047
60039
60018
60017
59974
59965
59920
59912
59885
59855
59774
59763
59693
59663
59513
59387
59379
59364
59303
59277
59226
59061
58963
58944
58854
58821
58561
58514
58482
58468
58468
58448
58394
58358
58319
58279
58250
58208
58116
58032
57959
57934
57856
57833
57806
57798
57797
57703
57662
57661
57649
57585
57577
57556
57489
57460
57393
57377
57349
57329
57326
57148
57082
57003
56942
56863
56787
56773
56672
56619
56458
56428
56368
56237
56229
56051
56008
55948
55887
55858
55782
55668
55625
55603
55577
55573
55474
55435
55367
55269
55184
55109
55076
54937
54895
54878
54770
54740
54681
54672
54653
54547
54320
54263
54254
54221
54208
54186
54074
54066
53984
53924
53819
53803
53768
53711
53701
53615
53573
53565
53563
53457
53409
53393
53307
53307
53284
53219
53166
53097
53020
52991
52964
52889
52763
52762
52733
52665
52656
52559
52480
52276
52260
52200
52174
52164
52140
52117
52082
52042
52024
52023
52022
51882
51738
51702
51657
51599
51539
51477
51358
51324
51179
51150
51102
50999
50936
50913
50820
50792
50787
50775
50766
50766
50703
50579
50563
50541
50508
50467
50321
50226
50205
50165
50075
50074
50069
49809
49786
49782
49738
49719
49689
49685
49662
49561
49504
49461
49401
49390
49280
49185
49134
49121
49083
49006
48966
48928
48901
48834
48778
48711
48702
48687
48601
48532
48470
48450
48352
48344
48220
48190
48163
48149
48062
48056
48028
48026
48001
47937
47875
47857
47829
47799
47710
47692
47675
47635
47506
47421
47409
47363
47356
47262
47245
47235
47158
47061
46872
46817
46801
46766
46728
46700
46698
46661
46651
46647
46645
46644
46611
46460
46394
46268
46266
46187
46164
46119
46108
45971
45923
45880
45800
45773
45770
45749
45630
45615
45513
45486
45458
45384
45369
45333
45321
45259
45247
45207
45204
45147
45126
45106
45088
45039
44986
44946
44914
44902
44882
44847
44835
44831
44793
44752
44706
44683
44626
44618
44599
44589
44524
44440
44356
44356
44354
44331
44318
44311
44234
44154
44050
44048
44044
44043
44018
43997
43983
43929
43887
43833
43729
43679
43643
43641
43297
43222
43136
43043
43030
43026
43025
42999
42984
42946
42932
42928
42666
42601
42597
42595
42552
42545
42542
42488
42474
42335
42273
42263
42211
42054
42047
42002
41946
41896
41884
41860
41801
41639
41586
41506
41370
41333
41331
41294
41200
41138
41136
41060
40901
40854
40848
40786
40547
40403
40393
40388
40365
40303
40300
40263
40217
40139
40126
40111
40049
40011
39933
39902
39898
39866
39866
39860
39837
39815
39788
39647
39632
39543
39445
39419
39354
39337
39287
39276
39220
39191
39160
39137
39095
39066
38869
38852
38825
38780
38778
38755
38719
38666
38663
38626
38614
38546
38538
38517
38440
38411
38391
38306
38305
38271
38220
38136
38097
38062
38053
38024
37924
37895
37826
37823
37811
37750
37650
37583
37502
37480
37430
37371
37292
37199
37186
36955
36944
36943
36911
36906
36906
36867
36856
36722
36660
36654
36610
36606
36542
36488
36479
36439
36405
36236
36195
36176
36173
36134
36046
36007
35999
35930
35907
35902
35889
35808
35777
35648
35500
35491
35460
35387
35242
35158
35137
35071
35052
34950
34918
34866
34865
34783
34762
34711
34666
34491
34469
34461
34407
34376
34363
34332
34164
34050
33964
33918
33772
33745
33734
33718
33716
33629
33586
33566
33548
33460
33457
33447
33426
33302
33240
33191
33148
33091
33056
32999
32951
32867
32782
32741
32711
32709
32658
32528
32512
32501
32414
32408
32304
32232
32181
32171
32171
32141
32132
31965
31832
31828
31812
31811
31738
31676
31575
31557
31532
31430
31360
31168
31075
31031
30929
30855
30754
30683
30643
30619
30598
30581
30564
30537
30477
30474
30454
30360
30276
30214
30191
30183
29969
29962
29950
29894
29834
29799
29695
29641
29551
29535
29515
29496
29370
29369
29363
29348
29297
29270
29253
29244
29110
29049
28962
28886
28881
28859
28760
28705
28697
28635
28530
28417
28415
28392
28374
28337
28310
28223
28208
28202
28109
28082
28075
28025
27946
27932
27924
27870
27828
27791
27731
27580
27570
27482
27413
27359
27345
27323
27269
27250
27224
27224
27217
27198
27197
27108
27071
27052
27031
27023
26857
26767
26759
26663
26625
26584
26520
26386
26360
26348
26335
26321
26186
26162
26156
26135
26032
26020
25944
25895
25785
25766
25658
25593
25524
25448
25440
25351
25342
25213
25195
25194
25163
25133
25096
25078
25025
24999
24993
24954
24892
24826
24816
24812
24726
24594
24586
24584
24529
24462
24335
24326
24182
24138
24020
23779
23773
23759
23745
23717
23663
23545
23438
23418
23356
23291
23271
23209
23188
23120
23082
23073
22976
22879
22874
22831
22813
22770
22745
22729
22727
22563
22557
22557
22528
22448
22442
22287
22237
22216
22174
22125
22119
21981
21978
21968
21913
21874
21839
21838
21824
21764
21734
21731
21719
21521
21414
21374
21341
21323
21280
21164
21114
21107
21077
21017
21016
20963
20903
20812
20752
20708
20640
20640
20632
20560
20535
20491
20463
20419
20360
20347
20191
20178
20113
20107
20070
19946
19931
19892
19890
19882
19855
19802
19783
19670
19629
19596
19583
19580
19485
19430
19354
19153
19129
19103
19056
19031
19011
19010
18974
18934
18877
18861
18846
18821
18787
18755
18696
18659
18644
18609
18592
18513
18449
18434
18391
18329
18212
18203
18187
18158
18153
18144
18074
18019
17844
17805
17798
17773
17737
17735
17693
17675
17640
17635
17581
17578
17506
17425
17398
17366
17362
17217
17157
17106
16947
16918
16835
16761
16575
16562
16551
16421
16414
16393
16259
16239
16157
16132
16068
16003
15878
15826
15809
15701
15450
15389
15381
15352
15334
15290
15079
15020
15016
14964
14886
14878
14751
14709
14689
14535
14519
14479
14459
14451
14297
14277
14264
14249
14247
14240
14178
14172
14102
14083
13984
13953
13936
13813
13809
13763
13734
13683
13680
13527
13501
13494
13422
13412
13375
13325
13291
13277
13232
13065
13044
12969
12908
12874
12854
12840
12608
12581
12531
12469
12453
12424
12250
12113
12104
12079
12033
11981
11962
11850
11843
11785
11784
11737
11730
11635
11597
11591
11525
11479
11454
11408
11389
11309
11274
11217
11211
11140
11115
11009
10997
10990
10949
10703
10657
10609
10597
10523
10395
10388
10310
10295
10227
10218
10214
10210
10135
9959
9892
9889
9848
9815
9669
9613
9547
9539
9529
9521
9450
9444
9429
9385
9375
9306
9264
9201
9071
9070
9040
9013
8951
8910
8895
8841
8761
8700
8686
8673
8670
8666
8557
8443
8413
8349
8343
8287
8268
8261
8206
8197
8115
8094
8036
7943
7927
7924
7917
7803
7738
7727
7712
7707
7594
7558
7530
7502
7450
7436
7356
7338
7303
7295
7115
7106
7078
6948
6858
6767
6765
6661
6587
6548
6525
6524
6423
6371
6278
6229
6162
6155
6135
6126
6113
6109
6096
6095
6036
5918
5882
5546
5535
5418
5192
5169
5105
5089
5088
5067
5011
4930
4924
4917
4884
4802
4780
4733
4653
4644
4637
4605
4568
4554
4447
4410
4373
4331
4323
4230
4036
4012
3947
3912
3891
3712
3568
3535
3517
3344
3295
3248
3243
3161
3091
3071
2969
2944
2855
2750
2740
2700
2673
2509
2468
2459
2424
2407
2395
2338
2337
2250
2238
2228
2127
2112
2061
2015
1981
1974
1697
1672
1651
1638
1620
1534
1522
1500
1445
1395
1386
1386
1381
1361
1348
1336
1235
1155
1076
1072
1070
1062
1052
1040
1019
1014
979
920
831
785
741
684
665
596
538
504
453
341
310
245
97
13
