99950
99902
99844
99769
99738
99735
99700
99534
99418
99408
99129
99116
99085
99026
99005
98872
98823
98773
98673
98639
98552
98501
98399
98331
98307
98291
98276
98254
98246
98214
98198
98195
98173
98011
98004
97922
97879
97806
97773
97704
97700
97681
97626
97584
97313
97227
97199
97185
97031
96992
96940
96918
96834
96759
96758
96635
96590
96400
96392
96347
96194
96164
96142
95962
95832
95823
95820
95513
95359
95305
95043
95004
94937
94824
94788
94782
94772
94740
94737
94682
94668
94666
94609
94575
94575
94486
94445
94395
94336
94279
94255
94232
94221
94118
93993
93868
93833
93814
93780
93727
93699
93687
93672
93550
93528
93461
93372
93269
93198
93170
92925
92828
92800
92708
92664
92661
92650
92606
92598
92570
92562
92536
92485
92466
92354
92333
92325
92309
92276
92268
92240
92179
92145
92105
91979
91969
91802
91768
91723
91714
91666
91663
91653
91618
91616
91493
91459
91423
91361
91222
91186
91153
91106
90912
90847
90775
90761
90733
90730
90675
90660
90489
90484
90432
90415
90366
90359
90358
90335
90293
90250
90209
90160
90021
89919
89855
89843
89733
89654
89641
89592
89588
89578
89553
89538
89523
89338
89321
89133
89069
89067
89058
89011
89003
88982
88980
88875
88853
88747
88745
88584
88498
88391
88379
88362
88300
88275
88181
88156
88148
88107
88065
88032
88023
87992
87934
87901
87858
87677
87669
87601
87586
87581
87568
87543
87481
87432
87337
87328
87327
87171
87153
87084
86952
86910
86799
86789
86705
86703
86687
86666
86602
86577
86527
86469
86426
86302
86109
86089
86082
86046
85807
85743
85661
85637
85618
85520
85499
85426
85359
85256
85233
85230
85174
85173
85120
85109
84995
84922
84900
84883
84873
84847
84809
84724
84702
84626
84620
84594
84494
84481
84469
84418
84369
84356
84288
84267
84262
84163
84132
84037
84013
83998
83938
83925
83905
83884
83855
83847
83838
83794
83787
83764
83754
83714
83582
83531
83379
83352
83315
83087
83073
82994
82862
82833
82831
82818
82812
82744
82704
82697
82510
82404
82375
82343
82341
82325
82274
82256
82241
82106
82078
82021
81948
81943
81900
81896
81889
81858
81835
81811
81804
81708
81661
81606
81523
81452
81428
81203
81136
81084
80992
80975
80910
80880
80847
80752
80695
80631
80602
80467
80445
80421
80416
80376
80371
80371
80154
80074
80067
80003
79969
79958
79915
79857
79851
79822
79810
79793
79789
79781
79778
79674
79639
79627
79508
79487
79448
79356
79334
79332
79306
79156
79142
79008
78990
78892
78884
78788
78750
78743
78740
78646
78580
78531
78406
78369
78308
78229
78200
78121
78002
77875
77742
77575
77564
77484
77467
77463
77447
77430
77306
77242
77205
77166
77104
77041
77019
76966
76913
76825
76813
76787
76646
76629
76527
76472
76415
76394
76393
76381
76375
76273
76261
76203
76056
75957
75900
75839
75697
75689
75685
75659
75655
75623
75514
75508
75449
75380
75371
75370
75359
75305
75295
75286
75243
75228
75194
75173
75146
75005
74983
74969
74822
74753
74614
74542
74538
74510
74390
74288
74276
74272
74234
74212
74137
73982
73939
73893
73885
73767
73763
73736
73711
73705
73617
73596
73481
73478
73465
73414
73402
73294
73266
73249
73032
73018
72984
72973
72899
72865
72860
72830
72816
72738
72693
72669
72626
72586
72546
72464
72449
72419
72281
72117
72110
72015
71916
71894
71844
71805
71732
71718
71705
71692
71682
71680
71655
71654
71636
71600
71583
71565
71555
71528
71385
71263
71138
71115
71101
71036
70970
70880
70869
70780
70764
70701
70669
70608
70586
70573
70546
70375
70280
70280
70227
69804
69648
69633
69556
69503
69481
69467
69433
69325
69324
69286
69257
69174
69086
69055
69052
69037
69019
68922
68913
68706
68701
68657
68643
68525
68519
68508
68384
68367
68289
68265
68255
68105
68054
67975
67911
67729
67719
67599
67565
67547
67523
67387
67232
67176
67168
67054
66971
66939
66924
66886
66522
66425
66392
66360
66339
66335
66325
66289
66219
66052
66026
65961
65944
65929
65911
65750
65677
65671
65660
65625
65591
65423
65387
65367
65360
65354
65339
65278
65187
65137
65102
65055
65028
64875
64847
64844
64843
64830
64826
64736
64697
64626
64617
64597
64534
64510
64445
64432
64383
64211
64127
64029
63975
63704
63702
63647
63640
63584
63575
63551
63519
63516
63432
63419
63316
63312
63239
63188
63181
63104
63064
63063
63060
63008
62976
62945
62936
62931
62918
62844
62793
62654
62642
62474
62442
62439
62358
62294
62269
62004
61991
61947
61876
61824
61789
61754
61740
61693
61613
61563
61561
61527
61500
61491
61425
61385
61305
61286
61276
61274
61254
61161
61114
61102
61094
60995
60989
60955
60929
60902
60869
60855
60822
60713
60608
60608
60565
60509
60469
60457
60384
60383
60292
60277
60193
60172
60141
60139
60137
60131
60006
59970
59944
59828
59779
59768
59754
59679
59661
59649
59629
59583
59493
59453
59392
59369
59310
59117
59079
59056
59048
59027
58845
58766
58630
58529
58431
58430
58390
58369
58343
58314
58288
58227
58204
58193
58151
58127
58037
57974
57849
57812
57695
57677
57674
57652
57585
57582
57561
57477
57340
57297
57258
57246
57229
57050
57039
57036
57019
56879
56875
56852
56830
56761
56727
56665
56645
56571
56540
56496
56410
56398
56366
56346
56344
56297
56262
56210
56143
55952
55897
55885
55869
55861
55794
55737
55736
55731
55686
55646
55636
55627
55520
55333
55248
55236
55180
55155
55111
55065
55029
55012
54921
54872
54849
54828
54756
54726
54685
54661
54658
54580
54579
54570
54466
54414
54405
54334
54253
54237
54096
53968
53933
53884
53788
53709
53592
53585
53552
53472
53466
53351
53317
53317
53303
53264
53259
53245
53244
53171
53154
53104
53079
53053
53049
53042
53028
53000
52995
52993
52967
52928
52873
52798
52776
52769
52756
52680
52636
52604
52579
52551
52515
52490
52487
52474
52473
52470
52448
52391
52359
52276
52219
52188
52185
52154
52133
52025
51887
51850
51838
51724
51670
51639
51621
51589
51567
51565
51501
51429
51381
51355
51340
51301
51250
51210
51139
51127
51089
51069
50965
50928
50876
50726
50687
50675
50635
50614
50581
50510
50483
50454
50390
50361
50308
50294
50270
50266
50239
50237
50221
50193
50192
50084
50075
50063
50047
50039
49927
49857
49840
49826
49769
49746
49664
49648
49625
49475
49475
49444
49257
49140
49118
49050
48964
48892
48817
48663
48651
48642
48624
48515
48510
48503
48499
48463
48346
48336
48328
48317
48302
48294
48217
48125
48113
47856
47853
47787
47756
47740
47698
47683
47643
47589
47583
47543
47500
47450
47398
47328
47285
47200
47122
47007
46933
46924
46755
46745
46729
46722
46717
46595
46562
46418
46407
46347
46212
46189
46184
46169
46148
46125
46084
46051
45996
45969
45788
45764
45666
45664
45619
45575
45499
45494
45442
45302
45192
45175
45090
45040
44992
44955
44922
44874
44840
44804
44794
44755
44673
44658
44562
44542
44541
44526
44519
44500
44439
44406
44367
44351
44149
44083
44080
43998
43983
43963
43886
43843
43796
43735
43671
43648
43617
43543
43468
43291
43268
43202
43079
43026
42972
42967
42914
42762
42676
42674
42570
42558
42522
42504
42486
42476
42470
42375
42372
42342
42321
42279
41976
41961
41892
41813
41782
41774
41767
41720
41694
41628
41620
41538
41492
41486
41436
41413
41403
41315
41219
41207
41171
41080
40937
40916
40841
40787
40742
40272
40238
40217
40102
40084
40049
40048
40022
39918
39854
39777
39722
39625
39569
39535
39500
39435
39413
39375
39373
39372
39353
39201
39080
39004
39003
38955
38818
38805
38791
38790
38705
38695
38686
38673
38673
38656
38656
38642
38609
38544
38515
38503
38494
38489
38458
38399
38367
38360
38188
38158
38052
37981
37895
37796
37781
37729
37684
37503
37461
37358
37355
37346
37324
37298
37241
37240
37224
37215
37176
37115
37088
37059
37053
37046
36958
36899
36898
36880
36748
36700
36675
36652
36627
36569
36531
36429
36390
36384
36337
36321
36299
36262
36228
36211
36175
35922
35816
35804
35734
35665
35568
35542
35523
35508
35468
35414
35275
35075
35025
35004
34973
34938
34814
34803
34792
34691
34574
34542
34534
34448
34447
34436
34358
34316
34274
34163
34155
34055
34049
34036
33937
33861
33860
33829
33805
33748
33729
33657
33639
33593
33532
33423
33385
33344
33343
33315
33300
33274
33267
33260
33229
33185
33161
33084
32997
32956
32922
32865
32827
32792
32705
32638
32577
32490
32481
32480
32309
32283
32263
32085
32068
32051
31924
31922
31853
31839
31655
31617
31590
31343
31289
31263
31245
31167
31117
31067
30973
30971
30947
30934
30924
30883
30785
30767
30718
30712
30702
30699
30643
30606
30516
30495
30484
30424
30418
30386
30327
30268
30239
30234
30033
30012
29936
29898
29866
29817
29797
29521
29519
29454
29435
29411
29364
29360
29289
29195
29176
29134
29122
29044
28978
28920
28908
28872
28816
28754
28746
28588
28464
28440
28393
28245
28207
28192
28169
28157
28144
28073
27961
27910
27862
27847
27847
27750
27718
27711
27674
27485
27462
27375
27288
27279
27263
27249
27206
27161
27133
27112
27034
27029
27014
26988
26984
26930
26879
26845
26783
26691
26665
26612
26572
26559
26544
26406
26389
26379
26315
26304
26280
26189
26053
25956
25903
25766
25675
25661
25634
25595
25427
25378
25324
25310
25249
25178
25144
25118
25101
25089
24979
24939
24913
24796
24775
24739
24669
24666
24614
24556
24548
24471
24386
24383
24349
24260
24021
23991
23980
23941
23909
23813
23721
23687
23616
23615
23416
23369
23362
23325
23263
23199
23186
23121
23090
23064
23052
22938
22869
22792
22768
22651
22579
22575
22564
22528
22518
22481
22479
22247
22219
22166
22088
21895
21828
21812
21723
21687
21531
21528
21527
21494
21489
21477
21469
21382
21326
21302
21243
21162
21113
21093
21072
21058
21054
20952
20910
20809
20780
20675
20648
20642
20515
20474
20431
20410
20364
20267
20263
20237
20204
20204
20118
20110
20100
20099
20084
20079
20059
20034
19987
19972
19956
19898
19843
19712
19648
19591
19541
19528
19470
19444
19415
19290
19282
19253
19165
19112
19105
19079
19050
18938
18931
18900
18755
18716
18698
18689
18624
18507
18503
18361
18360
18356
18347
18335
18331
18253
18214
18119
18061
17781
17701
17696
17673
17669
17652
17635
17602
17596
17593
17590
17553
17402
17341
17323
17311
17212
17112
17093
17006
16951
16906
16880
16841
16782
16765
16744
16728
16719
16706
16687
16551
16530
16475
16464
16384
16251
16236
16211
16174
16165
16155
16098
16016
16003
15973
15958
15816
15506
15497
15477
15397
15309
15217
15153
15141
15132
15124
15112
15068
14989
14886
14773
14772
14741
14632
14607
14549
14488
14448
14397
14350
14335
14328
14325
14305
14283
14197
14143
13936
13885
13796
13749
13700
13632
13623
13613
13582
13577
13560
13515
13500
13378
13376
13370
13320
13284
13261
13258
13183
13108
12920
12901
12873
12843
12829
12737
12671
12612
12520
12509
12498
12490
12449
12442
12411
12372
12369
12335
12298
12163
12148
12033
11957
11948
11900
11885
11877
11726
11708
11705
11693
11679
11663
11608
11574
11547
11402
11401
11333
11263
11263
11218
11195
11163
11133
11060
10928
10901
10789
10751
10732
10659
10605
10586
10563
10445
10415
10414
10402
10392
10252
10234
10208
10140
10118
10027
9927
9908
9769
9728
9715
9643
9634
9633
9602
9566
9553
9418
9413
9409
9399
9398
9388
9369
9314
9305
9226
9187
9060
9040
9037
8997
8943
8876
8875
8773
8741
8691
8653
8619
8559
8503
8465
8411
8382
8375
8327
8231
8209
8185
8177
8133
8055
8043
8043
7899
7891
7839
7796
7757
7646
7585
7537
7519
7511
7429
7329
7292
7290
7226
7203
7190
7151
7071
7064
6967
6877
6873
6819
6816
6751
6718
6709
6688
6632
6628
6589
6587
6556
6540
6439
6395
6381
6361
6349
6329
6281
6246
6144
6097
6065
5959
5949
5947
5928
5917
5881
5798
5667
5576
5538
5508
5494
5478
5466
5451
5416
5399
5369
5306
5288
5275
5217
5136
5027
5011
4992
4992
4988
4929
4903
4874
4814
4787
4776
4774
4756
4699
4677
4559
4550
4533
4452
4406
4246
4242
4226
4035
4035
4014
3942
3817
3734
3707
3697
3616
3612
3599
3594
3585
3567
3560
3533
3461
3419
3261
3247
3239
3149
3139
3124
3123
3095
3019
2999
2929
2823
2776
2773
2664
2561
2466
2430
2267
2207
2202
2182
2169
2161
2142
2082
2030
2013
2011
2002
1906
1641
1565
1527
1413
1411
1396
1393
1359
1292
1161
1035
979
929
884
850
849
838
816
701
594
554
536
503
477
428
259
242
176
119
90
87
