99987
99949
99921
99918
99896
99890
99877
99808
99791
99764
99723
99665
99532
99414
99391
99391
99372
99327
99194
99148
99031
98814
98808
98792
98739
98586
98573
98545
98483
98473
98343
98332
98296
98259
98100
98037
97979
97976
97959
97943
97835
97781
97760
97757
97751
97730
97710
97691
97682
97674
97627
97585
97578
97515
97412
97373
97327
97233
97224
97177
97164
97110
96966
96888
96876
96871
96786
96743
96724
96646
96631
96606
96587
96488
96479
96425
96417
96407
96385
96358
96263
96252
96186
96043
95723
95657
95651
95510
95505
95385
95383
95369
95301
95270
95270
95250
95190
95104
95087
95082
95010
94980
94965
94839
94778
94753
94678
94644
94543
94444
94430
94430
94369
94312
94285
94273
94230
94222
94201
94194
94161
94151
94051
93958
93913
93899
93662
93603
93562
93556
93543
93540
93538
93532
93482
93469
93386
93358
93240
93212
93113
93058
93023
93021
92971
92885
92878
92865
92822
92800
92761
92747
92678
92614
92613
92395
92186
92181
92181
92150
92121
91986
91962
91846
91609
91572
91493
91479
91440
91438
91402
91402
91397
91374
91252
91139
91115
91106
91001
90992
90944
90923
90871
90815
90807
90806
90800
90730
90718
90641
90639
90609
90571
90520
90402
90398
90364
90360
90352
90336
90315
90265
90123
90121
90056
90021
89986
89964
89868
89704
89687
89686
89635
89574
89544
89418
89326
89293
89122
89117
89095
89018
88988
88931
88878
88856
88822
88805
88770
88702
88648
88635
88570
88558
88434
88429
88419
88363
88353
88331
88283
88267
88222
88208
88148
88100
88092
88011
88005
87999
87856
87855
87792
87784
87774
87743
87678
87628
87605
87504
87402
87399
87331
87306
87271
87184
87161
87114
87078
86933
86888
86695
86690
86668
86666
86656
86587
86554
86526
86385
86380
86301
86208
86094
86051
86037
85864
85747
85726
85692
85561
85559
85550
85534
85525
85518
85438
85389
85373
85306
85242
85199
85166
85107
84996
84941
84916
84911
84889
84844
84822
84818
84801
84739
84737
84698
84684
84682
84647
84571
84567
84556
84518
84433
84267
84193
84108
84085
84071
84021
83909
83894
83755
83692
83581
83577
83525
83524
83373
83291
83262
83177
82894
82846
82839
82771
82710
82677
82524
82432
82422
82392
82385
82352
82339
82308
82301
82200
82197
82184
82065
82038
82030
82008
81984
81941
81871
81855
81843
81822
81818
81779
81754
81752
81588
81532
81501
81487
81440
81419
81387
81378
81316
81313
81302
81290
81279
81242
81204
81101
81050
81001
80981
80950
80925
80903
80838
80829
80722
80708
80581
80580
80327
80287
80190
80184
80067
80015
80003
79964
79948
79910
79883
79832
79828
79677
79644
79564
79416
79370
79313
79275
79213
79197
79161
79040
79040
79034
78940
78936
78919
78815
78740
78719
78710
78599
78596
78548
78461
78433
78429
78405
78100
78016
78014
77924
77809
77717
77634
77623
77600
77572
77569
77538
77468
77466
77370
77326
77285
77263
77254
77232
77231
77220
77174
77151
77150
77119
77046
76947
76891
76889
76825
76785
76781
76730
76703
76645
76563
76556
76514
76480
76446
76413
76387
76376
76343
76335
76332
76297
76158
76111
76052
76036
76020
75829
75793
75710
75698
75575
75569
75488
75474
75457
75373
75373
75275
75250
75236
75200
75184
75122
75109
75072
74844
74814
74769
74698
74689
74619
74580
74578
74574
74550
74483
74473
74472
74466
74408
74242
74106
73988
73973
73960
73907
73899
73893
73842
73813
73779
73769
73666
73610
73608
73470
73470
73441
73381
73343
73343
73202
73192
73191
73145
73074
73001
72974
72863
72739
72738
72693
72628
72615
72602
72470
72429
72382
72267
72258
72009
71995
71852
71838
71723
71674
71638
71601
71576
71564
71486
71471
71459
71369
71316
71299
71244
71200
71030
71003
71003
70867
70849
70807
70782
70772
70724
70620
70608
70561
70470
70416
70371
70225
70028
70004
69899
69870
69830
69635
69469
69467
69417
69402
69397
69329
69318
69271
69135
69118
69100
69082
69037
69019
68945
68788
68721
68667
68577
68483
68357
68293
68222
68177
68131
68074
68027
67924
67862
67852
67823
67708
67704
67661
67586
67532
67513
67499
67491
67453
67401
67330
67322
67240
67209
67172
67167
67125
67064
66990
66965
66929
66668
66636
66621
66486
66270
66263
66240
66226
66163
66149
66057
66000
65969
65953
65940
65916
65797
65733
65727
65607
65600
65582
65567
65471
65443
65413
65395
65378
65364
65226
65089
65052
65033
65032
65001
64960
64948
64914
64594
64510
64342
64215
64099
64061
63925
63898
63840
63650
63648
63528
63473
63405
63329
63310
63306
63002
62991
62974
62777
62728
62670
62491
62408
62384
62366
62345
62319
62087
62027
62025
61940
61930
61924
61841
61685
61677
61662
61630
61609
61494
61449
61442
61422
61409
61342
61310
61276
61235
61155
61053
61047
61042
60987
60934
60927
60926
60884
60848
60815
60798
60743
60704
60675
60663
60663
60596
60586
60583
60557
60524
60518
60416
60367
60243
60119
60104
60017
59962
59906
59871
59854
59763
59757
59686
59594
59573
59564
59556
59546
59476
59362
59337
59281
59116
59045
59028
58975
58957
58955
58940
58925
58910
58900
58895
58861
58837
58793
58765
58742
58699
58649
58623
58599
58531
58468
58456
58445
58432
58376
58298
58291
58127
58094
57989
57989
57957
57946
57795
57746
57732
57718
57686
57648
57600
57558
57555
57551
57435
57403
57399
57397
57380
57340
57317
57272
57254
57159
57156
57154
57125
57079
57033
56988
56946
56887
56882
56851
56757
56734
56726
56644
56376
56336
56164
56146
56135
56115
56113
56079
55976
55969
55932
55846
55840
55827
55816
55714
55704
55644
55636
55551
55509
55467
55422
55416
55371
55363
55342
55337
55320
55112
55110
54997
54922
54723
54719
54698
54661
54618
54578
54571
54448
54448
54419
54401
54392
54372
54362
54305
54225
54190
54178
54165
54159
54133
54110
54013
54009
53954
53893
53801
53798
53726
53694
53639
53616
53531
53506
53456
53405
53305
53185
53153
53090
53054
53026
53024
52975
52903
52793
52759
52720
52707
52535
52507
52398
52382
52357
52284
52189
52189
52120
52086
51969
51860
51850
51846
51776
51570
51525
51459
51450
51422
51388
51316
51265
51257
51235
51145
51131
51035
51034
51013
50970
50911
50786
50723
50721
50713
50707
50704
50670
50646
50628
50586
50544
50534
50370
50345
50323
50319
50303
50299
50295
50279
50272
50196
50193
50185
50164
50022
49902
49870
49797
49790
49730
49662
49598
49577
49539
49491
49483
49440
49417
49415
49363
49353
49333
49322
49303
49296
49267
49108
49091
49083
48971
48920
48840
48827
48804
48802
48784
48619
48615
48602
48564
48507
48393
48310
48249
48217
48195
48048
48000
47973
47949
47925
47906
47811
47796
47689
47665
47663
47628
47568
47531
47479
47459
47456
47452
47263
47253
47158
47129
47120
46985
46899
46865
46754
46747
46740
46669
46518
46472
46464
46427
46320
46283
46216
46187
46129
45967
45880
45876
45796
45672
45572
45521
45513
45462
45292
45238
45178
45169
45117
45082
45048
44963
44935
44929
44876
44867
44810
44793
44737
44597
44451
44326
44190
44133
44075
44074
43910
43887
43856
43791
43746
43744
43722
43720
43667
43663
43632
43631
43397
43396
43392
43361
43345
43329
43309
43246
43043
42986
42984
42971
42712
42694
42678
42652
42602
42596
42564
42519
42480
42442
42377
42301
42281
42265
42233
42209
42163
42129
42096
42059
41975
41945
41837
41781
41768
41692
41628
41627
41626
41622
41572
41520
41471
41358
41301
41297
41174
41159
41095
41085
41079
41052
41047
40936
40872
40855
40854
40846
40842
40749
40713
40709
40622
40501
40456
40429
40305
40228
40156
40105
40082
40071
40059
40040
40002
39990
39868
39807
39705
39628
39619
39616
39573
39570
39350
39340
39305
39240
39223
39221
39049
39046
39046
38919
38875
38861
38780
38743
38689
38625
38612
38552
38478
38303
38296
38275
38258
38245
38225
38165
38162
38138
38135
38025
38015
38006
37795
37749
37740
37734
37721
37631
37582
37557
37335
37114
37100
37092
37003
36983
36885
36850
36810
36795
36787
36673
36665
36635
36634
36608
36539
36471
36456
36386
36346
36216
36202
36199
36192
36167
36078
36059
36043
36032
36007
36006
35978
35936
35901
35897
35889
35770
35617
35573
35514
35508
35480
35446
35392
35380
35267
35090
35068
35034
35025
34926
34778
34706
34692
34593
34514
34447
34295
34196
34124
34115
34115
34112
34004
33929
33912
33833
33785
33778
33738
33648
33581
33577
33574
33556
33411
33395
33386
33365
33341
33328
33327
33317
33231
33198
33192
33192
33184
33182
33096
33091
32997
32946
32923
32918
32899
32899
32839
32806
32793
32787
32765
32705
32619
32582
32475
32462
32291
32273
32224
32221
32219
32215
32183
32149
32141
32094
32088
32076
32070
32010
31958
31885
31884
31785
31758
31733
31719
31719
31633
31596
31409
31325
31322
31313
31192
30941
30916
30842
30841
30824
30726
30718
30679
30656
30506
30430
30426
30404
30389
30350
30343
30297
30206
30192
30147
30144
30031
30027
30021
29907
29871
29774
29743
29718
29702
29683
29675
29541
29492
29366
29362
29317
29252
29140
29019
29010
28873
28770
28743
28673
28618
28563
28545
28519
28500
28487
28429
28428
28311
28305
28257
28224
28104
28098
28056
28024
27990
27828
27776
27746
27727
27720
27544
27515
27510
27480
27383
27372
27345
27301
27291
27169
27120
27092
26969
26910
26820
26725
26691
26685
26625
26543
26528
26507
26485
26484
26447
26115
26083
26018
25892
25871
25762
25732
25709
25687
25657
25633
25542
25498
25485
25432
25378
25352
25309
25259
25163
25043
25010
24932
24906
24865
24853
24787
24707
24574
24563
24287
24269
24226
24210
24208
24198
24166
24145
24117
24094
24029
24014
24006
24006
24000
23999
23934
23926
23875
23869
23856
23851
23799
23736
23731
23648
23643
23596
23591
23557
23541
23528
23478
23473
23378
23332
23311
23297
23256
23249
23185
23110
23087
22970
22904
22893
22847
22831
22795
22753
22717
22697
22652
22611
22590
22393
22390
22387
22382
22335
22000
21984
21910
21737
21733
21728
21691
21620
21614
21566
21513
21448
21400
21389
21369
21368
21326
21258
21242
21178
21157
21093
21086
21069
21068
21064
20981
20612
20575
20561
20538
20532
20528
20470
20356
20229
20177
20153
20137
20137
20122
20109
20011
19875
19844
19804
19787
19779
19766
19752
19739
19738
19732
19728
19650
19613
19533
19487
19458
19287
19201
19190
19164
19004
18989
18911
18902
18895
18774
18645
18520
18479
18465
18429
18348
18181
18075
17931
17913
17847
17839
17805
17795
17701
17667
17580
17520
17418
17367
17351
17214
17113
17084
17047
17036
16982
16945
16916
16885
16811
16808
16774
16712
16676
16644
16472
16393
16199
16194
16182
16110
16106
16079
15990
15922
15807
15697
15626
15621
15552
15471
15447
15446
15421
15380
15262
15197
15037
15034
15021
15016
14997
14955
14830
14796
14625
14597
14492
14487
14435
14426
14416
14355
14348
14346
14290
14275
14160
14148
14081
14035
14033
14030
13990
13948
13831
13797
13786
13704
13703
13641
13622
13584
13488
13437
13393
13331
13280
13225
13206
13171
13157
13080
12935
12860
12709
12552
12541
12468
12410
12283
12207
12141
12121
12094
12006
12000
11995
11951
11922
11906
11832
11809
11796
11752
11738
11720
11715
11692
11655
11620
11542
11445
11261
11188
11188
11176
11077
11044
10998
10989
10920
10771
10733
10717
10640
10627
10618
10554
10545
10521
10391
10377
10369
10346
10268
10226
10223
10090
10005
10002
9931
9903
9848
9837
9695
9644
9610
9606
9600
9599
9572
9562
9526
9484
9453
9447
9364
9309
9193
9132
9091
9062
9016
8987
8968
8960
8687
8677
8589
8568
8525
8509
8488
8392
8389
8371
8356
8320
8309
8112
7825
7765
7754
7734
7612
7585
7536
7445
7399
7368
7269
7226
7217
7186
7129
7106
7082
6988
6926
6839
6824
6794
6693
6600
6568
6516
6463
6376
6344
6272
6242
6229
6168
6150
6115
5965
5892
5877
5824
5817
5786
5753
5735
5549
5460
5381
5367
5259
5229
5206
5189
5185
5126
4998
4995
4977
4923
4877
4859
4841
4839
4835
4821
4799
4757
4731
4715
4635
4616
4542
4540
4459
4457
4451
4343
4330
4317
4222
4204
4202
4195
4154
4153
4113
4088
4054
4022
4003
3953
3913
3862
3806
3758
3726
3688
3679
3606
3604
3559
3536
3535
3525
3487
3392
3322
3160
2989
2807
2678
2653
2588
2541
2532
2481
2446
2315
2267
2247
2199
2138
2106
2078
2054
2026
1977
1887
1886
1838
1831
1786
1773
1729
1672
1610
1593
1462
1263
1246
1241
1230
1144
1120
1056
929
836
722
674
644
514
479
446
418
347
281
276
239
176
121
11
