99960
99949
99921
99888
99885
99755
99733
99637
99634
99537
99532
99519
99450
99437
99369
99342
99340
99324
99264
99205
99184
99099
99026
98996
98992
98988
98965
98947
98792
98783
98759
98728
98721
98643
98593
98567
98505
98481
98454
98451
98434
98381
98376
98177
98126
98020
98005
97990
97960
97938
97919
97915
97911
97885
97750
97613
97553
97535
97531
97442
97414
97388
97350
97322
97207
97171
97166
97107
97057
96948
96924
96862
96861
96841
96833
96724
96663
96658
96628
96518
96493
96473
96419
96419
96386
96317
96231
96159
96127
95910
95803
95742
95731
95714
95653
95534
95469
95454
95352
95338
95155
94992
94930
94896
94895
94849
94840
94753
94718
94696
94684
94622
94608
94599
94537
94522
94453
94394
94371
94233
94205
94180
94025
94005
93905
93886
93837
93797
93782
93773
93610
93597
93528
93448
93308
93281
93227
93184
93116
92849
92539
92496
92253
92249
92167
92154
91980
91960
91926
91897
91837
91824
91809
91762
91753
91741
91725
91566
91557
91540
91532
91439
91394
91327
91164
91152
91135
91016
91002
90918
90881
90740
90632
90524
90507
90475
90455
90386
90348
90254
90253
90250
90172
90168
90101
90087
90020
90006
89876
89856
89844
89819
89698
89557
89512
89509
89473
89468
89457
89379
89235
89211
89141
89088
89060
89009
88951
88874
88827
88824
88791
88785
88758
88754
88713
88574
88551
88510
88440
88402
88370
88327
88290
88270
88240
88233
88221
88160
87998
87988
87981
87918
87837
87832
87577
87489
87465
87430
87348
87307
87284
87186
87151
87130
87112
87100
86955
86935
86927
86894
86848
86829
86777
86722
86698
86562
86520
86506
86387
86379
86379
86354
86338
86241
86149
85967
85852
85824
85797
85785
85738
85721
85720
85715
85714
85654
85624
85566
85422
85405
85403
85400
85400
85394
85347
85309
85301
85219
85167
85065
85056
85053
85008
84998
84979
84885
84836
84827
84791
84725
84687
84648
84512
84439
84373
84278
84268
84248
84236
84176
84162
84119
84093
84011
83991
83939
83874
83796
83784
83671
83604
83530
83521
83505
83457
83420
83368
83269
83203
83134
83045
83011
82991
82991
82905
82800
82775
82684
82651
82638
82591
82578
82407
82368
82365
82331
82299
82294
82294
82268
82242
82212
82199
82094
82018
81847
81763
81657
81629
81610
81551
81544
81493
81431
81405
81403
81312
81289
81213
81212
81181
81120
81086
80979
80939
80876
80841
80771
80749
80656
80593
80561
80521
80505
80500
80441
80398
80330
80174
80114
80110
80079
80056
80034
80010
80006
80004
79936
79899
79873
79833
79813
79732
79604
79602
79551
79513
79462
79298
79285
79173
79162
79149
79085
79040
79024
78986
78967
78963
78913
78855
78831
78829
78808
78784
78746
78696
78626
78513
78511
78440
78380
78292
78259
78214
78012
77993
77959
77948
77874
77849
77843
77778
77668
77662
77591
77544
77492
77476
77447
77445
77440
77218
77087
77071
77068
77016
76993
76946
76862
76819
76757
76673
76637
76599
76519
76449
76441
76418
76326
76299
76219
76214
76157
76148
76146
76117
75964
75894
75884
75873
75867
75796
75756
75725
75721
75599
75582
75540
75417
75388
75289
75254
75241
75198
75157
75113
75077
75016
74990
74947
74890
74867
74835
74765
74751
74537
74476
74425
74328
74299
74264
74227
74183
74170
74156
74081
73958
73933
73897
73880
73879
73776
73756
73739
73732
73678
73629
73536
73435
73386
73377
73332
73177
73154
73154
73094
73069
73033
72992
72983
72871
72862
72752
72742
72640
72621
72588
72560
72530
72529
72523
72431
72424
72386
72382
72378
72300
72293
72290
72270
72207
72127
72122
72089
71974
71962
71869
71866
71855
71813
71725
71707
71701
71695
71666
71657
71655
71513
71396
71386
71361
71342
71311
71275
71180
71145
71054
71049
70973
70814
70789
70768
70718
70709
70654
70560
70469
70453
70426
70426
70339
70310
70214
70194
70064
69993
69943
69871
69828
69755
69747
69721
69707
69704
69696
69655
69544
69483
69394
69350
69297
69281
69269
69183
69170
69147
69126
69038
69017
68961
68859
68808
68734
68669
68564
68451
68441
68439
68394
68360
68331
68312
68281
68186
68126
68093
68047
68041
67952
67939
67928
67865
67703
67666
67638
67622
67513
67502
67443
67109
67105
67100
67093
67013
66972
66883
66864
66769
66728
66716
66671
66661
66604
66546
66518
66484
66419
66375
66336
66307
66283
66191
66132
66092
66050
65944
65926
65918
65905
65862
65852
65714
65683
65635
65615
65581
65501
65488
65470
65362
65337
65315
65272
65253
65176
65127
65097
65082
65029
65022
65012
64992
64962
64960
64959
64935
64889
64845
64805
64785
64713
64700
64672
64632
64606
64594
64592
64562
64475
64399
64328
64260
64206
64202
64132
64064
63961
63960
63945
63874
63733
63732
63709
63504
63501
63420
63402
63365
63347
63304
63254
63206
63166
63138
63082
63074
63068
63048
62993
62896
62860
62854
62830
62816
62712
62670
62590
62550
62494
62491
62431
62285
62244
62238
62214
62178
62149
62109
62107
62096
61930
61917
61896
61844
61795
61786
61681
61406
61395
61325
61277
61263
61194
61187
61102
61061
60998
60909
60892
60881
60834
60803
60763
60730
60724
60643
60627
60598
60476
60371
60367
60350
60263
60256
60215
60103
60093
60020
59942
59939
59935
59833
59789
59589
59508
59505
59458
59299
59198
59189
59185
59164
59135
59085
58917
58753
58718
58655
58636
58579
58502
58495
58434
58403
58379
58351
58213
58205
58201
58172
58156
58114
58088
57988
57953
57881
57849
57774
57742
57620
57526
57487
57427
57395
57283
57261
57243
57218
57199
57142
57112
57107
57089
56965
56838
56821
56781
56765
56678
56634
56494
56429
56370
56322
56279
56206
56118
56022
56014
55960
55862
55823
55751
55746
55684
55653
55624
55598
55420
55417
55402
55325
55253
55163
55029
54951
54877
54859
54833
54816
54698
54601
54599
54501
54499
54493
54468
54457
54456
54427
54425
54401
54313
54304
54297
54243
54170
54162
54030
53995
53971
53960
53904
53876
53862
53829
53813
53784
53642
53604
53589
53578
53515
53492
53269
53203
53170
53126
52979
52966
52937
52935
52902
52872
52722
52692
52681
52640
52629
52311
52247
52182
52180
52131
52016
51998
51989
51983
51982
51981
51906
51900
51885
51882
51870
51860
51850
51836
51711
51616
51520
51495
51408
51400
51303
51217
51198
51116
51110
51103
51036
51023
50968
50916
50770
50743
50673
50617
50582
50526
50511
50453
50442
50362
50293
50223
50165
50161
50056
50041
50013
50002
49994
49533
49510
49494
49409
49379
49263
49216
49212
49203
49146
49110
49040
48991
48966
48951
48904
48900
48833
48768
48655
48648
48367
48322
48313
48077
48071
48059
47959
47948
47793
47788
47755
47645
47448
47416
47391
47373
47367
47353
47328
47328
47159
47135
47044
46987
46985
46974
46972
46970
46949
46800
46793
46787
46739
46720
46543
46490
46484
46444
46435
46431
46363
46209
46194
46186
46164
46143
46138
46113
46096
46026
45978
45907
45830
45672
45663
45635
45454
45367
45260
45186
45170
45106
45068
44990
44884
44883
44878
44838
44809
44477
44417
44205
44127
44123
44083
44082
44070
44049
44049
43929
43860
43781
43760
43709
43691
43689
43532
43406
43336
43316
43280
43279
43238
43169
43090
43014
42904
42841
42823
42770
42754
42731
42621
42598
42557
42552
42495
42410
42402
42310
42291
42290
42236
42216
42176
42067
42010
42000
41976
41957
41955
41860
41841
41787
41765
41683
41589
41508
41505
41485
41407
41279
41190
41168
41106
41096
41029
40965
40953
40940
40911
40865
40850
40842
40841
40811
40808
40731
40481
40469
40376
40331
40281
40276
40261
40185
40173
40113
40052
40004
39959
39938
39921
39898
39862
39821
39817
39802
39338
39295
39293
39257
39253
39165
39152
39094
39073
39050
39044
39022
38930
38923
38835
38821
38759
38724
38695
38679
38654
38637
38602
38591
38589
38482
38416
38415
38394
38315
38312
38268
38219
38158
37957
37870
37844
37742
37659
37601
37501
37403
37323
37293
37272
37211
37177
37084
37020
36979
36894
36868
36867
36853
36841
36723
36691
36676
36634
36596
36568
36562
36376
36314
36310
36269
36257
36209
36151
36138
36121
36061
36061
36057
35977
35910
35907
35894
35831
35818
35812
35803
35790
35715
35707
35635
35577
35576
35545
35481
35471
35468
35302
35219
35057
34993
34943
34924
34839
34779
34778
34753
34741
34696
34587
34553
34373
34280
34134
33982
33928
33854
33820
33733
33730
33700
33656
33628
33599
33549
33516
33463
33405
33353
33219
33209
33198
33178
33103
33030
32936
32905
32880
32859
32859
32817
32804
32787
32698
32633
32575
32550
32449
32398
32384
32376
32372
32341
32240
32239
32174
32166
32165
32157
32136
32087
32079
31984
31922
31908
31868
31836
31811
31664
31655
31613
31604
31501
31470
31453
31424
31384
31190
31115
31108
31099
31034
30903
30820
30796
30750
30721
30688
30684
30657
30616
30507
30475
30470
30417
30386
30354
30077
29960
29910
29870
29847
29828
29793
29792
29642
29635
29596
29568
29521
29516
29510
29490
29477
29419
29383
29369
29360
29228
29201
29069
29066
28960
28900
28861
28831
28766
28760
28720
28687
28644
28622
28593
28559
28517
28516
28507
28452
28444
28360
28346
28284
28185
28169
28147
28060
27961
27929
27799
27793
27771
27634
27595
27578
27481
27448
27442
27412
27345
27288
27231
27095
27083
27072
27015
26984
26932
26914
26888
26839
26803
26779
26765
26755
26678
26657
26655
26468
26440
26426
26386
26379
26305
26254
26249
26213
26134
26013
25952
25793
25790
25789
25774
25757
25726
25658
25597
25576
25494
25447
25444
25347
25346
25297
25289
25288
25255
25229
24946
24925
24918
24895
24885
24819
24810
24742
24516
24509
24419
24401
24320
24295
24106
24047
23975
23907
23859
23851
23747
23728
23677
23561
23456
23354
23313
23248
23222
23159
23027
22934
22906
22888
22885
22875
22812
22778
22720
22672
22620
22564
22542
22359
22342
22324
22321
22296
22281
22276
22250
22188
22156
22098
22093
22080
22019
21969
21940
21928
21855
21813
21771
21727
21689
21661
21645
21608
21555
21543
21455
21445
21440
21413
21359
21270
21182
21098
20827
20808
20757
20755
20742
20740
20740
20646
20612
20605
20602
20557
20492
20302
20189
20173
20110
20097
20084
20025
20018
20017
19966
19941
19931
19807
19777
19738
19720
19713
19701
19612
19541
19521
19339
19337
19273
19232
19029
18987
18924
18918
18901
18897
18869
18747
18704
18618
18590
18574
18463
18384
18316
18250
18223
18195
18165
18159
18044
18018
17922
17893
17868
17866
17765
17708
17706
17677
17659
17559
17476
17443
17388
17381
17373
17358
17349
17267
17251
17218
17005
16980
16680
16587
16521
16388
16375
16311
16309
16228
16204
16055
15988
15971
15913
15871
15861
15810
15767
15750
15735
15718
15707
15679
15679
15649
15627
15580
15562
15439
15435
15428
15385
15341
15335
15329
15282
15264
15238
15238
15156
15130
15122
15070
14945
14913
14767
14750
14693
14683
14635
14530
14413
14363
14362
14334
14329
14317
14178
13997
13967
13966
13957
13930
13896
13891
13824
13809
13808
13776
13756
13744
13743
13737
13652
13522
13489
13398
13289
13235
13187
13109
13049
13039
12984
12977
12889
12872
12795
12768
12761
12704
12666
12619
12567
12541
12529
12452
12427
12344
12323
12305
12209
12193
12180
12132
12127
12110
12025
11988
11875
11765
11744
11720
11648
11616
11594
11568
11520
11481
11480
11478
11454
11440
11436
11412
11380
11374
11369
11256
11141
11115
10990
10940
10779
10775
10772
10715
10672
10585
10563
10476
10460
10355
10337
10258
10218
10214
10184
9953
9944
9927
9909
9832
9662
9530
9529
9516
9420
9408
9386
9374
9298
9117
9081
8937
8928
8851
8816
8763
8759
8747
8723
8722
8681
8659
8422
8365
8364
8294
8254
8232
8219
8204
8181
8167
8159
8102
8003
7908
7854
7763
7732
7719
7711
7684
7673
7661
7644
7620
7616
7616
7512
7456
7426
7362
7292
7256
7241
7197
7001
6856
6826
6708
6673
6668
6644
6567
6561
6524
6508
6485
6453
6441
6433
6426
6402
6218
6197
6191
6113
6016
5981
5963
5920
5916
5750
5737
5664
5653
5631
5534
5249
5161
5150
5140
4905
4812
4750
4717
4713
4684
4683
4655
4643
4598
4542
4511
4383
4313
4296
4264
4233
4119
4092
4017
3919
3857
3763
3755
3700
3698
3671
3652
3599
3575
3499
3434
3422
3351
3273
3229
3134
3110
3097
3024
3015
2967
2918
2819
2789
2788
2710
2709
2678
2655
2614
2539
2475
2466
2303
2302
2162
2074
2045
1995
1955
1931
1913
1892
1789
1645
1641
1628
1434
1423
1414
1298
1234
1214
1042
1041
1015
1012
620
540
473
341
289
269
202
177
130
102
41
25
