99945
99907
99875
99863
99794
99764
99743
99736
99721
99696
99666
99636
99583
99571
99554
99542
99474
99463
99443
99437
99408
99401
99363
99324
99297
99235
99196
99140
99116
99063
99030
99028
98928
98823
98791
98737
98704
98696
98664
98583
98383
98340
98331
98317
98275
98185
98171
98018
97945
97850
97840
97818
97776
97721
97717
97535
97468
97463
97433
97389
97275
97275
97226
97220
97162
97088
96917
96892
96887
96816
96801
96739
96679
96598
96591
96507
96499
96491
96387
96335
96327
96133
96129
96128
96113
96106
95933
95909
95878
95868
95805
95790
95698
95572
95542
95503
95468
95421
95409
95366
95364
95343
95296
95287
95238
95209
95122
95118
95066
95028
94971
94831
94829
94645
94580
94410
94317
94307
94263
94190
94180
94169
94056
94028
94019
93982
93948
93944
93899
93831
93720
93590
93588
93496
93484
93427
93388
93387
93242
93233
93208
93091
93089
93087
93067
93014
93007
92909
92868
92821
92774
92688
92610
92577
92561
92528
92507
92500
92410
92325
92322
92230
92127
92029
91991
91883
91825
91777
91766
91709
91650
91594
91560
91556
91505
91452
91446
91421
91119
91077
90959
90952
90895
90868
90818
90765
90694
90667
90629
90604
90404
90340
90130
89993
89959
89956
89891
89844
89812
89811
89669
89433
89422
89165
89094
89080
89034
88923
88867
88847
88726
88725
88687
88678
88590
88518
88483
88203
88177
88154
88132
88043
88020
87962
87876
87860
87815
87682
87668
87625
87574
87516
87507
87494
87398
87284
87241
87214
87145
87107
87097
87091
87019
86882
86870
86821
86795
86761
86746
86640
86580
86516
86483
86465
86317
86261
86205
86122
86026
85962
85878
85781
85738
85726
85668
85504
85498
85462
85443
85403
85358
85259
85237
85237
85220
85208
85166
85158
85153
85096
85081
84958
84883
84876
84789
84763
84730
84707
84650
84591
84585
84559
84511
84467
84304
84301
84235
84225
84038
84016
84010
83992
83981
83975
83951
83936
83923
83881
83832
83779
83708
83520
83445
83439
83424
83412
83352
83340
83282
83279
83233
83222
83119
83053
82948
82809
82733
82724
82722
82718
82714
82677
82631
82556
82547
82458
82427
82394
82363
82282
82214
81991
81898
81844
81781
81770
81651
81586
81541
81465
81425
81331
81320
81231
81221
81218
81098
80781
80632
80494
80441
80416
80261
80221
80208
80138
80128
80073
79966
79928
79920
79861
79849
79838
79778
79750
79695
79658
79636
79578
79543
79485
79480
79436
79357
79269
79212
79105
79103
79006
78915
78887
78815
78750
78697
78669
78615
78601
78508
78494
78475
78461
78460
78307
78296
78183
78109
78081
78049
78020
77901
77859
77850
77765
77732
77674
77648
77626
77559
77517
77517
77400
77381
77367
77308
77305
77267
77258
77065
76856
76774
76701
76676
76643
76553
76547
76507
76483
76429
76385
76349
76331
76322
76185
76175
76086
76064
76061
75934
75908
75898
75897
75889
75833
75832
75799
75730
75720
75672
75656
75651
75625
75590
75568
75535
75508
75483
75422
75364
75363
75358
75340
75315
75242
75091
75073
75070
74907
74835
74816
74775
74720
74711
74612
74491
74478
74456
74430
74318
74264
74240
74233
74160
74106
73960
73889
73782
73730
73725
73674
73648
73618
73608
73581
73524
73447
73403
73388
73330
73253
73217
73192
73168
73097
73053
73006
72955
72905
72821
72789
72732
72724
72711
72607
72581
72580
72416
72316
72314
72247
71992
71873
71798
71728
71693
71674
71640
71605
71590
71570
71547
71515
71509
71456
71417
71395
71393
71370
71291
71265
71261
71038
70957
70915
70880
70850
70833
70790
70782
70760
70640
70632
70623
70601
70546
70543
70521
70494
70454
70444
70433
70423
70367
70041
69977
69936
69663
69566
69530
69507
69507
69468
69458
69424
69419
69384
69381
69377
69301
69211
69189
69147
69051
68936
68846
68796
68753
68619
68614
68557
68548
68523
68519
68443
68370
68252
68250
68228
68220
68141
67894
67878
67814
67794
67701
67662
67558
67548
67537
67508
67409
67408
67332
67258
67206
67101
67087
67048
67030
67029
66924
66861
66834
66775
66751
66743
66737
66678
66675
66657
66564
66455
66447
66444
66402
66398
66397
66384
66383
66324
66297
66243
66183
66088
65916
65902
65828
65802
65692
65654
65542
65535
65531
65509
65490
65269
65265
65227
65201
65195
65117
65063
65063
65044
64940
64939
64926
64830
64802
64772
64758
64713
64661
64644
64641
64584
64577
64552
64362
64352
64312
64289
64255
64134
64081
64063
63943
63897
63858
63831
63787
63716
63712
63661
63640
63618
63602
63592
63523
63453
63448
63447
63446
63415
63404
63315
63280
63198
63157
63141
63117
63097
63070
63044
63012
62954
62940
62940
62906
62854
62827
62698
62697
62671
62647
62600
62580
62441
62360
62335
62326
62183
62134
62111
62076
62053
61955
61942
61853
61836
61835
61775
61652
61649
61628
61555
61345
61315
61308
61263
61246
61244
61211
61133
61043
60986
60917
60875
60704
60644
60632
60614
60595
60400
60384
60378
60371
60314
60245
59958
59935
59809
59771
59703
59504
59479
59479
59476
59344
59337
59310
59201
59180
59135
59107
59039
59021
58845
58771
58727
58666
58623
58585
58548
58387
58335
58258
58197
58157
58096
58084
58054
58037
57984
57968
57954
57893
57840
57659
57638
57592
57562
57485
57448
57422
57416
57333
57306
57297
57223
57194
57105
57098
57078
56986
56960
56956
56945
56884
56866
56838
56804
56684
56640
56608
56601
56465
56388
56374
56296
56178
56143
56139
55999
55995
55846
55799
55791
55719
55460
55400
55327
55313
55283
55273
55213
55207
55152
55096
55050
55003
54990
54918
54803
54745
54724
54717
54667
54625
54592
54504
54482
54449
54358
54303
54302
54221
54100
54057
53984
53891
53882
53819
53804
53781
53731
53710
53673
53665
53651
53647
53601
53531
53522
53498
53440
53410
53339
53283
53276
53271
53059
53000
52932
52898
52880
52840
52827
52776
52765
52742
52709
52682
52655
52493
52445
52404
52404
52350
52244
52102
52091
51965
51939
51916
51904
51877
51871
51869
51862
51826
51755
51715
51683
51634
51605
51593
51567
51533
51432
51338
51202
51133
51080
51076
51039
50911
50872
50781
50775
50754
50736
50676
50583
50544
50535
50514
50377
50357
50348
50331
50222
50157
50149
50137
50094
50057
50034
50027
49940
49897
49881
49705
49682
49581
49573
49570
49536
49529
49517
49507
49383
49357
49243
49237
49222
49134
49088
49054
49000
48973
48871
48842
48798
48761
48741
48730
48664
48628
48535
48470
48437
48343
48238
48231
48062
48051
48051
48018
47916
47886
47847
47768
47668
47639
47611
47544
47518
47386
47370
47336
47313
47290
47236
47234
47204
47204
47176
47078
47002
46978
46976
46962
46884
46864
46841
46588
46540
46522
46455
46430
46345
46220
46132
46125
46076
46007
45959
45935
45907
45904
45839
45835
45826
45807
45789
45779
45700
45608
45582
45577
45532
45474
45463
45436
45431
45360
45261
45161
45085
45060
44894
44846
44844
44832
44780
44760
44621
44617
44614
44551
44516
44499
44418
44380
44193
44191
44109
44079
44074
44015
44009
43951
43915
43901
43880
43864
43852
43844
43612
43564
43506
43469
43463
43438
43281
43140
43109
43067
43004
42992
42981
42971
42960
42950
42815
42809
42804
42723
42654
42493
42472
42338
42334
42325
42317
42182
42178
42155
42152
42139
42107
42065
42042
42035
42031
41974
41935
41906
41895
41866
41707
41653
41594
41551
41549
41514
41489
41458
41456
41442
41436
41385
41377
41303
41288
41213
41205
41138
40910
40896
40781
40759
40741
40685
40524
40507
40484
40442
40421
40417
40349
40335
40326
40314
40201
40165
40099
40004
39988
39935
39915
39808
39784
39648
39586
39556
39471
39421
39411
39320
39300
39279
39085
39028
39026
38873
38845
38828
38789
38788
38741
38730
38560
38549
38396
38346
38262
38175
38171
38168
38066
37995
37994
37963
37960
37880
37795
37787
37756
37740
37740
37736
37661
37653
37612
37584
37529
37519
37501
37471
37467
37339
37307
37154
37151
37150
37128
37107
37101
37044
36987
36953
36900
36795
36739
36733
36608
36563
36534
36472
36444
36408
36386
36332
36228
36228
36184
36075
36056
36036
36023
35912
35901
35893
35830
35812
35771
35663
35661
35477
35476
35459
35381
35359
35326
35317
35294
35204
35169
35096
35069
34929
34891
34879
34863
34859
34801
34718
34666
34644
34517
34508
34488
34344
34339
34287
34278
34251
34191
34191
34160
33974
33872
33862
33772
33716
33713
33660
33590
33566
33552
33508
33482
33449
33421
33372
33221
33104
32967
32749
32699
32656
32646
32639
32629
32609
32595
32529
32461
32458
32348
32327
32304
32270
32244
32103
32075
32051
31993
31969
31949
31947
31914
31864
31827
31778
31672
31655
31651
31537
31486
31485
31468
31369
31344
31325
31290
31243
31150
31121
31117
31038
31021
30884
30753
30746
30723
30677
30577
30572
30557
30479
30340
30334
30225
30211
30189
30136
30073
30023
30007
29992
29979
29896
29805
29786
29782
29780
29683
29671
29630
29571
29492
29470
29349
29297
29242
29239
29228
29217
29213
29118
29078
29056
29012
28868
28811
28759
28628
28560
28557
28362
28362
28311
28308
28273
28248
28240
28225
28204
28169
28073
28068
28066
28056
27950
27919
27716
27656
27648
27562
27548
27524
27522
27476
27468
27462
27281
27182
27180
27161
27125
27007
26994
26899
26895
26892
26868
26824
26688
26631
26620
26511
26505
26493
26487
26486
26481
26369
26355
26304
26260
26256
26228
26199
26155
26152
26148
26146
26104
26017
25938
25802
25770
25673
25610
25546
25463
25463
25454
25401
25344
25331
25327
25068
24894
24857
24836
24755
24753
24700
24584
24482
24469
24423
24351
24321
24271
24250
24247
24234
24147
24134
24046
24025
23995
23965
23900
23885
23742
23706
23594
23531
23526
23456
23413
23407
23396
23196
23176
23173
23055
22992
22926
22924
22907
22797
22634
22580
22380
22344
22334
22293
22245
22139
22071
22043
22029
22004
21996
21951
21945
21929
21861
21812
21789
21775
21727
21601
21572
21548
21538
21458
21415
21336
21335
21309
21297
21274
21271
21249
21178
21150
21108
21077
21011
20981
20924
20840
20797
20696
20668
20605
20565
20377
20347
20296
20075
20035
19898
19862
19815
19810
19798
19691
19682
19656
19570
19564
19506
19483
19400
19308
19269
19216
19150
19121
19119
19091
19069
18890
18849
18770
18770
18647
18601
18553
18541
18523
18495
18494
18400
18329
18229
18158
18084
18029
17973
17937
17852
17739
17644
17615
17462
17394
17369
17337
17287
17279
17277
17202
17181
17139
17109
17071
17038
17018
17011
17005
16996
16995
16966
16962
16939
16926
16915
16851
16833
16742
16728
16722
16669
16622
16582
16519
16515
16512
16489
16460
16453
16444
16267
16251
16217
16209
16195
16179
16114
16063
16057
16016
15996
15984
15933
15931
15841
15694
15683
15640
15602
15596
15493
15420
15406
15394
15382
15342
15271
15167
15144
15117
15094
15025
14941
14935
14910
14909
14786
14623
14604
14549
14489
14408
14331
14282
14254
14251
14238
14228
14206
14204
14203
14087
13980
13960
13868
13859
13750
13715
13712
13706
13700
13694
13668
13643
13629
13625
13608
13587
13512
13464
13410
13407
13366
13351
13349
13327
13282
13275
13258
13251
13172
13110
13042
13029
12903
12844
12756
12628
12598
12466
12405
12399
12320
12287
12272
12156
11947
11941
11938
11786
11751
11742
11719
11586
11535
11505
11453
11438
11367
11190
11101
11081
11074
11063
10928
10907
10788
10783
10769
10751
10746
10636
10599
10482
10447
10418
10383
10372
10315
10123
10095
10046
10028
9902
9881
9879
9861
9846
9835
9790
9777
9760
9599
9569
9495
9418
9373
9295
9061
9055
9032
8945
8851
8782
8738
8618
8566
8525
8519
8456
8389
8380
8218
8216
8021
8002
7941
7895
7889
7874
7743
7729
7514
7453
7403
7368
7362
7257
7220
7195
7099
7099
7061
7050
6990
6978
6961
6929
6915
6854
6848
6837
6828
6813
6643
6635
6614
6384
6310
6277
6276
6232
6184
6184
6162
6131
6086
6086
6054
6050
6010
5950
5889
5856
5831
5780
5738
5735
5730
5637
5626
5431
5412
5395
5369
5361
5343
5182
5098
5037
5019
5008
4937
4928
4790
4740
4700
4664
4654
4607
4421
4314
4248
4209
4085
4051
4028
4019
3804
3739
3626
3602
3582
3556
3547
3424
3413
3374
3356
3306
3208
3204
3200
3199
3150
3147
3103
3070
3042
3016
3009
2915
2844
2704
2624
2569
2512
2465
2353
2313
2296
2282
2246
2229
2132
2120
2053
1932
1923
1919
1871
1800
1792
1777
1768
1660
1645
1595
1544
1542
1462
1359
1314
1299
1283
1264
1170
1148
913
868
845
820
732
644
587
568
565
538
529
465
444
413
412
383
285
268
88
36
