99993
99839
99837
99707
99688
99615
99613
99576
99456
99445
99375
99335
99294
99267
99244
99238
99219
99205
99071
99025
99017
98982
98881
98723
98639
98607
98559
98557
98441
98431
98386
98383
98228
98152
98150
98113
98056
98040
97955
97945
97933
97880
97811
97797
97763
97623
97573
97561
97478
97451
97288
97251
97249
97246
97142
97113
97081
97019
96926
96924
96883
96789
96660
96569
96502
96289
96280
96157
96087
96022
96014
95924
95842
95768
95746
95739
95612
95603
95593
95587
95555
95546
95447
95389
95345
95328
95275
95257
95236
95186
95185
95148
94958
94760
94759
94738
94706
94665
94651
94636
94631
94624
94618
94355
94323
94279
94263
94194
94130
94109
94105
94088
94028
94011
94000
93930
93918
93908
93889
93748
93690
93673
93654
93614
93560
93491
93392
93375
93238
93167
93115
93052
93046
93025
92982
92978
92927
92841
92836
92763
92672
92654
92572
92422
92199
92160
92117
92062
91946
91834
91820
91678
91552
91539
91519
91515
91500
91484
91447
91403
91374
91302
91288
91285
91181
91158
91135
91122
91114
91104
91075
90824
90495
90390
90356
90304
90279
90245
90242
90165
90146
90104
90088
90059
90042
89989
89953
89907
89888
89873
89853
89851
89730
89692
89671
89627
89407
89353
89180
89102
89064
89050
89044
88901
88836
88763
88761
88686
88638
88633
88626
88607
88579
88480
88459
88451
88446
88440
88434
88371
88308
88292
88156
88133
88131
88113
88107
87965
87822
87769
87722
87637
87566
87552
87530
87505
87429
87425
87409
87395
87345
87264
87256
87243
87219
87054
87043
87036
86985
86934
86750
86679
86414
86337
86270
86187
85972
85957
85903
85900
85897
85845
85820
85782
85771
85759
85718
85650
85646
85464
85462
85384
85354
85350
85305
85266
85255
85118
85094
85050
85015
85006
84907
84781
84754
84730
84721
84703
84647
84643
84596
84564
84562
84540
84484
84476
84355
84321
84195
84138
84135
84132
84105
84105
83997
83924
83896
83836
83824
83787
83665
83631
83601
83552
83542
83489
83451
83404
83369
83281
83269
83263
83224
83208
83171
83095
83048
83043
82842
82828
82821
82800
82784
82776
82710
82708
82698
82682
82643
82624
82622
82611
82477
82417
82275
82215
82166
82136
82132
82108
82018
81948
81910
81784
81654
81537
81438
81373
81373
81340
81328
81244
81161
81121
80989
80976
80927
80899
80839
80817
80620
80602
80595
80562
80497
80402
80389
80336
80259
80217
80215
80190
80122
80106
79963
79897
79786
79745
79693
79675
79629
79503
79499
79482
79256
79252
79227
79143
79124
79118
79097
79085
79040
78979
78905
78855
78836
78784
78765
78670
78664
78619
78552
78550
78547
78457
78370
78249
78236
78206
78184
78089
78060
78052
78027
77852
77839
77766
77751
77744
77694
77692
77650
77589
77528
77393
77323
77184
77166
77080
77062
77036
76938
76922
76908
76874
76856
76815
76807
76730
76664
76652
76626
76608
76556
76479
76461
76437
76423
76381
76304
76300
76031
76005
75968
75909
75892
75892
75880
75781
75761
75710
75682
75655
75652
75621
75590
75494
75473
75443
75404
75375
75353
75353
75336
75281
75277
75253
75123
75086
75049
75030
75021
74991
74977
74947
74927
74924
74878
74863
74833
74675
74600
74591
74557
74543
74360
74248
74229
74203
74061
73989
73947
73799
73793
73719
73716
73692
73582
73538
73517
73493
73477
73477
73476
73424
73368
73357
73315
73244
73170
73044
73023
73013
72989
72981
72977
72801
72671
72598
72597
72588
72517
72474
72453
72424
72379
72352
72346
72231
72210
72178
72141
72093
72081
72069
72067
71956
71913
71845
71773
71757
71727
71724
71681
71674
71658
71647
71587
71520
71463
71449
71432
71188
71178
71164
71135
71041
71030
70969
70898
70811
70802
70742
70728
70613
70564
70561
70538
70477
70293
70273
70256
70191
70180
70167
70046
70035
69877
69858
69790
69760
69756
69742
69698
69672
69650
69612
69433
69389
69372
69371
69293
69288
69280
69147
69145
69017
68979
68971
68935
68880
68818
68781
68756
68738
68658
68549
68526
68497
68449
68447
68447
68381
68069
68003
67818
67798
67796
67781
67719
67676
67573
67537
67506
67441
67390
67344
67331
67294
67278
67253
67190
67139
66935
66885
66757
66756
66646
66645
66541
66525
66524
66486
66446
66394
66346
66335
66255
66249
66174
66166
66163
66113
66103
66078
66028
66004
65940
65904
65871
65738
65720
65687
65686
65623
65599
65585
65472
65352
65300
65271
65195
65085
65065
65011
64938
64927
64926
64915
64878
64829
64819
64770
64745
64707
64646
64557
64549
64448
64440
64363
64201
64189
64118
64090
64041
64034
64012
63986
63977
63928
63885
63809
63805
63730
63679
63664
63630
63614
63586
63583
63557
63543
63505
63480
63457
63389
63382
63319
63253
63244
63226
63142
63122
63087
63045
63039
62988
62892
62870
62815
62813
62771
62764
62730
62720
62709
62706
62706
62700
62675
62660
62643
62631
62450
62387
62361
62328
62306
62250
62250
62209
62087
62052
62008
61930
61926
61857
61815
61764
61722
61648
61623
61542
61432
61425
61380
61369
61350
61289
61239
61074
60965
60961
60898
60897
60877
60843
60759
60690
60646
60611
60610
60469
60461
60430
60372
60364
60331
60205
60196
60195
60193
60058
59979
59951
59802
59785
59774
59636
59540
59391
59283
59259
59199
59195
59183
59182
59140
59133
59128
59108
59093
59071
59058
58984
58969
58953
58914
58836
58814
58508
58475
58472
58468
58167
58040
57944
57595
57564
57439
57419
57277
57254
57207
57157
57152
57115
57063
57026
56829
56782
56777
56724
56709
56652
56645
56629
56518
56501
56408
56408
56328
56297
56282
56200
56191
56168
56148
56037
55986
55959
55918
55910
55896
55813
55778
55716
55600
55580
55443
55331
55267
55120
55048
55034
55011
54915
54756
54717
54602
54482
54468
54452
54405
54383
54343
54320
54307
54285
54273
54245
54205
54075
54040
54022
54022
54011
53974
53944
53938
53925
53876
53876
53869
53869
53838
53493
53367
53338
53284
53185
53155
53126
52894
52818
52804
52789
52768
52712
52684
52604
52347
52258
52216
52175
51968
51918
51914
51882
51859
51766
51747
51695
51583
51508
51506
51459
51390
51355
51329
51290
51257
51228
51223
51113
50993
50984
50956
50892
50869
50851
50850
50833
50784
50741
50724
50704
50679
50658
50625
50615
50539
50503
50502
50490
50487
50473
50432
50374
50356
50351
50238
50169
50165
50156
50069
50019
49972
49908
49895
49863
49805
49791
49718
49592
49395
49366
49348
49314
49303
49185
49062
49027
49019
48990
48980
48975
48897
48864
48840
48832
48784
48734
48733
48686
48666
48662
48552
48524
48504
48496
48313
48258
48253
48193
48174
48138
48114
48039
48038
48010
47999
47988
47926
47887
47821
47801
47762
47712
47707
47684
47616
47574
47472
47468
47436
47434
47432
47400
47351
47290
47209
47198
47123
47012
46964
46921
46885
46871
46756
46651
46640
46624
46619
46615
46605
46546
46526
46467
46404
46384
46330
46152
46096
46090
46066
45798
45785
45768
45743
45720
45669
45552
45490
45342
45148
45106
45100
45051
45034
44972
44960
44935
44933
44889
44864
44798
44748
44712
44706
44535
44474
44405
44277
44218
44111
44071
44046
43997
43952
43934
43873
43744
43729
43640
43596
43498
43436
43342
43226
43147
43134
43017
42740
42710
42642
42586
42549
42485
42483
42453
42440
42437
42353
42272
42271
42138
42114
42106
41957
41916
41883
41857
41767
41734
41611
41563
41423
41353
41332
41289
41264
41246
41239
41200
41183
41160
41135
41107
41099
41080
41077
41067
40947
40819
40789
40772
40712
40686
40588
40503
40385
40330
40171
40154
40148
40075
40059
39963
39728
39703
39694
39668
39522
39311
39219
39217
39215
39184
39180
39145
39128
39119
39106
39072
39047
38988
38931
38902
38718
38702
38680
38670
38452
38438
38378
38347
38329
38305
38165
38049
38000
37993
37989
37965
37925
37861
37852
37736
37730
37640
37535
37512
37500
37456
37404
37392
37356
37342
37330
37308
37262
37238
37236
37186
37150
37044
36978
36913
36901
36858
36812
36774
36719
36708
36679
36621
36497
36476
36470
36438
36409
36327
36262
36182
36092
36088
36049
36029
36021
35985
35947
35859
35802
35738
35711
35693
35626
35595
35519
35510
35380
35356
35356
35315
35277
35241
35195
35115
35071
35019
35019
34937
34920
34909
34821
34820
34787
34775
34767
34633
34618
34610
34564
34549
34544
34537
34502
34424
34298
34291
34291
34275
34235
34209
34083
34047
33979
33743
33687
33632
33584
33548
33537
33463
33457
33453
33443
33432
33302
33247
33145
33026
32942
32934
32896
32824
32791
32787
32692
32632
32613
32581
32572
32541
32522
32504
32396
32142
32123
32122
32071
32054
32029
31930
31880
31845
31821
31749
31729
31645
31621
31583
31570
31560
31548
31507
31441
31348
31166
31153
31018
31013
30927
30848
30847
30823
30796
30686
30581
30577
30529
30460
30449
30432
30390
30366
30251
30023
30018
30007
29963
29897
29879
29876
29863
29608
29517
29502
29433
29389
29321
29309
29271
29261
29243
29212
29173
29170
29148
29131
29119
29117
29095
29042
29014
28920
28854
28815
28763
28762
28710
28646
28646
28635
28610
28528
28493
28455
28426
28399
28353
28346
28335
28240
28053
28020
28006
27994
27755
27653
27653
27595
27587
27528
27522
27487
27396
27386
27374
27250
27231
27223
27197
27152
27104
27099
27032
27014
26975
26949
26930
26853
26850
26800
26799
26789
26772
26763
26733
26691
26644
26558
26520
26474
26454
26399
26382
26351
26320
26281
26148
26145
26137
26108
26051
26035
25992
25960
25941
25902
25776
25737
25693
25679
25634
25565
25541
25539
25482
25474
25435
25435
25330
25318
25316
25296
25293
25290
25233
25188
25144
25114
25108
25024
25018
24877
24798
24699
24581
24566
24476
24470
24264
24234
24224
24197
24184
24006
23997
23994
23892
23886
23813
23633
23569
23524
23442
23326
23229
23168
23134
23120
23109
23013
22908
22902
22902
22851
22832
22776
22674
22635
22554
22510
22509
22457
22389
22319
22247
22234
22209
22165
22158
22085
22037
22006
21539
21421
21388
21342
21316
21302
21291
21284
21101
21071
21041
20887
20878
20746
20735
20558
20557
20555
20530
20472
20250
20106
20048
19920
19873
19729
19596
19578
19575
19553
19511
19427
19412
19383
19380
19334
19306
19226
19186
19099
19092
19029
18962
18949
18836
18730
18710
18681
18681
18674
18666
18542
18489
18487
18443
18395
18364
18361
18272
18206
18156
18089
18081
17992
17980
17712
17621
17572
17547
17523
17507
17478
17445
17390
17352
17315
17218
17208
17139
17105
17090
17043
16915
16884
16873
16803
16791
16742
16672
16627
16522
16405
16344
16337
16298
16248
16237
16136
16061
16027
16006
15970
15865
15838
15828
15795
15777
15720
15709
15704
15644
15511
15511
15468
15453
15395
15351
15302
15257
15253
15185
15153
15066
15007
14842
14765
14751
14715
14711
14671
14660
14625
14620
14560
14550
14543
14384
14181
14178
14082
13965
13953
13877
13876
13876
13865
13797
13744
13716
13491
13476
13469
13438
13400
13379
13355
13238
13201
13173
13149
13090
13087
13077
13024
13000
12969
12932
12893
12885
12854
12803
12793
12713
12697
12636
12635
12602
12544
12451
12447
12363
12266
12192
12168
12142
12070
12052
12028
11996
11912
11898
11896
11805
11761
11682
11674
11634
11606
11493
11400
11377
11226
11142
11077
10967
10947
10940
10812
10767
10696
10620
10614
10595
10562
10549
10528
10527
10475
10385
10382
10287
10271
10186
9976
9940
9852
9784
9751
9720
9713
9674
9632
9522
9520
9511
9469
9460
9450
9421
9342
9327
9197
9163
9139
9131
9106
9037
9010
8999
8890
8841
8821
8620
8423
8384
8376
8304
8304
8301
8296
8289
8216
8190
7936
7936
7911
7743
7709
7677
7635
7494
7407
7347
7209
7206
7134
7101
7025
6919
6890
6884
6866
6857
6831
6785
6755
6720
6665
6647
6612
6595
6578
6571
6513
6471
6451
6264
6166
6157
6047
5981
5853
5840
5828
5817
5793
5782
5765
5763
5745
5731
5716
5709
5679
5667
5521
5507
5442
5385
5259
5244
5162
5135
5127
5111
5106
5063
5006
4988
4785
4770
4758
4740
4705
4662
4549
4545
4515
4505
4505
4476
4419
4358
4314
4264
4247
4187
4181
4168
4080
3825
3759
3757
3632
3617
3563
3538
3423
3306
3293
3210
3161
3159
3157
3149
3106
3075
3024
2974
2941
2921
2882
2882
2829
2813
2771
2766
2739
2705
2515
2452
2440
2431
2414
2383
2250
2167
2068
2047
2044
2010
1988
1969
1878
1779
1660
1654
1645
1617
1555
1541
1478
1438
1375
1267
1260
1255
1254
1241
1236
1202
1199
1176
1048
999
881
851
813
744
615
582
532
360
344
248
130
125
124
78
61
4
