99959
99919
99874
99866
99773
99770
99684
99658
99650
99646
99641
99631
99605
99475
99445
99349
99341
99333
99325
99306
99268
99238
99230
99225
99199
99077
99075
99070
99052
99006
99003
98967
98966
98959
98916
98874
98843
98781
98713
98675
98580
98560
98557
98532
98502
98451
98450
98429
98405
98338
98289
98224
98128
98035
98002
97918
97868
97837
97814
97800
97710
97643
97577
97467
97404
97337
97295
97252
97135
97122
97076
96976
96874
96874
96867
96848
96727
96596
96537
96524
96429
96374
96311
96274
96266
96253
96236
96230
96193
96193
96183
96153
96025
95960
95919
95897
95882
95875
95870
95852
95849
95767
95744
95742
95706
95597
95579
95570
95514
95492
95485
95366
95091
95089
95083
95069
95061
95056
95027
95010
94965
94906
94897
94878
94744
94719
94682
94643
94634
94615
94590
94580
94482
94444
94429
94394
94368
94349
94313
94280
94178
94152
94119
94091
94039
93980
93959
93948
93934
93913
93864
93803
93739
93656
93609
93504
93425
93278
93170
93150
93124
93054
92931
92918
92917
92875
92790
92784
92744
92720
92706
92667
92618
92583
92532
92486
92453
92350
92347
92312
92292
92081
92042
91961
91951
91885
91829
91814
91732
91697
91597
91576
91476
91465
91464
91455
91440
91326
91260
91189
91157
91134
91126
91102
91025
91010
91008
91007
91003
90918
90899
90821
90788
90692
90642
90594
90424
90368
90343
90331
90285
90285
90185
90184
90163
90162
90110
90077
90032
89984
89957
89906
89893
89765
89760
89755
89707
89676
89657
89626
89537
89524
89521
89518
89506
89418
89411
89392
89345
89327
89283
89209
89161
89139
89114
89054
88965
88756
88586
88584
88584
88583
88579
88193
88176
88080
88080
88052
87971
87905
87842
87828
87820
87792
87776
87766
87764
87739
87723
87609
87595
87584
87481
87393
87375
87352
87292
87273
87238
87138
87119
87093
87018
86899
86749
86746
86705
86680
86676
86655
86642
86611
86548
86510
86507
86494
86449
86376
86365
86329
86301
86298
86259
86240
86156
86090
86060
86015
85953
85907
85807
85757
85741
85737
85658
85564
85464
85463
85443
85388
85323
85269
85241
85142
85131
85038
85030
84940
84901
84805
84799
84775
84717
84680
84540
84524
84506
84495
84492
84488
84462
84375
84364
84328
84309
84223
84140
84084
84074
84064
83978
83966
83872
83751
83729
83620
83509
83399
83265
83259
83249
83247
83161
83127
83071
83039
83033
82901
82874
82792
82785
82720
82711
82698
82694
82588
82510
82480
82364
82324
82236
82229
82155
82115
82088
81998
81934
81815
81690
81681
81530
81469
81462
81427
81246
81233
81195
81178
81150
81117
81102
81086
81034
81005
80939
80777
80766
80649
80632
80558
80478
80468
80421
80416
80323
80194
80096
80017
79991
79964
79907
79783
79781
79657
79586
79538
79426
79421
79388
79338
79333
79294
79278
79269
79231
79197
79155
78988
78904
78687
78670
78612
78601
78579
78558
78499
78490
78488
78482
78470
78455
78364
78345
78340
78294
78274
78254
78194
78191
78059
78021
77905
77683
77651
77586
77586
77499
77488
77415
77230
77212
77177
77149
77131
77126
76957
76907
76863
76784
76710
76617
76558
76444
76420
76341
76299
76271
76259
76247
76237
76219
76195
76187
76122
76073
76046
75981
75937
75930
75883
75765
75676
75647
75628
75612
75606
75508
75476
75426
75407
75392
75322
75285
75259
75134
75127
74983
74973
74934
74872
74764
74699
74596
74577
74524
74500
74467
74467
74348
74318
74288
74171
74126
74123
74105
74044
73918
73912
73842
73820
73818
73810
73808
73798
73796
73659
73587
73511
73491
73412
73344
73338
73310
73178
73153
73133
73012
73003
72986
72843
72833
72812
72808
72782
72684
72660
72463
72448
72346
72306
72265
72163
72149
72119
72118
72096
72079
72057
71991
71872
71842
71810
71732
71708
71702
71699
71685
71681
71660
71657
71628
71621
71419
71382
71373
71347
71327
71306
71292
71255
71247
71236
71209
71198
71104
70943
70930
70920
70907
70790
70786
70672
70670
70406
70382
70353
70145
70079
70012
69892
69872
69864
69791
69785
69761
69756
69635
69593
69541
69501
69382
69327
69263
69249
69177
69142
69141
68966
68890
68870
68855
68802
68800
68743
68703
68676
68581
68543
68524
68482
68417
68213
68212
68184
68103
68096
68092
68064
68040
67946
67893
67828
67794
67715
67632
67611
67590
67560
67541
67451
67435
67416
67299
67245
67218
67170
67138
67072
67053
67027
66821
66810
66782
66777
66774
66705
66692
66611
66508
66453
66442
66386
66297
66281
66234
66210
66163
65899
65826
65797
65735
65734
65733
65700
65639
65549
65510
65491
65454
65351
65268
65128
65126
65041
64910
64887
64825
64824
64806
64741
64674
64645
64597
64585
64554
64524
64507
64460
64454
64423
64403
64398
64375
64261
64229
64173
64155
64045
64014
63889
63839
63647
63578
63548
63518
63511
63508
63480
63447
63402
63174
63126
63100
63098
63015
62948
62884
62817
62676
62615
62592
62441
62422
62371
62289
62020
61998
61912
61806
61801
61797
61793
61792
61750
61722
61696
61622
61598
61561
61464
61385
61357
61322
60938
60913
60864
60657
60607
60598
60439
60370
60330
60319
60306
60297
60079
59936
59843
59750
59730
59691
59599
59585
59526
59425
59397
59384
59371
59330
59322
59290
59282
59191
59070
59068
59043
59019
58948
58883
58842
58812
58803
58751
58751
58701
58602
58552
58419
58308
58298
58180
58021
57991
57967
57963
57904
57888
57827
57819
57763
57665
57643
57521
57485
57479
57407
57319
57308
57242
57237
57219
57216
57198
57145
57144
57127
57117
57109
56982
56898
56879
56873
56709
56679
56647
56636
56561
56505
56440
56331
56193
56172
56106
56034
56033
56008
55933
55929
55879
55862
55862
55844
55787
55765
55688
55653
55624
55591
55571
55540
55495
55426
55415
55404
55378
55292
55273
55184
55146
55053
55046
55014
54963
54903
54884
54870
54752
54688
54675
54658
54626
54604
54591
54591
54495
54487
54428
54373
54281
54185
54173
54092
54012
53985
53973
53951
53946
53912
53898
53717
53707
53683
53630
53617
53600
53591
53516
53506
53470
53458
53378
53368
53333
53314
53308
53215
53072
53039
53012
53008
52977
52895
52868
52826
52801
52672
52656
52589
52476
52452
52405
52364
52340
52275
52198
52195
52175
52127
52107
51945
51835
51824
51797
51765
51751
51749
51748
51668
51641
51552
51546
51542
51529
51494
51477
51463
51445
51320
51301
51293
51272
51263
51238
51223
51195
51188
51144
51135
51107
51080
51077
51040
50942
50896
50826
50775
50756
50681
50649
50602
50591
50573
50513
50350
50284
50255
50241
50046
49993
49989
49899
49762
49685
49682
49668
49585
49565
49500
49499
49405
49367
49350
49074
49072
48990
48972
48865
48829
48818
48796
48568
48497
48490
48471
48404
48390
48319
48306
48276
48265
48187
48182
48134
48108
48083
47957
47866
47855
47774
47609
47599
47588
47548
47513
47504
47460
47458
47450
47430
47426
47365
47260
47236
47113
47025
46983
46977
46956
46927
46869
46769
46760
46695
46622
46615
46597
46578
46569
46547
46530
46473
46409
46398
46300
46299
46249
46140
46138
46084
46083
46045
45927
45908
45852
45807
45777
45770
45718
45707
45693
45597
45538
45451
45301
45284
45184
45170
45163
45160
45105
45055
45046
45044
45037
44988
44919
44901
44864
44785
44776
44600
44595
44540
44333
44249
44136
44090
44048
43929
43830
43798
43798
43722
43682
43676
43548
43473
43466
43441
43385
43291
43161
43135
43132
43048
43011
42869
42830
42825
42815
42701
42630
42605
42570
42544
42448
42410
42407
42326
42190
42165
42165
42117
42079
42031
41931
41887
41767
41664
41647
41643
41577
41546
41490
41306
41291
41115
41087
41068
41045
41038
41010
40964
40907
40865
40827
40794
40788
40654
40542
40529
40331
40306
40281
40226
40158
40133
40123
40111
40098
39967
39811
39791
39752
39681
39623
39576
39556
39522
39496
39470
39431
39397
39390
39116
39088
39056
39007
39006
38928
38786
38784
38774
38694
38668
38599
38574
38530
38520
38499
38395
38380
38357
38267
38240
38191
38151
38136
37923
37897
37866
37853
37805
37745
37739
37653
37641
37613
37605
37598
37567
37563
37525
37478
37447
37385
37336
37264
37214
37210
37135
37018
36802
36721
36660
36629
36433
36363
36291
36205
36109
36071
36068
36044
35981
35975
35912
35912
35883
35858
35803
35724
35712
35602
35494
35449
35397
35288
35205
35193
35143
35124
35118
35084
35082
34970
34967
34961
34937
34716
34712
34672
34661
34579
34523
34459
34408
34398
34390
34319
34275
34219
34203
34163
34135
34054
33996
33918
33916
33902
33847
33840
33678
33577
33485
33402
33259
33106
33043
32895
32836
32713
32652
32589
32558
32540
32454
32446
32441
32385
32379
32330
32319
32238
32206
32204
32181
32134
32121
32117
32043
31994
31986
31971
31927
31911
31713
31702
31681
31539
31536
31381
31314
31186
31182
31156
31083
31079
31022
30939
30910
30848
30735
30705
30691
30643
30633
30537
30445
30417
30399
30360
30284
30229
30225
30055
29981
29970
29814
29756
29736
29731
29650
29577
29547
29534
29418
29316
29239
29141
29109
29105
29058
28956
28925
28767
28728
28715
28677
28588
28563
28541
28466
28337
28283
28283
28251
28249
28146
28084
28021
27937
27926
27883
27839
27788
27712
27589
27435
27379
27359
27320
27312
27230
27090
26918
26911
26906
26905
26648
26629
26559
26450
26380
26368
26352
26242
26149
26086
25979
25879
25753
25662
25655
25508
25470
25439
25387
25353
25325
25188
25150
25085
25064
25061
25051
25005
25002
24967
24942
24858
24751
24735
24634
24633
24529
24508
24484
24482
24477
24447
24337
24308
24268
24239
24132
24095
24083
24075
24064
23983
23980
23957
23788
23761
23718
23669
23668
23663
23635
23357
23322
23279
23227
23227
23112
23108
23082
23046
23009
23000
22920
22743
22707
22679
22607
22582
22568
22521
22483
22474
22427
22392
22336
22332
22280
22272
22229
22212
22187
22178
22154
22044
21995
21926
21889
21871
21827
21727
21668
21618
21587
21578
21547
21531
21520
21513
21389
21342
21306
21284
21215
21202
21144
20934
20929
20910
20869
20862
20849
20804
20759
20738
20720
20547
20527
20486
20483
20428
20401
20352
20301
20283
20233
20184
20137
20127
20123
20108
20092
20083
20067
19957
19938
19846
19759
19743
19705
19704
19545
19510
19440
19430
19346
19226
19220
19204
19178
19137
19128
19122
18998
18986
18981
18976
18953
18950
18901
18878
18787
18679
18641
18569
18460
18450
18447
18343
18248
18161
18143
18140
18129
18113
18056
17977
17973
17939
17908
17880
17870
17869
17810
17806
17682
17636
17622
17595
17555
17389
17366
17266
17265
17230
17200
17192
17188
17101
17009
16795
16766
16757
16730
16547
16499
16494
16407
16302
16144
16143
16137
16122
16118
16111
16032
15990
15975
15944
15943
15858
15794
15793
15569
15500
15461
15371
15284
15275
15245
15112
14988
14942
14925
14915
14877
14827
14818
14815
14678
14608
14400
14388
14382
14369
14262
14204
14111
14076
14037
13970
13881
13746
13681
13667
13643
13576
13510
13446
13442
13440
13432
13407
13397
13256
13256
13252
13246
13236
13216
13205
13155
13143
13123
13118
13035
13027
12834
12814
12814
12805
12785
12743
12732
12655
12646
12617
12546
12493
12489
12378
12287
12085
12073
12041
12041
11791
11785
11774
11672
11651
11611
11600
11569
11563
11533
11529
11491
11471
11431
11309
11305
11245
11184
11064
11040
11022
10908
10892
10802
10789
10789
10710
10683
10638
10634
10615
10573
10567
10552
10531
10489
10486
10465
10338
10335
10283
10178
10158
10147
10129
10035
10018
9989
9988
9930
9911
9898
9848
9819
9777
9702
9557
9512
9509
9499
9419
9285
9220
9198
9194
9163
9105
8951
8847
8717
8653
8493
8441
8306
8305
8261
8215
8204
8188
8178
8118
7947
7945
7937
7932
7835
7776
7695
7688
7641
7633
7625
7518
7447
7443
7441
7424
7423
7375
7360
7285
7222
7099
7094
7051
7051
7018
7002
6953
6874
6864
6823
6771
6666
6664
6641
6570
6562
6373
6296
6276
6074
6040
6033
6020
5983
5957
5928
5896
5604
5604
5523
5494
5451
5416
5371
5323
5323
5304
5264
5149
5140
5120
5108
5079
5019
5004
4979
4935
4811
4785
4781
4697
4679
4617
4599
4538
4527
4524
4490
4460
4418
4414
4333
4283
4246
4189
4162
4154
4144
4142
4087
3963
3936
3923
3882
3701
3692
3686
3653
3542
3468
3405
3282
3264
3254
3132
3037
2897
2816
2801
2536
2468
2466
2455
2401
2339
2327
2240
2216
2111
2025
1901
1874
1867
1857
1719
1707
1684
1634
1630
1619
1615
1589
1534
1426
1403
1297
1116
1110
1098
1065
965
920
882
722
657
626
595
577
556
475
242
173
165
94
