99983
99872
99855
99841
99822
99819
99815
99771
99719
99659
99552
99503
99474
99406
99238
99238
99223
99200
99140
99055
98924
98757
98700
98660
98626
98530
98513
98422
98387
98383
98348
98342
98246
98176
98169
98128
98075
98037
97993
97975
97902
97896
97889
97802
97694
97673
97619
97615
97538
97500
97461
97400
97316
97291
97142
97135
97096
97058
97036
96912
96830
96827
96688
96517
96501
96443
96411
96392
96293
96287
96236
96149
96114
96037
96004
95979
95941
95934
95898
95895
95872
95854
95831
95794
95689
95671
95671
95602
95491
95442
95409
95387
95362
95353
95345
95324
95300
95281
95157
95029
94998
94891
94887
94848
94812
94727
94425
94314
94301
94220
94115
93979
93935
93927
93850
93842
93766
93681
93618
93581
93560
93395
93242
93137
93035
93009
92990
92987
92987
92937
92913
92846
92784
92675
92624
92574
92516
92467
92449
92431
92165
92164
92102
92091
92025
92020
92015
92003
91937
91906
91799
91743
91710
91582
91581
91530
91480
91426
91424
91381
91375
91351
91351
91297
91089
91080
90961
90892
90866
90839
90838
90808
90648
90627
90620
90564
90480
90349
90310
90292
90279
90269
90265
90236
90181
90141
90022
89983
89946
89895
89827
89813
89795
89743
89695
89651
89487
89429
89352
89297
89251
89235
89223
89212
89160
89111
89042
89041
88976
88956
88838
88778
88655
88645
88608
88557
88509
88485
88480
88455
88411
88371
88344
88170
88076
88045
87944
87893
87830
87821
87708
87694
87689
87677
87550
87456
87454
87415
87400
87379
87355
87341
87301
87183
86971
86905
86889
86819
86804
86780
86631
86582
86529
86448
86445
86438
86406
86362
86316
86277
86068
86048
85947
85893
85859
85792
85771
85732
85723
85663
85662
85652
85646
85641
85525
85464
85310
85292
85291
85285
85267
85255
85236
85181
85150
85144
85122
85019
84797
84713
84711
84658
84389
84378
84315
84306
84241
84236
84099
83921
83850
83755
83742
83710
83681
83672
83639
83617
83427
83267
83198
83147
83138
83054
83053
83019
82965
82889
82774
82739
82727
82723
82704
82584
82578
82569
82558
82544
82480
82456
82448
82338
82270
82260
82221
82179
82151
82038
82019
82006
82000
81936
81842
81540
81485
81460
81458
81393
81323
81312
81279
81237
81182
81167
81130
81128
81088
81079
81057
81054
81021
80953
80948
80934
80873
80831
80769
80649
80641
80619
80581
80573
80558
80531
80499
80496
80347
80324
80292
80255
80239
80199
80184
80183
80149
80123
80107
80066
80004
79879
79819
79804
79731
79707
79654
79636
79617
79587
79531
79522
79473
79431
79334
79330
79234
79142
79135
79013
78952
78880
78855
78836
78822
78787
78696
78632
78563
78537
78487
78379
78310
78277
78263
78240
78228
78137
78095
78056
78046
77999
77998
77993
77974
77970
77769
77587
77551
77430
77161
77019
76995
76990
76919
76874
76869
76832
76722
76654
76598
76576
76509
76478
76460
76346
76279
76277
76259
76259
76187
76176
76162
76130
76032
75986
75899
75880
75747
75745
75535
75502
75485
75429
75406
75383
75370
75345
75329
75293
75142
75141
75141
75103
75050
75020
75012
74985
74937
74934
74899
74895
74869
74867
74839
74833
74767
74742
74711
74707
74700
74698
74665
74647
74598
74568
74537
74489
74330
74323
74293
74288
74266
74149
74080
74031
74020
73949
73940
73856
73727
73619
73606
73567
73471
73404
73320
73286
73250
73220
73196
73183
73162
73104
72935
72827
72826
72758
72670
72608
72534
72505
72492
72450
72439
72361
72248
72204
72159
72031
71904
71889
71809
71774
71716
71708
71705
71697
71613
71471
71458
71456
71424
71409
71372
71369
71301
71296
71156
71130
71021
70986
70943
70916
70910
70865
70780
70771
70747
70708
70699
70581
70576
70539
70466
70453
70416
70385
70196
70164
70111
70077
70076
70055
69882
69868
69768
69747
69699
69697
69570
69567
69543
69484
69475
69410
69397
69350
69334
69320
69268
69176
69152
69033
68967
68963
68886
68867
68855
68833
68795
68731
68666
68644
68631
68612
68597
68489
68366
68319
68209
67881
67877
67862
67820
67766
67625
67581
67457
67420
67409
67394
67387
67316
67312
67268
67199
67181
67173
67093
67036
66970
66916
66856
66854
66798
66714
66648
66616
66595
66558
66460
66423
66393
66381
66305
66235
66199
66093
66082
66073
66045
65922
65900
65874
65856
65823
65822
65766
65695
65303
65292
65136
65076
64956
64860
64837
64790
64769
64732
64696
64654
64614
64552
64538
64516
64470
64359
64342
64121
64119
64107
64022
63960
63955
63917
63804
63763
63590
63462
63402
63325
63285
63276
63233
63135
63128
62907
62869
62726
62660
62650
62560
62531
62527
62423
62333
62318
62314
62308
62278
62272
62268
62242
62234
62214
62067
62005
61987
61906
61904
61894
61843
61815
61787
61707
61683
61573
61340
61304
61293
61286
61078
61057
61003
60799
60797
60778
60682
60613
60432
60350
60320
60299
60251
60051
60046
60028
59963
59932
59857
59821
59810
59676
59537
59474
59441
59348
59279
59246
59227
59224
59213
59134
59126
59052
58952
58823
58816
58799
58741
58731
58720
58714
58689
58630
58605
58525
58518
58463
58457
58438
58430
58384
58308
58141
58034
57944
57845
57843
57732
57654
57636
57541
57499
57274
57249
57184
57066
56927
56859
56773
56758
56717
56617
56608
56544
56518
56499
56351
56325
56322
56221
56146
56123
56078
56000
55939
55842
55634
55593
55537
55529
55485
55418
55377
55274
55265
55199
55180
55175
55070
55037
55001
54957
54885
54844
54834
54704
54679
54654
54635
54631
54511
54485
54447
54356
54274
54269
54141
54091
54070
54018
54002
54001
53902
53887
53872
53872
53851
53799
53772
53676
53659
53609
53605
53584
53507
53441
53411
53272
53015
52995
52982
52952
52891
52890
52788
52742
52733
52622
52600
52571
52568
52537
52519
52477
52420
52390
52367
52289
52289
52267
52135
52086
52086
52060
52045
51944
51886
51870
51846
51769
51747
51696
51664
51652
51646
51628
51561
51553
51538
51414
51410
51391
51337
51309
51227
51219
51174
51104
51089
50973
50942
50890
50832
50815
50718
50685
50578
50569
50564
50494
50486
50483
50444
50443
50410
50401
50400
50399
50229
50216
50206
50122
50094
50087
50045
50042
49947
49894
49843
49835
49826
49817
49803
49784
49758
49718
49606
49582
49563
49550
49454
49410
49400
49399
49363
49351
49331
49325
49307
49255
49230
49148
49062
49047
49027
48866
48860
48852
48747
48730
48646
48620
48565
48558
48493
48478
48462
48424
48390
48317
48311
48306
48301
48289
48258
48187
48113
48029
47964
47928
47853
47820
47794
47790
47783
47700
47639
47632
47586
47521
47515
47428
47319
47297
47274
47160
47076
46887
46842
46741
46650
46601
46552
46532
46520
46389
46264
46228
46178
46076
46065
46053
46018
46010
45977
45977
45970
45956
45849
45842
45800
45789
45730
45637
45452
45449
45426
45398
45373
45342
45254
45219
45214
45202
45153
45090
45048
44906
44890
44755
44714
44625
44582
44572
44567
44541
44511
44477
44356
44324
44172
44106
44088
44076
44029
43885
43873
43798
43792
43749
43736
43696
43598
43597
43591
43484
43481
43421
43418
43322
43187
43096
43065
42924
42752
42715
42687
42658
42566
42542
42469
42469
42434
42346
42265
42226
42160
42143
41990
41936
41889
41884
41837
41812
41668
41624
41541
41514
41504
41390
41339
41329
41304
41184
41176
41044
40977
40977
40971
40957
40911
40674
40525
40434
40324
40311
40301
40273
40218
40095
40018
39974
39907
39835
39832
39759
39743
39736
39553
39466
39409
39331
39315
39309
39257
39188
39171
39162
39074
39049
39048
39042
39011
38969
38913
38851
38850
38818
38784
38773
38734
38700
38474
38364
38356
38213
38196
38128
38090
38028
38013
37963
37888
37880
37834
37788
37786
37758
37724
37630
37608
37533
37378
37377
37325
37242
37144
37134
37038
37009
36997
36963
36901
36881
36862
36732
36658
36644
36626
36587
36559
36549
36506
36501
36365
36227
36186
36144
36122
36085
35895
35886
35869
35864
35833
35791
35766
35765
35723
35698
35603
35567
35558
35472
35466
35396
35346
35328
35255
35165
35018
34911
34893
34887
34842
34814
34810
34779
34756
34561
34553
34419
34407
34330
34309
34258
34243
34230
34142
34119
34108
34103
34061
34048
33936
33900
33792
33681
33673
33647
33643
33642
33616
33590
33494
33489
33484
33430
33378
33310
33226
33204
33192
33145
33119
33107
33057
32993
32953
32930
32914
32767
32756
32745
32710
32580
32559
32540
32390
32358
32342
32267
32245
32141
32092
31969
31873
31842
31810
31746
31464
31452
31435
31278
31237
30972
30900
30856
30806
30702
30698
30698
30693
30692
30669
30617
30504
30440
30299
30293
30285
30222
30097
30074
30002
29993
29957
29755
29533
29431
29418
29350
29279
29271
29250
29192
29180
29096
29077
29076
28999
28974
28819
28761
28635
28570
28520
28463
28340
28277
28265
28259
28197
28053
27965
27950
27938
27870
27854
27780
27728
27687
27678
27624
27623
27620
27551
27466
27447
27341
27239
27168
27157
27122
27082
27075
27070
27053
27008
26989
26981
26971
26969
26950
26932
26877
26873
26742
26637
26592
26567
26533
26383
26345
26271
26251
26248
26095
26061
26060
25967
25895
25890
25738
25673
25653
25630
25539
25509
25420
25382
25340
25329
25328
25322
25320
25301
25298
25134
25098
25047
25011
24901
24898
24891
24749
24696
24682
24675
24620
24448
24428
24226
24215
24211
24197
24124
23977
23952
23920
23906
23852
23836
23804
23773
23757
23701
23652
23616
23596
23588
23580
23541
23529
23381
23335
23316
23302
23248
23152
23149
23146
23110
23087
23072
23042
23028
23018
22952
22930
22895
22887
22849
22790
22735
22699
22685
22617
22603
22515
22492
22375
22122
22053
22044
21944
21910
21898
21870
21834
21808
21796
21764
21659
21589
21470
21452
21370
21307
21113
21098
21053
21021
21013
20913
20907
20889
20882
20870
20848
20672
20652
20610
20608
20601
20546
20539
20429
20409
20404
20359
20319
20318
20311
20306
20258
20174
20136
20110
19998
19985
19935
19931
19885
19841
19812
19749
19737
19689
19674
19674
19525
19417
19396
19378
19293
19289
19271
19248
19212
19202
19197
19194
19125
19059
19024
19015
19005
18903
18893
18888
18831
18734
18564
18526
18516
18364
18306
18251
18236
18231
18222
18157
18124
18100
18068
18061
18057
18032
17973
17910
17906
17903
17861
17860
17831
17707
17700
17624
17577
17574
17542
17462
17433
17385
17350
17276
16996
16978
16934
16932
16924
16921
16882
16833
16793
16751
16733
16666
16639
16639
16628
16587
16561
16537
16521
16407
16387
16367
16318
16306
16216
16079
16055
16025
15856
15843
15806
15797
15713
15662
15628
15619
15531
15511
15488
15417
15416
15388
15330
15253
15243
15228
15156
15093
15015
14989
14985
14942
14933
14922
14901
14791
14775
14751
14742
14730
14656
14623
14495
14411
14396
14378
14329
14316
14221
14201
14051
13904
13903
13883
13874
13842
13840
13711
13697
13667
13611
13553
13551
13525
13522
13494
13393
13374
13345
13306
13275
13154
13114
13090
13061
13050
12990
12955
12932
12918
12881
12803
12737
12691
12643
12612
12608
12607
12589
12551
12506
12427
12394
12390
12356
12346
12252
12243
12229
12111
12077
12058
12057
12019
11877
11874
11756
11722
11644
11641
11592
11499
11472
11429
11395
11342
11303
11279
11267
11252
11239
11207
11201
11080
10987
10843
10790
10739
10674
10609
10522
10495
10488
10479
10333
10329
10328
10320
10236
10219
10209
10165
10142
10133
10118
10030
10017
9933
9915
9872
9843
9755
9738
9708
9651
9535
9518
9503
9495
9480
9458
9362
9164
9080
9076
9056
9046
9039
9019
9007
8999
8827
8680
8653
8616
8578
8550
8442
8426
8415
8386
8310
8266
8237
8147
8104
8085
8069
8005
7948
7900
7864
7860
7803
7763
7745
7648
7612
7612
7602
7496
7490
7477
7475
7475
7441
7383
7367
7363
7284
7259
7249
7239
7233
7199
7170
7135
7097
7049
7029
7000
6998
6876
6840
6830
6731
6539
6521
6417
6406
6365
6313
6284
6248
6236
6222
6214
6209
6186
6044
5996
5996
5986
5921
5744
5723
5616
5489
5482
5436
5370
5316
5304
5227
5163
5149
5123
5123
5117
5093
5056
4946
4861
4767
4766
4711
4530
4462
4455
4377
4318
4314
4309
4253
4233
4167
4137
4079
3986
3937
3867
3826
3796
3775
3752
3690
3570
3533
3409
3324
3316
3310
3202
2998
2928
2910
2889
2625
2583
2570
2554
2536
2468
2425
2315
2298
2258
2179
2171
2130
2086
2041
1849
1672
1572
1528
1503
1501
1456
1450
1415
1273
1261
1245
1240
1141
1134
1070
1026
999
962
915
833
819
695
587
542
496
486
483
409
375
299
267
254
236
229
223
183
115
71
21
