99879
99872
99814
99778
99703
99656
99642
99622
99608
99293
99258
99256
99212
99211
99188
99177
99172
99171
99130
99128
99095
98843
98776
98621
98568
98477
98464
98450
98340
98181
98057
98014
97963
97896
97810
97738
97734
97713
97711
97607
97565
97530
97297
97270
97251
97116
97077
97073
96957
96921
96819
96811
96809
96806
96742
96641
96573
96541
96533
96526
96406
96342
96194
96150
96130
96105
96069
96043
96027
96017
96011
95997
95992
95980
95962
95947
95928
95898
95896
95826
95823
95807
95807
95710
95627
95540
95518
95515
95452
95413
95391
95387
95354
95313
95305
95293
95274
95217
95212
95170
95163
95115
95048
95008
94961
94886
94853
94755
94731
94644
94633
94631
94606
94523
94506
94451
94446
94424
94412
94408
94277
94236
94162
94101
94007
93969
93730
93651
93601
93583
93570
93445
93336
93174
93152
93036
93023
93021
92973
92860
92859
92816
92765
92638
92535
92494
92474
92460
92459
92334
92328
92194
92159
92140
92114
92104
92067
91913
91907
91853
91847
91819
91814
91754
91721
91608
91600
91516
91468
91409
91370
91192
91119
91082
91078
91071
90877
90814
90769
90734
90715
90664
90656
90607
90477
90464
90422
90412
90391
90333
90228
90164
90149
90140
90133
90128
90013
89842
89807
89761
89755
89683
89625
89456
89380
89303
89184
89171
89162
89148
89114
89112
89112
89025
88973
88916
88852
88847
88806
88741
88723
88701
88700
88690
88678
88670
88630
88542
88495
88419
88413
88390
88376
88346
88313
88312
88282
88272
88153
88104
88019
88014
87987
87947
87905
87788
87751
87709
87582
87515
87475
87470
87423
87399
87395
87334
87244
87226
87132
87121
86966
86966
86964
86924
86824
86793
86758
86581
86580
86564
86506
86486
86448
86430
86381
86319
86169
86112
86082
86066
86061
86052
86034
86006
85753
85722
85646
85572
85556
85536
85477
85412
85401
85316
85292
85277
85242
85121
85115
85110
85108
85086
84979
84974
84924
84852
84851
84846
84823
84794
84792
84671
84660
84642
84548
84416
84412
84360
84317
84253
84235
84155
84034
83998
83929
83921
83907
83891
83873
83849
83626
83582
83526
83495
83416
83408
83392
83383
83319
83285
83247
83224
83199
83187
83166
83163
83129
82926
82926
82723
82703
82688
82670
82657
82653
82642
82594
82585
82574
82554
82554
82546
82452
82353
82330
82320
82215
82192
82186
82104
82066
82051
81929
81820
81797
81795
81758
81712
81707
81702
81583
81344
81212
81141
81137
81087
81069
81064
81048
81014
80911
80836
80725
80619
80588
80561
80523
80497
80466
80397
80368
80335
80302
80268
80220
80186
80145
80144
80138
80122
80119
80106
79918
79879
79829
79758
79715
79676
79639
79567
79517
79498
79496
79375
79344
79199
79021
78854
78730
78725
78708
78645
78643
78602
78562
78489
78439
78438
78436
78430
78420
78406
78379
78377
78356
78347
78304
78275
78263
78127
78120
78082
77822
77709
77633
77541
77464
77436
77352
77293
77259
77210
77196
77178
77171
77147
77070
77022
77001
76981
76964
76961
76943
76916
76840
76741
76719
76636
76588
76433
76362
76292
76280
76242
76122
76112
76072
75995
75964
75887
75884
75816
75680
75659
75636
75612
75546
75534
75481
75413
75378
75353
75306
75214
75170
75077
75010
74799
74716
74674
74653
74644
74608
74571
74541
74499
74452
74450
74419
74412
74333
74277
74240
74227
74202
74154
74118
74105
74078
74071
73922
73870
73855
73683
73675
73670
73516
73485
73454
73334
73288
73245
73162
73135
73088
73049
73040
73000
72991
72990
72984
72913
72885
72837
72825
72818
72736
72482
72459
72308
72283
72279
72117
72101
72068
72006
71822
71799
71785
71784
71765
71737
71729
71711
71696
71680
71624
71572
71419
71419
71410
71361
71357
71322
71318
71293
71228
71221
71220
71218
71208
71183
71148
71123
71086
71068
71058
71050
70975
70959
70950
70873
70790
70677
70626
70587
70582
70536
70499
70274
70259
70151
70110
70109
70104
69971
69952
69944
69927
69771
69682
69660
69574
69410
69402
69264
69221
69218
69175
69122
69102
69092
69067
69053
69018
69014
68994
68960
68919
68917
68886
68869
68840
68827
68771
68751
68714
68625
68619
68610
68608
68560
68458
68421
68402
68378
68164
68124
67871
67788
67788
67750
67665
67663
67642
67503
67413
67392
67336
67316
67278
67237
67231
67225
67200
67146
67117
67115
67035
67001
66986
66934
66908
66831
66743
66670
66667
66654
66611
66590
66581
66414
66359
66240
66211
66164
66112
66023
65857
65815
65812
65809
65795
65745
65739
65706
65578
65564
65533
65402
65349
65270
65132
64911
64911
64897
64877
64869
64757
64741
64709
64607
64589
64444
64389
64360
64340
64277
64244
64190
64190
64170
64113
64096
64024
63976
63937
63933
63884
63860
63859
63794
63759
63743
63681
63679
63667
63664
63662
63583
63543
63503
63446
63442
63430
63416
63312
63294
63159
63155
63127
63117
63091
62976
62973
62957
62926
62916
62802
62787
62773
62735
62730
62703
62625
62619
62481
62430
62375
62371
62354
62351
62280
62219
62197
62182
62161
62106
62096
61991
61954
61944
61919
61876
61849
61821
61814
61808
61755
61740
61665
61648
61619
61578
61547
61532
61529
61482
61353
61353
61333
61331
61305
61270
61231
61208
61084
61046
61034
60956
60936
60898
60873
60834
60796
60786
60743
60743
60636
60593
60588
60578
60438
60395
60228
60113
60083
60042
59992
59919
59837
59744
59662
59661
59658
59500
59408
59404
59330
59199
59173
59165
59156
59145
59077
59051
59009
58975
58946
58899
58884
58879
58734
58711
58497
58443
58387
58308
58179
58161
58136
58063
58039
58030
57987
57970
57955
57853
57820
57792
57789
57758
57746
57727
57705
57700
57693
57665
57659
57654
57582
57572
57565
57478
57462
57305
57242
57240
57227
57108
57058
56988
56971
56801
56779
56709
56699
56695
56675
56655
56617
56566
56529
56490
56489
56453
56404
56359
56260
56140
56058
56020
56014
55907
55878
55874
55757
55700
55621
55593
55590
55567
55533
55533
55427
55424
55402
55392
55353
55322
55317
55256
55218
54943
54887
54754
54690
54687
54430
54385
54287
54106
53952
53878
53874
53716
53707
53665
53651
53650
53583
53487
53473
53453
53430
53385
53313
53293
53276
53228
53190
53182
53113
52773
52754
52677
52540
52474
52457
52427
52331
52291
52289
52289
52275
52265
52246
52155
52146
52023
51951
51928
51922
51918
51914
51845
51782
51774
51734
51690
51682
51659
51612
51598
51578
51570
51557
51549
51364
51304
51288
51251
51238
51200
51124
51106
50907
50902
50861
50857
50680
50621
50580
50465
50437
50428
50376
50324
50317
50195
50180
50098
50052
49988
49975
49961
49901
49866
49861
49762
49735
49637
49624
49577
49520
49442
49387
49342
49290
49268
49242
49214
49189
49061
48998
48991
48988
48820
48741
48688
48674
48623
48557
48546
48471
48331
48322
48312
48261
48160
48152
48130
48097
48088
48080
48030
48016
47996
47957
47951
47920
47829
47715
47699
47581
47561
47528
47498
47364
47262
47213
47058
47037
47021
47021
46995
46955
46935
46918
46831
46787
46711
46661
46568
46536
46535
46528
46418
46355
46326
46314
46242
46219
46185
46160
45977
45960
45954
45784
45770
45736
45628
45586
45535
45534
45449
45306
45294
45274
45237
45135
45073
44990
44929
44923
44883
44866
44807
44773
44744
44718
44651
44605
44581
44559
44543
44450
44429
44421
44396
44350
44328
43972
43863
43847
43823
43788
43740
43738
43674
43553
43455
43447
43371
43334
43278
43278
43272
43267
43217
43217
43171
43137
43102
43063
43052
42989
42978
42977
42878
42845
42811
42794
42742
42738
42738
42679
42672
42658
42645
42602
42568
42526
42448
42443
42332
42277
42262
42133
41991
41925
41920
41826
41824
41766
41745
41716
41711
41674
41650
41614
41579
41522
41490
41454
41432
41412
41380
41368
41347
41301
41278
41209
41004
40950
40939
40935
40919
40774
40768
40689
40593
40539
40482
40475
40338
40320
39970
39936
39770
39763
39751
39736
39656
39649
39549
39527
39495
39406
39345
39324
39266
39184
39162
39151
39061
38843
38839
38779
38678
38619
38617
38495
38472
38462
38128
38116
38063
37955
37914
37850
37807
37754
37748
37731
37593
37411
37394
37391
37371
37348
37319
37208
37181
37168
37136
37110
36993
36961
36932
36917
36916
36855
36784
36776
36766
36747
36724
36718
36664
36633
36598
36596
36587
36447
36344
36285
36154
36134
36129
36128
36120
35938
35893
35654
35618
35575
35575
35570
35445
35409
35402
35318
35264
35225
35208
35154
35064
34988
34971
34960
34954
34948
34816
34783
34754
34732
34703
34670
34658
34649
34640
34632
34598
34566
34544
34507
34483
34356
34329
34329
34305
34245
34169
34118
34105
34095
34077
34071
33993
33983
33941
33816
33719
33699
33681
33633
33629
33594
33537
33461
33292
33261
33259
33197
33120
33095
33056
32891
32889
32832
32752
32634
32613
32450
32338
32263
32211
32175
31912
31869
31836
31757
31679
31656
31518
31496
31446
31433
31410
31378
31367
31352
31344
31336
31253
31152
31119
31014
31001
30968
30811
30800
30774
30744
30712
30626
30493
30470
30439
30432
30354
30346
30303
30209
30202
30186
30159
30151
30059
30052
29949
29920
29878
29867
29733
29722
29612
29335
29265
29251
29203
29128
29094
29043
28976
28900
28891
28874
28816
28710
28571
28552
28508
28422
28342
28338
28317
28255
28247
28220
28207
28089
28073
28061
28053
28021
27988
27950
27922
27876
27826
27701
27661
27650
27614
27561
27548
27540
27513
27466
27450
27377
27345
27250
27134
27109
27016
26936
26930
26878
26784
26715
26673
26663
26630
26563
26540
26505
26449
26370
26340
26279
26208
26191
26140
26114
25797
25645
25425
25413
25329
25305
25291
25202
25155
25112
25103
24937
24922
24769
24726
24724
24648
24647
24637
24606
24578
24479
24453
24318
24175
24140
24072
24053
23926
23911
23862
23822
23815
23668
23663
23645
23625
23610
23596
23562
23537
23521
23516
23512
23465
23379
23367
23346
23320
23271
23197
23132
23061
22983
22956
22878
22862
22858
22843
22813
22798
22787
22777
22774
22697
22633
22564
22396
22386
22376
22374
22350
22346
22319
22287
22241
22217
22105
21944
21868
21767
21685
21648
21627
21591
21573
21530
21438
21427
21402
21373
21342
21315
21240
21234
21200
21163
21011
20988
20984
20979
20911
20846
20760
20758
20747
20683
20639
20608
20577
20527
20516
20503
20179
20140
20139
20083
20076
20073
20056
20049
20012
19891
19883
19869
19817
19806
19798
19731
19712
19672
19566
19558
19542
19521
19511
19498
19451
19309
19304
19272
19266
19207
19011
18995
18942
18932
18929
18910
18865
18770
18715
18704
18627
18626
18559
18423
18396
18327
18194
18175
18100
18017
18017
18011
17986
17900
17848
17795
17788
17735
17692
17475
17294
17150
17065
17060
17025
16979
16975
16938
16909
16868
16808
16777
16639
16597
16447
16353
16256
16074
15923
15894
15892
15891
15885
15868
15839
15807
15771
15566
15560
15479
15335
15326
15290
15257
15197
15110
14916
14783
14764
14723
14703
14695
14687
14569
14553
14478
14466
14428
14413
14404
14345
14330
14270
14257
13942
13905
13838
13831
13805
13707
13683
13660
13615
13600
13412
13362
13349
13124
13113
13105
13097
13051
13020
12842
12820
12807
12791
12751
12610
12610
12574
12545
12517
12517
12463
12433
12394
12336
12284
12263
12134
12093
12083
12060
11928
11876
11863
11805
11734
11719
11681
11643
11567
11557
11493
11403
11264
11252
11207
11132
11062
11006
11001
10977
10975
10885
10879
10826
10821
10761
10742
10692
10543
10489
10414
10407
10297
10278
10182
9974
9894
9884
9839
9820
9752
9658
9579
9521
9445
9436
9298
9234
9227
9156
9108
9099
9070
9050
8998
8984
8943
8915
8805
8760
8710
8663
8621
8583
8517
8433
8426
8416
8410
8395
8380
8270
8246
8202
8190
8174
8146
8145
8130
8071
8024
7931
7877
7867
7732
7525
7499
7405
7403
7375
7359
7316
7248
7199
7074
7029
7005
6913
6872
6862
6800
6683
6646
6550
6515
6505
6435
6331
6201
6170
6167
6153
6031
5907
5871
5772
5766
5761
5759
5701
5592
5487
5448
5432
5384
5376
5312
5236
5152
5134
5127
4986
4952
4950
4943
4940
4934
4878
4858
4785
4769
4663
4471
4439
4334
4264
4202
4038
4024
4023
3931
3879
3799
3794
3708
3666
3630
3569
3460
3400
3392
3356
3289
3279
3241
3219
3167
3161
3140
3088
3068
3055
3019
2981
2929
2863
2853
2757
2698
2600
2594
2591
2590
2585
2565
2500
2396
2390
2366
2351
2287
2171
2135
2094
1662
1657
1583
1533
1464
1422
1282
1238
1223
1222
1158
1097
981
952
853
820
778
733
720
714
542
519
481
466
433
397
296
173
122
41
29
3
